           0
 F
           0
 F
           4
  2.0000000E-07
  0.0000000E+00
   1.900000    
  0.2000000    
   1.200000    
           2
   1000.000    
  0.0000000E+00
 F
  0.0000000E+00
   86.00000    
        1024
  0.0000000E+00   1.457818       19.29945    
  0.0000000E+00  0.0000000E+00  0.0000000E+00  0.8600000E+02  0.8600000E+02
 -0.1391051E+00  0.0000000E+00 -0.1391051E+00  0.3713911E+02  0.3713911E+02
  0.0000000E+00  0.0000000E+00  0.0000000E+00  0.3200000E+02  0.3200000E+02
  0.0000000E+00  0.0000000E+00  0.0000000E+00  0.1800000E+02  0.1800000E+02
 -0.1391051E+00  0.0000000E+00 -0.1391051E+00  0.2113910E+02  0.2113910E+02
 -0.1391051E+00  0.0000000E+00 -0.1391051E+00  0.1213910E+02  0.1213910E+02
 -0.1430052E+00  0.0000000E+00 -0.1445114E+00  0.1514301E+02  0.1514301E+02
 -0.1508054E+00  0.0000000E+00 -0.1553240E+00  0.1515081E+02  0.1515081E+02
 -0.1586056E+00  0.1204966E-01 -0.1661366E+00  0.2515861E+02  0.2515861E+02
 -0.1664058E+00  0.1204966E-01 -0.1769492E+00  0.2016641E+02  0.2016641E+02
 -0.1602224E+00  0.1415128E-01 -0.1743737E+00  0.1916022E+02  0.1916022E+02
 -0.1400554E+00  0.1835453E-01 -0.1584100E+00  0.1814005E+02  0.1814005E+02
 -0.1198885E+00  0.2255778E-01 -0.1424462E+00  0.1911989E+02  0.1911989E+02
 -0.9972151E-01  0.2676103E-01 -0.1264825E+00  0.1509972E+02  0.1509972E+02
 -0.9546590E-01  0.2983084E-01 -0.1252967E+00  0.9095466E+01  0.9095466E+01
 -0.1071216E+00  0.3176720E-01 -0.1388888E+00  0.1010712E+02  0.1010712E+02
 -0.1187774E+00  0.3370356E-01 -0.1524809E+00  0.3211878E+02  0.3211878E+02
 -0.1304331E+00  0.3563993E-01 -0.1660730E+00  0.1213043E+02  0.1213043E+02
 -0.1275997E+00  0.3773909E-01 -0.1653388E+00  0.2312760E+02  0.2312760E+02
 -0.1102772E+00  0.4000104E-01 -0.1502783E+00  0.1011028E+02  0.1011028E+02
 -0.9295475E-01  0.4226299E-01 -0.1352177E+00  0.1209295E+02  0.1209295E+02
 -0.7563226E-01  0.4452495E-01 -0.1201572E+00  0.1207563E+02  0.1207563E+02
 -0.7054354E-01  0.4607392E-01 -0.1166175E+00  0.1607054E+02  0.1607054E+02
 -0.7768859E-01  0.4690990E-01 -0.1245985E+00  0.1007769E+02  0.1007769E+02
 -0.8483364E-01  0.4774589E-01 -0.1325795E+00  0.1808483E+02  0.1808483E+02
 -0.9197869E-01  0.4858187E-01 -0.1405606E+00  0.1009198E+02  0.1009198E+02
 -0.8483760E-01  0.4956723E-01 -0.1344048E+00  0.2208484E+02  0.2208484E+02
 -0.6341036E-01  0.5070194E-01 -0.1141123E+00  0.1406341E+02  0.1406341E+02
 -0.4198313E-01  0.5183667E-01 -0.9381979E-01  0.8041984E+01  0.8041984E+01
 -0.2055590E-01  0.5297138E-01 -0.7352728E-01  0.6020556E+01  0.6020556E+01
 -0.3287346E-01  0.5320150E-01 -0.8607496E-01  0.1003287E+02  0.1003287E+02
 -0.7893582E-01  0.5252701E-01 -0.1314628E+00  0.4078936E+01  0.4078936E+01
 -0.1249982E+00  0.5185251E-01 -0.1768507E+00  0.4812500E+02  0.4812500E+02
 -0.1710606E+00  0.5117802E-01 -0.2222386E+00  0.2217106E+02  0.2217106E+02
 -0.1778953E+00  0.5261397E-01 -0.2305092E+00  0.2217789E+02  0.2217789E+02
 -0.1455023E+00  0.5616035E-01 -0.2016627E+00  0.1614550E+02  0.1614550E+02
 -0.1131094E+00  0.5970674E-01 -0.1728161E+00  0.1711311E+02  0.1711311E+02
 -0.8071639E-01  0.6325311E-01 -0.1439695E+00  0.1708072E+02  0.1708072E+02
 -0.7062490E-01  0.6548604E-01 -0.1361109E+00  0.1507063E+02  0.1507063E+02
 -0.8283488E-01  0.6640549E-01 -0.1492404E+00  0.7082835E+01  0.7082835E+01
 -0.9504486E-01  0.6732494E-01 -0.1623698E+00  0.2409505E+02  0.2409505E+02
 -0.1072548E+00  0.6824440E-01 -0.1754992E+00  0.1810725E+02  0.1810725E+02
 -0.1041443E+00  0.6934082E-01 -0.1734851E+00  0.1610415E+02  0.1610415E+02
 -0.8571309E-01  0.7061420E-01 -0.1563273E+00  0.1908571E+02  0.1908571E+02
 -0.6728192E-01  0.7188758E-01 -0.1391695E+00  0.2206728E+02  0.2206728E+02
 -0.4885076E-01  0.7316096E-01 -0.1220117E+00  0.8048851E+01  0.8048851E+01
 -0.4475759E-01  0.7368713E-01 -0.1184447E+00  0.1404476E+02  0.1404476E+02
 -0.5500242E-01  0.7346609E-01 -0.1284685E+00  0.4055002E+01  0.4055002E+01
 -0.6524726E-01  0.7324505E-01 -0.1384923E+00  0.2506525E+02  0.2506525E+02
 -0.7549209E-01  0.7302401E-01 -0.1485161E+00  0.2107549E+02  0.2107549E+02
 -0.7731487E-01  0.7325278E-01 -0.1505677E+00  0.1307732E+02  0.1307732E+02
 -0.7071558E-01  0.7393137E-01 -0.1446469E+00  0.6070715E+01  0.6070715E+01
 -0.6411628E-01  0.7460995E-01 -0.1387262E+00  0.1506412E+02  0.1506412E+02
 -0.5751700E-01  0.7528853E-01 -0.1328055E+00  0.8057517E+01  0.8057517E+01
 -0.2884320E+01  0.7575568E-01 -0.2960076E+01  0.1488432E+02  0.1488432E+02
 -0.8544524E+01  0.7601137E-01 -0.8620537E+01  0.2854453E+02  0.2854453E+02
 -0.1420473E+02  0.7626707E-01 -0.1428100E+02  0.4620473E+02  0.4620473E+02
 -0.1986493E+02  0.7652276E-01 -0.1994146E+02  0.1312865E+04  0.1312865E+04
 -0.2372451E+02  0.3611581E+00 -0.2408567E+02  0.4267725E+04  0.4267725E+04
 -0.2578345E+02  0.9301731E+00 -0.2671362E+02  0.4094783E+04  0.4094783E+04
 -0.2784239E+02  0.1499188E+01 -0.2934158E+02  0.3698842E+04  0.3698842E+04
 -0.2990133E+02  0.2068203E+01 -0.3196954E+02  0.3562901E+04  0.3562901E+04
 -0.3012373E+02  0.2730543E+01 -0.3285427E+02  0.3456124E+04  0.3456124E+04
 -0.2850957E+02  0.3486208E+01 -0.3199578E+02  0.3314510E+04  0.3314510E+04
 -0.2689542E+02  0.4241873E+01 -0.3113729E+02  0.3242896E+04  0.3242896E+04
 -0.2528127E+02  0.4997539E+01 -0.3027881E+02  0.3062281E+04  0.3062281E+04
 -0.2399905E+02  0.5611639E+01 -0.2961069E+02  0.3051999E+04  0.3051999E+04
 -0.2304877E+02  0.6084176E+01 -0.2913295E+02  0.3059049E+04  0.3059049E+04
 -0.2209849E+02  0.6556712E+01 -0.2865520E+02  0.3353098E+04  0.3353098E+04
 -0.2114821E+02  0.7029248E+01 -0.2817746E+02  0.3156148E+04  0.3156148E+04
 -0.2003836E+02  0.7412318E+01 -0.2745067E+02  0.2793038E+04  0.2793038E+04
 -0.1876892E+02  0.7705924E+01 -0.2647485E+02  0.2322769E+04  0.2322769E+04
 -0.1749949E+02  0.7999528E+01 -0.2549902E+02  0.2347500E+04  0.2347500E+04
 -0.1623005E+02  0.8293133E+01 -0.2452319E+02  0.2489230E+04  0.2489230E+04
 -0.1562328E+02  0.8512647E+01 -0.2413593E+02  0.2564623E+04  0.2564623E+04
 -0.1567917E+02  0.8658069E+01 -0.2433724E+02  0.2605679E+04  0.2605679E+04
 -0.1573506E+02  0.8803490E+01 -0.2453855E+02  0.2801735E+04  0.2801735E+04
 -0.1579095E+02  0.8948912E+01 -0.2473986E+02  0.2642791E+04  0.2642791E+04
 -0.1526015E+02  0.9099978E+01 -0.2436013E+02  0.2553260E+04  0.2553260E+04
 -0.1414265E+02  0.9256689E+01 -0.2339934E+02  0.2349143E+04  0.2349143E+04
 -0.1302516E+02  0.9413400E+01 -0.2243856E+02  0.2282025E+04  0.2282025E+04
 -0.1190767E+02  0.9570110E+01 -0.2147778E+02  0.2178908E+04  0.2178908E+04
 -0.1128818E+02  0.9675546E+01 -0.2096372E+02  0.2146288E+04  0.2146288E+04
 -0.1116670E+02  0.9729705E+01 -0.2089640E+02  0.2128167E+04  0.2128167E+04
 -0.1104521E+02  0.9783865E+01 -0.2082908E+02  0.2150045E+04  0.2150045E+04
 -0.1092373E+02  0.9838024E+01 -0.2076175E+02  0.2089924E+04  0.2089924E+04
 -0.1063510E+02  0.9889755E+01 -0.2052486E+02  0.2168635E+04  0.2168635E+04
 -0.1017933E+02  0.9939057E+01 -0.2011839E+02  0.2129179E+04  0.2129179E+04
 -0.9723563E+01  0.9988359E+01 -0.1971192E+02  0.2011724E+04  0.2011724E+04
 -0.9267794E+01  0.1003766E+02 -0.1930546E+02  0.1936268E+04  0.1936268E+04
 -0.8883055E+01  0.1007252E+02 -0.1895557E+02  0.1966883E+04  0.1966883E+04
 -0.8569345E+01  0.1009293E+02 -0.1866228E+02  0.1887569E+04  0.1887569E+04
 -0.8255635E+01  0.1011334E+02 -0.1836898E+02  0.1883256E+04  0.1883256E+04
 -0.7941926E+01  0.1013375E+02 -0.1807568E+02  0.1779942E+04  0.1779942E+04
 -0.7804956E+01  0.1014728E+02 -0.1795223E+02  0.1830805E+04  0.1830805E+04
 -0.7844726E+01  0.1015391E+02 -0.1799863E+02  0.1836845E+04  0.1836845E+04
 -0.7884495E+01  0.1016054E+02 -0.1804504E+02  0.1833885E+04  0.1833885E+04
 -0.7924265E+01  0.1016717E+02 -0.1809144E+02  0.1901924E+04  0.1901924E+04
 -0.7821964E+01  0.1018672E+02 -0.1800869E+02  0.1871822E+04  0.1871822E+04
 -0.7577593E+01  0.1021919E+02 -0.1779678E+02  0.1807578E+04  0.1807578E+04
 -0.7333222E+01  0.1025166E+02 -0.1758488E+02  0.1814333E+04  0.1814333E+04
 -0.7088851E+01  0.1028412E+02 -0.1737297E+02  0.1742089E+04  0.1742089E+04
 -0.6960073E+01  0.1031144E+02 -0.1727151E+02  0.1754960E+04  0.1754960E+04
 -0.6946890E+01  0.1033360E+02 -0.1728049E+02  0.1763947E+04  0.1763947E+04
 -0.6933706E+01  0.1035576E+02 -0.1728946E+02  0.1727934E+04  0.1727934E+04
 -0.6920523E+01  0.1037792E+02 -0.1729844E+02  0.1701921E+04  0.1701921E+04
 -0.6973465E+01  0.1040535E+02 -0.1737881E+02  0.1844974E+04  0.1844974E+04
 -0.7092534E+01  0.1043805E+02 -0.1753058E+02  0.1811093E+04  0.1811093E+04
 -0.7211602E+01  0.1047075E+02 -0.1768235E+02  0.1761212E+04  0.1761212E+04
 -0.7330671E+01  0.1050345E+02 -0.1783412E+02  0.1818331E+04  0.1818331E+04
 -0.7376018E+01  0.1054529E+02 -0.1792131E+02  0.1865376E+04  0.1865376E+04
 -0.7347644E+01  0.1059628E+02 -0.1794392E+02  0.1791348E+04  0.1791348E+04
 -0.7319271E+01  0.1064726E+02 -0.1796653E+02  0.1871319E+04  0.1871319E+04
 -0.7290897E+01  0.1069825E+02 -0.1798914E+02  0.1817291E+04  0.1817291E+04
 -0.7224514E+01  0.1075155E+02 -0.1797606E+02  0.1843224E+04  0.1843224E+04
 -0.7120121E+01  0.1080716E+02 -0.1792728E+02  0.1742120E+04  0.1742120E+04
 -0.7015728E+01  0.1086278E+02 -0.1787851E+02  0.1852016E+04  0.1852016E+04
 -0.6911335E+01  0.1091840E+02 -0.1782973E+02  0.1746911E+04  0.1746911E+04
 -0.6831164E+01  0.1097168E+02 -0.1780285E+02  0.1790831E+04  0.1790831E+04
 -0.6775213E+01  0.1102264E+02 -0.1779785E+02  0.1813775E+04  0.1813775E+04
 -0.6719263E+01  0.1107359E+02 -0.1779286E+02  0.1767719E+04  0.1767719E+04
 -0.6663312E+01  0.1112455E+02 -0.1778786E+02  0.1781663E+04  0.1781663E+04
 -0.6569160E+01  0.1117702E+02 -0.1774618E+02  0.1850569E+04  0.1850569E+04
 -0.6436805E+01  0.1123100E+02 -0.1766781E+02  0.1803437E+04  0.1803437E+04
 -0.6304451E+01  0.1128499E+02 -0.1758944E+02  0.1796304E+04  0.1796304E+04
 -0.6172096E+01  0.1133897E+02 -0.1751107E+02  0.1694172E+04  0.1694172E+04
 -0.6122074E+01  0.1139094E+02 -0.1751301E+02  0.1790122E+04  0.1790122E+04
 -0.6154385E+01  0.1144089E+02 -0.1759527E+02  0.1803154E+04  0.1803154E+04
 -0.6186695E+01  0.1149084E+02 -0.1767753E+02  0.1850187E+04  0.1850187E+04
 -0.6219005E+01  0.1154079E+02 -0.1775979E+02  0.1750219E+04  0.1750219E+04
 -0.6248219E+01  0.1159578E+02 -0.1784400E+02  0.1842248E+04  0.1842248E+04
 -0.6274335E+01  0.1165582E+02 -0.1793016E+02  0.1767274E+04  0.1767274E+04
 -0.6300452E+01  0.1171586E+02 -0.1801632E+02  0.1787300E+04  0.1787300E+04
 -0.6326569E+01  0.1177590E+02 -0.1810247E+02  0.1771327E+04  0.1771327E+04
 -0.6362406E+01  0.1183533E+02 -0.1819774E+02  0.1892362E+04  0.1892362E+04
 -0.6407963E+01  0.1189414E+02 -0.1830211E+02  0.1820408E+04  0.1820408E+04
 -0.6453520E+01  0.1195296E+02 -0.1840648E+02  0.1893453E+04  0.1893453E+04
 -0.6499077E+01  0.1201177E+02 -0.1851085E+02  0.1888499E+04  0.1888499E+04
 -0.6431630E+01  0.1207289E+02 -0.1850452E+02  0.1822432E+04  0.1822432E+04
 -0.6251180E+01  0.1213631E+02 -0.1838749E+02  0.1838251E+04  0.1838251E+04
 -0.6070729E+01  0.1219974E+02 -0.1827047E+02  0.1827071E+04  0.1827071E+04
 -0.5890278E+01  0.1226317E+02 -0.1815344E+02  0.1795890E+04  0.1795890E+04
 -0.5858198E+01  0.1231579E+02 -0.1817399E+02  0.1787858E+04  0.1787858E+04
 -0.5974487E+01  0.1235761E+02 -0.1833210E+02  0.1851974E+04  0.1851974E+04
 -0.6090776E+01  0.1239944E+02 -0.1849021E+02  0.1865091E+04  0.1865091E+04
 -0.6207066E+01  0.1244126E+02 -0.1864832E+02  0.1947207E+04  0.1947207E+04
 -0.6265884E+01  0.1249095E+02 -0.1875684E+02  0.1870266E+04  0.1870266E+04
 -0.6267231E+01  0.1254852E+02 -0.1881575E+02  0.1843267E+04  0.1843267E+04
 -0.6268578E+01  0.1260608E+02 -0.1887466E+02  0.1885269E+04  0.1885269E+04
 -0.6269925E+01  0.1266365E+02 -0.1893357E+02  0.1923270E+04  0.1923270E+04
 -0.6206845E+01  0.1272157E+02 -0.1892841E+02  0.1890207E+04  0.1890207E+04
 -0.6079336E+01  0.1277983E+02 -0.1885917E+02  0.1930079E+04  0.1930079E+04
 -0.5951828E+01  0.1283810E+02 -0.1878992E+02  0.1860952E+04  0.1860952E+04
 -0.5824319E+01  0.1289636E+02 -0.1872068E+02  0.1934824E+04  0.1934824E+04
 -0.5768535E+01  0.1294589E+02 -0.1871442E+02  0.1903769E+04  0.1903769E+04
 -0.5784476E+01  0.1298668E+02 -0.1877115E+02  0.1801784E+04  0.1801784E+04
 -0.5800417E+01  0.1302747E+02 -0.1882788E+02  0.1862800E+04  0.1862800E+04
 -0.5816358E+01  0.1306826E+02 -0.1888461E+02  0.1870816E+04  0.1870816E+04
 -0.5832151E+01  0.1310899E+02 -0.1894114E+02  0.1901832E+04  0.1901832E+04
 -0.5847797E+01  0.1314966E+02 -0.1899745E+02  0.1900848E+04  0.1900848E+04
 -0.5863443E+01  0.1319033E+02 -0.1905377E+02  0.1917863E+04  0.1917863E+04
 -0.5879089E+01  0.1323100E+02 -0.1911008E+02  0.1894879E+04  0.1894879E+04
 -0.5815361E+01  0.1327421E+02 -0.1908957E+02  0.1947815E+04  0.1947815E+04
 -0.5672262E+01  0.1331997E+02 -0.1899223E+02  0.1866672E+04  0.1866672E+04
 -0.5529161E+01  0.1336572E+02 -0.1889488E+02  0.1895529E+04  0.1895529E+04
 -0.5386061E+01  0.1341148E+02 -0.1879754E+02  0.1799386E+04  0.1799386E+04
 -0.5328343E+01  0.1345022E+02 -0.1877857E+02  0.1840328E+04  0.1840328E+04
 -0.5356009E+01  0.1348196E+02 -0.1883796E+02  0.1944356E+04  0.1944356E+04
 -0.5383674E+01  0.1351368E+02 -0.1889736E+02  0.1956384E+04  0.1956384E+04
 -0.5411339E+01  0.1354541E+02 -0.1895675E+02  0.1906411E+04  0.1906411E+04
 -0.5434771E+01  0.1358113E+02 -0.1901590E+02  0.1844435E+04  0.1844435E+04
 -0.5453969E+01  0.1362082E+02 -0.1907479E+02  0.1875454E+04  0.1875454E+04
 -0.5473168E+01  0.1366052E+02 -0.1913369E+02  0.1925473E+04  0.1925473E+04
 -0.5492367E+01  0.1370022E+02 -0.1919258E+02  0.1863492E+04  0.1863492E+04
 -0.5546957E+01  0.1374311E+02 -0.1929007E+02  0.1939547E+04  0.1939547E+04
 -0.5636939E+01  0.1378920E+02 -0.1942614E+02  0.1956637E+04  0.1956637E+04
 -0.5726921E+01  0.1383529E+02 -0.1956221E+02  0.1996727E+04  0.1996727E+04
 -0.5816903E+01  0.1388137E+02 -0.1969828E+02  0.2002817E+04  0.2002817E+04
 -0.5785726E+01  0.1393135E+02 -0.1971707E+02  0.1917786E+04  0.1917786E+04
 -0.5633389E+01  0.1398521E+02 -0.1961860E+02  0.1925633E+04  0.1925633E+04
 -0.5481053E+01  0.1403907E+02 -0.1952012E+02  0.1926481E+04  0.1926481E+04
 -0.5328716E+01  0.1409292E+02 -0.1942164E+02  0.1920329E+04  0.1920329E+04
 -0.5215512E+01  0.1413750E+02 -0.1935301E+02  0.1973215E+04  0.1973215E+04
 -0.5141438E+01  0.1417278E+02 -0.1931422E+02  0.1861141E+04  0.1861141E+04
 -0.5067365E+01  0.1420807E+02 -0.1927543E+02  0.1928067E+04  0.1928067E+04
 -0.4993292E+01  0.1424336E+02 -0.1923665E+02  0.1867993E+04  0.1867993E+04
 -0.5006929E+01  0.1427582E+02 -0.1928275E+02  0.1951007E+04  0.1951007E+04
 -0.5108277E+01  0.1430547E+02 -0.1941375E+02  0.1874108E+04  0.1874108E+04
 -0.5209624E+01  0.1433512E+02 -0.1954475E+02  0.1903210E+04  0.1903210E+04
 -0.5310972E+01  0.1436477E+02 -0.1967575E+02  0.1951311E+04  0.1951311E+04
 -0.5319374E+01  0.1440313E+02 -0.1972250E+02  0.1955319E+04  0.1955319E+04
 -0.5234830E+01  0.1445019E+02 -0.1968502E+02  0.2024235E+04  0.2024235E+04
 -0.5150286E+01  0.1449725E+02 -0.1964754E+02  0.1955150E+04  0.1955150E+04
 -0.5065742E+01  0.1454432E+02 -0.1961006E+02  0.2011066E+04  0.2011066E+04
 -0.5022697E+01  0.1458707E+02 -0.1960977E+02  0.1918023E+04  0.1918023E+04
 -0.5021150E+01  0.1462553E+02 -0.1964668E+02  0.1894021E+04  0.1894021E+04
 -0.5019603E+01  0.1466398E+02 -0.1968358E+02  0.1954020E+04  0.1954020E+04
 -0.5018055E+01  0.1470244E+02 -0.1972049E+02  0.2012018E+04  0.2012018E+04
 -0.5004786E+01  0.1474199E+02 -0.1974677E+02  0.1953005E+04  0.1953005E+04
 -0.4979795E+01  0.1478264E+02 -0.1976243E+02  0.1922980E+04  0.1922980E+04
 -0.4954803E+01  0.1482329E+02 -0.1977809E+02  0.1992955E+04  0.1992955E+04
 -0.4929811E+01  0.1486393E+02 -0.1979375E+02  0.1975930E+04  0.1975930E+04
 -0.4921437E+01  0.1490198E+02 -0.1982342E+02  0.1929921E+04  0.1929921E+04
 -0.4929680E+01  0.1493742E+02 -0.1986710E+02  0.1909930E+04  0.1909930E+04
 -0.4937922E+01  0.1497287E+02 -0.1991079E+02  0.1880938E+04  0.1880938E+04
 -0.4946166E+01  0.1500831E+02 -0.1995447E+02  0.1980946E+04  0.1980946E+04
 -0.4966376E+01  0.1504550E+02 -0.2001187E+02  0.2018966E+04  0.2018966E+04
 -0.4998556E+01  0.1508443E+02 -0.2008298E+02  0.1992999E+04  0.1992999E+04
 -0.5030735E+01  0.1512336E+02 -0.2015409E+02  0.2024031E+04  0.2024031E+04
 -0.5062914E+01  0.1516229E+02 -0.2022520E+02  0.1935063E+04  0.1935063E+04
 -0.5059854E+01  0.1520434E+02 -0.2026419E+02  0.2070060E+04  0.2070060E+04
 -0.5021554E+01  0.1524950E+02 -0.2027105E+02  0.1960022E+04  0.1960022E+04
 -0.4983254E+01  0.1529466E+02 -0.2027791E+02  0.1957983E+04  0.1957983E+04
 -0.4944954E+01  0.1533982E+02 -0.2028477E+02  0.1986945E+04  0.1986945E+04
 -0.4891478E+01  0.1538300E+02 -0.2027447E+02  0.1972891E+04  0.1972891E+04
 -0.4822826E+01  0.1542420E+02 -0.2024702E+02  0.2081823E+04  0.2081823E+04
 -0.4754175E+01  0.1546539E+02 -0.2021957E+02  0.1963754E+04  0.1963754E+04
 -0.4685523E+01  0.1550659E+02 -0.2019212E+02  0.1923686E+04  0.1923686E+04
 -0.4645265E+01  0.1554430E+02 -0.2018956E+02  0.2059645E+04  0.2059645E+04
 -0.4633399E+01  0.1557851E+02 -0.2021190E+02  0.2010633E+04  0.2010633E+04
 -0.4621535E+01  0.1561271E+02 -0.2023425E+02  0.1998622E+04  0.1998622E+04
 -0.4609670E+01  0.1564692E+02 -0.2025659E+02  0.1971610E+04  0.1971610E+04
 -0.4611980E+01  0.1568179E+02 -0.2029377E+02  0.1927612E+04  0.1927612E+04
 -0.4628465E+01  0.1571731E+02 -0.2034578E+02  0.2096628E+04  0.2096628E+04
 -0.4644949E+01  0.1575284E+02 -0.2039779E+02  0.2016645E+04  0.2016645E+04
 -0.4661434E+01  0.1578836E+02 -0.2044980E+02  0.1994661E+04  0.1994661E+04
 -0.4681737E+01  0.1582415E+02 -0.2050589E+02  0.1996682E+04  0.1996682E+04
 -0.4705857E+01  0.1586020E+02 -0.2056606E+02  0.2017706E+04  0.2017706E+04
 -0.4729978E+01  0.1589625E+02 -0.2062623E+02  0.2014730E+04  0.2014730E+04
 -0.4754098E+01  0.1593230E+02 -0.2068640E+02  0.1974754E+04  0.1974754E+04
 -0.4755347E+01  0.1597075E+02 -0.2072610E+02  0.2066755E+04  0.2066755E+04
 -0.4733723E+01  0.1601159E+02 -0.2074532E+02  0.2062734E+04  0.2062734E+04
 -0.4712099E+01  0.1605244E+02 -0.2076454E+02  0.2071712E+04  0.2071712E+04
 -0.4690475E+01  0.1609328E+02 -0.2078376E+02  0.2043690E+04  0.2043690E+04
 -0.4652672E+01  0.1613313E+02 -0.2078581E+02  0.2064653E+04  0.2064653E+04
 -0.4598690E+01  0.1617200E+02 -0.2077069E+02  0.1966599E+04  0.1966599E+04
 -0.4544708E+01  0.1621087E+02 -0.2075558E+02  0.2062545E+04  0.2062545E+04
 -0.4490726E+01  0.1624973E+02 -0.2074046E+02  0.2026491E+04  0.2026491E+04
 -0.4469894E+01  0.1628600E+02 -0.2075589E+02  0.2043470E+04  0.2043470E+04
 -0.4482215E+01  0.1631965E+02 -0.2080187E+02  0.1993482E+04  0.1993482E+04
 -0.4494536E+01  0.1635331E+02 -0.2084785E+02  0.2022495E+04  0.2022495E+04
 -0.4506857E+01  0.1638697E+02 -0.2089383E+02  0.2060507E+04  0.2060507E+04
 -0.4445413E+01  0.1642257E+02 -0.2086798E+02  0.2062445E+04  0.2062445E+04
 -0.4310204E+01  0.1646012E+02 -0.2077032E+02  0.2052310E+04  0.2052310E+04
 -0.4174995E+01  0.1649767E+02 -0.2067266E+02  0.2039175E+04  0.2039175E+04
 -0.4039786E+01  0.1653522E+02 -0.2057500E+02  0.1974040E+04  0.1974040E+04
 -0.3984624E+01  0.1656368E+02 -0.2054831E+02  0.1942985E+04  0.1942985E+04
 -0.4009508E+01  0.1658307E+02 -0.2059258E+02  0.2048010E+04  0.2048010E+04
 -0.4034392E+01  0.1660246E+02 -0.2063685E+02  0.2034034E+04  0.2034034E+04
 -0.4059277E+01  0.1662185E+02 -0.2068112E+02  0.2049059E+04  0.2049059E+04
 -0.4016413E+01  0.1664479E+02 -0.2066121E+02  0.2002016E+04  0.2002016E+04
 -0.3905801E+01  0.1667130E+02 -0.2057710E+02  0.1980906E+04  0.1980906E+04
 -0.3795189E+01  0.1669781E+02 -0.2049300E+02  0.1963795E+04  0.1963795E+04
 -0.3684576E+01  0.1672432E+02 -0.2040889E+02  0.1980685E+04  0.1980685E+04
 -0.3662958E+01  0.1674576E+02 -0.2040872E+02  0.1935663E+04  0.1935663E+04
 -0.3730335E+01  0.1676214E+02 -0.2049248E+02  0.2051730E+04  0.2051730E+04
 -0.3797711E+01  0.1677852E+02 -0.2057624E+02  0.2002798E+04  0.2002798E+04
 -0.3865087E+01  0.1679491E+02 -0.2065999E+02  0.1995865E+04  0.1995865E+04
 -0.3862439E+01  0.1681782E+02 -0.2068026E+02  0.2059863E+04  0.2059863E+04
 -0.3789768E+01  0.1684725E+02 -0.2063702E+02  0.2003790E+04  0.2003790E+04
 -0.3717097E+01  0.1687669E+02 -0.2059379E+02  0.1981717E+04  0.1981717E+04
 -0.3644426E+01  0.1690613E+02 -0.2055055E+02  0.2023644E+04  0.2023644E+04
 -0.3657863E+01  0.1693238E+02 -0.2059025E+02  0.1971658E+04  0.1971658E+04
 -0.3757408E+01  0.1695547E+02 -0.2071287E+02  0.2022757E+04  0.2022757E+04
 -0.3856953E+01  0.1697854E+02 -0.2083550E+02  0.2036857E+04  0.2036857E+04
 -0.3956498E+01  0.1700163E+02 -0.2095812E+02  0.2042957E+04  0.2042957E+04
 -0.3919792E+01  0.1703204E+02 -0.2095184E+02  0.2139920E+04  0.2139920E+04
 -0.3746835E+01  0.1706980E+02 -0.2081663E+02  0.1969747E+04  0.1969747E+04
 -0.3573878E+01  0.1710755E+02 -0.2068143E+02  0.1989574E+04  0.1989574E+04
 -0.3400922E+01  0.1714531E+02 -0.2054623E+02  0.1954401E+04  0.1954401E+04
 -0.3354429E+01  0.1717083E+02 -0.2052526E+02  0.2008354E+04  0.2008354E+04
 -0.3434401E+01  0.1718412E+02 -0.2061852E+02  0.1987434E+04  0.1987434E+04
 -0.3514373E+01  0.1719742E+02 -0.2071179E+02  0.2003514E+04  0.2003514E+04
 -0.3594344E+01  0.1721071E+02 -0.2080505E+02  0.2036594E+04  0.2036594E+04
 -0.3655456E+01  0.1723093E+02 -0.2088638E+02  0.2004655E+04  0.2004655E+04
 -0.3697707E+01  0.1725807E+02 -0.2095578E+02  0.2036698E+04  0.2036698E+04
 -0.3739959E+01  0.1728522E+02 -0.2102518E+02  0.2038740E+04  0.2038740E+04
 -0.3782210E+01  0.1731236E+02 -0.2109457E+02  0.2013782E+04  0.2013782E+04
 -0.3740737E+01  0.1734322E+02 -0.2108396E+02  0.2059741E+04  0.2059741E+04
 -0.3615540E+01  0.1737780E+02 -0.2099334E+02  0.2074615E+04  0.2074615E+04
 -0.3490343E+01  0.1741237E+02 -0.2090271E+02  0.1998490E+04  0.1998490E+04
 -0.3365146E+01  0.1744695E+02 -0.2081209E+02  0.2118365E+04  0.2118365E+04
 -0.3283227E+01  0.1747357E+02 -0.2075680E+02  0.1992283E+04  0.1992283E+04
 -0.3244587E+01  0.1749224E+02 -0.2073683E+02  0.1935245E+04  0.1935245E+04
 -0.3205947E+01  0.1751092E+02 -0.2071687E+02  0.2007206E+04  0.2007206E+04
 -0.3167306E+01  0.1752959E+02 -0.2069690E+02  0.1991167E+04  0.1991167E+04
 -0.3145212E+01  0.1754739E+02 -0.2069261E+02  0.1934145E+04  0.1934145E+04
 -0.3139663E+01  0.1756432E+02 -0.2070398E+02  0.2082140E+04  0.2082140E+04
 -0.3134114E+01  0.1758124E+02 -0.2071536E+02  0.2007134E+04  0.2007134E+04
 -0.3128566E+01  0.1759817E+02 -0.2072673E+02  0.1998129E+04  0.1998129E+04
 -0.3178828E+01  0.1761666E+02 -0.2079549E+02  0.2073179E+04  0.2073179E+04
 -0.3284900E+01  0.1763672E+02 -0.2092162E+02  0.1954285E+04  0.1954285E+04
 -0.3390973E+01  0.1765678E+02 -0.2104776E+02  0.2081391E+04  0.2081391E+04
 -0.3497046E+01  0.1767684E+02 -0.2117389E+02  0.2021497E+04  0.2021497E+04
 -0.3459743E+01  0.1770332E+02 -0.2116306E+02  0.2008460E+04  0.2008460E+04
 -0.3279065E+01  0.1773620E+02 -0.2101526E+02  0.2080279E+04  0.2080279E+04
 -0.3098387E+01  0.1776908E+02 -0.2086747E+02  0.2007098E+04  0.2007098E+04
 -0.2917709E+01  0.1780196E+02 -0.2071967E+02  0.1986918E+04  0.1986918E+04
 -0.2788614E+01  0.1782340E+02 -0.2061201E+02  0.1980789E+04  0.1980789E+04
 -0.2711102E+01  0.1783339E+02 -0.2054449E+02  0.1984711E+04  0.1984711E+04
 -0.2633591E+01  0.1784337E+02 -0.2047696E+02  0.1973634E+04  0.1973634E+04
 -0.2556079E+01  0.1785336E+02 -0.2040944E+02  0.1931556E+04  0.1931556E+04
 -0.2536432E+01  0.1786040E+02 -0.2039683E+02  0.1979536E+04  0.1979536E+04
 -0.2574650E+01  0.1786449E+02 -0.2043914E+02  0.1968575E+04  0.1968575E+04
 -0.2612868E+01  0.1786858E+02 -0.2048145E+02  0.1979613E+04  0.1979613E+04
 -0.2651086E+01  0.1787267E+02 -0.2052375E+02  0.1962651E+04  0.1962651E+04
 -0.2687003E+01  0.1788201E+02 -0.2056901E+02  0.2043687E+04  0.2043687E+04
 -0.2720618E+01  0.1789661E+02 -0.2061723E+02  0.1932721E+04  0.1932721E+04
 -0.2754233E+01  0.1791121E+02 -0.2066544E+02  0.1982754E+04  0.1982754E+04
 -0.2787848E+01  0.1792581E+02 -0.2071366E+02  0.1979788E+04  0.1979788E+04
 -0.2795768E+01  0.1794391E+02 -0.2073968E+02  0.1974796E+04  0.1974796E+04
 -0.2777992E+01  0.1796551E+02 -0.2074350E+02  0.2055778E+04  0.2055778E+04
 -0.2760217E+01  0.1798711E+02 -0.2074732E+02  0.2006760E+04  0.2006760E+04
 -0.2742441E+01  0.1800871E+02 -0.2075115E+02  0.1967742E+04  0.1967742E+04
 -0.2743651E+01  0.1802856E+02 -0.2077221E+02  0.2037744E+04  0.2037744E+04
 -0.2763846E+01  0.1804668E+02 -0.2081053E+02  0.1964764E+04  0.1964764E+04
 -0.2784041E+01  0.1806479E+02 -0.2084883E+02  0.1950784E+04  0.1950784E+04
 -0.2804236E+01  0.1808291E+02 -0.2088714E+02  0.2048804E+04  0.2048804E+04
 -0.2765566E+01  0.1810242E+02 -0.2086798E+02  0.1975766E+04  0.1975766E+04
 -0.2668030E+01  0.1812333E+02 -0.2079136E+02  0.2049668E+04  0.2049668E+04
 -0.2570494E+01  0.1814423E+02 -0.2071473E+02  0.1998570E+04  0.1998570E+04
 -0.2472958E+01  0.1816514E+02 -0.2063810E+02  0.2023473E+04  0.2023473E+04
 -0.2411281E+01  0.1818026E+02 -0.2059154E+02  0.1960411E+04  0.1960411E+04
 -0.2385463E+01  0.1818959E+02 -0.2057506E+02  0.1920385E+04  0.1920385E+04
 -0.2359645E+01  0.1819893E+02 -0.2055857E+02  0.2006360E+04  0.2006360E+04
 -0.2333827E+01  0.1820826E+02 -0.2054208E+02  0.1908334E+04  0.1908334E+04
 -0.2311267E+01  0.1821749E+02 -0.2052876E+02  0.1960311E+04  0.1960311E+04
 -0.2291968E+01  0.1822662E+02 -0.2051859E+02  0.2001292E+04  0.2001292E+04
 -0.2272668E+01  0.1823575E+02 -0.2050842E+02  0.1952273E+04  0.1952273E+04
 -0.2253368E+01  0.1824489E+02 -0.2049825E+02  0.1956253E+04  0.1956253E+04
 -0.2199997E+01  0.1825441E+02 -0.2045441E+02  0.1969200E+04  0.1969200E+04
 -0.2112555E+01  0.1826433E+02 -0.2037689E+02  0.1980113E+04  0.1980113E+04
 -0.2025113E+01  0.1827425E+02 -0.2029936E+02  0.1881025E+04  0.1881025E+04
 -0.1937671E+01  0.1828417E+02 -0.2022184E+02  0.1911938E+04  0.1911938E+04
 -0.1906951E+01  0.1828999E+02 -0.2019694E+02  0.1981907E+04  0.1981907E+04
 -0.1932953E+01  0.1829170E+02 -0.2022466E+02  0.1962933E+04  0.1962933E+04
 -0.1958955E+01  0.1829342E+02 -0.2025238E+02  0.2017959E+04  0.2017959E+04
 -0.1984957E+01  0.1829514E+02 -0.2028010E+02  0.1904985E+04  0.1904985E+04
 -0.1975609E+01  0.1829952E+02 -0.2027513E+02  0.1964976E+04  0.1964976E+04
 -0.1930912E+01  0.1830655E+02 -0.2023746E+02  0.1869931E+04  0.1869931E+04
 -0.1886215E+01  0.1831359E+02 -0.2019980E+02  0.1970886E+04  0.1970886E+04
 -0.1841518E+01  0.1832062E+02 -0.2016214E+02  0.1840842E+04  0.1840842E+04
 -0.1689524E+01  0.1832608E+02 -0.2001560E+02  0.1956690E+04  0.1956690E+04
 -0.1430233E+01  0.1832996E+02 -0.1976019E+02  0.1924430E+04  0.1924430E+04
 -0.1170942E+01  0.1833383E+02 -0.1950478E+02  0.1875171E+04  0.1875171E+04
 -0.9116516E+00  0.1833771E+02 -0.1924936E+02  0.1798912E+04  0.1798912E+04
 -0.7608264E+00  0.1832684E+02 -0.1908767E+02  0.1859761E+04  0.1859761E+04
 -0.7184668E+00  0.1830123E+02 -0.1901970E+02  0.1763719E+04  0.1763719E+04
 -0.6761071E+00  0.1827562E+02 -0.1895173E+02  0.1797676E+04  0.1797676E+04
 -0.6337475E+00  0.1825001E+02 -0.1888375E+02  0.1730634E+04  0.1730634E+04
 -0.6125677E+00  0.1822605E+02 -0.1876041E+02  0.1816613E+04  0.1816613E+04
 -0.6125677E+00  0.1820374E+02 -0.1858169E+02  0.1847613E+04  0.1847613E+04
  0.1306876E-01  0.1818142E+02 -0.1840297E+02  0.1766987E+04  0.1766987E+04
  0.1306876E-01  0.1815911E+02 -0.1822425E+02  0.1665987E+04  0.1665987E+04
  0.6541911E-01  0.1813112E+02 -0.1806570E+02  0.1702935E+04  0.1702935E+04
  0.1701198E+00  0.1809744E+02 -0.1792732E+02  0.1778830E+04  0.1778830E+04
  0.2748205E+00  0.1806377E+02 -0.1778895E+02  0.1678725E+04  0.1678725E+04
  0.3795213E+00  0.1803009E+02 -0.1765057E+02  0.1663620E+04  0.1663620E+04
  0.3837359E+00  0.1799438E+02 -0.1761064E+02  0.1707616E+04  0.1707616E+04
  0.2874644E+00  0.1795663E+02 -0.1766917E+02  0.1652713E+04  0.1652713E+04
  0.1911930E+00  0.1791888E+02 -0.1772769E+02  0.1636809E+04  0.1636809E+04
  0.9492161E-01  0.1788113E+02 -0.1778621E+02  0.1681905E+04  0.1681905E+04
  0.1578722E+00  0.1785322E+02 -0.1769535E+02  0.1746842E+04  0.1746842E+04
  0.3800448E+00  0.1783514E+02 -0.1745509E+02  0.1706620E+04  0.1706620E+04
  0.6022173E+00  0.1781705E+02 -0.1721484E+02  0.1595398E+04  0.1595398E+04
  0.8243899E+00  0.1779897E+02 -0.1697458E+02  0.1682176E+04  0.1682176E+04
  0.1047640E+01  0.1776900E+02 -0.1672136E+02  0.1561952E+04  0.1561952E+04
  0.1271968E+01  0.1772713E+02 -0.1645516E+02  0.1559728E+04  0.1559728E+04
  0.1496297E+01  0.1768527E+02 -0.1618897E+02  0.1541504E+04  0.1541504E+04
  0.1720625E+01  0.1764340E+02 -0.1592278E+02  0.1533279E+04  0.1533279E+04
  0.1950698E+01  0.1759132E+02 -0.1564062E+02  0.1506049E+04  0.1506049E+04
  0.2186516E+01  0.1752902E+02 -0.1534251E+02  0.1408813E+04  0.1408813E+04
  0.2422334E+01  0.1746673E+02 -0.1504439E+02  0.1424578E+04  0.1424578E+04
  0.2658153E+01  0.1740443E+02 -0.1474628E+02  0.1380342E+04  0.1380342E+04
  0.2886767E+01  0.1733373E+02 -0.1444696E+02  0.1354113E+04  0.1354113E+04
  0.3108176E+01  0.1725461E+02 -0.1414643E+02  0.1372892E+04  0.1372892E+04
  0.3329585E+01  0.1717549E+02 -0.1384591E+02  0.1341670E+04  0.1341670E+04
  0.3550995E+01  0.1709638E+02 -0.1354538E+02  0.1217449E+04  0.1217449E+04
  0.3722615E+01  0.1701100E+02 -0.1328839E+02  0.1299277E+04  0.1299277E+04
  0.3844446E+01  0.1691937E+02 -0.1307493E+02  0.1213156E+04  0.1213156E+04
  0.3966277E+01  0.1682774E+02 -0.1286146E+02  0.1186034E+04  0.1186034E+04
  0.4088107E+01  0.1673611E+02 -0.1264800E+02  0.1164912E+04  0.1164912E+04
  0.4157511E+01  0.1664476E+02 -0.1248725E+02  0.1194843E+04  0.1194843E+04
  0.4174489E+01  0.1655370E+02 -0.1237921E+02  0.1192826E+04  0.1192826E+04
  0.4191466E+01  0.1646263E+02 -0.1227117E+02  0.1176809E+04  0.1176809E+04
  0.4208444E+01  0.1637157E+02 -0.1216313E+02  0.1124792E+04  0.1124792E+04
  0.4173269E+01  0.1628644E+02 -0.1211317E+02  0.1114827E+04  0.1114827E+04
  0.4085940E+01  0.1620724E+02 -0.1212130E+02  0.1150914E+04  0.1150914E+04
  0.3998613E+01  0.1612803E+02 -0.1212942E+02  0.1139001E+04  0.1139001E+04
  0.3911284E+01  0.1604883E+02 -0.1213755E+02  0.1112089E+04  0.1112089E+04
  0.3822511E+01  0.1598012E+02 -0.1215761E+02  0.1117177E+04  0.1117177E+04
  0.3732293E+01  0.1592190E+02 -0.1218960E+02  0.1210268E+04  0.1210268E+04
  0.3642075E+01  0.1586368E+02 -0.1222160E+02  0.1123358E+04  0.1123358E+04
  0.3551857E+01  0.1580545E+02 -0.1225360E+02  0.1209448E+04  0.1209448E+04
  0.3433923E+01  0.1575502E+02 -0.1232110E+02  0.1165566E+04  0.1165566E+04
  0.3288272E+01  0.1571239E+02 -0.1242411E+02  0.1127712E+04  0.1127712E+04
  0.3142621E+01  0.1566975E+02 -0.1252713E+02  0.1193857E+04  0.1193857E+04
  0.2996970E+01  0.1562711E+02 -0.1263014E+02  0.1172003E+04  0.1172003E+04
  0.2961193E+01  0.1559370E+02 -0.1263250E+02  0.1188039E+04  0.1188039E+04
  0.3035290E+01  0.1556950E+02 -0.1253421E+02  0.1228965E+04  0.1228965E+04
  0.3109388E+01  0.1554531E+02 -0.1243593E+02  0.1158891E+04  0.1158891E+04
  0.3183485E+01  0.1552112E+02 -0.1233764E+02  0.1154817E+04  0.1154817E+04
  0.3234211E+01  0.1549062E+02 -0.1225640E+02  0.1188766E+04  0.1188766E+04
  0.3261565E+01  0.1545380E+02 -0.1219223E+02  0.1130738E+04  0.1130738E+04
  0.3288919E+01  0.1541698E+02 -0.1212806E+02  0.1108711E+04  0.1108711E+04
  0.3316272E+01  0.1538016E+02 -0.1206389E+02  0.1140684E+04  0.1140684E+04
  0.3369345E+01  0.1534082E+02 -0.1197148E+02  0.1178631E+04  0.1178631E+04
  0.3448138E+01  0.1529897E+02 -0.1185083E+02  0.1098552E+04  0.1098552E+04
  0.3526930E+01  0.1525712E+02 -0.1173019E+02  0.1109473E+04  0.1109473E+04
  0.3605722E+01  0.1521527E+02 -0.1160955E+02  0.1111394E+04  0.1111394E+04
  0.3764043E+01  0.1516899E+02 -0.1140495E+02  0.1084236E+04  0.1084236E+04
  0.4001892E+01  0.1511830E+02 -0.1111640E+02  0.1033998E+04  0.1033998E+04
  0.4239742E+01  0.1506760E+02 -0.1082786E+02  0.1008760E+04  0.1008760E+04
  0.4477592E+01  0.1501690E+02 -0.1053931E+02  0.9445224E+03  0.9445224E+03
  0.4711969E+01  0.1495275E+02 -0.1024078E+02  0.9942880E+03  0.9942880E+03
  0.4942874E+01  0.1487514E+02 -0.9932266E+01  0.9510571E+03  0.9510571E+03
  0.5173779E+01  0.1479753E+02 -0.9623754E+01  0.9368262E+03  0.9368262E+03
  0.5404685E+01  0.1471992E+02 -0.9315240E+01  0.8995953E+03  0.8995953E+03
  0.5660687E+01  0.1463199E+02 -0.8971299E+01  0.8173393E+03  0.8173393E+03
  0.5941786E+01  0.1453372E+02 -0.8591930E+01  0.7740582E+03  0.7740582E+03
  0.6222885E+01  0.1443545E+02 -0.8212562E+01  0.7627771E+03  0.7627771E+03
  0.6503984E+01  0.1433718E+02 -0.7833194E+01  0.7214960E+03  0.7214960E+03
  0.6749918E+01  0.1422762E+02 -0.7477706E+01  0.6922501E+03  0.6922501E+03
  0.6960689E+01  0.1410679E+02 -0.7146098E+01  0.6750393E+03  0.6750393E+03
  0.7171460E+01  0.1398595E+02 -0.6814490E+01  0.6198286E+03  0.6198286E+03
  0.7382230E+01  0.1386511E+02 -0.6482882E+01  0.6146178E+03  0.6146178E+03
  0.7641943E+01  0.1373908E+02 -0.6097132E+01  0.5983580E+03  0.5983580E+03
  0.7950599E+01  0.1360784E+02 -0.5657241E+01  0.5150494E+03  0.5150494E+03
  0.8259254E+01  0.1347660E+02 -0.5217350E+01  0.4337408E+03  0.4337408E+03
  0.8567909E+01  0.1334537E+02 -0.4777459E+01  0.4774321E+03  0.4774321E+03
  0.8869431E+01  0.1320320E+02 -0.4333770E+01  0.4241306E+03  0.4241306E+03
  0.9163822E+01  0.1305011E+02 -0.3886284E+01  0.3418362E+03  0.3418362E+03
  0.9458213E+01  0.1289701E+02 -0.3438799E+01  0.2935418E+03  0.2935418E+03
  0.9752604E+01  0.1274392E+02 -0.2991313E+01  0.2772474E+03  0.2772474E+03
  0.9937174E+01  0.1258201E+02 -0.2644840E+01  0.2420628E+03  0.2420628E+03
  0.1001193E+02  0.1241130E+02 -0.2399379E+01  0.1869881E+03  0.1869881E+03
  0.1008668E+02  0.1224059E+02 -0.2153918E+01  0.1889133E+03  0.1889133E+03
  0.1016143E+02  0.1206989E+02 -0.1908457E+01  0.1858386E+03  0.1858386E+03
  0.1021449E+02  0.1190500E+02 -0.1690507E+01  0.1407855E+03  0.1407855E+03
  0.1024587E+02  0.1174594E+02 -0.1500068E+01  0.1137541E+03  0.1137541E+03
  0.1027724E+02  0.1158687E+02 -0.1309629E+01  0.1067228E+03  0.1067228E+03
  0.1030862E+02  0.1142781E+02 -0.1119190E+01  0.9069138E+02  0.9069138E+02
  0.1030659E+02  0.1127524E+02 -0.9686513E+00  0.8169341E+02  0.8169341E+02
  0.1027114E+02  0.1112915E+02 -0.8580125E+00  0.6372886E+02  0.6372886E+02
  0.1023569E+02  0.1098306E+02 -0.7473738E+00  0.6776431E+02  0.6776431E+02
  0.1020024E+02  0.1083698E+02 -0.6367350E+00  0.5279976E+02  0.5279976E+02
  0.1014289E+02  0.1069900E+02 -0.5561087E+00  0.3185711E+02  0.3185711E+02
  0.1006364E+02  0.1056914E+02 -0.5054950E+00  0.2493636E+02  0.2493636E+02
  0.9984393E+01  0.1043927E+02 -0.4548812E+00  0.2801561E+02  0.2801561E+02
  0.9905143E+01  0.1030941E+02 -0.4042674E+00  0.3309486E+02  0.3309486E+02
  0.9820492E+01  0.1018817E+02 -0.3676744E+00  0.1817951E+02  0.1817951E+02
  0.9730441E+01  0.1007554E+02 -0.3451023E+00  0.2326956E+02  0.2326956E+02
  0.9640390E+01  0.9962920E+01 -0.3225301E+00  0.2635961E+02  0.2635961E+02
  0.9550340E+01  0.9850297E+01 -0.2999579E+00  0.8449660E+01  0.8449660E+01
  0.9472943E+01  0.9744923E+01 -0.2719797E+00  0.1852706E+02  0.1852706E+02
  0.9408202E+01  0.9646797E+01 -0.2385955E+00  0.1659180E+02  0.1659180E+02
  0.9343461E+01  0.9548673E+01 -0.2052113E+00  0.7656539E+01  0.7656539E+01
  0.9278720E+01  0.9450547E+01 -0.1718270E+00  0.1072128E+02  0.1072128E+02
  0.9206459E+01  0.9356587E+01 -0.1501274E+00  0.1793541E+01  0.1793541E+01
  0.9126679E+01  0.9266791E+01 -0.1401124E+00  0.8733206E+00  0.8733206E+00
  0.9046899E+01  0.9176997E+01 -0.1300974E+00  0.3953101E+01  0.3953101E+01
  0.8967119E+01  0.9087201E+01 -0.1200824E+00 -0.2967119E+01  0.0000000E+00
  0.8885987E+01  0.9001738E+01 -0.1157504E+00  0.3114013E+01  0.3114013E+01
  0.8803502E+01  0.8920604E+01 -0.1171013E+00  0.3196498E+01  0.3196498E+01
  0.8721019E+01  0.8839471E+01 -0.1184521E+00  0.1278981E+01  0.1278981E+01
  0.8638534E+01  0.8758337E+01 -0.1198030E+00  0.4361466E+01  0.4361466E+01
  0.8563903E+01  0.8681038E+01 -0.1171349E+00  0.3436097E+01  0.3436097E+01
  0.8497124E+01  0.8607572E+01 -0.1104478E+00  0.1502876E+01  0.1502876E+01
  0.8430345E+01  0.8534105E+01 -0.1037608E+00  0.1569655E+01  0.1569655E+01
  0.8363565E+01  0.8460639E+01 -0.9707367E-01  0.1636435E+01  0.1636435E+01
  0.8292554E+01  0.8389313E+01 -0.9675906E-01 -0.2925539E+00  0.0000000E+00
  0.8217309E+01  0.8320126E+01 -0.1028169E+00 -0.1217309E+01  0.0000000E+00
  0.8142063E+01  0.8250938E+01 -0.1088748E+00  0.8579369E+00  0.8579369E+00
  0.8066818E+01  0.8181751E+01 -0.1149327E+00  0.7933182E+01  0.7933182E+01
  0.8000277E+01  0.8114900E+01 -0.1146236E+00 -0.1000277E+01  0.0000000E+00
  0.7942438E+01  0.8050385E+01 -0.1079475E+00  0.4057562E+01  0.4057562E+01
  0.7884599E+01  0.7985870E+01 -0.1012715E+00  0.4115401E+01  0.4115401E+01
  0.7826760E+01  0.7921355E+01 -0.9459545E-01  0.2173240E+01  0.2173240E+01
  0.7765862E+01  0.7857798E+01 -0.9193590E-01 -0.3765862E+01  0.0000000E+00
  0.7701905E+01  0.7795198E+01 -0.9329283E-01  0.2980947E+00  0.2980947E+00
  0.7637949E+01  0.7732599E+01 -0.9464976E-01  0.4362051E+01  0.4362051E+01
  0.7573992E+01  0.7669999E+01 -0.9600670E-01  0.2426008E+01  0.2426008E+01
  0.7515940E+01  0.7608600E+01 -0.9265981E-01 -0.2515940E+01  0.0000000E+00
  0.7463793E+01  0.7548402E+01 -0.8460908E-01  0.1536207E+01  0.1536207E+01
  0.7411645E+01  0.7488204E+01 -0.7655837E-01 -0.2411645E+01  0.0000000E+00
  0.7359498E+01  0.7428006E+01 -0.6850765E-01 -0.2359498E+01  0.0000000E+00
  0.7303731E+01  0.7368218E+01 -0.6448676E-01  0.6962686E+00  0.6962686E+00
  0.7244345E+01  0.7308840E+01 -0.6449572E-01 -0.1244345E+01  0.0000000E+00
  0.7184958E+01  0.7249463E+01 -0.6450466E-01  0.2815042E+01  0.2815042E+01
  0.7125571E+01  0.7190085E+01 -0.6451362E-01 -0.2125571E+01  0.0000000E+00
  0.7066444E+01  0.7131637E+01 -0.6519260E-01 -0.3066444E+01  0.0000000E+00
  0.7007577E+01  0.7074119E+01 -0.6654163E-01 -0.2007577E+01  0.0000000E+00
  0.6948709E+01  0.7016600E+01 -0.6789066E-01 -0.2948709E+01  0.0000000E+00
  0.6889842E+01  0.6959082E+01 -0.6923968E-01 -0.2889842E+01  0.0000000E+00
  0.6830578E+01  0.6902522E+01 -0.7194343E-01  0.1169422E+01  0.1169422E+01
  0.6770919E+01  0.6846921E+01 -0.7600190E-01  0.3229081E+01  0.3229081E+01
  0.6711259E+01  0.6791320E+01 -0.8006037E-01  0.2887406E+00  0.2887406E+00
  0.6651600E+01  0.6735719E+01 -0.8411884E-01  0.2348400E+01  0.2348400E+01
  0.6593961E+01  0.6681130E+01 -0.8716846E-01 -0.2593961E+01  0.0000000E+00
  0.6538345E+01  0.6627554E+01 -0.8920926E-01  0.5461655E+01  0.5461655E+01
  0.6482728E+01  0.6573978E+01 -0.9125005E-01  0.2517272E+01  0.2517272E+01
  0.6427111E+01  0.6520402E+01 -0.9329084E-01 -0.1427111E+01  0.0000000E+00
  0.6376738E+01  0.6467685E+01 -0.9094759E-01  0.5623262E+01  0.5623262E+01
  0.6331607E+01  0.6415827E+01 -0.8422031E-01  0.2668393E+01  0.2668393E+01
  0.6286477E+01  0.6363970E+01 -0.7749302E-01 -0.2864771E+00  0.0000000E+00
  0.6241347E+01  0.6312112E+01 -0.7076573E-01  0.2758653E+01  0.2758653E+01
  0.6193637E+01  0.6260706E+01 -0.6706939E-01  0.1806363E+01  0.1806363E+01
  0.6143347E+01  0.6209751E+01 -0.6640401E-01 -0.4143347E+01  0.0000000E+00
  0.6093057E+01  0.6158796E+01 -0.6573861E-01  0.9069428E+00  0.9069428E+00
  0.6042768E+01  0.6107841E+01 -0.6507323E-01 -0.1042768E+01  0.0000000E+00
  0.5991838E+01  0.6057934E+01 -0.6609494E-01  0.1008162E+01  0.1008162E+01
  0.5940271E+01  0.6009075E+01 -0.6880376E-01 -0.9402709E+00  0.0000000E+00
  0.5888703E+01  0.5960216E+01 -0.7151258E-01 -0.8887029E+00  0.0000000E+00
  0.5837135E+01  0.5911356E+01 -0.7422140E-01  0.3162865E+01  0.3162865E+01
  0.5786847E+01  0.5863775E+01 -0.7692804E-01  0.2213153E+01  0.2213153E+01
  0.5737837E+01  0.5817469E+01 -0.7963250E-01  0.2621632E+00  0.2621632E+00
  0.5688827E+01  0.5771164E+01 -0.8233696E-01  0.4311173E+01  0.4311173E+01
  0.5639817E+01  0.5724859E+01 -0.8504142E-01  0.3360183E+01  0.3360183E+01
  0.5597336E+01  0.5679689E+01 -0.8235327E-01 -0.5973358E+00  0.0000000E+00
  0.5561382E+01  0.5635654E+01 -0.7427252E-01  0.2438618E+01  0.2438618E+01
  0.5525428E+01  0.5591620E+01 -0.6619177E-01 -0.1525428E+01  0.0000000E+00
  0.5489474E+01  0.5547585E+01 -0.5811103E-01 -0.2489474E+01  0.0000000E+00
  0.5449143E+01  0.5503894E+01 -0.5475165E-01  0.1550857E+01  0.1550857E+01
  0.5404433E+01  0.5460547E+01 -0.5611366E-01  0.5955667E+00  0.5955667E+00
  0.5359724E+01  0.5417199E+01 -0.5747566E-01 -0.3597236E+00  0.0000000E+00
  0.5315014E+01  0.5373852E+01 -0.5883767E-01  0.1684986E+01  0.1684986E+01
  0.5269604E+01  0.5331497E+01 -0.6189289E-01 -0.2269604E+01  0.0000000E+00
  0.5223492E+01  0.5290133E+01 -0.6664132E-01  0.1776508E+01  0.1776508E+01
  0.5177381E+01  0.5248771E+01 -0.7138974E-01 -0.1773810E+00  0.0000000E+00
  0.5131269E+01  0.5207407E+01 -0.7613817E-01  0.7868731E+01  0.7868731E+01
  0.5089654E+01  0.5167156E+01 -0.7750111E-01 -0.1089654E+01  0.0000000E+00
  0.5052536E+01  0.5128015E+01 -0.7547855E-01  0.1947464E+01  0.1947464E+01
  0.5015418E+01  0.5088873E+01 -0.7345600E-01 -0.3015418E+01  0.0000000E+00
  0.4978299E+01  0.5049732E+01 -0.7143345E-01  0.3021701E+01  0.3021701E+01
  0.4939638E+01  0.5011079E+01 -0.7144116E-01  0.2060362E+01  0.2060362E+01
  0.4899434E+01  0.4972913E+01 -0.7347912E-01  0.4100566E+01  0.4100566E+01
  0.4859230E+01  0.4934747E+01 -0.7551710E-01  0.1140770E+01  0.1140770E+01
  0.4819026E+01  0.4896581E+01 -0.7755506E-01  0.2180974E+01  0.2180974E+01
  0.4783262E+01  0.4859132E+01 -0.7587010E-01  0.4216738E+01  0.4216738E+01
  0.4751938E+01  0.4822401E+01 -0.7046219E-01  0.2248062E+01  0.2248062E+01
  0.4720614E+01  0.4785669E+01 -0.6505429E-01  0.2279386E+01  0.2279386E+01
  0.4689291E+01  0.4748938E+01 -0.5964639E-01  0.3107090E+00  0.3107090E+00
  0.4656136E+01  0.4712406E+01 -0.5627002E-01  0.3438640E+00  0.3438640E+00
  0.4621149E+01  0.4676075E+01 -0.5492518E-01 -0.6211491E+00  0.0000000E+00
  0.4586162E+01  0.4639742E+01 -0.5358033E-01 -0.3586162E+01  0.0000000E+00
  0.4551175E+01  0.4603411E+01 -0.5223549E-01  0.4488249E+00  0.4488249E+00
  0.4514990E+01  0.4567576E+01 -0.5258626E-01  0.2485010E+01  0.2485010E+01
  0.4477605E+01  0.4532238E+01 -0.5463266E-01  0.1522395E+01  0.1522395E+01
  0.4440221E+01  0.4496900E+01 -0.5667904E-01  0.1559779E+01  0.1559779E+01
  0.4402836E+01  0.4461562E+01 -0.5872544E-01  0.5971637E+00  0.5971637E+00
  0.4369537E+01  0.4426914E+01 -0.5737618E-01  0.6304626E+00  0.6304626E+00
  0.4340324E+01  0.4392955E+01 -0.5263129E-01  0.1659676E+01  0.1659676E+01
  0.4311110E+01  0.4358997E+01 -0.4788639E-01 -0.3311110E+01  0.0000000E+00
  0.4281897E+01  0.4325038E+01 -0.4314149E-01 -0.2818971E+00  0.0000000E+00
  0.4249457E+01  0.4291248E+01 -0.4179096E-01  0.1750543E+01  0.1750543E+01
  0.4213791E+01  0.4257626E+01 -0.4383481E-01 -0.2137909E+00  0.0000000E+00
  0.4178125E+01  0.4224003E+01 -0.4587865E-01 -0.1781249E+00  0.0000000E+00
  0.4142459E+01  0.4190382E+01 -0.4792250E-01 -0.2142459E+01  0.0000000E+00
  0.4105716E+01  0.4157383E+01 -0.5166708E-01  0.1894284E+01  0.1894284E+01
  0.4067898E+01  0.4125010E+01 -0.5711240E-01  0.1932102E+01  0.1932102E+01
  0.4030079E+01  0.4092637E+01 -0.6255771E-01  0.1969921E+01  0.1969921E+01
  0.3992261E+01  0.4060264E+01 -0.6800304E-01  0.4007739E+01  0.4007739E+01
  0.3959636E+01  0.4028667E+01 -0.6903191E-01  0.1040364E+01  0.1040364E+01
  0.3932204E+01  0.3997848E+01 -0.6564433E-01  0.3067796E+01  0.3067796E+01
  0.3904771E+01  0.3967028E+01 -0.6225676E-01 -0.1904771E+01  0.0000000E+00
  0.3877339E+01  0.3936208E+01 -0.5886919E-01  0.2122661E+01  0.2122661E+01
  0.3849648E+01  0.3905467E+01 -0.5581835E-01  0.2150352E+01  0.2150352E+01
  0.3821699E+01  0.3874803E+01 -0.5310425E-01  0.3178301E+01  0.3178301E+01
  0.3793749E+01  0.3844139E+01 -0.5039015E-01  0.1206251E+01  0.1206251E+01
  0.3765799E+01  0.3813475E+01 -0.4767606E-01 -0.1765799E+01  0.0000000E+00
  0.3736333E+01  0.3782997E+01 -0.4666429E-01  0.2636671E+00  0.2636671E+00
  0.3705350E+01  0.3752705E+01 -0.4735484E-01  0.2294650E+01  0.2294650E+01
  0.3674367E+01  0.3722412E+01 -0.4804540E-01 -0.1674367E+01  0.0000000E+00
  0.3643384E+01  0.3692120E+01 -0.4873595E-01 -0.6433835E+00  0.0000000E+00
  0.3610126E+01  0.3662281E+01 -0.5215549E-01  0.3389874E+01  0.3389874E+01
  0.3574592E+01  0.3632896E+01 -0.5830402E-01  0.2425408E+01  0.2425408E+01
  0.3539059E+01  0.3603512E+01 -0.6445254E-01 -0.1539059E+01  0.0000000E+00
  0.3503526E+01  0.3574127E+01 -0.7060107E-01  0.3496474E+01  0.3496474E+01
  0.3475231E+01  0.3545498E+01 -0.7026701E-01  0.5524769E+01  0.5524769E+01
  0.3454173E+01  0.3517624E+01 -0.6345038E-01  0.5545827E+01  0.5545827E+01
  0.3433116E+01  0.3489750E+01 -0.5663375E-01  0.3566884E+01  0.3566884E+01
  0.3412059E+01  0.3461876E+01 -0.4981712E-01  0.5879414E+00  0.5879414E+00
  0.3386042E+01  0.3433820E+01 -0.4777757E-01  0.1613958E+01  0.1613958E+01
  0.3355067E+01  0.3405582E+01 -0.5051512E-01 -0.2355067E+01  0.0000000E+00
  0.3324091E+01  0.3377344E+01 -0.5325267E-01  0.2675909E+01  0.2675909E+01
  0.3293116E+01  0.3349106E+01 -0.5599022E-01  0.5706884E+01  0.5706884E+01
  0.3265389E+01  0.3321387E+01 -0.5599772E-01 -0.2653894E+00  0.0000000E+00
  0.3240912E+01  0.3294187E+01 -0.5327517E-01 -0.2409122E+00  0.0000000E+00
  0.3216435E+01  0.3266987E+01 -0.5055262E-01  0.7835653E+00  0.7835653E+00
  0.3191957E+01  0.3239787E+01 -0.4783007E-01  0.1808043E+01  0.1808043E+01
  0.3165931E+01  0.3212746E+01 -0.4681523E-01  0.8340690E+00  0.8340690E+00
  0.3138355E+01  0.3185863E+01 -0.4750810E-01  0.8616447E+00  0.8616447E+00
  0.3110780E+01  0.3158981E+01 -0.4820097E-01 -0.1110780E+01  0.0000000E+00
  0.3083204E+01  0.3132098E+01 -0.4889384E-01  0.9167960E+00  0.9167960E+00
  0.3058411E+01  0.3105603E+01 -0.4719159E-01  0.2941589E+01  0.2941589E+01
  0.3036401E+01  0.3079495E+01 -0.4309423E-01  0.2963599E+01  0.2963599E+01
  0.3014391E+01  0.3053388E+01 -0.3899686E-01 -0.3014391E+01  0.0000000E+00
  0.2992381E+01  0.3027280E+01 -0.3489950E-01  0.7619381E-02  0.7619381E-02
  0.2969764E+01  0.3001248E+01 -0.3148344E-01  0.5030235E+01  0.5030235E+01
  0.2946542E+01  0.2975291E+01 -0.2874869E-01 -0.1946542E+01  0.0000000E+00
  0.2923320E+01  0.2949334E+01 -0.2601395E-01  0.7667971E-01  0.7667971E-01
  0.2900098E+01  0.2923377E+01 -0.2327920E-01 -0.9000981E+00  0.0000000E+00
  0.2873315E+01  0.2897626E+01 -0.2431155E-01 -0.8733146E+00  0.0000000E+00
  0.2842970E+01  0.2872081E+01 -0.2911099E-01 -0.1842970E+01  0.0000000E+00
  0.2812625E+01  0.2846535E+01 -0.3391043E-01 -0.8126247E+00  0.0000000E+00
  0.2782280E+01  0.2820990E+01 -0.3870987E-01  0.2177203E+00  0.2177203E+00
  0.2753664E+01  0.2796148E+01 -0.4248314E-01  0.2463355E+00  0.2463355E+00
  0.2726779E+01  0.2772009E+01 -0.4523024E-01  0.4273221E+01  0.4273221E+01
  0.2699894E+01  0.2747871E+01 -0.4797734E-01  0.1300106E+01  0.1300106E+01
  0.2673008E+01  0.2723733E+01 -0.5072444E-01  0.3269916E+00  0.3269916E+00
  0.2650998E+01  0.2700014E+01 -0.4901587E-01  0.1349002E+01  0.1349002E+01
  0.2633862E+01  0.2676713E+01 -0.4285162E-01  0.5366138E+01  0.5366138E+01
  0.2616726E+01  0.2653414E+01 -0.3668736E-01 -0.6167262E+00  0.0000000E+00
  0.2599590E+01  0.2630113E+01 -0.3052311E-01  0.1400410E+01  0.1400410E+01
  0.2577805E+01  0.2606622E+01 -0.2881776E-01  0.4221952E+00  0.4221952E+00
  0.2551370E+01  0.2582941E+01 -0.3157131E-01 -0.1551370E+01  0.0000000E+00
  0.2524935E+01  0.2559260E+01 -0.3432487E-01  0.1475065E+01  0.1475065E+01
  0.2498500E+01  0.2535578E+01 -0.3707841E-01 -0.2498500E+01  0.0000000E+00
  0.2477016E+01  0.2512383E+01 -0.3536588E-01  0.4522984E+01  0.4522984E+01
  0.2460485E+01  0.2489672E+01 -0.2918725E-01  0.5395153E+00  0.5395153E+00
  0.2443953E+01  0.2466962E+01 -0.2300861E-01 -0.2443953E+01  0.0000000E+00
  0.2427421E+01  0.2444251E+01 -0.1682998E-01 -0.1427421E+01  0.0000000E+00
  0.2404960E+01  0.2421452E+01 -0.1649151E-01  0.5950398E+00  0.5950398E+00
  0.2376570E+01  0.2398564E+01 -0.2199320E-01 -0.1376570E+01  0.0000000E+00
  0.2348181E+01  0.2375676E+01 -0.2749489E-01  0.1651819E+01  0.1651819E+01
  0.2319791E+01  0.2352788E+01 -0.3299657E-01  0.4680209E+01  0.4680209E+01
  0.2296561E+01  0.2330591E+01 -0.3403042E-01 -0.1296561E+01  0.0000000E+00
  0.2278490E+01  0.2309087E+01 -0.3059644E-01 -0.1278490E+01  0.0000000E+00
  0.2260420E+01  0.2287582E+01 -0.2716245E-01  0.7395804E+00  0.7395804E+00
  0.2242349E+01  0.2266077E+01 -0.2372846E-01 -0.1242349E+01  0.0000000E+00
  0.2222604E+01  0.2244616E+01 -0.2201259E-01 -0.2226036E+00  0.0000000E+00
  0.2201184E+01  0.2223199E+01 -0.2201484E-01 -0.2011836E+00  0.0000000E+00
  0.2179764E+01  0.2201781E+01 -0.2201710E-01 -0.1797638E+00  0.0000000E+00
  0.2158344E+01  0.2180363E+01 -0.2201935E-01  0.8416562E+00  0.8416562E+00
  0.2137528E+01  0.2159207E+01 -0.2167864E-01 -0.2137528E+01  0.0000000E+00
  0.2117317E+01  0.2138312E+01 -0.2099497E-01  0.8826830E+00  0.8826830E+00
  0.2097106E+01  0.2117417E+01 -0.2031131E-01  0.9028943E+00  0.9028943E+00
  0.2076895E+01  0.2096522E+01 -0.1962764E-01 -0.7689452E-01  0.0000000E+00
  0.2055546E+01  0.2075867E+01 -0.2032127E-01 -0.1055546E+01  0.0000000E+00
  0.2033059E+01  0.2055451E+01 -0.2239220E-01 -0.1033059E+01  0.0000000E+00
  0.2010573E+01  0.2035036E+01 -0.2446313E-01 -0.1057267E-01  0.0000000E+00
  0.1988086E+01  0.2014620E+01 -0.2653406E-01  0.1011914E+01  0.1011914E+01
  0.1966334E+01  0.1994595E+01 -0.2826137E-01 -0.9663335E+00  0.0000000E+00
  0.1945315E+01  0.1974960E+01 -0.2964505E-01  0.2054685E+01  0.2054685E+01
  0.1924296E+01  0.1955325E+01 -0.3102873E-01 -0.9242961E+00  0.0000000E+00
  0.1903278E+01  0.1935690E+01 -0.3241241E-01 -0.9032775E+00  0.0000000E+00
  0.1885666E+01  0.1916358E+01 -0.3069174E-01  0.4114334E+01  0.4114334E+01
  0.1871463E+01  0.1897330E+01 -0.2586671E-01  0.2128537E+01  0.2128537E+01
  0.1857260E+01  0.1878302E+01 -0.2104168E-01 -0.1857260E+01  0.0000000E+00
  0.1843057E+01  0.1859273E+01 -0.1621665E-01 -0.8430566E+00  0.0000000E+00
  0.1827367E+01  0.1840137E+01 -0.1276913E-01  0.1172633E+01  0.1172633E+01
  0.1810192E+01  0.1820891E+01 -0.1069910E-01 -0.8101922E+00  0.0000000E+00
  0.1793017E+01  0.1801646E+01 -0.8629076E-02 -0.1793017E+01  0.0000000E+00
  0.1775842E+01  0.1782401E+01 -0.6559052E-02 -0.7758420E+00  0.0000000E+00
  0.1754679E+01  0.1763312E+01 -0.8633542E-02 -0.1754679E+01  0.0000000E+00
  0.1729528E+01  0.1744380E+01 -0.1485255E-01 -0.7295278E+00  0.0000000E+00
  0.1704377E+01  0.1725448E+01 -0.2107156E-01  0.2956231E+00  0.2956231E+00
  0.1679226E+01  0.1706516E+01 -0.2729056E-01  0.1320774E+01  0.1320774E+01
  0.1657881E+01  0.1688284E+01 -0.3040325E-01  0.1342119E+01  0.1342119E+01
  0.1640341E+01  0.1670750E+01 -0.3040961E-01  0.1359659E+01  0.1359659E+01
  0.1622801E+01  0.1653217E+01 -0.3041597E-01 -0.1622801E+01  0.0000000E+00
  0.1605262E+01  0.1635684E+01 -0.3042234E-01  0.3947383E+00  0.3947383E+00
  0.1588594E+01  0.1618330E+01 -0.2973581E-01  0.4411406E+01  0.4411406E+01
  0.1572800E+01  0.1601156E+01 -0.2835640E-01  0.1427200E+01  0.1427200E+01
  0.1557005E+01  0.1583982E+01 -0.2697699E-01  0.1442995E+01  0.1442995E+01
  0.1541211E+01  0.1566808E+01 -0.2559758E-01 -0.5412105E+00  0.0000000E+00
  0.1526871E+01  0.1549704E+01 -0.2283305E-01  0.4731289E+00  0.4731289E+00
  0.1513987E+01  0.1532670E+01 -0.1868341E-01  0.1486013E+01  0.1486013E+01
  0.1501103E+01  0.1515636E+01 -0.1453376E-01 -0.1501103E+01  0.0000000E+00
  0.1488218E+01  0.1498603E+01 -0.1038412E-01 -0.1488218E+01  0.0000000E+00
  0.1472189E+01  0.1481539E+01 -0.9349178E-02 -0.1472189E+01  0.0000000E+00
  0.1453015E+01  0.1464444E+01 -0.1142894E-01  0.1546985E+01  0.1546985E+01
  0.1433842E+01  0.1447350E+01 -0.1350870E-01 -0.4338416E+00  0.0000000E+00
  0.1414668E+01  0.1430256E+01 -0.1558847E-01 -0.1414668E+01  0.0000000E+00
  0.1395932E+01  0.1413601E+01 -0.1766941E-01  0.6040680E+00  0.6040680E+00
  0.1377634E+01  0.1397386E+01 -0.1975153E-01  0.1622366E+01  0.1622366E+01
  0.1359337E+01  0.1381171E+01 -0.2183365E-01  0.6406630E+00  0.6406630E+00
  0.1341039E+01  0.1364955E+01 -0.2391577E-01  0.6589606E+00  0.6589606E+00
  0.1324499E+01  0.1349111E+01 -0.2461202E-01  0.6755009E+00  0.6755009E+00
  0.1309716E+01  0.1333638E+01 -0.2392240E-01  0.1690284E+01  0.1690284E+01
  0.1294933E+01  0.1318165E+01 -0.2323279E-01 -0.2949327E+00  0.0000000E+00
  0.1280149E+01  0.1302693E+01 -0.2254317E-01 -0.2801495E+00  0.0000000E+00
  0.1265504E+01  0.1287357E+01 -0.2185313E-01  0.1734496E+01  0.1734496E+01
  0.1250995E+01  0.1272157E+01 -0.2116267E-01  0.1749005E+01  0.1749005E+01
  0.1236486E+01  0.1256958E+01 -0.2047220E-01  0.7635140E+00  0.7635140E+00
  0.1221977E+01  0.1241759E+01 -0.1978174E-01  0.7780229E+00  0.7780229E+00
  0.1207971E+01  0.1226714E+01 -0.1874342E-01  0.7920293E+00  0.7920293E+00
  0.1194466E+01  0.1211824E+01 -0.1735726E-01 -0.1944665E+00  0.0000000E+00
  0.1180962E+01  0.1196933E+01 -0.1597109E-01  0.8190376E+00  0.8190376E+00
  0.1167458E+01  0.1182043E+01 -0.1458492E-01  0.8325418E+00  0.8325418E+00
  0.1153050E+01  0.1167291E+01 -0.1424063E-01 -0.1530499E+00  0.0000000E+00
  0.1137738E+01  0.1152676E+01 -0.1493821E-01 -0.1137738E+01  0.0000000E+00
  0.1122425E+01  0.1138061E+01 -0.1563580E-01 -0.1122425E+01  0.0000000E+00
  0.1107113E+01  0.1123446E+01 -0.1633338E-01  0.8928875E+00  0.8928875E+00
  0.1093129E+01  0.1109117E+01 -0.1598773E-01  0.9068711E+00  0.9068711E+00
  0.1080474E+01  0.1095073E+01 -0.1459883E-01  0.9195257E+00  0.9195257E+00
  0.1067820E+01  0.1081030E+01 -0.1320993E-01 -0.6781960E-01  0.0000000E+00
  0.1055165E+01  0.1066986E+01 -0.1182104E-01 -0.1055165E+01  0.0000000E+00
  0.1040563E+01  0.1053082E+01 -0.1251971E-01 -0.4056263E-01  0.0000000E+00
  0.1024013E+01  0.1039319E+01 -0.1530594E-01  0.9759871E+00  0.9759871E+00
  0.1007463E+01  0.1025555E+01 -0.1809218E-01 -0.1007463E+01  0.0000000E+00
  0.9909135E+00  0.1011792E+01 -0.2087841E-01  0.2009087E+01  0.2009087E+01
  0.9782406E+00  0.9984245E+00 -0.2018392E-01  0.2175939E-01  0.2175939E-01
  0.9694445E+00  0.9854532E+00 -0.1600871E-01  0.3030555E+01  0.3030555E+01
  0.9606484E+00  0.9724818E+00 -0.1183349E-01  0.3935164E-01  0.3935164E-01
  0.9518523E+00  0.9595105E+00 -0.7658278E-02 -0.9518523E+00  0.0000000E+00
  0.9412522E+00  0.9464749E+00 -0.5222739E-02 -0.9412522E+00  0.0000000E+00
  0.9288481E+00  0.9333750E+00 -0.4526878E-02  0.7115185E-01  0.7115185E-01
  0.9164441E+00  0.9202752E+00 -0.3831017E-02 -0.9164441E+00  0.0000000E+00
  0.9040401E+00  0.9071752E+00 -0.3135156E-02 -0.9040401E+00  0.0000000E+00
  0.8894002E+00  0.8942801E+00 -0.4879889E-02 -0.8894002E+00  0.0000000E+00
  0.8725244E+00  0.8815896E+00 -0.9065215E-02  0.1274756E+00  0.1274756E+00
  0.8556486E+00  0.8688991E+00 -0.1325054E-01  0.1144351E+01  0.1144351E+01
  0.8387728E+00  0.8562086E+00 -0.1743587E-01  0.1612272E+00  0.1612272E+00
  0.8269511E+00  0.8440386E+00 -0.1952853E-01  0.2173049E+01  0.2173049E+01
  0.8201836E+00  0.8323889E+00 -0.1952853E-01  0.1798164E+00  0.1798164E+00
  0.8134161E+00  0.8207393E+00  0.0000000E+00 -0.8134161E+00  0.0000000E+00
  0.8066486E+00  0.8090897E+00  0.0000000E+00 -0.8066486E+00  0.0000000E+00
  0.7962695E+00  0.7973167E+00  0.0000000E+00 -0.7962695E+00  0.0000000E+00
  0.7822788E+00  0.7854204E+00  0.0000000E+00 -0.7822788E+00  0.0000000E+00
  0.7682880E+00  0.7735242E+00 -0.8377769E-02  0.1231712E+01  0.1231712E+01
  0.7542973E+00  0.7616279E+00 -0.8377769E-02  0.2457027E+00  0.2457027E+00
  0.7427627E+00  0.7500933E+00 -0.8377769E-02 -0.7427627E+00  0.0000000E+00
  0.7336842E+00  0.7389204E+00 -0.8377769E-02 -0.7336842E+00  0.0000000E+00
  0.7246059E+00  0.7277475E+00  0.0000000E+00 -0.7246059E+00  0.0000000E+00
  0.7155274E+00  0.7165746E+00  0.0000000E+00 -0.7155274E+00  0.0000000E+00
  0.7051600E+00  0.7055094E+00  0.0000000E+00 -0.7051600E+00  0.0000000E+00
  0.6935035E+00  0.6945519E+00  0.0000000E+00 -0.6935035E+00  0.0000000E+00
  0.6818470E+00  0.6835944E+00 -0.2795768E-02 -0.6818470E+00  0.0000000E+00
  0.6701906E+00  0.6726369E+00 -0.2795768E-02 -0.6701906E+00  0.0000000E+00
  0.6581050E+00  0.6619502E+00 -0.3845308E-02 -0.6581050E+00  0.0000000E+00
  0.6455901E+00  0.6515345E+00 -0.5944388E-02  0.3544099E+00  0.3544099E+00
  0.6330753E+00  0.6411188E+00 -0.8043467E-02 -0.6330753E+00  0.0000000E+00
  0.6205605E+00  0.6307030E+00 -0.1014255E-01  0.1379440E+01  0.1379440E+01
  0.6108376E+00  0.6206307E+00 -0.1119209E-01  0.1389162E+01  0.1389162E+01
  0.6039067E+00  0.6109018E+00 -0.1119209E-01 -0.6039067E+00  0.0000000E+00
  0.5969759E+00  0.6011729E+00  0.0000000E+00 -0.5969759E+00  0.0000000E+00
  0.5900449E+00  0.5914440E+00  0.0000000E+00 -0.5900449E+00  0.0000000E+00
  0.5803128E+00  0.5817136E+00  0.0000000E+00 -0.5803128E+00  0.0000000E+00
  0.5677794E+00  0.5719817E+00  0.0000000E+00 -0.5677794E+00  0.0000000E+00
  0.5552459E+00  0.5622498E+00 -0.1120629E-01  0.1444754E+01  0.1444754E+01
  0.5427125E+00  0.5525180E+00 -0.1120629E-01 -0.5427125E+00  0.0000000E+00
  0.5326560E+00  0.5431623E+00 -0.1050637E-01  0.4673440E+00  0.4673440E+00
  0.5250764E+00  0.5341829E+00 -0.9106520E-02  0.4749236E+00  0.4749236E+00
  0.5174969E+00  0.5252035E+00 -0.7706673E-02 -0.5174969E+00  0.0000000E+00
  0.5099173E+00  0.5162241E+00 -0.6306826E-02 -0.5099173E+00  0.0000000E+00
  0.5024345E+00  0.5073406E+00 -0.5606902E-02  0.1497566E+01  0.1497566E+01
  0.4950485E+00  0.4985528E+00 -0.5606902E-02 -0.4950485E+00  0.0000000E+00
  0.4876624E+00  0.4897650E+00  0.0000000E+00 -0.4876624E+00  0.0000000E+00
  0.4802764E+00  0.4809772E+00  0.0000000E+00 -0.4802764E+00  0.0000000E+00
  0.4719344E+00  0.4722853E+00  0.0000000E+00 -0.4719344E+00  0.0000000E+00
  0.4626366E+00  0.4636891E+00  0.0000000E+00 -0.4626366E+00  0.0000000E+00
  0.4533388E+00  0.4550930E+00 -0.2806640E-02  0.5466611E+00  0.5466611E+00
  0.4440410E+00  0.4464968E+00 -0.2806640E-02 -0.4440410E+00  0.0000000E+00
  0.4350030E+00  0.4381610E+00 -0.3158028E-02 -0.4350030E+00  0.0000000E+00
  0.4262245E+00  0.4300853E+00 -0.3860806E-02 -0.4262245E+00  0.0000000E+00
  0.4174461E+00  0.4220097E+00 -0.4563583E-02  0.5825539E+00  0.5825539E+00
  0.4086677E+00  0.4139340E+00 -0.5266360E-02 -0.4086677E+00  0.0000000E+00
  0.4011857E+00  0.4061012E+00 -0.5617749E-02 -0.4011857E+00  0.0000000E+00
  0.3950002E+00  0.3985113E+00 -0.5617749E-02  0.6049998E+00  0.6049998E+00
  0.3888147E+00  0.3909213E+00  0.0000000E+00 -0.3888147E+00  0.0000000E+00
  0.3826292E+00  0.3833314E+00  0.0000000E+00 -0.3826292E+00  0.0000000E+00
  0.3754819E+00  0.3758335E+00  0.0000000E+00 -0.3754819E+00  0.0000000E+00
  0.3673730E+00  0.3684277E+00  0.0000000E+00 -0.3673730E+00  0.0000000E+00
  0.3592640E+00  0.3610219E+00 -0.2812634E-02 -0.3592640E+00  0.0000000E+00
  0.3511551E+00  0.3536161E+00 -0.2812634E-02  0.6488449E+00  0.6488449E+00
  0.3439866E+00  0.3464477E+00 -0.2812634E-02 -0.3439866E+00  0.0000000E+00
  0.3377587E+00  0.3395166E+00 -0.2812634E-02 -0.3377587E+00  0.0000000E+00
  0.3315307E+00  0.3325855E+00  0.0000000E+00 -0.3315307E+00  0.0000000E+00
  0.3253028E+00  0.3256544E+00  0.0000000E+00 -0.3253028E+00  0.0000000E+00
  0.3185178E+00  0.3188698E+00  0.0000000E+00 -0.3185178E+00  0.0000000E+00
  0.3111757E+00  0.3122317E+00  0.0000000E+00 -0.3111757E+00  0.0000000E+00
  0.3038336E+00  0.3055936E+00 -0.2815899E-02  0.6961664E+00  0.6961664E+00
  0.2964916E+00  0.2989555E+00 -0.2815899E-02 -0.2964916E+00  0.0000000E+00
  0.2897264E+00  0.2925426E+00 -0.2816150E-02 -0.2897264E+00  0.0000000E+00
  0.2835383E+00  0.2863549E+00 -0.2816652E-02 -0.2835383E+00  0.0000000E+00
  0.2773501E+00  0.2801673E+00 -0.2817153E-02  0.7226499E+00  0.7226499E+00
  0.2711619E+00  0.2739796E+00 -0.2817655E-02 -0.2711619E+00  0.0000000E+00
  0.2651506E+00  0.2679686E+00 -0.2818042E-02 -0.2651506E+00  0.0000000E+00
  0.2593160E+00  0.2621343E+00 -0.2818314E-02 -0.2593160E+00  0.0000000E+00
  0.2534815E+00  0.2563001E+00 -0.2818586E-02  0.7465185E+00  0.7465185E+00
  0.2476470E+00  0.2504658E+00 -0.2818858E-02 -0.2476470E+00  0.0000000E+00
  0.2423369E+00  0.2448035E+00 -0.2818994E-02 -0.2423369E+00  0.0000000E+00
  0.2375513E+00  0.2393131E+00 -0.2818994E-02 -0.2375513E+00  0.0000000E+00
  0.2327656E+00  0.2338227E+00  0.0000000E+00 -0.2327656E+00  0.0000000E+00
  0.2279800E+00  0.2283324E+00  0.0000000E+00 -0.2279800E+00  0.0000000E+00
  0.2229750E+00  0.2229750E+00  0.0000000E+00 -0.2229750E+00  0.0000000E+00
  0.2177505E+00  0.2177505E+00  0.0000000E+00 -0.2177505E+00  0.0000000E+00
  0.2125261E+00  0.2125261E+00  0.0000000E+00 -0.2125261E+00  0.0000000E+00
  0.2073016E+00  0.2073016E+00  0.0000000E+00 -0.2073016E+00  0.0000000E+00
  0.2019121E+00  0.2022651E+00  0.0000000E+00 -0.2019121E+00  0.0000000E+00
  0.1963574E+00  0.1974165E+00  0.0000000E+00 -0.1963574E+00  0.0000000E+00
  0.1908027E+00  0.1925679E+00 -0.2824409E-02  0.8091973E+00  0.8091973E+00
  0.1852480E+00  0.1877193E+00 -0.2824409E-02 -0.1852480E+00  0.0000000E+00
  0.1806281E+00  0.1830995E+00 -0.2824409E-02 -0.1806281E+00  0.0000000E+00
  0.1769432E+00  0.1787084E+00 -0.2824409E-02 -0.1769432E+00  0.0000000E+00
  0.1732582E+00  0.1743174E+00  0.0000000E+00 -0.1732582E+00  0.0000000E+00
  0.1695732E+00  0.1699263E+00  0.0000000E+00 -0.1695732E+00  0.0000000E+00
  0.1653047E+00  0.1656583E+00  0.0000000E+00 -0.1653047E+00  0.0000000E+00
  0.1604526E+00  0.1615132E+00  0.0000000E+00 -0.1604526E+00  0.0000000E+00
  0.1556005E+00  0.1573682E+00 -0.2828235E-02  0.8443995E+00  0.8443995E+00
  0.1507484E+00  0.1532231E+00 -0.2828235E-02 -0.1507484E+00  0.0000000E+00
  0.1468115E+00  0.1492862E+00 -0.2828235E-02 -0.1468115E+00  0.0000000E+00
  0.1437896E+00  0.1455573E+00 -0.2828235E-02 -0.1437896E+00  0.0000000E+00
  0.1407678E+00  0.1418284E+00  0.0000000E+00 -0.1407678E+00  0.0000000E+00
  0.1377459E+00  0.1380995E+00  0.0000000E+00 -0.1377459E+00  0.0000000E+00
  0.1341257E+00  0.1344797E+00  0.0000000E+00 -0.1341257E+00  0.0000000E+00
  0.1299070E+00  0.1309690E+00  0.0000000E+00 -0.1299070E+00  0.0000000E+00
  0.1256882E+00  0.1274584E+00 -0.2832240E-02 -0.1256882E+00  0.0000000E+00
  0.1214695E+00  0.1239477E+00 -0.2832240E-02 -0.1214695E+00  0.0000000E+00
  0.1177946E+00  0.1206270E+00 -0.2832425E-02 -0.1177946E+00  0.0000000E+00
  0.1146635E+00  0.1174963E+00 -0.2832796E-02  0.8853365E+00  0.8853365E+00
  0.1115324E+00  0.1143656E+00 -0.2833166E-02 -0.1115324E+00  0.0000000E+00
  0.1084013E+00  0.1112348E+00 -0.2833537E-02  0.8915987E+00  0.8915987E+00
  0.1057536E+00  0.1082331E+00 -0.2833722E-02 -0.1057536E+00  0.0000000E+00
  0.1035893E+00  0.1053604E+00 -0.2833722E-02 -0.1035893E+00  0.0000000E+00
  0.1014250E+00  0.1024877E+00  0.0000000E+00 -0.1014250E+00  0.0000000E+00
  0.9926073E-01  0.9961495E-01  0.0000000E+00 -0.9926073E-01  0.0000000E+00
  0.9645731E-01  0.9681199E-01  0.0000000E+00 -0.9645731E-01  0.0000000E+00
  0.9301476E-01  0.9407878E-01  0.0000000E+00 -0.9301476E-01  0.0000000E+00
  0.8957221E-01  0.9134558E-01 -0.2837387E-02  0.9104278E+00  0.9104278E+00
  0.8612966E-01  0.8861237E-01 -0.2837387E-02 -0.8612966E-01  0.0000000E+00
  0.8355332E-01  0.8603604E-01 -0.2837387E-02 -0.8355332E-01  0.0000000E+00
  0.8184321E-01  0.8361658E-01 -0.2837387E-02 -0.8184321E-01  0.0000000E+00
  0.8013310E-01  0.8119712E-01  0.0000000E+00 -0.8013310E-01  0.0000000E+00
  0.7842299E-01  0.7877766E-01  0.0000000E+00 -0.7842299E-01  0.0000000E+00
  0.7641359E-01  0.7641359E-01  0.0000000E+00 -0.7641359E-01  0.0000000E+00
  0.7410489E-01  0.7410489E-01  0.0000000E+00 -0.7410489E-01  0.0000000E+00
  0.7179619E-01  0.7179619E-01  0.0000000E+00 -0.7179619E-01  0.0000000E+00
  0.6948749E-01  0.6948749E-01  0.0000000E+00 -0.6948749E-01  0.0000000E+00
  0.6727304E-01  0.6727304E-01  0.0000000E+00 -0.6727304E-01  0.0000000E+00
  0.6515283E-01  0.6515283E-01  0.0000000E+00 -0.6515283E-01  0.0000000E+00
  0.6303263E-01  0.6303263E-01  0.0000000E+00 -0.6303263E-01  0.0000000E+00
  0.6091243E-01  0.6091243E-01  0.0000000E+00 -0.6091243E-01  0.0000000E+00
  0.5888876E-01  0.5888876E-01  0.0000000E+00 -0.5888876E-01  0.0000000E+00
  0.5696163E-01  0.5696163E-01  0.0000000E+00 -0.5696163E-01  0.0000000E+00
  0.5503449E-01  0.5503449E-01  0.0000000E+00 -0.5503449E-01  0.0000000E+00
  0.5310736E-01  0.5310736E-01  0.0000000E+00 -0.5310736E-01  0.0000000E+00
  0.5127176E-01  0.5127176E-01  0.0000000E+00 -0.5127176E-01  0.0000000E+00
  0.4952769E-01  0.4952769E-01  0.0000000E+00 -0.4952769E-01  0.0000000E+00
  0.4778362E-01  0.4778362E-01  0.0000000E+00 -0.4778362E-01  0.0000000E+00
  0.4603954E-01  0.4603954E-01  0.0000000E+00 -0.4603954E-01  0.0000000E+00
  0.4438753E-01  0.4438753E-01  0.0000000E+00 -0.4438753E-01  0.0000000E+00
  0.4282756E-01  0.4282756E-01  0.0000000E+00 -0.4282756E-01  0.0000000E+00
  0.4126760E-01  0.4126760E-01  0.0000000E+00 -0.4126760E-01  0.0000000E+00
  0.3970763E-01  0.3970763E-01  0.0000000E+00 -0.3970763E-01  0.0000000E+00
  0.3823986E-01  0.3823986E-01  0.0000000E+00 -0.3823986E-01  0.0000000E+00
  0.3686428E-01  0.3686428E-01  0.0000000E+00 -0.3686428E-01  0.0000000E+00
  0.3548870E-01  0.3548870E-01  0.0000000E+00 -0.3548870E-01  0.0000000E+00
  0.3411312E-01  0.3411312E-01  0.0000000E+00 -0.3411312E-01  0.0000000E+00
  0.3282844E-01  0.3282844E-01  0.0000000E+00 -0.3282844E-01  0.0000000E+00
  0.3163463E-01  0.3163463E-01  0.0000000E+00 -0.3163463E-01  0.0000000E+00
  0.3044084E-01  0.3044084E-01  0.0000000E+00 -0.3044084E-01  0.0000000E+00
  0.2924704E-01  0.2924704E-01  0.0000000E+00 -0.2924704E-01  0.0000000E+00
  0.2814226E-01  0.2814226E-01  0.0000000E+00 -0.2814226E-01  0.0000000E+00
  0.2712651E-01  0.2712651E-01  0.0000000E+00 -0.2712651E-01  0.0000000E+00
  0.2611076E-01  0.2611076E-01  0.0000000E+00 -0.2611076E-01  0.0000000E+00
  0.2509501E-01  0.2509501E-01  0.0000000E+00 -0.2509501E-01  0.0000000E+00
  0.2416387E-01  0.2416387E-01  0.0000000E+00 -0.2416387E-01  0.0000000E+00
  0.2331732E-01  0.2331732E-01  0.0000000E+00 -0.2331732E-01  0.0000000E+00
  0.2247077E-01  0.2247077E-01  0.0000000E+00 -0.2247077E-01  0.0000000E+00
  0.2162423E-01  0.2162423E-01  0.0000000E+00 -0.2162423E-01  0.0000000E+00
  0.2085553E-01  0.2085553E-01  0.0000000E+00 -0.2085553E-01  0.0000000E+00
  0.2016469E-01  0.2016469E-01  0.0000000E+00 -0.2016469E-01  0.0000000E+00
  0.1947384E-01  0.1947384E-01  0.0000000E+00 -0.1947384E-01  0.0000000E+00
  0.1878300E-01  0.1878300E-01  0.0000000E+00 -0.1878300E-01  0.0000000E+00
  0.1816012E-01  0.1816012E-01  0.0000000E+00 -0.1816012E-01  0.0000000E+00
  0.1760521E-01  0.1760521E-01  0.0000000E+00 -0.1760521E-01  0.0000000E+00
  0.1705030E-01  0.1705030E-01  0.0000000E+00 -0.1705030E-01  0.0000000E+00
  0.1649539E-01  0.1649539E-01  0.0000000E+00 -0.1649539E-01  0.0000000E+00
  0.1599880E-01  0.1599880E-01  0.0000000E+00 -0.1599880E-01  0.0000000E+00
  0.1556053E-01  0.1556053E-01  0.0000000E+00 -0.1556053E-01  0.0000000E+00
  0.1512227E-01  0.1512227E-01  0.0000000E+00 -0.1512227E-01  0.0000000E+00
  0.1468400E-01  0.1468400E-01  0.0000000E+00 -0.1468400E-01  0.0000000E+00
  0.1429339E-01  0.1429339E-01  0.0000000E+00 -0.1429339E-01  0.0000000E+00
  0.1395046E-01  0.1395046E-01  0.0000000E+00 -0.1395046E-01  0.0000000E+00
  0.1360752E-01  0.1360752E-01  0.0000000E+00 -0.1360752E-01  0.0000000E+00
  0.1326458E-01  0.1326458E-01  0.0000000E+00 -0.1326458E-01  0.0000000E+00
  0.1260099E-01  0.1295896E-01  0.0000000E+00 -0.1260099E-01  0.0000000E+00
  0.1161676E-01  0.1269065E-01  0.0000000E+00 -0.1161676E-01  0.0000000E+00
  0.1063252E-01  0.1242234E-01 -0.2863715E-02  0.9893675E+00  0.9893675E+00
  0.9648285E-02  0.1215404E-01 -0.2863715E-02 -0.9648285E-02  0.0000000E+00
  0.9449017E-02  0.1195477E-01 -0.2863715E-02 -0.9449017E-02  0.0000000E+00
  0.1003472E-01  0.1182454E-01 -0.2863715E-02 -0.1003472E-01  0.0000000E+00
  0.1062042E-01  0.1169431E-01  0.0000000E+00 -0.1062042E-01  0.0000000E+00
  0.1120612E-01  0.1156408E-01  0.0000000E+00 -0.1120612E-01  0.0000000E+00
  0.1140118E-01  0.1140118E-01  0.0000000E+00 -0.1140118E-01  0.0000000E+00
  0.1120559E-01  0.1120559E-01  0.0000000E+00 -0.1120559E-01  0.0000000E+00
  0.1101001E-01  0.1101001E-01  0.0000000E+00 -0.1101001E-01  0.0000000E+00
  0.1081443E-01  0.1081443E-01  0.0000000E+00 -0.1081443E-01  0.0000000E+00
  0.1063184E-01  0.1063184E-01  0.0000000E+00 -0.1063184E-01  0.0000000E+00
  0.1046226E-01  0.1046226E-01  0.0000000E+00 -0.1046226E-01  0.0000000E+00
  0.1029268E-01  0.1029268E-01  0.0000000E+00 -0.1029268E-01  0.0000000E+00
  0.1012309E-01  0.1012309E-01  0.0000000E+00 -0.1012309E-01  0.0000000E+00
  0.9969280E-02  0.9969280E-02  0.0000000E+00 -0.9969280E-02  0.0000000E+00
  0.9831239E-02  0.9831239E-02  0.0000000E+00 -0.9831239E-02  0.0000000E+00
  0.9693196E-02  0.9693196E-02  0.0000000E+00 -0.9693196E-02  0.0000000E+00
  0.9555154E-02  0.9555154E-02  0.0000000E+00 -0.9555154E-02  0.0000000E+00
  0.9067197E-02  0.9426269E-02  0.0000000E+00 -0.9067197E-02  0.0000000E+00
  0.8229326E-02  0.9306541E-02  0.0000000E+00 -0.8229326E-02  0.0000000E+00
  0.7391454E-02  0.9186813E-02 -0.2872573E-02 -0.7391454E-02  0.0000000E+00
  0.6553583E-02  0.9067085E-02 -0.2872573E-02  0.9934464E+00  0.9934464E+00
  0.6481423E-02  0.8994924E-02 -0.2872573E-02 -0.6481423E-02  0.0000000E+00
  0.7174974E-02  0.8970332E-02 -0.2872573E-02 -0.7174974E-02  0.0000000E+00
  0.7868525E-02  0.8945740E-02  0.0000000E+00 -0.7868525E-02  0.0000000E+00
  0.8562076E-02  0.8921148E-02  0.0000000E+00 -0.8562076E-02  0.0000000E+00
  0.8848528E-02  0.8848528E-02  0.0000000E+00 -0.8848528E-02  0.0000000E+00
  0.8727880E-02  0.8727880E-02  0.0000000E+00 -0.8727880E-02  0.0000000E+00
  0.8607232E-02  0.8607232E-02  0.0000000E+00 -0.8607232E-02  0.0000000E+00
  0.8486584E-02  0.8486584E-02  0.0000000E+00 -0.8486584E-02  0.0000000E+00
  0.8367999E-02  0.8367999E-02  0.0000000E+00 -0.8367999E-02  0.0000000E+00
  0.8251478E-02  0.8251478E-02  0.0000000E+00 -0.8251478E-02  0.0000000E+00
  0.8134956E-02  0.8134956E-02  0.0000000E+00 -0.8134956E-02  0.0000000E+00
  0.8018435E-02  0.8018435E-02  0.0000000E+00 -0.8018435E-02  0.0000000E+00
  0.7910658E-02  0.7910658E-02  0.0000000E+00 -0.7910658E-02  0.0000000E+00
  0.7811625E-02  0.7811625E-02  0.0000000E+00 -0.7811625E-02  0.0000000E+00
  0.7712592E-02  0.7712592E-02  0.0000000E+00 -0.7712592E-02  0.0000000E+00
  0.7613559E-02  0.7613559E-02  0.0000000E+00 -0.7613559E-02  0.0000000E+00
  0.7518893E-02  0.7518893E-02  0.0000000E+00 -0.7518893E-02  0.0000000E+00
  0.7428593E-02  0.7428593E-02  0.0000000E+00 -0.7428593E-02  0.0000000E+00
  0.7338294E-02  0.7338294E-02  0.0000000E+00 -0.7338294E-02  0.0000000E+00
  0.7247995E-02  0.7247995E-02  0.0000000E+00 -0.7247995E-02  0.0000000E+00
  0.7160678E-02  0.7160678E-02  0.0000000E+00 -0.7160678E-02  0.0000000E+00
  0.7076342E-02  0.7076342E-02  0.0000000E+00 -0.7076342E-02  0.0000000E+00
  0.6992006E-02  0.6992006E-02  0.0000000E+00 -0.6992006E-02  0.0000000E+00
  0.6907670E-02  0.6907670E-02  0.0000000E+00 -0.6907670E-02  0.0000000E+00
  0.6825595E-02  0.6825595E-02  0.0000000E+00 -0.6825595E-02  0.0000000E+00
  0.6745778E-02  0.6745778E-02  0.0000000E+00 -0.6745778E-02  0.0000000E+00
  0.6665963E-02  0.6665963E-02  0.0000000E+00 -0.6665963E-02  0.0000000E+00
  0.6586147E-02  0.6586147E-02  0.0000000E+00 -0.6586147E-02  0.0000000E+00
  0.6508309E-02  0.6508309E-02  0.0000000E+00 -0.6508309E-02  0.0000000E+00
  0.6432448E-02  0.6432448E-02  0.0000000E+00 -0.6432448E-02  0.0000000E+00
  0.6356587E-02  0.6356587E-02  0.0000000E+00 -0.6356587E-02  0.0000000E+00
  0.6280726E-02  0.6280726E-02  0.0000000E+00 -0.6280726E-02  0.0000000E+00
  0.6206426E-02  0.6206426E-02  0.0000000E+00 -0.6206426E-02  0.0000000E+00
  0.6133688E-02  0.6133688E-02  0.0000000E+00 -0.6133688E-02  0.0000000E+00
  0.6060950E-02  0.6060950E-02  0.0000000E+00 -0.6060950E-02  0.0000000E+00
  0.5988211E-02  0.5988211E-02  0.0000000E+00 -0.5988211E-02  0.0000000E+00
  0.5916810E-02  0.5916810E-02  0.0000000E+00 -0.5916810E-02  0.0000000E+00
  0.5846746E-02  0.5846746E-02  0.0000000E+00 -0.5846746E-02  0.0000000E+00
  0.5776681E-02  0.5776681E-02  0.0000000E+00 -0.5776681E-02  0.0000000E+00
  0.5706617E-02  0.5706617E-02  0.0000000E+00 -0.5706617E-02  0.0000000E+00
  0.5637933E-02  0.5637933E-02  0.0000000E+00 -0.5637933E-02  0.0000000E+00
  0.5570629E-02  0.5570629E-02  0.0000000E+00 -0.5570629E-02  0.0000000E+00
  0.5503324E-02  0.5503324E-02  0.0000000E+00 -0.5503324E-02  0.0000000E+00
  0.5436020E-02  0.5436020E-02  0.0000000E+00 -0.5436020E-02  0.0000000E+00
  0.5370166E-02  0.5370166E-02  0.0000000E+00 -0.5370166E-02  0.0000000E+00
  0.5305761E-02  0.5305761E-02  0.0000000E+00 -0.5305761E-02  0.0000000E+00
  0.5241357E-02  0.5241357E-02  0.0000000E+00 -0.5241357E-02  0.0000000E+00
  0.5176953E-02  0.5176953E-02  0.0000000E+00 -0.5176953E-02  0.0000000E+00
  0.5113912E-02  0.5113912E-02  0.0000000E+00 -0.5113912E-02  0.0000000E+00
  0.5052235E-02  0.5052235E-02  0.0000000E+00 -0.5052235E-02  0.0000000E+00
  0.4990559E-02  0.4990559E-02  0.0000000E+00 -0.4990559E-02  0.0000000E+00
  0.4928882E-02  0.4928882E-02  0.0000000E+00 -0.4928882E-02  0.0000000E+00
  0.4868084E-02  0.4868084E-02  0.0000000E+00 -0.4868084E-02  0.0000000E+00
  0.4808166E-02  0.4808166E-02  0.0000000E+00 -0.4808166E-02  0.0000000E+00
  0.4748248E-02  0.4748248E-02  0.0000000E+00 -0.4748248E-02  0.0000000E+00
  0.4688330E-02  0.4688330E-02  0.0000000E+00 -0.4688330E-02  0.0000000E+00
  0.4629470E-02  0.4629470E-02  0.0000000E+00 -0.4629470E-02  0.0000000E+00
  0.4571669E-02  0.4571669E-02  0.0000000E+00 -0.4571669E-02  0.0000000E+00
  0.4513868E-02  0.4513868E-02  0.0000000E+00 -0.4513868E-02  0.0000000E+00
  0.4456067E-02  0.4456067E-02  0.0000000E+00 -0.4456067E-02  0.0000000E+00
  0.4399581E-02  0.4399581E-02  0.0000000E+00 -0.4399581E-02  0.0000000E+00
  0.4344412E-02  0.4344412E-02  0.0000000E+00 -0.4344412E-02  0.0000000E+00
  0.4289242E-02  0.4289242E-02  0.0000000E+00 -0.4289242E-02  0.0000000E+00
  0.4234073E-02  0.4234073E-02  0.0000000E+00 -0.4234073E-02  0.0000000E+00
  0.3817335E-02  0.4180146E-02  0.0000000E+00 -0.3817335E-02  0.0000000E+00
  0.3039030E-02  0.4127461E-02  0.0000000E+00 -0.3039030E-02  0.0000000E+00
  0.2260725E-02  0.4074777E-02 -0.2902484E-02 -0.2260725E-02  0.0000000E+00
  0.1482420E-02  0.4022093E-02 -0.2902484E-02 -0.1482420E-02  0.0000000E+00
  0.1472549E-02  0.4012222E-02 -0.2902484E-02 -0.1472549E-02  0.0000000E+00
  0.2231112E-02  0.4045164E-02 -0.2902484E-02  0.9977689E+00  0.9977689E+00
  0.2989675E-02  0.4078106E-02  0.0000000E+00 -0.2989675E-02  0.0000000E+00
  0.3748239E-02  0.4111049E-02  0.0000000E+00 -0.3748239E-02  0.0000000E+00
  0.4093077E-02  0.4093077E-02  0.0000000E+00 -0.4093077E-02  0.0000000E+00
  0.4024191E-02  0.4024191E-02  0.0000000E+00 -0.4024191E-02  0.0000000E+00
  0.3955306E-02  0.3955306E-02  0.0000000E+00 -0.3955306E-02  0.0000000E+00
  0.3886420E-02  0.3886420E-02  0.0000000E+00 -0.3886420E-02  0.0000000E+00
  0.3816916E-02  0.3816916E-02  0.0000000E+00 -0.3816916E-02  0.0000000E+00
  0.3746793E-02  0.3746793E-02  0.0000000E+00 -0.3746793E-02  0.0000000E+00
  0.3676670E-02  0.3676670E-02  0.0000000E+00 -0.3676670E-02  0.0000000E+00
  0.3606547E-02  0.3606547E-02  0.0000000E+00 -0.3606547E-02  0.0000000E+00
  0.3543995E-02  0.3543995E-02  0.0000000E+00 -0.3543995E-02  0.0000000E+00
  0.3489014E-02  0.3489014E-02  0.0000000E+00 -0.3489014E-02  0.0000000E+00
  0.3434032E-02  0.3434032E-02  0.0000000E+00 -0.3434032E-02  0.0000000E+00
  0.3379050E-02  0.3379050E-02  0.0000000E+00 -0.3379050E-02  0.0000000E+00
  0.3327354E-02  0.3327354E-02  0.0000000E+00 -0.3327354E-02  0.0000000E+00
  0.3278942E-02  0.3278942E-02  0.0000000E+00 -0.3278942E-02  0.0000000E+00
  0.3230531E-02  0.3230531E-02  0.0000000E+00 -0.3230531E-02  0.0000000E+00
  0.3182120E-02  0.3182120E-02  0.0000000E+00 -0.3182120E-02  0.0000000E+00
  0.3135707E-02  0.3135707E-02  0.0000000E+00 -0.3135707E-02  0.0000000E+00
  0.3091294E-02  0.3091294E-02  0.0000000E+00 -0.3091294E-02  0.0000000E+00
  0.3046881E-02  0.3046881E-02  0.0000000E+00 -0.3046881E-02  0.0000000E+00
  0.3002468E-02  0.3002468E-02  0.0000000E+00 -0.3002468E-02  0.0000000E+00
  0.2959445E-02  0.2959445E-02  0.0000000E+00 -0.2959445E-02  0.0000000E+00
  0.2917811E-02  0.2917811E-02  0.0000000E+00 -0.2917811E-02  0.0000000E+00
  0.2876178E-02  0.2876178E-02  0.0000000E+00 -0.2876178E-02  0.0000000E+00
  0.2834544E-02  0.2834544E-02  0.0000000E+00 -0.2834544E-02  0.0000000E+00
  0.2794174E-02  0.2794174E-02  0.0000000E+00 -0.2794174E-02  0.0000000E+00
  0.2755067E-02  0.2755067E-02  0.0000000E+00 -0.2755067E-02  0.0000000E+00
  0.2715960E-02  0.2715960E-02  0.0000000E+00 -0.2715960E-02  0.0000000E+00
  0.2676853E-02  0.2676853E-02  0.0000000E+00 -0.2676853E-02  0.0000000E+00
  0.2638718E-02  0.2638718E-02  0.0000000E+00 -0.2638718E-02  0.0000000E+00
  0.2601555E-02  0.2601555E-02  0.0000000E+00 -0.2601555E-02  0.0000000E+00
  0.2564392E-02  0.2564392E-02  0.0000000E+00 -0.2564392E-02  0.0000000E+00
  0.2527230E-02  0.2527230E-02  0.0000000E+00 -0.2527230E-02  0.0000000E+00
  0.2491085E-02  0.2491085E-02  0.0000000E+00 -0.2491085E-02  0.0000000E+00
  0.2455958E-02  0.2455958E-02  0.0000000E+00 -0.2455958E-02  0.0000000E+00
  0.2420831E-02  0.2420831E-02  0.0000000E+00 -0.2420831E-02  0.0000000E+00
  0.2385703E-02  0.2385703E-02  0.0000000E+00 -0.2385703E-02  0.0000000E+00
  0.2351545E-02  0.2351545E-02  0.0000000E+00 -0.2351545E-02  0.0000000E+00
  0.2318355E-02  0.2318355E-02  0.0000000E+00 -0.2318355E-02  0.0000000E+00
  0.2285165E-02  0.2285165E-02  0.0000000E+00 -0.2285165E-02  0.0000000E+00
  0.2251975E-02  0.2251975E-02  0.0000000E+00 -0.2251975E-02  0.0000000E+00
  0.2219661E-02  0.2219661E-02  0.0000000E+00 -0.2219661E-02  0.0000000E+00
  0.2188222E-02  0.2188222E-02  0.0000000E+00 -0.2188222E-02  0.0000000E+00
  0.2156783E-02  0.2156783E-02  0.0000000E+00 -0.2156783E-02  0.0000000E+00
  0.2125345E-02  0.2125345E-02  0.0000000E+00 -0.2125345E-02  0.0000000E+00
  0.2109626E-02  0.2094472E-02  0.0000000E+00 -0.2109626E-02  0.0000000E+00
  0.2109626E-02  0.2064164E-02  0.0000000E+00 -0.2109626E-02  0.0000000E+00
 -0.7405357E-01  0.2033857E-02 -0.7604197E-01  0.7405357E-01  0.7405357E-01
 -0.7405357E-01  0.2003550E-02 -0.7604197E-01  0.7405357E-01  0.7405357E-01
 -0.7405357E-01  0.1988396E-02 -0.7604197E-01  0.7405357E-01  0.7405357E-01
 -0.7405357E-01  0.1988396E-02 -0.7604197E-01  0.2607405E+02  0.2607405E+02
