           0
 F
           0
 F
           4
  4.0000000E-07
  0.0000000E+00
   1.900000    
  0.2000000    
   1.200000    
           2
   1000.000    
  0.0000000E+00
 F
  0.0000000E+00
   141.0000    
        1024
  0.0000000E+00   1.444600       19.13300    
  0.0000000E+00  0.0000000E+00  0.0000000E+00  0.1410000E+03  0.1410000E+03
 -0.5977675E+00  0.0000000E+00 -0.5977675E+00  0.4559777E+02  0.4559777E+02
  0.0000000E+00  0.0000000E+00  0.0000000E+00  0.7900000E+02  0.7900000E+02
  0.0000000E+00  0.0000000E+00  0.0000000E+00  0.3100000E+02  0.3100000E+02
 -0.5977675E+00  0.0000000E+00 -0.5977675E+00  0.4959777E+02  0.4959777E+02
 -0.5977675E+00  0.0000000E+00 -0.5977675E+00  0.3059777E+02  0.3059777E+02
 -0.5984645E+00  0.0000000E+00 -0.6044388E+00  0.2659846E+02  0.2659846E+02
 -0.5998587E+00  0.0000000E+00 -0.6177815E+00  0.1859986E+02  0.1859986E+02
 -0.6012529E+00  0.4779410E-01 -0.6311242E+00  0.5060125E+02  0.5060125E+02
 -0.6026471E+00  0.4779410E-01 -0.6444669E+00  0.2660265E+02  0.2660265E+02
 -0.5655560E+00  0.5526325E-01 -0.6208192E+00  0.2656556E+02  0.2656556E+02
 -0.4899797E+00  0.7020156E-01 -0.5601812E+00  0.3148998E+02  0.3148998E+02
 -0.4144033E+00  0.8513987E-01 -0.4995432E+00  0.2941440E+02  0.2941440E+02
 -0.3388270E+00  0.1000782E+00 -0.4389051E+00  0.2133883E+02  0.2133883E+02
 -0.3500332E+00  0.1106777E+00 -0.4607109E+00  0.1535003E+02  0.1535003E+02
 -0.4480221E+00  0.1169386E+00 -0.5649606E+00  0.1844802E+02  0.1844802E+02
 -0.5460109E+00  0.1231994E+00 -0.6692103E+00  0.7354601E+02  0.7354601E+02
 -0.6439998E+00  0.1294602E+00 -0.7734600E+00  0.3064400E+02  0.3064400E+02
 -0.6366354E+00  0.1384558E+00 -0.7750912E+00  0.4063663E+02  0.4063663E+02
 -0.5239178E+00  0.1501863E+00 -0.6741041E+00  0.2452392E+02  0.2452392E+02
 -0.4112002E+00  0.1619167E+00 -0.5731170E+00  0.3441120E+02  0.3441120E+02
 -0.2984826E+00  0.1736472E+00 -0.4721299E+00  0.1929848E+02  0.1929848E+02
 -0.2533982E+00  0.1814415E+00 -0.4348397E+00  0.2225340E+02  0.2225340E+02
 -0.2759467E+00  0.1852997E+00 -0.4612465E+00  0.1027595E+02  0.1027595E+02
 -0.2984953E+00  0.1891579E+00 -0.4876532E+00  0.3229850E+02  0.3229850E+02
 -0.3210439E+00  0.1930161E+00 -0.5140600E+00  0.2832104E+02  0.2832104E+02
 -0.2986978E+00  0.1963100E+00 -0.4950079E+00  0.2429870E+02  0.2429870E+02
 -0.2314571E+00  0.1990398E+00 -0.4304969E+00  0.2223146E+02  0.2223146E+02
 -0.1642164E+00  0.2017695E+00 -0.3659859E+00  0.1216422E+02  0.1216422E+02
 -0.9697568E-01  0.2044992E+00 -0.3014749E+00  0.1309698E+02  0.1309698E+02
 -0.1556120E+00  0.2048423E+00 -0.3604544E+00  0.1515561E+02  0.1515561E+02
 -0.3401254E+00  0.2027988E+00 -0.5429242E+00  0.1434013E+02  0.1434013E+02
 -0.5246388E+00  0.2007553E+00 -0.7253941E+00  0.9152464E+02  0.9152464E+02
 -0.7091522E+00  0.1987117E+00 -0.9078640E+00  0.4170915E+02  0.4170915E+02
 -0.7346050E+00  0.2046395E+00 -0.9392446E+00  0.3773460E+02  0.3773460E+02
 -0.6009971E+00  0.2185387E+00 -0.8195359E+00  0.3160100E+02  0.3160100E+02
 -0.4673893E+00  0.2324379E+00 -0.6998271E+00  0.4746739E+02  0.4746739E+02
 -0.3337815E+00  0.2463370E+00 -0.5801185E+00  0.1733378E+02  0.1733378E+02
 -0.2857193E+00  0.2554373E+00 -0.5411566E+00  0.2228572E+02  0.2228572E+02
 -0.3232028E+00  0.2597387E+00 -0.5829416E+00  0.1632320E+02  0.1632320E+02
 -0.3606864E+00  0.2640401E+00 -0.6247265E+00  0.4336069E+02  0.4336069E+02
 -0.3981700E+00  0.2683416E+00 -0.6665115E+00  0.3139817E+02  0.3139817E+02
 -0.3746095E+00  0.2724124E+00 -0.6470219E+00  0.3637461E+02  0.3637461E+02
 -0.2900051E+00  0.2762525E+00 -0.5662575E+00  0.2229000E+02  0.2229000E+02
 -0.2054006E+00  0.2800926E+00 -0.4854932E+00  0.2620540E+02  0.2620540E+02
 -0.1207961E+00  0.2839328E+00 -0.4047289E+00  0.1512080E+02  0.1512080E+02
 -0.1168530E+00  0.2845391E+00 -0.4013921E+00  0.1111685E+02  0.1111685E+02
 -0.1935712E+00  0.2819116E+00 -0.4754828E+00  0.1819357E+02  0.1819357E+02
 -0.2702893E+00  0.2792841E+00 -0.5495735E+00  0.4927029E+02  0.4927029E+02
 -0.3470075E+00  0.2766566E+00 -0.6236641E+00  0.2434701E+02  0.2434701E+02
 -0.3398177E+00  0.2773046E+00 -0.6171223E+00  0.2933982E+02  0.2933982E+02
 -0.2487200E+00  0.2812279E+00 -0.5299479E+00  0.2524872E+02  0.2524872E+02
 -0.1576222E+00  0.2851512E+00 -0.4427735E+00  0.2515762E+02  0.2515762E+02
 -0.6652450E-01  0.2890746E+00 -0.3555991E+00  0.5066525E+01  0.5066525E+01
 -0.5313405E+01  0.2894997E+00 -0.5602904E+01  0.2431340E+02  0.2431340E+02
 -0.1589826E+02  0.2864266E+00 -0.1618469E+02  0.2689826E+02  0.2689826E+02
 -0.2648312E+02  0.2833534E+00 -0.2676648E+02  0.7348312E+02  0.7348312E+02
 -0.3706798E+02  0.2802803E+00 -0.3734826E+02  0.1296068E+04  0.1296068E+04
 -0.4525167E+02  0.7813448E+00 -0.4603301E+02  0.3559252E+04  0.3559252E+04
 -0.5103419E+02  0.1786547E+01 -0.5282074E+02  0.3423034E+04  0.3423034E+04
 -0.5681670E+02  0.2791749E+01 -0.5960846E+02  0.3393817E+04  0.3393817E+04
 -0.6259922E+02  0.3796952E+01 -0.6639617E+02  0.3324599E+04  0.3324599E+04
 -0.6499004E+02  0.5078474E+01 -0.7006851E+02  0.3341990E+04  0.3341990E+04
 -0.6398915E+02  0.6636317E+01 -0.7062547E+02  0.3423989E+04  0.3423989E+04
 -0.6298827E+02  0.8194160E+01 -0.7118243E+02  0.3379988E+04  0.3379988E+04
 -0.6198739E+02  0.9752004E+01 -0.7173939E+02  0.3436987E+04  0.3436987E+04
 -0.6066421E+02  0.1115668E+02 -0.7182089E+02  0.3492664E+04  0.3492664E+04
 -0.5901875E+02  0.1240819E+02 -0.7142693E+02  0.3426019E+04  0.3426019E+04
 -0.5737328E+02  0.1365970E+02 -0.7103297E+02  0.3792373E+04  0.3792373E+04
 -0.5572782E+02  0.1491121E+02 -0.7063902E+02  0.3666728E+04  0.3666728E+04
 -0.5455093E+02  0.1598335E+02 -0.7053427E+02  0.3039551E+04  0.3039551E+04
 -0.5384262E+02  0.1687612E+02 -0.7071874E+02  0.2933843E+04  0.2933843E+04
 -0.5313432E+02  0.1776890E+02 -0.7090321E+02  0.3063134E+04  0.3063134E+04
 -0.5242601E+02  0.1866168E+02 -0.7108768E+02  0.3180426E+04  0.3180426E+04
 -0.5219460E+02  0.1947378E+02 -0.7166837E+02  0.3582195E+04  0.3582195E+04
 -0.5244007E+02  0.2020521E+02 -0.7264529E+02  0.3749440E+04  0.3749440E+04
 -0.5268556E+02  0.2093664E+02 -0.7362220E+02  0.3830686E+04  0.3830686E+04
 -0.5293104E+02  0.2166808E+02 -0.7459911E+02  0.3671931E+04  0.3671931E+04
 -0.5157477E+02  0.2239400E+02 -0.7396877E+02  0.3455575E+04  0.3455575E+04
 -0.4861676E+02  0.2311440E+02 -0.7173116E+02  0.3360617E+04  0.3360617E+04
 -0.4565875E+02  0.2383481E+02 -0.6949356E+02  0.3131659E+04  0.3131659E+04
 -0.4270073E+02  0.2455522E+02 -0.6725596E+02  0.3178701E+04  0.3178701E+04
 -0.4172841E+02  0.2511433E+02 -0.6684274E+02  0.3156729E+04  0.3156729E+04
 -0.4274176E+02  0.2551214E+02 -0.6825390E+02  0.3126742E+04  0.3126742E+04
 -0.4375512E+02  0.2590994E+02 -0.6966506E+02  0.3254755E+04  0.3254755E+04
 -0.4476847E+02  0.2630775E+02 -0.7107623E+02  0.3375769E+04  0.3375769E+04
 -0.4485730E+02  0.2674158E+02 -0.7159888E+02  0.3374857E+04  0.3374857E+04
 -0.4402158E+02  0.2721145E+02 -0.7123302E+02  0.3517021E+04  0.3517021E+04
 -0.4318586E+02  0.2768131E+02 -0.7086716E+02  0.3282186E+04  0.3282186E+04
 -0.4235014E+02  0.2815117E+02 -0.7050130E+02  0.3345350E+04  0.3345350E+04
 -0.4176656E+02  0.2858625E+02 -0.7035281E+02  0.3321767E+04  0.3321767E+04
 -0.4143513E+02  0.2898656E+02 -0.7042169E+02  0.3195435E+04  0.3195435E+04
 -0.4110370E+02  0.2938687E+02 -0.7049058E+02  0.3269104E+04  0.3269104E+04
 -0.4077227E+02  0.2978718E+02 -0.7055946E+02  0.3198772E+04  0.3198772E+04
 -0.4062722E+02  0.3017248E+02 -0.7079970E+02  0.3352627E+04  0.3352627E+04
 -0.4066853E+02  0.3054277E+02 -0.7121130E+02  0.3387668E+04  0.3387668E+04
 -0.4070985E+02  0.3091306E+02 -0.7162290E+02  0.3363710E+04  0.3363710E+04
 -0.4075116E+02  0.3128335E+02 -0.7203451E+02  0.3357751E+04  0.3357751E+04
 -0.4054115E+02  0.3166502E+02 -0.7220617E+02  0.3359541E+04  0.3359541E+04
 -0.4007980E+02  0.3205809E+02 -0.7213789E+02  0.3447080E+04  0.3447080E+04
 -0.3961845E+02  0.3245115E+02 -0.7206960E+02  0.3363618E+04  0.3363618E+04
 -0.3915710E+02  0.3284421E+02 -0.7200131E+02  0.3313157E+04  0.3313157E+04
 -0.3887421E+02  0.3321966E+02 -0.7209388E+02  0.3413874E+04  0.3413874E+04
 -0.3876978E+02  0.3357751E+02 -0.7234728E+02  0.3396770E+04  0.3396770E+04
 -0.3866534E+02  0.3393535E+02 -0.7260070E+02  0.3382665E+04  0.3382665E+04
 -0.3856091E+02  0.3429320E+02 -0.7285410E+02  0.3370561E+04  0.3370561E+04
 -0.3842799E+02  0.3464899E+02 -0.7307698E+02  0.3465428E+04  0.3465428E+04
 -0.3826658E+02  0.3500274E+02 -0.7326932E+02  0.3445267E+04  0.3445267E+04
 -0.3810517E+02  0.3535648E+02 -0.7346165E+02  0.3364105E+04  0.3364105E+04
 -0.3794376E+02  0.3571023E+02 -0.7365398E+02  0.3406944E+04  0.3406944E+04
 -0.3782876E+02  0.3604808E+02 -0.7387684E+02  0.3359829E+04  0.3359829E+04
 -0.3776019E+02  0.3637003E+02 -0.7413022E+02  0.3483760E+04  0.3483760E+04
 -0.3769161E+02  0.3669199E+02 -0.7438360E+02  0.3384692E+04  0.3384692E+04
 -0.3762303E+02  0.3701395E+02 -0.7463698E+02  0.3448623E+04  0.3448623E+04
 -0.3746813E+02  0.3733934E+02 -0.7480747E+02  0.3516468E+04  0.3516468E+04
 -0.3722691E+02  0.3766817E+02 -0.7489508E+02  0.3458227E+04  0.3458227E+04
 -0.3698568E+02  0.3799701E+02 -0.7498269E+02  0.3422986E+04  0.3422986E+04
 -0.3674446E+02  0.3832584E+02 -0.7507030E+02  0.3394744E+04  0.3394744E+04
 -0.3640854E+02  0.3865083E+02 -0.7505937E+02  0.3533408E+04  0.3533408E+04
 -0.3597794E+02  0.3897195E+02 -0.7494990E+02  0.3534978E+04  0.3534978E+04
 -0.3554734E+02  0.3929308E+02 -0.7484042E+02  0.3493547E+04  0.3493547E+04
 -0.3511674E+02  0.3961421E+02 -0.7473095E+02  0.3513117E+04  0.3513117E+04
 -0.3465249E+02  0.3992073E+02 -0.7457322E+02  0.3481653E+04  0.3481653E+04
 -0.3415459E+02  0.4021264E+02 -0.7436723E+02  0.3328155E+04  0.3328155E+04
 -0.3365670E+02  0.4050455E+02 -0.7416125E+02  0.3414657E+04  0.3414657E+04
 -0.3315880E+02  0.4079646E+02 -0.7395526E+02  0.3347159E+04  0.3347159E+04
 -0.3310951E+02  0.4107285E+02 -0.7418236E+02  0.3415110E+04  0.3415110E+04
 -0.3350883E+02  0.4133372E+02 -0.7484254E+02  0.3498509E+04  0.3498509E+04
 -0.3390814E+02  0.4159459E+02 -0.7550274E+02  0.3509908E+04  0.3509908E+04
 -0.3430746E+02  0.4185547E+02 -0.7616293E+02  0.3439307E+04  0.3439307E+04
 -0.3429803E+02  0.4214887E+02 -0.7644690E+02  0.3658298E+04  0.3658298E+04
 -0.3387987E+02  0.4247479E+02 -0.7635466E+02  0.3541880E+04  0.3541880E+04
 -0.3346170E+02  0.4280072E+02 -0.7626243E+02  0.3450462E+04  0.3450462E+04
 -0.3304354E+02  0.4312664E+02 -0.7617019E+02  0.3387043E+04  0.3387043E+04
 -0.3291846E+02  0.4342444E+02 -0.7634290E+02  0.3576918E+04  0.3576918E+04
 -0.3308645E+02  0.4369411E+02 -0.7678056E+02  0.3512086E+04  0.3512086E+04
 -0.3325444E+02  0.4396377E+02 -0.7721822E+02  0.3545254E+04  0.3545254E+04
 -0.3342244E+02  0.4423344E+02 -0.7765588E+02  0.3571422E+04  0.3571422E+04
 -0.3326646E+02  0.4451764E+02 -0.7778410E+02  0.3600266E+04  0.3600266E+04
 -0.3278652E+02  0.4481638E+02 -0.7760290E+02  0.3537787E+04  0.3537787E+04
 -0.3230658E+02  0.4511512E+02 -0.7742170E+02  0.3512307E+04  0.3512307E+04
 -0.3182664E+02  0.4541386E+02 -0.7724049E+02  0.3528827E+04  0.3528827E+04
 -0.3143849E+02  0.4569310E+02 -0.7713158E+02  0.3474438E+04  0.3474438E+04
 -0.3114213E+02  0.4595283E+02 -0.7709496E+02  0.3619142E+04  0.3619142E+04
 -0.3084577E+02  0.4621257E+02 -0.7705833E+02  0.3534846E+04  0.3534846E+04
 -0.3054941E+02  0.4647230E+02 -0.7702171E+02  0.3495549E+04  0.3495549E+04
 -0.3045341E+02  0.4672190E+02 -0.7717531E+02  0.3541453E+04  0.3541453E+04
 -0.3055776E+02  0.4696137E+02 -0.7751913E+02  0.3548558E+04  0.3548558E+04
 -0.3066212E+02  0.4720084E+02 -0.7786295E+02  0.3629662E+04  0.3629662E+04
 -0.3076648E+02  0.4744030E+02 -0.7820678E+02  0.3542766E+04  0.3542766E+04
 -0.3068439E+02  0.4769429E+02 -0.7837868E+02  0.3620684E+04  0.3620684E+04
 -0.3041586E+02  0.4796279E+02 -0.7837865E+02  0.3593416E+04  0.3593416E+04
 -0.3014732E+02  0.4823129E+02 -0.7837861E+02  0.3568147E+04  0.3568147E+04
 -0.2987879E+02  0.4849979E+02 -0.7837858E+02  0.3514879E+04  0.3514879E+04
 -0.2983838E+02  0.4875595E+02 -0.7859433E+02  0.3658838E+04  0.3658838E+04
 -0.3002610E+02  0.4899977E+02 -0.7902586E+02  0.3611026E+04  0.3611026E+04
 -0.3021382E+02  0.4924359E+02 -0.7945741E+02  0.3575214E+04  0.3575214E+04
 -0.3040154E+02  0.4948740E+02 -0.7988894E+02  0.3576402E+04  0.3576402E+04
 -0.3038614E+02  0.4973803E+02 -0.8012417E+02  0.3601386E+04  0.3601386E+04
 -0.3016761E+02  0.4999548E+02 -0.8016309E+02  0.3804168E+04  0.3804168E+04
 -0.2994909E+02  0.5025293E+02 -0.8020201E+02  0.3657949E+04  0.3657949E+04
 -0.2973056E+02  0.5051038E+02 -0.8024094E+02  0.3623730E+04  0.3623730E+04
 -0.2953982E+02  0.5076082E+02 -0.8030064E+02  0.3689540E+04  0.3689540E+04
 -0.2937686E+02  0.5100425E+02 -0.8038110E+02  0.3620377E+04  0.3620377E+04
 -0.2921390E+02  0.5124768E+02 -0.8046158E+02  0.3641214E+04  0.3641214E+04
 -0.2905094E+02  0.5149110E+02 -0.8054205E+02  0.3590051E+04  0.3590051E+04
 -0.2881576E+02  0.5173106E+02 -0.8054682E+02  0.3673816E+04  0.3673816E+04
 -0.2850836E+02  0.5196754E+02 -0.8047590E+02  0.3758508E+04  0.3758508E+04
 -0.2820096E+02  0.5220402E+02 -0.8040498E+02  0.3562201E+04  0.3562201E+04
 -0.2789356E+02  0.5244049E+02 -0.8033405E+02  0.3649894E+04  0.3649894E+04
 -0.2768554E+02  0.5266601E+02 -0.8035155E+02  0.3761686E+04  0.3761686E+04
 -0.2757691E+02  0.5288055E+02 -0.8045746E+02  0.3650577E+04  0.3650577E+04
 -0.2746827E+02  0.5309510E+02 -0.8056337E+02  0.3692468E+04  0.3692468E+04
 -0.2735963E+02  0.5330965E+02 -0.8066928E+02  0.3543360E+04  0.3543360E+04
 -0.2718365E+02  0.5352568E+02 -0.8070933E+02  0.3663184E+04  0.3663184E+04
 -0.2694031E+02  0.5374322E+02 -0.8068353E+02  0.3814940E+04  0.3814940E+04
 -0.2669696E+02  0.5396075E+02 -0.8065771E+02  0.3696697E+04  0.3696697E+04
 -0.2645362E+02  0.5417828E+02 -0.8063190E+02  0.3609454E+04  0.3609454E+04
 -0.2646096E+02  0.5437887E+02 -0.8083983E+02  0.3676461E+04  0.3676461E+04
 -0.2671897E+02  0.5456252E+02 -0.8128149E+02  0.3594719E+04  0.3594719E+04
 -0.2697699E+02  0.5474617E+02 -0.8172315E+02  0.3708977E+04  0.3708977E+04
 -0.2723500E+02  0.5492982E+02 -0.8216482E+02  0.3721235E+04  0.3721235E+04
 -0.2722161E+02  0.5513552E+02 -0.8235713E+02  0.3703222E+04  0.3703222E+04
 -0.2693681E+02  0.5536328E+02 -0.8230009E+02  0.3755937E+04  0.3755937E+04
 -0.2665201E+02  0.5559103E+02 -0.8224304E+02  0.3753652E+04  0.3753652E+04
 -0.2636721E+02  0.5581879E+02 -0.8218600E+02  0.3733367E+04  0.3733367E+04
 -0.2619739E+02  0.5603553E+02 -0.8223292E+02  0.3695198E+04  0.3695198E+04
 -0.2614254E+02  0.5624125E+02 -0.8238378E+02  0.3672143E+04  0.3672143E+04
 -0.2608769E+02  0.5644697E+02 -0.8253466E+02  0.3634088E+04  0.3634088E+04
 -0.2603284E+02  0.5665269E+02 -0.8268552E+02  0.3752033E+04  0.3752033E+04
 -0.2590702E+02  0.5686032E+02 -0.8276733E+02  0.3792907E+04  0.3792907E+04
 -0.2571023E+02  0.5706985E+02 -0.8278008E+02  0.3794710E+04  0.3794710E+04
 -0.2551343E+02  0.5727939E+02 -0.8279282E+02  0.3778513E+04  0.3778513E+04
 -0.2531664E+02  0.5748893E+02 -0.8280556E+02  0.3800317E+04  0.3800317E+04
 -0.2513471E+02  0.5769284E+02 -0.8282755E+02  0.3707135E+04  0.3707135E+04
 -0.2496765E+02  0.5789112E+02 -0.8285877E+02  0.3705968E+04  0.3705968E+04
 -0.2480058E+02  0.5808941E+02 -0.8288999E+02  0.3726801E+04  0.3726801E+04
 -0.2463352E+02  0.5828769E+02 -0.8292122E+02  0.3693634E+04  0.3693634E+04
 -0.2475580E+02  0.5848228E+02 -0.8323808E+02  0.3764756E+04  0.3764756E+04
 -0.2516740E+02  0.5867316E+02 -0.8384056E+02  0.3840167E+04  0.3840167E+04
 -0.2557901E+02  0.5886404E+02 -0.8444305E+02  0.3796579E+04  0.3796579E+04
 -0.2599062E+02  0.5905492E+02 -0.8504553E+02  0.3868991E+04  0.3868991E+04
 -0.2583665E+02  0.5926606E+02 -0.8510270E+02  0.3876837E+04  0.3876837E+04
 -0.2511710E+02  0.5949745E+02 -0.8461454E+02  0.3804117E+04  0.3804117E+04
 -0.2439754E+02  0.5972885E+02 -0.8412639E+02  0.3784397E+04  0.3784397E+04
 -0.2367799E+02  0.5996024E+02 -0.8363823E+02  0.3732678E+04  0.3732678E+04
 -0.2342035E+02  0.6015149E+02 -0.8357184E+02  0.3681420E+04  0.3681420E+04
 -0.2362462E+02  0.6030259E+02 -0.8392722E+02  0.3789625E+04  0.3789625E+04
 -0.2382889E+02  0.6045370E+02 -0.8428259E+02  0.3853829E+04  0.3853829E+04
 -0.2403316E+02  0.6060480E+02 -0.8463796E+02  0.3784033E+04  0.3784033E+04
 -0.2392113E+02  0.6077572E+02 -0.8469685E+02  0.3893921E+04  0.3893921E+04
 -0.2349280E+02  0.6096645E+02 -0.8445926E+02  0.3719493E+04  0.3719493E+04
 -0.2306447E+02  0.6115719E+02 -0.8422166E+02  0.3794064E+04  0.3794064E+04
 -0.2263614E+02  0.6134793E+02 -0.8398406E+02  0.3743636E+04  0.3743636E+04
 -0.2250032E+02  0.6152021E+02 -0.8402052E+02  0.3792500E+04  0.3792500E+04
 -0.2265701E+02  0.6167403E+02 -0.8433105E+02  0.3752657E+04  0.3752657E+04
 -0.2281371E+02  0.6182786E+02 -0.8464157E+02  0.3804814E+04  0.3804814E+04
 -0.2297041E+02  0.6198169E+02 -0.8495210E+02  0.3927970E+04  0.3927970E+04
 -0.2309616E+02  0.6215213E+02 -0.8524829E+02  0.3916096E+04  0.3916096E+04
 -0.2319098E+02  0.6233919E+02 -0.8553017E+02  0.3666191E+04  0.3666191E+04
 -0.2328579E+02  0.6252625E+02 -0.8581203E+02  0.3803286E+04  0.3803286E+04
 -0.2338061E+02  0.6271331E+02 -0.8609391E+02  0.3862381E+04  0.3862381E+04
 -0.2338922E+02  0.6291132E+02 -0.8630054E+02  0.3890389E+04  0.3890389E+04
 -0.2331163E+02  0.6312027E+02 -0.8643191E+02  0.3969312E+04  0.3969312E+04
 -0.2323405E+02  0.6332924E+02 -0.8656328E+02  0.3893234E+04  0.3893234E+04
 -0.2315646E+02  0.6353819E+02 -0.8669465E+02  0.3944156E+04  0.3944156E+04
 -0.2289896E+02  0.6373523E+02 -0.8663418E+02  0.3903899E+04  0.3903899E+04
 -0.2246154E+02  0.6392034E+02 -0.8638187E+02  0.3774461E+04  0.3774461E+04
 -0.2202412E+02  0.6410544E+02 -0.8612955E+02  0.3820024E+04  0.3820024E+04
 -0.2158669E+02  0.6429055E+02 -0.8587725E+02  0.3829587E+04  0.3829587E+04
 -0.2121565E+02  0.6445298E+02 -0.8566863E+02  0.3821216E+04  0.3821216E+04
 -0.2091099E+02  0.6459273E+02 -0.8550372E+02  0.3860911E+04  0.3860911E+04
 -0.2060633E+02  0.6473248E+02 -0.8533881E+02  0.3865606E+04  0.3865606E+04
 -0.2030166E+02  0.6487223E+02 -0.8517390E+02  0.3831302E+04  0.3831302E+04
 -0.2025836E+02  0.6500190E+02 -0.8526026E+02  0.3705258E+04  0.3705258E+04
 -0.2047640E+02  0.6512148E+02 -0.8559788E+02  0.3809476E+04  0.3809476E+04
 -0.2069444E+02  0.6524106E+02 -0.8593551E+02  0.3788694E+04  0.3788694E+04
 -0.2091248E+02  0.6536064E+02 -0.8627312E+02  0.3812913E+04  0.3812913E+04
 -0.2096907E+02  0.6550363E+02 -0.8647270E+02  0.3874969E+04  0.3874969E+04
 -0.2086419E+02  0.6567003E+02 -0.8653423E+02  0.3985864E+04  0.3985864E+04
 -0.2075931E+02  0.6583643E+02 -0.8659574E+02  0.3822759E+04  0.3822759E+04
 -0.2065444E+02  0.6600283E+02 -0.8665726E+02  0.3881655E+04  0.3881655E+04
 -0.2068734E+02  0.6616824E+02 -0.8685558E+02  0.3931687E+04  0.3931687E+04
 -0.2085803E+02  0.6633266E+02 -0.8719070E+02  0.3874858E+04  0.3874858E+04
 -0.2102871E+02  0.6649709E+02 -0.8752580E+02  0.3924029E+04  0.3924029E+04
 -0.2119940E+02  0.6666151E+02 -0.8786092E+02  0.3870199E+04  0.3870199E+04
 -0.2103598E+02  0.6683280E+02 -0.8786879E+02  0.3779036E+04  0.3779036E+04
 -0.2053846E+02  0.6701095E+02 -0.8754942E+02  0.4101539E+04  0.4101539E+04
 -0.2004094E+02  0.6718910E+02 -0.8723004E+02  0.3916041E+04  0.3916041E+04
 -0.1954342E+02  0.6736725E+02 -0.8691067E+02  0.3866543E+04  0.3866543E+04
 -0.1923022E+02  0.6751713E+02 -0.8674734E+02  0.3890230E+04  0.3890230E+04
 -0.1910133E+02  0.6763873E+02 -0.8674006E+02  0.3757101E+04  0.3757101E+04
 -0.1897244E+02  0.6776034E+02 -0.8673277E+02  0.3908972E+04  0.3908972E+04
 -0.1884355E+02  0.6788194E+02 -0.8672549E+02  0.3775844E+04  0.3775844E+04
 -0.1893170E+02  0.6800276E+02 -0.8693446E+02  0.3776932E+04  0.3776932E+04
 -0.1923691E+02  0.6812280E+02 -0.8735971E+02  0.3961237E+04  0.3961237E+04
 -0.1954212E+02  0.6824284E+02 -0.8778496E+02  0.3999542E+04  0.3999542E+04
 -0.1984732E+02  0.6836288E+02 -0.8821021E+02  0.3841847E+04  0.3841847E+04
 -0.1984876E+02  0.6850944E+02 -0.8835819E+02  0.4010849E+04  0.4010849E+04
 -0.1954642E+02  0.6868251E+02 -0.8822893E+02  0.3876546E+04  0.3876546E+04
 -0.1924407E+02  0.6885558E+02 -0.8809966E+02  0.3876244E+04  0.3876244E+04
 -0.1894173E+02  0.6902866E+02 -0.8797040E+02  0.3806942E+04  0.3806942E+04
 -0.1847222E+02  0.6918670E+02 -0.8765892E+02  0.3967472E+04  0.3967472E+04
 -0.1783555E+02  0.6932969E+02 -0.8716525E+02  0.3992835E+04  0.3992835E+04
 -0.1719887E+02  0.6947269E+02 -0.8667156E+02  0.3875199E+04  0.3875199E+04
 -0.1656220E+02  0.6961568E+02 -0.8617789E+02  0.3981562E+04  0.3981562E+04
 -0.1631936E+02  0.6972402E+02 -0.8604338E+02  0.3771319E+04  0.3771319E+04
 -0.1647037E+02  0.6979768E+02 -0.8626805E+02  0.3658470E+04  0.3658470E+04
 -0.1662137E+02  0.6987135E+02 -0.8649272E+02  0.3942621E+04  0.3942621E+04
 -0.1677237E+02  0.6994501E+02 -0.8671739E+02  0.3744772E+04  0.3744772E+04
 -0.1689187E+02  0.7003226E+02 -0.8692414E+02  0.3799892E+04  0.3799892E+04
 -0.1697987E+02  0.7013309E+02 -0.8711297E+02  0.3884980E+04  0.3884980E+04
 -0.1706787E+02  0.7023392E+02 -0.8730180E+02  0.3922068E+04  0.3922068E+04
 -0.1715586E+02  0.7033475E+02 -0.8749062E+02  0.3875156E+04  0.3875156E+04
 -0.1707077E+02  0.7044917E+02 -0.8751995E+02  0.3807071E+04  0.3807071E+04
 -0.1681259E+02  0.7057718E+02 -0.8738978E+02  0.3897812E+04  0.3897812E+04
 -0.1655441E+02  0.7070518E+02 -0.8725960E+02  0.3828554E+04  0.3828554E+04
 -0.1629623E+02  0.7083319E+02 -0.8712943E+02  0.3841296E+04  0.3841296E+04
 -0.1615824E+02  0.7094960E+02 -0.8710784E+02  0.3875158E+04  0.3875158E+04
 -0.1614043E+02  0.7105442E+02 -0.8719485E+02  0.3860140E+04  0.3860140E+04
 -0.1612263E+02  0.7115923E+02 -0.8728186E+02  0.3737123E+04  0.3737123E+04
 -0.1610482E+02  0.7126405E+02 -0.8736887E+02  0.3914105E+04  0.3914105E+04
 -0.1605125E+02  0.7137328E+02 -0.8742452E+02  0.3892051E+04  0.3892051E+04
 -0.1596192E+02  0.7148690E+02 -0.8744883E+02  0.3923962E+04  0.3923962E+04
 -0.1587259E+02  0.7160053E+02 -0.8747312E+02  0.3870873E+04  0.3870873E+04
 -0.1578326E+02  0.7171416E+02 -0.8749743E+02  0.3818783E+04  0.3818783E+04
 -0.1562956E+02  0.7182800E+02 -0.8745757E+02  0.3877630E+04  0.3877630E+04
 -0.1541150E+02  0.7194205E+02 -0.8735355E+02  0.3920412E+04  0.3920412E+04
 -0.1519343E+02  0.7205609E+02 -0.8724953E+02  0.3820193E+04  0.3820193E+04
 -0.1497537E+02  0.7217014E+02 -0.8714551E+02  0.3878975E+04  0.3878975E+04
 -0.1487510E+02  0.7227570E+02 -0.8715079E+02  0.3897875E+04  0.3897875E+04
 -0.1489262E+02  0.7237276E+02 -0.8726537E+02  0.3817893E+04  0.3817893E+04
 -0.1491015E+02  0.7246981E+02 -0.8737997E+02  0.3847910E+04  0.3847910E+04
 -0.1492768E+02  0.7256687E+02 -0.8749454E+02  0.3741928E+04  0.3741928E+04
 -0.1502792E+02  0.7266441E+02 -0.8769234E+02  0.3968028E+04  0.3968028E+04
 -0.1521088E+02  0.7276244E+02 -0.8797332E+02  0.3867211E+04  0.3867211E+04
 -0.1539384E+02  0.7286047E+02 -0.8825431E+02  0.3917394E+04  0.3917394E+04
 -0.1557680E+02  0.7295850E+02 -0.8853529E+02  0.3864577E+04  0.3864577E+04
 -0.1543873E+02  0.7307251E+02 -0.8851124E+02  0.3912439E+04  0.3912439E+04
 -0.1497961E+02  0.7320252E+02 -0.8818214E+02  0.3924979E+04  0.3924979E+04
 -0.1452050E+02  0.7333253E+02 -0.8785303E+02  0.3872521E+04  0.3872521E+04
 -0.1406139E+02  0.7346254E+02 -0.8752393E+02  0.3821061E+04  0.3821061E+04
 -0.1368643E+02  0.7356693E+02 -0.8725336E+02  0.3809687E+04  0.3809687E+04
 -0.1339562E+02  0.7364570E+02 -0.8704132E+02  0.3879396E+04  0.3879396E+04
 -0.1310481E+02  0.7372447E+02 -0.8682928E+02  0.3940105E+04  0.3940105E+04
 -0.1281401E+02  0.7380325E+02 -0.8661725E+02  0.3801814E+04  0.3801814E+04
 -0.1274335E+02  0.7387045E+02 -0.8661378E+02  0.3759743E+04  0.3759743E+04
 -0.1289283E+02  0.7392607E+02 -0.8681890E+02  0.3729893E+04  0.3729893E+04
 -0.1304232E+02  0.7398170E+02 -0.8702402E+02  0.3849042E+04  0.3849042E+04
 -0.1319180E+02  0.7403732E+02 -0.8722913E+02  0.3855192E+04  0.3855192E+04
 -0.1310694E+02  0.7411116E+02 -0.8721810E+02  0.3804107E+04  0.3804107E+04
 -0.1278772E+02  0.7420320E+02 -0.8699091E+02  0.3868788E+04  0.3868788E+04
 -0.1246850E+02  0.7429523E+02 -0.8676374E+02  0.3784469E+04  0.3784469E+04
 -0.1214928E+02  0.7438728E+02 -0.8653655E+02  0.3785149E+04  0.3785149E+04
 -0.1197174E+02  0.7446156E+02 -0.8643330E+02  0.3882972E+04  0.3882972E+04
 -0.1193587E+02  0.7451810E+02 -0.8645397E+02  0.3719936E+04  0.3719936E+04
 -0.1190000E+02  0.7457464E+02 -0.8647463E+02  0.3825900E+04  0.3825900E+04
 -0.1186413E+02  0.7463118E+02 -0.8649531E+02  0.3706864E+04  0.3706864E+04
 -0.1181624E+02  0.7469032E+02 -0.8650656E+02  0.3703816E+04  0.3703816E+04
 -0.1175634E+02  0.7475207E+02 -0.8650841E+02  0.3929756E+04  0.3929756E+04
 -0.1169643E+02  0.7481381E+02 -0.8651025E+02  0.3646697E+04  0.3646697E+04
 -0.1163653E+02  0.7487556E+02 -0.8651209E+02  0.3874636E+04  0.3874636E+04
 -0.1153501E+02  0.7494002E+02 -0.8647503E+02  0.3899535E+04  0.3899535E+04
 -0.1139186E+02  0.7500719E+02 -0.8639905E+02  0.3740392E+04  0.3740392E+04
 -0.1124872E+02  0.7507435E+02 -0.8632307E+02  0.3813249E+04  0.3813249E+04
 -0.1110557E+02  0.7514152E+02 -0.8624709E+02  0.3679105E+04  0.3679105E+04
 -0.1090435E+02  0.7520530E+02 -0.8610965E+02  0.3804904E+04  0.3804904E+04
 -0.1064504E+02  0.7526570E+02 -0.8591074E+02  0.3808645E+04  0.3808645E+04
 -0.1038573E+02  0.7532610E+02 -0.8571182E+02  0.3727386E+04  0.3727386E+04
 -0.1012642E+02  0.7538650E+02 -0.8551291E+02  0.3686126E+04  0.3686126E+04
 -0.1005258E+02  0.7543622E+02 -0.8548879E+02  0.3835052E+04  0.3835052E+04
 -0.1016421E+02  0.7547526E+02 -0.8563947E+02  0.3712164E+04  0.3712164E+04
 -0.1027585E+02  0.7551431E+02 -0.8579015E+02  0.3723276E+04  0.3723276E+04
 -0.1038748E+02  0.7555334E+02 -0.8594083E+02  0.3691387E+04  0.3691387E+04
 -0.1056871E+02  0.7560596E+02 -0.8617467E+02  0.3900569E+04  0.3900569E+04
 -0.1081955E+02  0.7567213E+02 -0.8649168E+02  0.3752820E+04  0.3752820E+04
 -0.1107038E+02  0.7573830E+02 -0.8680869E+02  0.3826070E+04  0.3826070E+04
 -0.1132122E+02  0.7580447E+02 -0.8712569E+02  0.3931321E+04  0.3931321E+04
 -0.1111128E+02  0.7588630E+02 -0.8699758E+02  0.3742111E+04  0.3742111E+04
 -0.1044058E+02  0.7598377E+02 -0.8642435E+02  0.3746441E+04  0.3746441E+04
 -0.9769876E+01  0.7608125E+02 -0.8585112E+02  0.3695770E+04  0.3695770E+04
 -0.9099174E+01  0.7617872E+02 -0.8527789E+02  0.3727099E+04  0.3727099E+04
 -0.8331960E+01  0.7623516E+02 -0.8456712E+02  0.3723332E+04  0.3723332E+04
 -0.7468234E+01  0.7625057E+02 -0.8371881E+02  0.3679468E+04  0.3679468E+04
 -0.6604508E+01  0.7626599E+02 -0.8287050E+02  0.3595604E+04  0.3595604E+04
 -0.5740782E+01  0.7628140E+02 -0.8202219E+02  0.3606741E+04  0.3606741E+04
 -0.4977882E+01  0.7625176E+02 -0.8122964E+02  0.3541978E+04  0.3541978E+04
 -0.4315807E+01  0.7617707E+02 -0.8049288E+02  0.3474316E+04  0.3474316E+04
 -0.3653733E+01  0.7610238E+02 -0.7975611E+02  0.3454654E+04  0.3454654E+04
 -0.2991658E+01  0.7602769E+02 -0.7901935E+02  0.3390992E+04  0.3390992E+04
 -0.2429997E+01  0.7593068E+02 -0.7836068E+02  0.3296430E+04  0.3296430E+04
 -0.1968750E+01  0.7581136E+02 -0.7778011E+02  0.3553969E+04  0.3553969E+04
 -0.1507503E+01  0.7569204E+02 -0.7719954E+02  0.3328508E+04  0.3328508E+04
 -0.1046256E+01  0.7557272E+02 -0.7661897E+02  0.3337046E+04  0.3337046E+04
 -0.8156328E+00  0.7544684E+02 -0.7595654E+02  0.3344816E+04  0.3344816E+04
 -0.8156328E+00  0.7531440E+02 -0.7521224E+02  0.3272816E+04  0.3272816E+04
  0.1631831E+01  0.7518197E+02 -0.7446793E+02  0.3161368E+04  0.3161368E+04
  0.1631831E+01  0.7504953E+02 -0.7372364E+02  0.3077368E+04  0.3077368E+04
  0.1659214E+01  0.7490074E+02 -0.7324152E+02  0.3270341E+04  0.3270341E+04
  0.1713979E+01  0.7473559E+02 -0.7302161E+02  0.3245286E+04  0.3245286E+04
  0.1768745E+01  0.7457043E+02 -0.7280169E+02  0.3115231E+04  0.3115231E+04
  0.1823511E+01  0.7440528E+02 -0.7258178E+02  0.3165177E+04  0.3165177E+04
  0.1978584E+01  0.7425453E+02 -0.7227595E+02  0.3147021E+04  0.3147021E+04
  0.2233965E+01  0.7411818E+02 -0.7188422E+02  0.3134766E+04  0.3134766E+04
  0.2489346E+01  0.7398183E+02 -0.7149249E+02  0.3069511E+04  0.3069511E+04
  0.2744726E+01  0.7384547E+02 -0.7110075E+02  0.2995255E+04  0.2995255E+04
  0.3308032E+01  0.7371008E+02 -0.7040205E+02  0.3051692E+04  0.3051692E+04
  0.4179264E+01  0.7357565E+02 -0.6939639E+02  0.3160821E+04  0.3160821E+04
  0.5050495E+01  0.7344122E+02 -0.6839072E+02  0.3056949E+04  0.3056949E+04
  0.5921726E+01  0.7330679E+02 -0.6738506E+02  0.2813078E+04  0.2813078E+04
  0.7192119E+01  0.7313357E+02 -0.6594144E+02  0.2940808E+04  0.2940808E+04
  0.8861674E+01  0.7292155E+02 -0.6405988E+02  0.2752138E+04  0.2752138E+04
  0.1053123E+02  0.7270954E+02 -0.6217831E+02  0.2652469E+04  0.2652469E+04
  0.1220079E+02  0.7249752E+02 -0.6029674E+02  0.2510799E+04  0.2510799E+04
  0.1358428E+02  0.7220484E+02 -0.5862057E+02  0.2591416E+04  0.2591416E+04
  0.1468172E+02  0.7183150E+02 -0.5714979E+02  0.2478318E+04  0.2478318E+04
  0.1577915E+02  0.7145815E+02 -0.5567900E+02  0.2339221E+04  0.2339221E+04
  0.1687659E+02  0.7108482E+02 -0.5420823E+02  0.2420123E+04  0.2420123E+04
  0.1771157E+02  0.7068010E+02 -0.5296853E+02  0.2248288E+04  0.2248288E+04
  0.1828411E+02  0.7024403E+02 -0.5195992E+02  0.2187716E+04  0.2187716E+04
  0.1885665E+02  0.6980795E+02 -0.5095130E+02  0.2168143E+04  0.2168143E+04
  0.1942919E+02  0.6937187E+02 -0.4994268E+02  0.2054571E+04  0.2054571E+04
  0.1964867E+02  0.6894110E+02 -0.4929243E+02  0.2114351E+04  0.2114351E+04
  0.1951511E+02  0.6851565E+02 -0.4900055E+02  0.2138485E+04  0.2138485E+04
  0.1938154E+02  0.6809019E+02 -0.4870866E+02  0.2036618E+04  0.2036618E+04
  0.1924797E+02  0.6766474E+02 -0.4841677E+02  0.2116752E+04  0.2116752E+04
  0.1906523E+02  0.6728175E+02 -0.4821653E+02  0.2092935E+04  0.2092935E+04
  0.1883330E+02  0.6694125E+02 -0.4810795E+02  0.2015167E+04  0.2015167E+04
  0.1860137E+02  0.6660073E+02 -0.4799936E+02  0.1951399E+04  0.1951399E+04
  0.1836944E+02  0.6626022E+02 -0.4789078E+02  0.2060631E+04  0.2060631E+04
  0.1798306E+02  0.6595664E+02 -0.4797358E+02  0.2031017E+04  0.2031017E+04
  0.1744222E+02  0.6568999E+02 -0.4824777E+02  0.2143558E+04  0.2143558E+04
  0.1690138E+02  0.6542333E+02 -0.4852195E+02  0.2042099E+04  0.2042099E+04
  0.1636054E+02  0.6515668E+02 -0.4879614E+02  0.2154639E+04  0.2154639E+04
  0.1614254E+02  0.6493404E+02 -0.4879151E+02  0.2144857E+04  0.2144857E+04
  0.1624737E+02  0.6475542E+02 -0.4850806E+02  0.2036753E+04  0.2036753E+04
  0.1635221E+02  0.6457681E+02 -0.4822461E+02  0.2013648E+04  0.2013648E+04
  0.1645704E+02  0.6439819E+02 -0.4794116E+02  0.1916543E+04  0.1916543E+04
  0.1630593E+02  0.6421529E+02 -0.4790937E+02  0.2126694E+04  0.2126694E+04
  0.1589888E+02  0.6402811E+02 -0.4812923E+02  0.2126101E+04  0.2126101E+04
  0.1549183E+02  0.6384093E+02 -0.4834910E+02  0.2031508E+04  0.2031508E+04
  0.1508478E+02  0.6365374E+02 -0.4856897E+02  0.2159915E+04  0.2159915E+04
  0.1507631E+02  0.6349215E+02 -0.4841585E+02  0.2017924E+04  0.2017924E+04
  0.1546641E+02  0.6335616E+02 -0.4788974E+02  0.2128534E+04  0.2128534E+04
  0.1585652E+02  0.6322016E+02 -0.4736364E+02  0.2020143E+04  0.2020143E+04
  0.1624663E+02  0.6308416E+02 -0.4683754E+02  0.1904753E+04  0.1904753E+04
  0.1617749E+02  0.6292190E+02 -0.4674441E+02  0.2029823E+04  0.2029823E+04
  0.1564911E+02  0.6273338E+02 -0.4708427E+02  0.2001351E+04  0.2001351E+04
  0.1512072E+02  0.6254486E+02 -0.4742414E+02  0.1995879E+04  0.1995879E+04
  0.1459234E+02  0.6235634E+02 -0.4776400E+02  0.2158408E+04  0.2158408E+04
  0.1450384E+02  0.6220057E+02 -0.4769673E+02  0.2084496E+04  0.2084496E+04
  0.1485521E+02  0.6207753E+02 -0.4722232E+02  0.1949145E+04  0.1949145E+04
  0.1520657E+02  0.6195450E+02 -0.4674792E+02  0.1980793E+04  0.1980793E+04
  0.1555794E+02  0.6183146E+02 -0.4627352E+02  0.1977442E+04  0.1977442E+04
  0.1581499E+02  0.6168537E+02 -0.4587038E+02  0.1942185E+04  0.1942185E+04
  0.1597771E+02  0.6151622E+02 -0.4553851E+02  0.1954022E+04  0.1954022E+04
  0.1614044E+02  0.6134707E+02 -0.4520663E+02  0.1934860E+04  0.1934860E+04
  0.1630316E+02  0.6117792E+02 -0.4487476E+02  0.1847697E+04  0.1847697E+04
  0.1655861E+02  0.6099847E+02 -0.4443986E+02  0.1910441E+04  0.1910441E+04
  0.1690677E+02  0.6080872E+02 -0.4390195E+02  0.1926093E+04  0.1926093E+04
  0.1725494E+02  0.6061898E+02 -0.4336403E+02  0.1817745E+04  0.1817745E+04
  0.1760311E+02  0.6042923E+02 -0.4282612E+02  0.1830397E+04  0.1830397E+04
  0.1823032E+02  0.6022258E+02 -0.4199225E+02  0.1895770E+04  0.1895770E+04
  0.1913657E+02  0.5999900E+02 -0.4086243E+02  0.1697863E+04  0.1697863E+04
  0.2004282E+02  0.5977544E+02 -0.3973262E+02  0.1709957E+04  0.1709957E+04
  0.2094906E+02  0.5955186E+02 -0.3860280E+02  0.1637051E+04  0.1637051E+04
  0.2261240E+02  0.5928046E+02 -0.3666806E+02  0.1615388E+04  0.1615388E+04
  0.2503282E+02  0.5896122E+02 -0.3392840E+02  0.1484967E+04  0.1484967E+04
  0.2745324E+02  0.5864198E+02 -0.3118875E+02  0.1328547E+04  0.1328547E+04
  0.2987366E+02  0.5832274E+02 -0.2844909E+02  0.1188126E+04  0.1188126E+04
  0.3235371E+02  0.5787255E+02 -0.2551884E+02  0.1079646E+04  0.1079646E+04
  0.3489341E+02  0.5729140E+02 -0.2239799E+02  0.9221066E+03  0.9221066E+03
  0.3743310E+02  0.5671025E+02 -0.1927715E+02  0.7675669E+03  0.7675669E+03
  0.3997279E+02  0.5612910E+02 -0.1615630E+02  0.6400272E+03  0.6400272E+03
  0.4190190E+02  0.5543455E+02 -0.1353264E+02  0.5180981E+03  0.5180981E+03
  0.4322042E+02  0.5462660E+02 -0.1140617E+02  0.4127796E+03  0.4127796E+03
  0.4453894E+02  0.5381865E+02 -0.9279704E+01  0.3184611E+03  0.3184611E+03
  0.4585747E+02  0.5301070E+02 -0.7153235E+01  0.2101425E+03  0.2101425E+03
  0.4653205E+02  0.5218500E+02 -0.5652948E+01  0.1954680E+03  0.1954680E+03
  0.4656270E+02  0.5134155E+02 -0.4778843E+01  0.1354373E+03  0.1354373E+03
  0.4659335E+02  0.5049809E+02 -0.3904738E+01  0.9940665E+02  0.9940665E+02
  0.4662400E+02  0.4965463E+02 -0.3030633E+01  0.6037600E+02  0.6037600E+02
  0.4640864E+02  0.4887082E+02 -0.2462179E+01  0.5959136E+02  0.5959136E+02
  0.4594728E+02  0.4814666E+02 -0.2199375E+01  0.3905272E+02  0.3905272E+02
  0.4548592E+02  0.4742249E+02 -0.1936571E+01  0.2051408E+02  0.2051408E+02
  0.4502456E+02  0.4669832E+02 -0.1673767E+01  0.2597544E+02  0.2597544E+02
  0.4453802E+02  0.4604470E+02 -0.1506677E+01  0.2046198E+02  0.2046198E+02
  0.4402633E+02  0.4546162E+02 -0.1435299E+01  0.1797367E+02  0.1797367E+02
  0.4351463E+02  0.4487855E+02 -0.1363922E+01  0.4485374E+01  0.4485374E+01
  0.4300293E+02  0.4429547E+02 -0.1292545E+01  0.6997074E+01  0.6997074E+01
  0.4252692E+02  0.4376499E+02 -0.1238072E+01  0.2647308E+02  0.2647308E+02
  0.4208661E+02  0.4328711E+02 -0.1200504E+01  0.5913391E+01  0.5913391E+01
  0.4164629E+02  0.4280923E+02 -0.1162936E+01  0.1035371E+02  0.1035371E+02
  0.4120598E+02  0.4233135E+02 -0.1125368E+01  0.7940178E+00  0.7940178E+00
  0.4079572E+02  0.4188777E+02 -0.1092043E+01  0.5204277E+01  0.5204277E+01
  0.4041552E+02  0.4147848E+02 -0.1062961E+01  0.8584484E+01  0.8584484E+01
  0.4003531E+02  0.4106919E+02 -0.1033878E+01 -0.1035313E+01  0.0000000E+00
  0.3965511E+02  0.4065990E+02 -0.1004796E+01  0.2344894E+01  0.2344894E+01
  0.3929012E+02  0.4027383E+02 -0.9837165E+00  0.3709881E+01  0.3709881E+01
  0.3894034E+02  0.3991098E+02 -0.9706403E+00  0.6059658E+01  0.6059658E+01
  0.3859057E+02  0.3954813E+02 -0.9575641E+00  0.2409428E+01  0.2409428E+01
  0.3824080E+02  0.3918528E+02 -0.9444878E+00  0.4759205E+01  0.4759205E+01
  0.3792759E+02  0.3883992E+02 -0.9123366E+00 -0.8927589E+01  0.0000000E+00
  0.3765095E+02  0.3851206E+02 -0.8611104E+00  0.9349052E+01  0.9349052E+01
  0.3737430E+02  0.3818419E+02 -0.8098843E+00 -0.7374302E+01  0.0000000E+00
  0.3709766E+02  0.3785632E+02 -0.7586581E+00 -0.1309766E+02  0.0000000E+00
  0.3679874E+02  0.3753915E+02 -0.7404047E+00  0.2012596E+00  0.2012596E+00
  0.3647755E+02  0.3723267E+02 -0.7551241E+00 -0.2477547E+01  0.0000000E+00
  0.3615635E+02  0.3692619E+02 -0.7698435E+00 -0.6156349E+01  0.0000000E+00
  0.3583516E+02  0.3661972E+02 -0.7845629E+00 -0.2835155E+01  0.0000000E+00
  0.3553943E+02  0.3632559E+02 -0.7861557E+00 -0.6539433E+01  0.0000000E+00
  0.3526918E+02  0.3604380E+02 -0.7746220E+00  0.7730820E+01  0.7730820E+01
  0.3499893E+02  0.3576202E+02 -0.7630883E+00  0.1071930E-02  0.1071930E-02
  0.3472868E+02  0.3548023E+02 -0.7515546E+00  0.2271324E+01  0.2271324E+01
  0.3444358E+02  0.3520638E+02 -0.7628013E+00 -0.2443581E+01  0.0000000E+00
  0.3414363E+02  0.3494046E+02 -0.7968284E+00 -0.1114363E+02  0.0000000E+00
  0.3384369E+02  0.3467455E+02 -0.8308556E+00  0.4156311E+01  0.4156311E+01
  0.3354374E+02  0.3440863E+02 -0.8648828E+00  0.4456257E+01  0.4456257E+01
  0.3329910E+02  0.3415165E+02 -0.8525485E+00  0.1700897E+01  0.1700897E+01
  0.3310976E+02  0.3390361E+02 -0.7938528E+00  0.5890240E+01  0.5890240E+01
  0.3292042E+02  0.3365558E+02 -0.7351571E+00 -0.2920422E+01  0.0000000E+00
  0.3273108E+02  0.3340754E+02 -0.6764615E+00 -0.1273108E+02  0.0000000E+00
  0.3249548E+02  0.3316101E+02 -0.6655324E+00 -0.3495480E+01  0.0000000E+00
  0.3221362E+02  0.3291599E+02 -0.7023700E+00 -0.1213615E+01  0.0000000E+00
  0.3193176E+02  0.3267096E+02 -0.7392076E+00  0.6824303E-01  0.6824303E-01
  0.3164989E+02  0.3242594E+02 -0.7760451E+00  0.2350105E+01  0.2350105E+01
  0.3141410E+02  0.3218800E+02 -0.7739072E+00  0.3585901E+01  0.3585901E+01
  0.3122437E+02  0.3195716E+02 -0.7327938E+00  0.2775635E+01  0.2775635E+01
  0.3103463E+02  0.3172631E+02 -0.6916804E+00 -0.4034634E+01  0.0000000E+00
  0.3084490E+02  0.3149547E+02 -0.6505670E+00 -0.1844900E+01  0.0000000E+00
  0.3063867E+02  0.3126575E+02 -0.6270841E+00 -0.1638666E+01  0.0000000E+00
  0.3041593E+02  0.3103716E+02 -0.6212317E+00 -0.8415932E+01  0.0000000E+00
  0.3019320E+02  0.3080858E+02 -0.6153795E+00 -0.1419320E+02  0.0000000E+00
  0.2997046E+02  0.3057999E+02 -0.6095271E+00  0.2953720E-01  0.2953720E-01
  0.2973713E+02  0.3035414E+02 -0.6170090E+00  0.2262865E+01  0.2262865E+01
  0.2949321E+02  0.3013104E+02 -0.6378253E+00 -0.4493212E+01  0.0000000E+00
  0.2924929E+02  0.2990793E+02 -0.6586416E+00 -0.2492924E+00  0.0000000E+00
  0.2900537E+02  0.2968483E+02 -0.6794578E+00  0.7994631E+01  0.7994631E+01
  0.2876679E+02  0.2946559E+02 -0.6988041E+00 -0.2766790E+01  0.0000000E+00
  0.2853355E+02  0.2925023E+02 -0.7166805E+00 -0.3533550E+01  0.0000000E+00
  0.2830031E+02  0.2903487E+02 -0.7345569E+00  0.4699690E+01  0.4699690E+01
  0.2806707E+02  0.2881950E+02 -0.7524333E+00  0.4932930E+01  0.4932930E+01
  0.2786786E+02  0.2860713E+02 -0.7392736E+00 -0.8678608E+00  0.0000000E+00
  0.2770268E+02  0.2839776E+02 -0.6950778E+00  0.8297319E+01  0.8297319E+01
  0.2753750E+02  0.2818838E+02 -0.6508821E+00 -0.8537500E+01  0.0000000E+00
  0.2737232E+02  0.2797901E+02 -0.6066863E+00 -0.3372320E+01  0.0000000E+00
  0.2718074E+02  0.2776906E+02 -0.5883141E+00  0.8192558E+00  0.8192558E+00
  0.2696277E+02  0.2755854E+02 -0.5957655E+00  0.1037230E+01  0.1037230E+01
  0.2674480E+02  0.2734801E+02 -0.6032169E+00  0.6255201E+01  0.6255201E+01
  0.2652682E+02  0.2713749E+02 -0.6106683E+00 -0.6526825E+01  0.0000000E+00
  0.2632824E+02  0.2693086E+02 -0.6026211E+00  0.3671761E+01  0.3671761E+01
  0.2614904E+02  0.2672812E+02 -0.5790753E+00 -0.5149042E+01  0.0000000E+00
  0.2596984E+02  0.2652537E+02 -0.5555295E+00  0.2030155E+01  0.2030155E+01
  0.2579065E+02  0.2632263E+02 -0.5319837E+00 -0.1279065E+02  0.0000000E+00
  0.2560194E+02  0.2612217E+02 -0.5202290E+00 -0.2601940E+01  0.0000000E+00
  0.2540372E+02  0.2592399E+02 -0.5202653E+00 -0.1403723E+01  0.0000000E+00
  0.2520551E+02  0.2572581E+02 -0.5203016E+00 -0.1020551E+02  0.0000000E+00
  0.2500729E+02  0.2552763E+02 -0.5203379E+00 -0.1007288E+01  0.0000000E+00
  0.2481935E+02  0.2533314E+02 -0.5137821E+00 -0.2819353E+01  0.0000000E+00
  0.2464170E+02  0.2514234E+02 -0.5006343E+00  0.2358297E+01  0.2358297E+01
  0.2446405E+02  0.2495153E+02 -0.4874864E+00 -0.4640484E+00  0.0000000E+00
  0.2428640E+02  0.2476073E+02 -0.4743385E+00 -0.5286398E+01  0.0000000E+00
  0.2410633E+02  0.2457265E+02 -0.4663244E+00 -0.5106327E+01  0.0000000E+00
  0.2392384E+02  0.2438728E+02 -0.4634440E+00 -0.6923840E+01  0.0000000E+00
  0.2374135E+02  0.2420192E+02 -0.4605636E+00 -0.1074135E+02  0.0000000E+00
  0.2355886E+02  0.2401655E+02 -0.4576831E+00 -0.1558865E+01  0.0000000E+00
  0.2336763E+02  0.2383428E+02 -0.4666549E+00 -0.1367628E+01  0.0000000E+00
  0.2316764E+02  0.2365512E+02 -0.4874788E+00 -0.3167645E+01  0.0000000E+00
  0.2296766E+02  0.2347596E+02 -0.5083026E+00  0.5032339E+01  0.5032339E+01
  0.2276768E+02  0.2329680E+02 -0.5291265E+00  0.2323227E+00  0.2323227E+00
  0.2257862E+02  0.2312189E+02 -0.5432703E+00 -0.1578619E+01  0.0000000E+00
  0.2240049E+02  0.2295122E+02 -0.5507342E+00 -0.3400490E+01  0.0000000E+00
  0.2222236E+02  0.2278056E+02 -0.5581981E+00  0.3777641E+01  0.3777641E+01
  0.2204423E+02  0.2260989E+02 -0.5656620E+00 -0.4422951E-01  0.0000000E+00
  0.2188221E+02  0.2244199E+02 -0.5597838E+00  0.1117792E+01  0.1117792E+01
  0.2173629E+02  0.2227686E+02 -0.5405637E+00  0.3263706E+01  0.3263706E+01
  0.2159038E+02  0.2211172E+02 -0.5213436E+00 -0.1059038E+02  0.0000000E+00
  0.2144447E+02  0.2194659E+02 -0.5021235E+00 -0.1444468E+01  0.0000000E+00
  0.2130236E+02  0.2178230E+02 -0.4799406E+00  0.6976414E+00  0.6976414E+00
  0.2116405E+02  0.2161884E+02 -0.4547948E+00  0.8835951E+01  0.8835951E+01
  0.2102574E+02  0.2145539E+02 -0.4296491E+00 -0.1302574E+02  0.0000000E+00
  0.2088743E+02  0.2129194E+02 -0.4045033E+00 -0.2887434E+01  0.0000000E+00
  0.2071953E+02  0.2112934E+02 -0.4098067E+00  0.2804661E+00  0.2804661E+00
  0.2052204E+02  0.2096760E+02 -0.4455593E+00 -0.1522041E+01  0.0000000E+00
  0.2032455E+02  0.2080586E+02 -0.4813119E+00 -0.4324547E+01  0.0000000E+00
  0.2012705E+02  0.2064412E+02 -0.5170645E+00  0.4872946E+01  0.4872946E+01
  0.1995963E+02  0.2048718E+02 -0.5275522E+00 -0.1959627E+01  0.0000000E+00
  0.1982227E+02  0.2033504E+02 -0.5127749E+00  0.1117773E+02  0.1117773E+02
  0.1968491E+02  0.2018291E+02 -0.4979978E+00  0.3315090E+01  0.3315090E+01
  0.1954755E+02  0.2003077E+02 -0.4832206E+00 -0.2547552E+01  0.0000000E+00
  0.1940454E+02  0.1987967E+02 -0.4751318E+00 -0.4404535E+01  0.0000000E+00
  0.1925586E+02  0.1972959E+02 -0.4737315E+00  0.5744141E+01  0.5744141E+01
  0.1910719E+02  0.1957952E+02 -0.4723313E+00 -0.1071854E+00  0.0000000E+00
  0.1895851E+02  0.1942944E+02 -0.4709310E+00 -0.6958509E+01  0.0000000E+00
  0.1881234E+02  0.1928111E+02 -0.4687702E+00  0.2187658E+01  0.2187658E+01
  0.1866868E+02  0.1913453E+02 -0.4658491E+00  0.8331322E+01  0.8331322E+01
  0.1852501E+02  0.1898794E+02 -0.4629278E+00  0.6474985E+01  0.6474985E+01
  0.1838135E+02  0.1884136E+02 -0.4600067E+00 -0.3813515E+00  0.0000000E+00
  0.1824767E+02  0.1869655E+02 -0.4488823E+00 -0.2247669E+01  0.0000000E+00
  0.1812396E+02  0.1855352E+02 -0.4295547E+00 -0.1239643E+00  0.0000000E+00
  0.1800026E+02  0.1841049E+02 -0.4102270E+00 -0.6000259E+01  0.0000000E+00
  0.1787655E+02  0.1826745E+02 -0.3908994E+00  0.1123446E+01  0.1123446E+01
  0.1774025E+02  0.1812526E+02 -0.3850096E+00  0.2259750E+01  0.2259750E+01
  0.1759134E+02  0.1798390E+02 -0.3925577E+00 -0.4591341E+01  0.0000000E+00
  0.1744243E+02  0.1784254E+02 -0.4001057E+00  0.3557568E+01  0.3557568E+01
  0.1729352E+02  0.1770118E+02 -0.4076538E+00  0.1706476E+01  0.1706476E+01
  0.1716050E+02  0.1756227E+02 -0.4017701E+00  0.2839504E+01  0.2839504E+01
  0.1704335E+02  0.1742580E+02 -0.3824547E+00 -0.8043346E+01  0.0000000E+00
  0.1692620E+02  0.1728934E+02 -0.3631393E+00  0.1073801E+01  0.1073801E+01
  0.1680905E+02  0.1715287E+02 -0.3438239E+00 -0.2809050E+01  0.0000000E+00
  0.1668515E+02  0.1701711E+02 -0.3319571E+00 -0.6685152E+01  0.0000000E+00
  0.1655451E+02  0.1688205E+02 -0.3275389E+00 -0.2554508E+01  0.0000000E+00
  0.1642386E+02  0.1674698E+02 -0.3231207E+00 -0.6423864E+01  0.0000000E+00
  0.1629322E+02  0.1661192E+02 -0.3187025E+00 -0.6293221E+01  0.0000000E+00
  0.1615600E+02  0.1647849E+02 -0.3224975E+00 -0.4155998E+01  0.0000000E+00
  0.1601220E+02  0.1634670E+02 -0.3345056E+00  0.4987803E+01  0.4987803E+01
  0.1586840E+02  0.1621491E+02 -0.3465136E+00 -0.5868400E+01  0.0000000E+00
  0.1572460E+02  0.1608312E+02 -0.3585217E+00  0.2275401E+01  0.2275401E+01
  0.1558567E+02  0.1595395E+02 -0.3682843E+00 -0.2585668E+01  0.0000000E+00
  0.1545160E+02  0.1582740E+02 -0.3758017E+00  0.4548397E+01  0.4548397E+01
  0.1531754E+02  0.1570086E+02 -0.3833190E+00  0.6824608E+00  0.6824608E+00
  0.1518347E+02  0.1557431E+02 -0.3908363E+00 -0.1183475E+01  0.0000000E+00
  0.1506183E+02  0.1544972E+02 -0.3878891E+00  0.1938173E+01  0.1938173E+01
  0.1495259E+02  0.1532707E+02 -0.3744774E+00  0.4047405E+01  0.4047405E+01
  0.1484336E+02  0.1520443E+02 -0.3610658E+00  0.1566372E+00  0.1566372E+00
  0.1473413E+02  0.1508179E+02 -0.3476542E+00 -0.7341309E+00  0.0000000E+00
  0.1461638E+02  0.1495961E+02 -0.3432287E+00  0.3836155E+00  0.3836155E+00
  0.1449012E+02  0.1483791E+02 -0.3477893E+00 -0.1490125E+01  0.0000000E+00
  0.1436386E+02  0.1471621E+02 -0.3523499E+00  0.4636135E+01  0.4636135E+01
  0.1423761E+02  0.1459452E+02 -0.3569105E+00 -0.5237605E+01  0.0000000E+00
  0.1413030E+02  0.1447455E+02 -0.3442463E+00 -0.4130304E+01  0.0000000E+00
  0.1404196E+02  0.1435632E+02 -0.3143573E+00  0.7958035E+01  0.7958035E+01
  0.1395362E+02  0.1423809E+02 -0.2844684E+00 -0.1953625E+01  0.0000000E+00
  0.1386528E+02  0.1411986E+02 -0.2545794E+00 -0.1865285E+01  0.0000000E+00
  0.1375867E+02  0.1400132E+02 -0.2426552E+00 -0.6758668E+01  0.0000000E+00
  0.1363378E+02  0.1388247E+02 -0.2486958E+00 -0.4633776E+01  0.0000000E+00
  0.1350888E+02  0.1376362E+02 -0.2547363E+00 -0.2508883E+01  0.0000000E+00
  0.1338399E+02  0.1364477E+02 -0.2607768E+00 -0.1383991E+01  0.0000000E+00
  0.1326273E+02  0.1352804E+02 -0.2653127E+00 -0.1262732E+01  0.0000000E+00
  0.1314511E+02  0.1341345E+02 -0.2683437E+00 -0.4145106E+01  0.0000000E+00
  0.1302748E+02  0.1329886E+02 -0.2713748E+00 -0.6027481E+01  0.0000000E+00
  0.1290986E+02  0.1318426E+02 -0.2744058E+00 -0.1909856E+01  0.0000000E+00
  0.1279707E+02  0.1307151E+02 -0.2744401E+00  0.2029266E+00  0.2029266E+00
  0.1268913E+02  0.1296061E+02 -0.2714775E+00  0.2310865E+01  0.2310865E+01
  0.1258120E+02  0.1284971E+02 -0.2685149E+00  0.4188042E+00  0.4188042E+00
  0.1247326E+02  0.1273881E+02 -0.2655523E+00 -0.2473257E+01  0.0000000E+00
  0.1236722E+02  0.1262906E+02 -0.2618379E+00  0.1632775E+01  0.1632775E+01
  0.1226310E+02  0.1252047E+02 -0.2573716E+00 -0.5263099E+01  0.0000000E+00
  0.1215897E+02  0.1241188E+02 -0.2529054E+00 -0.7158972E+01  0.0000000E+00
  0.1205485E+02  0.1230329E+02 -0.2484391E+00 -0.5054846E+01  0.0000000E+00
  0.1193749E+02  0.1219574E+02 -0.2582484E+00  0.3062511E+01  0.3062511E+01
  0.1180690E+02  0.1208923E+02 -0.2823332E+00  0.2193099E+01  0.2193099E+01
  0.1167631E+02  0.1198273E+02 -0.3064181E+00  0.7323687E+01  0.7323687E+01
  0.1154573E+02  0.1187623E+02 -0.3305029E+00  0.2454274E+01  0.2454274E+01
  0.1144045E+02  0.1177251E+02 -0.3320604E+00 -0.4404497E+00  0.0000000E+00
  0.1136048E+02  0.1167158E+02 -0.3110906E+00  0.1639516E+01  0.1639516E+01
  0.1128052E+02  0.1157064E+02 -0.2901208E+00  0.2719480E+01  0.2719480E+01
  0.1120055E+02  0.1146971E+02 -0.2691509E+00 -0.3200555E+01  0.0000000E+00
  0.1110905E+02  0.1136848E+02 -0.2594359E+00 -0.1090469E+00  0.0000000E+00
  0.1100599E+02  0.1126697E+02 -0.2609757E+00 -0.1005995E+01  0.0000000E+00
  0.1090294E+02  0.1116546E+02 -0.2625155E+00 -0.1902943E+01  0.0000000E+00
  0.1079989E+02  0.1106395E+02 -0.2640553E+00  0.1200109E+01  0.1200109E+01
  0.1070183E+02  0.1096366E+02 -0.2618320E+00 -0.7018251E+00  0.0000000E+00
  0.1060875E+02  0.1086459E+02 -0.2558456E+00  0.2391253E+01  0.2391253E+01
  0.1051567E+02  0.1076553E+02 -0.2498592E+00 -0.1515667E+01  0.0000000E+00
  0.1042259E+02  0.1066646E+02 -0.2438728E+00  0.1577412E+01  0.1577412E+01
  0.1033422E+02  0.1056834E+02 -0.2341199E+00 -0.2334224E+01  0.0000000E+00
  0.1025057E+02  0.1047117E+02 -0.2206004E+00  0.7494278E+00  0.7494278E+00
  0.1016692E+02  0.1037400E+02 -0.2070809E+00 -0.3166922E+01  0.0000000E+00
  0.1008327E+02  0.1027683E+02 -0.1935614E+00 -0.3083270E+01  0.0000000E+00
  0.9983517E+01  0.1018013E+02 -0.1966083E+00 -0.2983517E+01  0.0000000E+00
  0.9867661E+01  0.1008388E+02 -0.2162216E+00  0.1323385E+00  0.1323385E+00
  0.9751806E+01  0.9987641E+01 -0.2358349E+00 -0.1751806E+01  0.0000000E+00
  0.9635951E+01  0.9891399E+01 -0.2554481E+00 -0.1635951E+01  0.0000000E+00
  0.9542984E+01  0.9797708E+01 -0.2547232E+00 -0.5429840E+00  0.0000000E+00
  0.9472907E+01  0.9706567E+01 -0.2336600E+00  0.9527093E+01  0.9527093E+01
  0.9402830E+01  0.9615427E+01 -0.2125968E+00 -0.5402830E+01  0.0000000E+00
  0.9332753E+01  0.9524286E+01 -0.1915336E+00 -0.3332753E+01  0.0000000E+00
  0.9254977E+01  0.9432976E+01 -0.1779995E+00 -0.2549772E+00  0.0000000E+00
  0.9169501E+01  0.9341496E+01 -0.1719944E+00  0.1830499E+01  0.1830499E+01
  0.9084027E+01  0.9250016E+01 -0.1659894E+00  0.9159727E+00  0.9159727E+00
  0.8998551E+01  0.9158536E+01 -0.1599843E+00 -0.3998551E+01  0.0000000E+00
  0.8907178E+01  0.9067947E+01 -0.1607698E+00 -0.2907178E+01  0.0000000E+00
  0.8809905E+01  0.8978251E+01 -0.1683459E+00 -0.3809905E+01  0.0000000E+00
  0.8712633E+01  0.8888555E+01 -0.1759221E+00 -0.2712633E+01  0.0000000E+00
  0.8615360E+01  0.8798859E+01 -0.1834982E+00 -0.1615360E+01  0.0000000E+00
  0.8528969E+01  0.8710982E+01 -0.1820136E+00  0.2471031E+01  0.2471031E+01
  0.8453459E+01  0.8624928E+01 -0.1714683E+00 -0.1453459E+01  0.0000000E+00
  0.8377949E+01  0.8538872E+01 -0.1609230E+00 -0.1377949E+01  0.0000000E+00
  0.8302439E+01  0.8452817E+01 -0.1503777E+00 -0.2302439E+01  0.0000000E+00
  0.8218400E+01  0.8367295E+01 -0.1488947E+00 -0.1218400E+01  0.0000000E+00
  0.8125834E+01  0.8282309E+01 -0.1564740E+00 -0.4125834E+01  0.0000000E+00
  0.8033267E+01  0.8197321E+01 -0.1640533E+00 -0.2033267E+01  0.0000000E+00
  0.7940701E+01  0.8112334E+01 -0.1716326E+00  0.5929852E-01  0.5929852E-01
  0.7855024E+01  0.8028945E+01 -0.1739208E+00 -0.8550239E+00  0.0000000E+00
  0.7776236E+01  0.7947154E+01 -0.1709180E+00  0.2237644E+00  0.2237644E+00
  0.7697447E+01  0.7865363E+01 -0.1679151E+00 -0.5697447E+01  0.0000000E+00
  0.7618659E+01  0.7783571E+01 -0.1649123E+00  0.3381341E+01  0.3381341E+01
  0.7545302E+01  0.7702673E+01 -0.1573712E+00 -0.1545302E+01  0.0000000E+00
  0.7477378E+01  0.7622670E+01 -0.1452919E+00  0.5226221E+00  0.5226221E+00
  0.7409454E+01  0.7542666E+01 -0.1332125E+00 -0.1409454E+01  0.0000000E+00
  0.7341529E+01  0.7462663E+01 -0.1211332E+00 -0.3341529E+01  0.0000000E+00
  0.7265579E+01  0.7382954E+01 -0.1173756E+00 -0.3265579E+01  0.0000000E+00
  0.7181602E+01  0.7303542E+01 -0.1219397E+00 -0.2181602E+01  0.0000000E+00
  0.7097625E+01  0.7224128E+01 -0.1265039E+00 -0.3097625E+01  0.0000000E+00
  0.7013648E+01  0.7144716E+01 -0.1310680E+00  0.9863524E+00  0.9863524E+00
  0.6937954E+01  0.7066767E+01 -0.1288128E+00 -0.1937954E+01  0.0000000E+00
  0.6870546E+01  0.6990284E+01 -0.1197383E+00 -0.1870546E+01  0.0000000E+00
  0.6803136E+01  0.6913800E+01 -0.1106638E+00 -0.1803136E+01  0.0000000E+00
  0.6735728E+01  0.6837317E+01 -0.1015893E+00 -0.5735728E+01  0.0000000E+00
  0.6662127E+01  0.6761463E+01 -0.9933564E-01 -0.3662127E+01  0.0000000E+00
  0.6582335E+01  0.6686238E+01 -0.1039028E+00  0.4176645E+00  0.4176645E+00
  0.6502544E+01  0.6611014E+01 -0.1084700E+00  0.3497456E+01  0.3497456E+01
  0.6422752E+01  0.6535789E+01 -0.1130372E+00 -0.2422752E+01  0.0000000E+00
  0.6345875E+01  0.6461964E+01 -0.1160887E+00 -0.3345875E+01  0.0000000E+00
  0.6271912E+01  0.6389536E+01 -0.1176246E+00 -0.4271912E+01  0.0000000E+00
  0.6197949E+01  0.6317109E+01 -0.1191605E+00 -0.2197949E+01  0.0000000E+00
  0.6123986E+01  0.6244682E+01 -0.1206963E+00 -0.1123986E+01  0.0000000E+00
  0.6045097E+01  0.6173408E+01 -0.1283102E+00 -0.2045097E+01  0.0000000E+00
  0.5961284E+01  0.6103286E+01 -0.1420022E+00  0.1038716E+01  0.1038716E+01
  0.5877470E+01  0.6033165E+01 -0.1556941E+00  0.1225295E+00  0.1225295E+00
  0.5793657E+01  0.5963043E+01 -0.1693860E+00  0.2206343E+01  0.2206343E+01
  0.5729805E+01  0.5894649E+01 -0.1648441E+00  0.4270195E+01  0.4270195E+01
  0.5685913E+01  0.5827981E+01 -0.1420684E+00 -0.6859126E+00  0.0000000E+00
  0.5642021E+01  0.5761313E+01 -0.1192926E+00 -0.4642021E+01  0.0000000E+00
  0.5598129E+01  0.5694646E+01 -0.9651686E-01 -0.1598129E+01  0.0000000E+00
  0.5538469E+01  0.5627409E+01 -0.8893939E-01 -0.5384693E+00  0.0000000E+00
  0.5463041E+01  0.5559601E+01 -0.9656020E-01 -0.1463041E+01  0.0000000E+00
  0.5387612E+01  0.5491793E+01 -0.1041810E+00  0.1612388E+01  0.1612388E+01
  0.5312184E+01  0.5423985E+01 -0.1118018E+00  0.2687816E+01  0.2687816E+01
  0.5243558E+01  0.5357658E+01 -0.1141003E+00 -0.3243558E+01  0.0000000E+00
  0.5181735E+01  0.5292811E+01 -0.1110765E+00 -0.3181735E+01  0.0000000E+00
  0.5119911E+01  0.5227963E+01 -0.1080526E+00 -0.1199107E+00  0.0000000E+00
  0.5058087E+01  0.5163116E+01 -0.1050288E+00 -0.5808735E-01  0.0000000E+00
  0.4999490E+01  0.5099205E+01 -0.9971535E-01 -0.9994898E+00  0.0000000E+00
  0.4944119E+01  0.5036232E+01 -0.9211238E-01 -0.1944119E+01  0.0000000E+00
  0.4888748E+01  0.4973258E+01 -0.8450942E-01 -0.3888748E+01  0.0000000E+00
  0.4833377E+01  0.4910284E+01 -0.7690645E-01 -0.3833377E+01  0.0000000E+00
  0.4776263E+01  0.4847851E+01 -0.7158826E-01 -0.7762632E+00  0.0000000E+00
  0.4717406E+01  0.4785961E+01 -0.6855486E-01  0.1282594E+01  0.1282594E+01
  0.4658549E+01  0.4724071E+01 -0.6552146E-01 -0.3658549E+01  0.0000000E+00
  0.4599692E+01  0.4662180E+01 -0.6248806E-01 -0.1599692E+01  0.0000000E+00
  0.4541806E+01  0.4601256E+01 -0.5945035E-01 -0.1541806E+01  0.0000000E+00
  0.4484892E+01  0.4541300E+01 -0.5640832E-01 -0.1484892E+01  0.0000000E+00
  0.4427977E+01  0.4481344E+01 -0.5336629E-01 -0.2427977E+01  0.0000000E+00
  0.4371063E+01  0.4421387E+01 -0.5032426E-01 -0.2371063E+01  0.0000000E+00
  0.4306668E+01  0.4362343E+01 -0.5567530E-01 -0.2306668E+01  0.0000000E+00
  0.4234793E+01  0.4304213E+01 -0.6941938E-01 -0.2234793E+01  0.0000000E+00
  0.4162918E+01  0.4246081E+01 -0.8316348E-01 -0.1629176E+00  0.0000000E+00
  0.4091043E+01  0.4187951E+01 -0.9690756E-01  0.3908957E+01  0.3908957E+01
  0.4029432E+01  0.4131695E+01 -0.1022628E+00 -0.2943230E-01  0.0000000E+00
  0.3978087E+01  0.4077316E+01 -0.9922922E-01 -0.2978087E+01  0.0000000E+00
  0.3926742E+01  0.4022937E+01 -0.9619563E-01  0.7325840E-01  0.7325840E-01
  0.3875396E+01  0.3968558E+01 -0.9316204E-01 -0.1875396E+01  0.0000000E+00
  0.3828529E+01  0.3914831E+01 -0.8630235E-01  0.1714714E+00  0.1714714E+00
  0.3786139E+01  0.3861756E+01 -0.7561659E-01  0.1213861E+01  0.1213861E+01
  0.3743750E+01  0.3808681E+01 -0.6493082E-01 -0.7437503E+00  0.0000000E+00
  0.3701361E+01  0.3755606E+01 -0.5424505E-01  0.1298639E+01  0.1298639E+01
  0.3655330E+01  0.3702706E+01 -0.4737625E-01 -0.3655330E+01  0.0000000E+00
  0.3605656E+01  0.3649981E+01 -0.4432442E-01 -0.3605656E+01  0.0000000E+00
  0.3555983E+01  0.3597255E+01 -0.4127258E-01 -0.3555983E+01  0.0000000E+00
  0.3506309E+01  0.3544530E+01 -0.3822075E-01 -0.5063090E+00  0.0000000E+00
  0.3450615E+01  0.3492669E+01 -0.4205440E-01 -0.3450615E+01  0.0000000E+00
  0.3388900E+01  0.3441673E+01 -0.5277353E-01 -0.3888998E+00  0.0000000E+00
  0.3327185E+01  0.3390677E+01 -0.6349266E-01  0.1672815E+01  0.1672815E+01
  0.3265470E+01  0.3339682E+01 -0.7421180E-01 -0.2265470E+01  0.0000000E+00
  0.3212367E+01  0.3290412E+01 -0.7804523E-01  0.7876329E+00  0.7876329E+00
  0.3167877E+01  0.3242870E+01 -0.7499294E-01 -0.1678767E+00  0.0000000E+00
  0.3123386E+01  0.3195327E+01 -0.7194065E-01  0.8766136E+00  0.8766136E+00
  0.3078896E+01  0.3147784E+01 -0.6888837E-01 -0.1078896E+01  0.0000000E+00
  0.3037420E+01  0.3100959E+01 -0.6353816E-01 -0.2037420E+01  0.0000000E+00
  0.2998959E+01  0.3054849E+01 -0.5589003E-01  0.1001041E+01  0.1001041E+01
  0.2960498E+01  0.3008740E+01 -0.4824190E-01 -0.1960498E+01  0.0000000E+00
  0.2922037E+01  0.2962630E+01 -0.4059377E-01 -0.9220366E+00  0.0000000E+00
  0.2875550E+01  0.2916921E+01 -0.4137159E-01 -0.1875550E+01  0.0000000E+00
  0.2821037E+01  0.2871612E+01 -0.5057536E-01 -0.8210371E+00  0.0000000E+00
  0.2766524E+01  0.2826303E+01 -0.5977913E-01 -0.7665243E+00  0.0000000E+00
  0.2712012E+01  0.2780995E+01 -0.6898291E-01  0.2879884E+00  0.2879884E+00
  0.2668985E+01  0.2737207E+01 -0.6822202E-01 -0.6689847E+00  0.0000000E+00
  0.2637443E+01  0.2694939E+01 -0.5749649E-01  0.2362557E+01  0.2362557E+01
  0.2605901E+01  0.2652673E+01 -0.4677096E-01  0.1394099E+01  0.1394099E+01
  0.2574360E+01  0.2610405E+01 -0.3604542E-01 -0.1574360E+01  0.0000000E+00
  0.2535409E+01  0.2568397E+01 -0.3298756E-01 -0.2535409E+01  0.0000000E+00
  0.2489049E+01  0.2526646E+01 -0.3759736E-01 -0.2489049E+01  0.0000000E+00
  0.2442688E+01  0.2484895E+01 -0.4220716E-01 -0.1442688E+01  0.0000000E+00
  0.2396328E+01  0.2443145E+01 -0.4681696E-01  0.1603672E+01  0.1603672E+01
  0.2354979E+01  0.2402569E+01 -0.4758977E-01 -0.1354979E+01  0.0000000E+00
  0.2318641E+01  0.2363166E+01 -0.4452559E-01 -0.3186407E+00  0.0000000E+00
  0.2282303E+01  0.2323764E+01 -0.4146141E-01 -0.2282303E+01  0.0000000E+00
  0.2245965E+01  0.2284362E+01 -0.3839723E-01 -0.2459645E+00  0.0000000E+00
  0.2208822E+01  0.2245689E+01 -0.3686745E-01 -0.2088218E+00  0.0000000E+00
  0.2170874E+01  0.2207747E+01 -0.3687209E-01 -0.1708744E+00  0.0000000E+00
  0.2132927E+01  0.2169803E+01 -0.3687673E-01 -0.1329267E+00  0.0000000E+00
  0.2094979E+01  0.2131860E+01 -0.3688136E-01 -0.1094979E+01  0.0000000E+00
  0.2055574E+01  0.2094769E+01 -0.3919487E-01  0.9444256E+00  0.9444256E+00
  0.2014712E+01  0.2058529E+01 -0.4381726E-01 -0.2014712E+01  0.0000000E+00
  0.1973850E+01  0.2022290E+01 -0.4843964E-01  0.1026150E+01  0.1026150E+01
  0.1932988E+01  0.1986050E+01 -0.5306202E-01  0.2067012E+01  0.2067012E+01
  0.1900176E+01  0.1950936E+01 -0.5075992E-01 -0.9001763E+00  0.0000000E+00
  0.1875415E+01  0.1916948E+01 -0.4153333E-01 -0.8754150E+00  0.0000000E+00
  0.1850654E+01  0.1882960E+01 -0.3230674E-01 -0.1850654E+01  0.0000000E+00
  0.1825892E+01  0.1848973E+01 -0.2308016E-01 -0.1825892E+01  0.0000000E+00
  0.1795976E+01  0.1815215E+01 -0.1923894E-01  0.2040240E+00  0.2040240E+00
  0.1760904E+01  0.1781687E+01 -0.2078310E-01 -0.7609043E+00  0.0000000E+00
  0.1725833E+01  0.1748160E+01 -0.2232726E-01 -0.7258327E+00  0.0000000E+00
  0.1690761E+01  0.1714632E+01 -0.2387142E-01 -0.6907610E+00  0.0000000E+00
  0.1657377E+01  0.1682023E+01 -0.2464525E-01 -0.6573772E+00  0.0000000E+00
  0.1625681E+01  0.1650330E+01 -0.2464875E-01 -0.6256814E+00  0.0000000E+00
  0.1593986E+01  0.1618638E+01 -0.2465225E-01 -0.5939857E+00  0.0000000E+00
  0.1562290E+01  0.1586946E+01 -0.2465575E-01 -0.5622898E+00  0.0000000E+00
  0.1532216E+01  0.1556105E+01 -0.2388826E-01 -0.5322163E+00  0.0000000E+00
  0.1503765E+01  0.1526115E+01 -0.2234979E-01 -0.5037651E+00  0.0000000E+00
  0.1475314E+01  0.1496125E+01 -0.2081132E-01  0.5246861E+00  0.5246861E+00
  0.1446863E+01  0.1466136E+01 -0.1927285E-01 -0.1446863E+01  0.0000000E+00
  0.1419091E+01  0.1436824E+01 -0.1773380E-01 -0.1419091E+01  0.0000000E+00
  0.1391997E+01  0.1408192E+01 -0.1619420E-01 -0.3919973E+00  0.0000000E+00
  0.1364904E+01  0.1379559E+01 -0.1465459E-01 -0.3649043E+00  0.0000000E+00
  0.1337811E+01  0.1350926E+01 -0.1311498E-01 -0.1337811E+01  0.0000000E+00
  0.1312190E+01  0.1322992E+01 -0.1234517E-01 -0.3121903E+00  0.0000000E+00
  0.1288042E+01  0.1295758E+01 -0.1234517E-01 -0.1288042E+01  0.0000000E+00
  0.1263893E+01  0.1268523E+01  0.0000000E+00 -0.1263893E+01  0.0000000E+00
  0.1239745E+01  0.1241288E+01  0.0000000E+00 -0.1239745E+01  0.0000000E+00
  0.1213942E+01  0.1214715E+01  0.0000000E+00 -0.1213942E+01  0.0000000E+00
  0.1186486E+01  0.1188803E+01  0.0000000E+00 -0.1186486E+01  0.0000000E+00
  0.1159030E+01  0.1162892E+01 -0.6179912E-02 -0.1159030E+01  0.0000000E+00
  0.1131573E+01  0.1136981E+01 -0.6179912E-02 -0.1315731E+00  0.0000000E+00
  0.1105856E+01  0.1112036E+01 -0.6180446E-02 -0.1105856E+01  0.0000000E+00
  0.1081877E+01  0.1088059E+01 -0.6181516E-02 -0.1081877E+01  0.0000000E+00
  0.1057898E+01  0.1064081E+01 -0.6182585E-02 -0.5789840E-01  0.0000000E+00
  0.1033920E+01  0.1040104E+01 -0.6183655E-02 -0.1033920E+01  0.0000000E+00
  0.1010017E+01  0.1016975E+01 -0.6957963E-02 -0.1010017E+01  0.0000000E+00
  0.9861906E+00  0.9946962E+00 -0.8505509E-02 -0.9861906E+00  0.0000000E+00
  0.9623640E+00  0.9724171E+00 -0.1005306E-01  0.1037636E+01  0.1037636E+01
  0.9385373E+00  0.9501380E+00 -0.1160060E-01 -0.9385373E+00  0.0000000E+00
  0.9155857E+00  0.9287353E+00 -0.1314954E-01 -0.9155857E+00  0.0000000E+00
  0.8935090E+00  0.9082089E+00 -0.1469987E-01 -0.8935090E+00  0.0000000E+00
  0.8714324E+00  0.8876826E+00 -0.1625019E-01  0.1128568E+01  0.1128568E+01
  0.8493558E+00  0.8671563E+00 -0.1780052E-01 -0.8493558E+00  0.0000000E+00
  0.8288781E+00  0.8474550E+00 -0.1857697E-01  0.1711219E+00  0.1711219E+00
  0.8099993E+00  0.8285789E+00 -0.1857956E-01 -0.8099993E+00  0.0000000E+00
  0.7911206E+00  0.8097028E+00 -0.1858214E-01  0.2088794E+00  0.2088794E+00
  0.7722418E+00  0.7908266E+00 -0.1858473E-01 -0.7722418E+00  0.0000000E+00
  0.7563683E+00  0.7726311E+00 -0.1858602E-01  0.1243632E+01  0.1243632E+01
  0.7435000E+00  0.7551163E+00 -0.1858602E-01 -0.7435000E+00  0.0000000E+00
  0.7306316E+00  0.7376014E+00  0.0000000E+00 -0.7306316E+00  0.0000000E+00
  0.7177633E+00  0.7200866E+00  0.0000000E+00 -0.7177633E+00  0.0000000E+00
  0.7014374E+00  0.7029885E+00  0.0000000E+00 -0.7014374E+00  0.0000000E+00
  0.6816539E+00  0.6863072E+00  0.0000000E+00 -0.6816539E+00  0.0000000E+00
  0.6618704E+00  0.6696259E+00 -0.1240888E-01  0.3381296E+00  0.3381296E+00
  0.6420868E+00  0.6529446E+00 -0.1240888E-01 -0.6420868E+00  0.0000000E+00
  0.6255481E+00  0.6371819E+00 -0.1163374E-01 -0.6255481E+00  0.0000000E+00
  0.6122543E+00  0.6223378E+00 -0.1008345E-01  0.3877457E+00  0.3877457E+00
  0.5989605E+00  0.6074936E+00 -0.8533165E-02 -0.5989605E+00  0.0000000E+00
  0.5856667E+00  0.5926495E+00 -0.6982879E-02  0.4143333E+00  0.4143333E+00
  0.5722255E+00  0.5784338E+00 -0.6208231E-02 -0.5722255E+00  0.0000000E+00
  0.5586370E+00  0.5648463E+00 -0.6209222E-02 -0.5586370E+00  0.0000000E+00
  0.5450485E+00  0.5512587E+00 -0.6210213E-02 -0.5450485E+00  0.0000000E+00
  0.5314600E+00  0.5376713E+00 -0.6211204E-02  0.4685400E+00  0.4685400E+00
  0.5192648E+00  0.5247000E+00 -0.6211699E-02 -0.5192648E+00  0.0000000E+00
  0.5084626E+00  0.5123450E+00 -0.6211699E-02 -0.5084626E+00  0.0000000E+00
  0.4976605E+00  0.4999899E+00  0.0000000E+00 -0.4976605E+00  0.0000000E+00
  0.4868584E+00  0.4876348E+00  0.0000000E+00 -0.4868584E+00  0.0000000E+00
  0.4749618E+00  0.4757392E+00  0.0000000E+00 -0.4749618E+00  0.0000000E+00
  0.4619707E+00  0.4643028E+00  0.0000000E+00 -0.4619707E+00  0.0000000E+00
  0.4489796E+00  0.4528666E+00 -0.6219061E-02 -0.4489796E+00  0.0000000E+00
  0.4359886E+00  0.4414302E+00 -0.6219061E-02 -0.4359886E+00  0.0000000E+00
  0.4243130E+00  0.4305326E+00 -0.6219615E-02  0.5756870E+00  0.5756870E+00
  0.4139530E+00  0.4201737E+00 -0.6220723E-02 -0.4139530E+00  0.0000000E+00
  0.4035929E+00  0.4098148E+00 -0.6221831E-02 -0.4035929E+00  0.0000000E+00
  0.3932329E+00  0.3994558E+00 -0.6222939E-02 -0.3932329E+00  0.0000000E+00
  0.3824513E+00  0.3894538E+00 -0.7002572E-02  0.6175487E+00  0.6175487E+00
  0.3712480E+00  0.3798087E+00 -0.8560729E-02 -0.3712480E+00  0.0000000E+00
  0.3600447E+00  0.3701636E+00 -0.1011889E-01 -0.3600447E+00  0.0000000E+00
  0.3488415E+00  0.3605185E+00 -0.1167704E-01 -0.3488415E+00  0.0000000E+00
  0.3395763E+00  0.3512543E+00 -0.1167800E-01  0.1660424E+01  0.1660424E+01
  0.3322493E+00  0.3423710E+00 -0.1012175E-01 -0.3322493E+00  0.0000000E+00
  0.3249222E+00  0.3334877E+00 -0.8565503E-02 -0.3249222E+00  0.0000000E+00
  0.3175952E+00  0.3246044E+00 -0.7009257E-02 -0.3175952E+00  0.0000000E+00
  0.3104560E+00  0.3159082E+00 -0.6231133E-02 -0.3104560E+00  0.0000000E+00
  0.3035047E+00  0.3073991E+00 -0.6231133E-02  0.6964953E+00  0.6964953E+00
  0.2965533E+00  0.2988900E+00  0.0000000E+00 -0.2965533E+00  0.0000000E+00
  0.2896020E+00  0.2903809E+00  0.0000000E+00 -0.2896020E+00  0.0000000E+00
  0.2820807E+00  0.2820807E+00  0.0000000E+00 -0.2820807E+00  0.0000000E+00
  0.2739892E+00  0.2739892E+00  0.0000000E+00 -0.2739892E+00  0.0000000E+00
  0.2658977E+00  0.2658977E+00  0.0000000E+00 -0.2658977E+00  0.0000000E+00
  0.2578062E+00  0.2578062E+00  0.0000000E+00 -0.2578062E+00  0.0000000E+00
  0.2492807E+00  0.2500610E+00  0.0000000E+00 -0.2492807E+00  0.0000000E+00
  0.2403209E+00  0.2426621E+00  0.0000000E+00 -0.2403209E+00  0.0000000E+00
  0.2313612E+00  0.2352632E+00 -0.6243196E-02 -0.2313612E+00  0.0000000E+00
  0.2224014E+00  0.2278642E+00 -0.6243196E-02  0.7775986E+00  0.7775986E+00
  0.2154423E+00  0.2209051E+00 -0.6243196E-02 -0.2154423E+00  0.0000000E+00
  0.2104837E+00  0.2143857E+00 -0.6243196E-02 -0.2104837E+00  0.0000000E+00
  0.2055252E+00  0.2078664E+00  0.0000000E+00 -0.2055252E+00  0.0000000E+00
  0.2005667E+00  0.2013471E+00  0.0000000E+00 -0.2005667E+00  0.0000000E+00
  0.1950732E+00  0.1950732E+00  0.0000000E+00 -0.1950732E+00  0.0000000E+00
  0.1890448E+00  0.1890448E+00  0.0000000E+00 -0.1890448E+00  0.0000000E+00
  0.1830163E+00  0.1830163E+00  0.0000000E+00 -0.1830163E+00  0.0000000E+00
  0.1769879E+00  0.1769879E+00  0.0000000E+00 -0.1769879E+00  0.0000000E+00
  0.1713148E+00  0.1713148E+00  0.0000000E+00 -0.1713148E+00  0.0000000E+00
  0.1659971E+00  0.1659971E+00  0.0000000E+00 -0.1659971E+00  0.0000000E+00
  0.1606794E+00  0.1606794E+00  0.0000000E+00 -0.1606794E+00  0.0000000E+00
  0.1553617E+00  0.1553617E+00  0.0000000E+00 -0.1553617E+00  0.0000000E+00
  0.1504337E+00  0.1504337E+00  0.0000000E+00 -0.1504337E+00  0.0000000E+00
  0.1458953E+00  0.1458953E+00  0.0000000E+00 -0.1458953E+00  0.0000000E+00
  0.1413569E+00  0.1413569E+00  0.0000000E+00 -0.1413569E+00  0.0000000E+00
  0.1368185E+00  0.1368185E+00  0.0000000E+00 -0.1368185E+00  0.0000000E+00
  0.1326709E+00  0.1326709E+00  0.0000000E+00 -0.1326709E+00  0.0000000E+00
  0.1289141E+00  0.1289141E+00  0.0000000E+00 -0.1289141E+00  0.0000000E+00
  0.1251573E+00  0.1251573E+00  0.0000000E+00 -0.1251573E+00  0.0000000E+00
  0.1214005E+00  0.1214005E+00  0.0000000E+00 -0.1214005E+00  0.0000000E+00
  0.1172474E+00  0.1180309E+00  0.0000000E+00 -0.1172474E+00  0.0000000E+00
  0.1126980E+00  0.1150485E+00  0.0000000E+00 -0.1126980E+00  0.0000000E+00
  0.1081487E+00  0.1120661E+00 -0.6267798E-02 -0.1081487E+00  0.0000000E+00
  0.1035993E+00  0.1090837E+00 -0.6267798E-02 -0.1035993E+00  0.0000000E+00
  0.1002739E+00  0.1065422E+00 -0.6268256E-02  0.8997261E+00  0.8997261E+00
  0.9817240E-01  0.1044416E+00 -0.6269170E-02 -0.9817240E-01  0.0000000E+00
  0.9607089E-01  0.1023410E+00 -0.6270086E-02 -0.9607089E-01  0.0000000E+00
  0.9396937E-01  0.1002404E+00 -0.6271000E-02 -0.9396937E-01  0.0000000E+00
  0.9291527E-01  0.9840280E-01 -0.6271458E-02 -0.9291527E-01  0.0000000E+00
  0.9290858E-01  0.9682824E-01 -0.6271458E-02  0.9070914E+00  0.9070914E+00
  0.9290188E-01  0.9525368E-01  0.0000000E+00 -0.9290188E-01  0.0000000E+00
  0.9289518E-01  0.9367912E-01  0.0000000E+00 -0.9289518E-01  0.0000000E+00
  0.9218410E-01  0.9218410E-01  0.0000000E+00 -0.9218410E-01  0.0000000E+00
  0.9076864E-01  0.9076864E-01  0.0000000E+00 -0.9076864E-01  0.0000000E+00
  0.8935317E-01  0.8935317E-01  0.0000000E+00 -0.8935317E-01  0.0000000E+00
  0.8793770E-01  0.8793770E-01  0.0000000E+00 -0.8793770E-01  0.0000000E+00
  0.8664308E-01  0.8664308E-01  0.0000000E+00 -0.8664308E-01  0.0000000E+00
  0.8546933E-01  0.8546933E-01  0.0000000E+00 -0.8546933E-01  0.0000000E+00
  0.8429556E-01  0.8429556E-01  0.0000000E+00 -0.8429556E-01  0.0000000E+00
  0.8312181E-01  0.8312181E-01  0.0000000E+00 -0.8312181E-01  0.0000000E+00
  0.8203094E-01  0.8203094E-01  0.0000000E+00 -0.8203094E-01  0.0000000E+00
  0.8102299E-01  0.8102299E-01  0.0000000E+00 -0.8102299E-01  0.0000000E+00
  0.8001502E-01  0.8001502E-01  0.0000000E+00 -0.8001502E-01  0.0000000E+00
  0.7900706E-01  0.7900706E-01  0.0000000E+00 -0.7900706E-01  0.0000000E+00
  0.7804496E-01  0.7804496E-01  0.0000000E+00 -0.7804496E-01  0.0000000E+00
  0.7712871E-01  0.7712871E-01  0.0000000E+00 -0.7712871E-01  0.0000000E+00
  0.7621247E-01  0.7621247E-01  0.0000000E+00 -0.7621247E-01  0.0000000E+00
  0.7529622E-01  0.7529622E-01  0.0000000E+00 -0.7529622E-01  0.0000000E+00
  0.7441078E-01  0.7441078E-01  0.0000000E+00 -0.7441078E-01  0.0000000E+00
  0.7355615E-01  0.7355615E-01  0.0000000E+00 -0.7355615E-01  0.0000000E+00
  0.7270154E-01  0.7270154E-01  0.0000000E+00 -0.7270154E-01  0.0000000E+00
  0.7184691E-01  0.7184691E-01  0.0000000E+00 -0.7184691E-01  0.0000000E+00
  0.7101541E-01  0.7101541E-01  0.0000000E+00 -0.7101541E-01  0.0000000E+00
  0.7020703E-01  0.7020703E-01  0.0000000E+00 -0.7020703E-01  0.0000000E+00
  0.6939866E-01  0.6939866E-01  0.0000000E+00 -0.6939866E-01  0.0000000E+00
  0.6859028E-01  0.6859028E-01  0.0000000E+00 -0.6859028E-01  0.0000000E+00
  0.6780097E-01  0.6780097E-01  0.0000000E+00 -0.6780097E-01  0.0000000E+00
  0.6703073E-01  0.6703073E-01  0.0000000E+00 -0.6703073E-01  0.0000000E+00
  0.6626049E-01  0.6626049E-01  0.0000000E+00 -0.6626049E-01  0.0000000E+00
  0.6549025E-01  0.6549025E-01  0.0000000E+00 -0.6549025E-01  0.0000000E+00
  0.6473523E-01  0.6473523E-01  0.0000000E+00 -0.6473523E-01  0.0000000E+00
  0.6399544E-01  0.6399544E-01  0.0000000E+00 -0.6399544E-01  0.0000000E+00
  0.6325564E-01  0.6325564E-01  0.0000000E+00 -0.6325564E-01  0.0000000E+00
  0.6251584E-01  0.6251584E-01  0.0000000E+00 -0.6251584E-01  0.0000000E+00
  0.6179036E-01  0.6179036E-01  0.0000000E+00 -0.6179036E-01  0.0000000E+00
  0.6107920E-01  0.6107920E-01  0.0000000E+00 -0.6107920E-01  0.0000000E+00
  0.6036804E-01  0.6036804E-01  0.0000000E+00 -0.6036804E-01  0.0000000E+00
  0.5965688E-01  0.5965688E-01  0.0000000E+00 -0.5965688E-01  0.0000000E+00
  0.5895959E-01  0.5895959E-01  0.0000000E+00 -0.5895959E-01  0.0000000E+00
  0.5827616E-01  0.5827616E-01  0.0000000E+00 -0.5827616E-01  0.0000000E+00
  0.5759272E-01  0.5759272E-01  0.0000000E+00 -0.5759272E-01  0.0000000E+00
  0.5690929E-01  0.5690929E-01  0.0000000E+00 -0.5690929E-01  0.0000000E+00
  0.5623962E-01  0.5623962E-01  0.0000000E+00 -0.5623962E-01  0.0000000E+00
  0.5558373E-01  0.5558373E-01  0.0000000E+00 -0.5558373E-01  0.0000000E+00
  0.5492782E-01  0.5492782E-01  0.0000000E+00 -0.5492782E-01  0.0000000E+00
  0.5427193E-01  0.5427193E-01  0.0000000E+00 -0.5427193E-01  0.0000000E+00
  0.5362898E-01  0.5362898E-01  0.0000000E+00 -0.5362898E-01  0.0000000E+00
  0.5299900E-01  0.5299900E-01  0.0000000E+00 -0.5299900E-01  0.0000000E+00
  0.5236902E-01  0.5236902E-01  0.0000000E+00 -0.5236902E-01  0.0000000E+00
  0.5173904E-01  0.5173904E-01  0.0000000E+00 -0.5173904E-01  0.0000000E+00
  0.5112214E-01  0.5112214E-01  0.0000000E+00 -0.5112214E-01  0.0000000E+00
  0.5051832E-01  0.5051832E-01  0.0000000E+00 -0.5051832E-01  0.0000000E+00
  0.4991449E-01  0.4991449E-01  0.0000000E+00 -0.4991449E-01  0.0000000E+00
  0.4931067E-01  0.4931067E-01  0.0000000E+00 -0.4931067E-01  0.0000000E+00
  0.4871878E-01  0.4871878E-01  0.0000000E+00 -0.4871878E-01  0.0000000E+00
  0.4813883E-01  0.4813883E-01  0.0000000E+00 -0.4813883E-01  0.0000000E+00
  0.4755887E-01  0.4755887E-01  0.0000000E+00 -0.4755887E-01  0.0000000E+00
  0.4697892E-01  0.4697892E-01  0.0000000E+00 -0.4697892E-01  0.0000000E+00
  0.4641040E-01  0.4641040E-01  0.0000000E+00 -0.4641040E-01  0.0000000E+00
  0.4585330E-01  0.4585330E-01  0.0000000E+00 -0.4585330E-01  0.0000000E+00
  0.4529621E-01  0.4529621E-01  0.0000000E+00 -0.4529621E-01  0.0000000E+00
  0.4473912E-01  0.4473912E-01  0.0000000E+00 -0.4473912E-01  0.0000000E+00
  0.4340115E-01  0.4419342E-01  0.0000000E+00 -0.4340115E-01  0.0000000E+00
  0.4128232E-01  0.4365914E-01  0.0000000E+00 -0.4128232E-01  0.0000000E+00
  0.3916349E-01  0.4312485E-01 -0.6338167E-02 -0.3916349E-01  0.0000000E+00
  0.3704466E-01  0.4259056E-01 -0.6338167E-02  0.9629554E+00  0.9629554E+00
  0.3660901E-01  0.4215491E-01 -0.6338167E-02 -0.3660901E-01  0.0000000E+00
  0.3785655E-01  0.4181790E-01 -0.6338167E-02 -0.3785655E-01  0.0000000E+00
  0.3910408E-01  0.4148090E-01  0.0000000E+00 -0.3910408E-01  0.0000000E+00
  0.4035162E-01  0.4114389E-01  0.0000000E+00 -0.4035162E-01  0.0000000E+00
  0.4071277E-01  0.4071277E-01  0.0000000E+00 -0.4071277E-01  0.0000000E+00
  0.4018755E-01  0.4018755E-01  0.0000000E+00 -0.4018755E-01  0.0000000E+00
  0.3966233E-01  0.3966233E-01  0.0000000E+00 -0.3966233E-01  0.0000000E+00
  0.3913710E-01  0.3913710E-01  0.0000000E+00 -0.3913710E-01  0.0000000E+00
  0.3782107E-01  0.3861484E-01  0.0000000E+00 -0.3782107E-01  0.0000000E+00
  0.3571424E-01  0.3809552E-01  0.0000000E+00 -0.3571424E-01  0.0000000E+00
  0.3360739E-01  0.3757621E-01 -0.6350098E-02 -0.3360739E-01  0.0000000E+00
  0.3150056E-01  0.3705689E-01 -0.6350098E-02 -0.3150056E-01  0.0000000E+00
  0.3109221E-01  0.3664855E-01 -0.6350098E-02 -0.3109221E-01  0.0000000E+00
  0.3238236E-01  0.3635117E-01 -0.6350098E-02  0.9676176E+00  0.9676176E+00
  0.3367251E-01  0.3605380E-01  0.0000000E+00 -0.3367251E-01  0.0000000E+00
  0.3496266E-01  0.3575642E-01  0.0000000E+00 -0.3496266E-01  0.0000000E+00
  0.3536758E-01  0.3536758E-01  0.0000000E+00 -0.3536758E-01  0.0000000E+00
  0.3488729E-01  0.3488729E-01  0.0000000E+00 -0.3488729E-01  0.0000000E+00
  0.3440699E-01  0.3440699E-01  0.0000000E+00 -0.3440699E-01  0.0000000E+00
  0.3392669E-01  0.3392669E-01  0.0000000E+00 -0.3392669E-01  0.0000000E+00
  0.3344845E-01  0.3344845E-01  0.0000000E+00 -0.3344845E-01  0.0000000E+00
  0.3297227E-01  0.3297227E-01  0.0000000E+00 -0.3297227E-01  0.0000000E+00
  0.3249609E-01  0.3249609E-01  0.0000000E+00 -0.3249609E-01  0.0000000E+00
  0.3201992E-01  0.3201992E-01  0.0000000E+00 -0.3201992E-01  0.0000000E+00
  0.3156666E-01  0.3156666E-01  0.0000000E+00 -0.3156666E-01  0.0000000E+00
  0.3113634E-01  0.3113634E-01  0.0000000E+00 -0.3113634E-01  0.0000000E+00
  0.3070602E-01  0.3070602E-01  0.0000000E+00 -0.3070602E-01  0.0000000E+00
  0.3027569E-01  0.3027569E-01  0.0000000E+00 -0.3027569E-01  0.0000000E+00
  0.2985939E-01  0.2985939E-01  0.0000000E+00 -0.2985939E-01  0.0000000E+00
  0.2945713E-01  0.2945713E-01  0.0000000E+00 -0.2945713E-01  0.0000000E+00
  0.2905486E-01  0.2905486E-01  0.0000000E+00 -0.2905486E-01  0.0000000E+00
  0.2865259E-01  0.2865259E-01  0.0000000E+00 -0.2865259E-01  0.0000000E+00
  0.2746509E-01  0.2826168E-01  0.0000000E+00 -0.2746509E-01  0.0000000E+00
  0.2549237E-01  0.2788214E-01  0.0000000E+00 -0.2549237E-01  0.0000000E+00
  0.2351964E-01  0.2750259E-01 -0.6372713E-02  0.9764804E+00  0.9764804E+00
  0.2154692E-01  0.2712305E-01 -0.6372713E-02 -0.2154692E-01  0.0000000E+00
  0.2126399E-01  0.2684011E-01 -0.6372713E-02 -0.2126399E-01  0.0000000E+00
  0.2267085E-01  0.2665380E-01 -0.6372713E-02 -0.2267085E-01  0.0000000E+00
  0.2407771E-01  0.2646748E-01  0.0000000E+00 -0.2407771E-01  0.0000000E+00
  0.2548457E-01  0.2628116E-01  0.0000000E+00 -0.2548457E-01  0.0000000E+00
  0.2520072E-01  0.2599839E-01  0.0000000E+00 -0.2520072E-01  0.0000000E+00
  0.2322617E-01  0.2561916E-01  0.0000000E+00 -0.2322617E-01  0.0000000E+00
  0.2125161E-01  0.2523993E-01 -0.6381314E-02 -0.2125161E-01  0.0000000E+00
  0.1927705E-01  0.2486070E-01 -0.6381314E-02  0.9807230E+00  0.9807230E+00
  0.1898406E-01  0.2456771E-01 -0.6381314E-02 -0.1898406E-01  0.0000000E+00
  0.2037263E-01  0.2436095E-01 -0.6381314E-02 -0.2037263E-01  0.0000000E+00
  0.2176120E-01  0.2415419E-01  0.0000000E+00 -0.2176120E-01  0.0000000E+00
  0.2314977E-01  0.2394743E-01  0.0000000E+00 -0.2314977E-01  0.0000000E+00
  0.2365807E-01  0.2365807E-01  0.0000000E+00 -0.2365807E-01  0.0000000E+00
  0.2328609E-01  0.2328609E-01  0.0000000E+00 -0.2328609E-01  0.0000000E+00
  0.2291412E-01  0.2291412E-01  0.0000000E+00 -0.2291412E-01  0.0000000E+00
  0.2254215E-01  0.2254215E-01  0.0000000E+00 -0.2254215E-01  0.0000000E+00
  0.2217463E-01  0.2217463E-01  0.0000000E+00 -0.2217463E-01  0.0000000E+00
  0.2181156E-01  0.2181156E-01  0.0000000E+00 -0.2181156E-01  0.0000000E+00
  0.2144850E-01  0.2144850E-01  0.0000000E+00 -0.2144850E-01  0.0000000E+00
  0.2108544E-01  0.2108544E-01  0.0000000E+00 -0.2108544E-01  0.0000000E+00
  0.2074711E-01  0.2074711E-01  0.0000000E+00 -0.2074711E-01  0.0000000E+00
  0.2043351E-01  0.2043351E-01  0.0000000E+00 -0.2043351E-01  0.0000000E+00
  0.2011991E-01  0.2011991E-01  0.0000000E+00 -0.2011991E-01  0.0000000E+00
  0.1980630E-01  0.1980630E-01  0.0000000E+00 -0.1980630E-01  0.0000000E+00
  0.1950663E-01  0.1950663E-01  0.0000000E+00 -0.1950663E-01  0.0000000E+00
  0.1922088E-01  0.1922088E-01  0.0000000E+00 -0.1922088E-01  0.0000000E+00
  0.1893512E-01  0.1893512E-01  0.0000000E+00 -0.1893512E-01  0.0000000E+00
  0.1864937E-01  0.1864937E-01  0.0000000E+00 -0.1864937E-01  0.0000000E+00
  0.1837404E-01  0.1837404E-01  0.0000000E+00 -0.1837404E-01  0.0000000E+00
  0.1810914E-01  0.1810914E-01  0.0000000E+00 -0.1810914E-01  0.0000000E+00
  0.1784423E-01  0.1784423E-01  0.0000000E+00 -0.1784423E-01  0.0000000E+00
  0.1757933E-01  0.1757933E-01  0.0000000E+00 -0.1757933E-01  0.0000000E+00
  0.1732256E-01  0.1732256E-01  0.0000000E+00 -0.1732256E-01  0.0000000E+00
  0.1707392E-01  0.1707392E-01  0.0000000E+00 -0.1707392E-01  0.0000000E+00
  0.1682528E-01  0.1682528E-01  0.0000000E+00 -0.1682528E-01  0.0000000E+00
  0.1657664E-01  0.1657664E-01  0.0000000E+00 -0.1657664E-01  0.0000000E+00
  0.1645232E-01  0.1633349E-01  0.0000000E+00 -0.1645232E-01  0.0000000E+00
  0.1645232E-01  0.1609583E-01  0.0000000E+00 -0.1645232E-01  0.0000000E+00
 -0.2217169E+00  0.1585817E-01 -0.2372185E+00  0.2217169E+00  0.2217169E+00
 -0.2217169E+00  0.1562051E-01 -0.2372185E+00  0.2217169E+00  0.2217169E+00
 -0.2217169E+00  0.1550168E-01 -0.2372185E+00  0.2217169E+00  0.2217169E+00
 -0.2217169E+00  0.1550168E-01 -0.2372185E+00  0.3722172E+02  0.3722172E+02
