 File:671132.spo  Solution Type:Thick  fitting 1231 channels (  70-1300)
 Channel#, E(keV),   Data,        Fit, Residual,    Data-Fit
   70,   0.426,     3943.,        0.00,    0.01,     3943.00
   71,   0.446,     3850.,        0.00,    0.01,     3850.00
   72,   0.466,     3691.,        0.01,   -0.01,     3690.99
   73,   0.486,     3614.,        0.01,   -0.01,     3613.99
   74,   0.506,     3513.,        0.03,   -0.02,     3512.97
   75,   0.526,     3392.,        0.04,   -0.06,     3391.96
   76,   0.546,     3353.,        0.06,   -0.06,     3352.94
   77,   0.566,     3281.,        0.08,   -0.08,     3280.92
   78,   0.586,     3090.,        0.09,   -0.09,     3089.91
   79,   0.606,     3161.,        0.13,   -0.09,     3160.87
   80,   0.626,     3056.,        0.16,   -0.09,     3055.84
   81,   0.646,     2925.,        0.25,   -0.07,     2924.75
   82,   0.666,     2961.,        0.43,   -0.07,     2960.57
   83,   0.687,     2972.,        0.85,   -0.06,     2971.15
   84,   0.707,     2945.,        1.64,   -0.04,     2943.36
   85,   0.727,     2754.,        3.07,   -0.03,     2750.93
   86,   0.747,     2867.,        5.49,   -0.06,     2861.51
   87,   0.767,     2867.,        9.24,   -0.08,     2857.76
   88,   0.787,     2723.,       14.46,   -0.11,     2708.54
   89,   0.807,     2749.,       20.92,   -0.07,     2728.08
   90,   0.827,     2715.,       27.81,   -0.06,     2687.19
   91,   0.847,     2766.,       33.85,   -0.09,     2732.15
   92,   0.867,     2779.,       37.61,   -0.02,     2741.40
   93,   0.887,     2745.,       38.15,   -0.03,     2706.85
   94,   0.907,     2699.,       35.27,   -0.02,     2663.73
   95,   0.927,     2725.,       29.80,    0.00,     2695.20
   96,   0.947,     2719.,       23.16,   -0.01,     2695.84
   97,   0.967,     2604.,       16.78,    0.04,     2587.22
   98,   0.987,     2661.,       11.74,    0.12,     2649.26
   99,   1.007,     2638.,        8.37,    0.09,     2629.63
  100,   1.027,     2698.,        6.47,    0.00,     2691.53
  101,   1.047,     2645.,        5.45,    0.04,     2639.55
  102,   1.067,     2592.,        5.00,   -0.10,     2587.00
  103,   1.087,     2513.,        4.56,   -0.09,     2508.44
  104,   1.108,     2562.,        3.91,   -0.17,     2558.09
  105,   1.128,     2448.,        3.13,   -0.24,     2444.87
  106,   1.148,     2582.,        2.31,   -0.24,     2579.69
  107,   1.168,     2559.,        1.56,   -0.17,     2557.44
  108,   1.188,     2571.,        0.95,   -0.12,     2570.05
  109,   1.208,     2508.,        0.53,    0.09,     2507.47
  110,   1.228,     2576.,        0.27,   -0.04,     2575.73
  111,   1.248,     2546.,        0.13,    0.07,     2545.87
  112,   1.268,     2561.,        0.03,   -0.02,     2560.97
  113,   1.288,     2448.,        0.13,   -0.08,     2447.87
  114,   1.308,     2633.,        0.30,   -0.23,     2632.70
  115,   1.328,     2574.,        0.65,   -0.42,     2573.35
  116,   1.348,     2562.,        1.29,   -0.27,     2560.71
  117,   1.368,     2514.,        2.56,    0.02,     2511.44
  118,   1.388,     2511.,        4.71,    0.02,     2506.29
  119,   1.408,     2704.,        8.21,    0.15,     2695.79
  120,   1.428,     2650.,       13.58,    0.33,     2636.42
  121,   1.448,     2648.,       21.22,    0.28,     2626.78
  122,   1.468,     2724.,       31.25,    0.48,     2692.75
  123,   1.488,     2707.,       43.15,    0.29,     2663.85
  124,   1.509,     2619.,       55.73,    0.15,     2563.27
  125,   1.529,     2638.,       67.21,   -0.17,     2570.79
  126,   1.549,     2729.,       75.83,   -0.93,     2653.17
  127,   1.569,     2685.,       80.60,   -1.12,     2604.40
  128,   1.589,     2702.,       82.04,   -1.52,     2619.96
  129,   1.609,     2656.,       82.51,   -1.65,     2573.49
  130,   1.629,     2767.,       85.71,   -1.69,     2681.29
  131,   1.649,     2733.,       95.66,   -1.72,     2637.34
  132,   1.669,     2912.,      116.31,   -1.35,     2795.69
  133,   1.689,     3093.,      152.53,   -0.91,     2940.47
  134,   1.709,     3095.,      213.21,   -0.48,     2881.79
  135,   1.729,     3454.,      317.55,   -0.26,     3136.45
  136,   1.749,     3714.,      504.23,   -0.26,     3209.77
  137,   1.769,     4178.,      840.50,   -0.42,     3337.50
  138,   1.789,     4722.,     1426.66,   -0.20,     3295.34
  139,   1.809,     5762.,     2387.50,   -0.22,     3374.50
  140,   1.829,     7426.,     3840.47,    0.09,     3585.53
  141,   1.849,     9524.,     5837.23,    0.69,     3686.77
  142,   1.869,    12116.,     8293.17,    1.21,     3822.83
  143,   1.889,    14832.,    10940.04,    1.75,     3891.96
  144,   1.909,    17584.,    13343.90,    1.59,     4240.10
  145,   1.930,    19136.,    15009.28,    1.38,     4126.72
  146,   1.950,    19712.,    15542.35,    0.87,     4169.65
  147,   1.970,    18488.,    14802.06,    0.45,     3685.94
  148,   1.990,    16544.,    12958.81,   -0.05,     3585.19
  149,   2.010,    13908.,    10429.76,   -0.62,     3478.24
  150,   2.030,    11268.,     7724.00,   -0.94,     3544.00
  151,   2.050,     9004.,     5277.88,   -0.96,     3726.12
  152,   2.070,     6922.,     3353.63,   -0.75,     3568.37
  153,   2.090,     5780.,     2026.92,   -0.18,     3753.08
  154,   2.110,     4852.,     1240.47,    0.17,     3611.53
  155,   2.130,     4498.,      878.03,   -0.02,     3619.97
  156,   2.150,     4536.,      820.60,    0.15,     3715.40
  157,   2.170,     4490.,      970.32,   -0.60,     3519.68
  158,   2.190,     4904.,     1247.54,   -1.10,     3656.46
  159,   2.210,     5358.,     1578.86,   -0.84,     3779.14
  160,   2.230,     5486.,     1889.11,   -0.84,     3596.89
  161,   2.250,     5708.,     2106.16,   -0.08,     3601.84
  162,   2.270,     5974.,     2175.86,    0.43,     3798.14
  163,   2.290,     5930.,     2077.72,    0.29,     3852.28
  164,   2.310,     5688.,     1831.67,    0.94,     3856.33
  165,   2.331,     5392.,     1490.30,    1.49,     3901.70
  166,   2.351,     4960.,     1119.78,    1.18,     3840.22
  167,   2.371,     4614.,      779.31,    1.17,     3834.69
  168,   2.391,     4402.,      507.87,    0.67,     3894.13
  169,   2.411,     4080.,      322.44,   -0.26,     3757.56
  170,   2.431,     4083.,      225.09,   -0.47,     3857.91
  171,   2.451,     3980.,      213.89,   -0.34,     3766.11
  172,   2.471,     4071.,      290.60,   -0.50,     3780.40
  173,   2.491,     4264.,      461.77,   -0.90,     3802.23
  174,   2.511,     4550.,      732.39,   -0.88,     3817.60
  175,   2.531,     4842.,     1094.54,   -0.68,     3747.46
  176,   2.551,     5452.,     1516.86,   -0.46,     3935.14
  177,   2.571,     5786.,     1941.09,    0.03,     3844.91
  178,   2.591,     6024.,     2291.34,   -0.46,     3732.66
  179,   2.611,     6470.,     2495.25,   -0.58,     3974.75
  180,   2.631,     6358.,     2508.43,   -0.77,     3849.57
  181,   2.651,     6328.,     2331.48,   -1.24,     3996.52
  182,   2.671,     5844.,     2010.27,   -1.60,     3833.73
  183,   2.691,     5560.,     1619.12,   -1.42,     3940.88
  184,   2.711,     5102.,     1235.03,   -2.43,     3866.97
  185,   2.731,     4942.,      914.66,   -2.29,     4027.34
  186,   2.752,     4768.,      683.04,   -2.12,     4084.96
  187,   2.772,     4694.,      535.39,   -1.74,     4158.61
  188,   2.792,     4540.,      448.26,   -1.35,     4091.74
  189,   2.812,     4608.,      393.14,   -1.13,     4214.86
  190,   2.832,     4796.,      346.99,   -1.07,     4449.01
  191,   2.852,     4818.,      297.35,   -0.55,     4520.65
  192,   2.872,     4758.,      241.81,   -0.53,     4516.19
  193,   2.892,     4714.,      184.46,   -0.50,     4529.54
  194,   2.912,     4726.,      131.41,   -0.03,     4594.59
  195,   2.932,     4898.,       87.44,   -0.97,     4810.56
  196,   2.952,     4896.,       54.57,   -1.54,     4841.43
  197,   2.972,     5008.,       32.48,   -1.43,     4975.52
  198,   2.992,     5046.,       19.43,   -1.98,     5026.57
  199,   3.012,     4962.,       13.99,   -2.09,     4948.01
  200,   3.032,     5236.,       16.38,   -1.93,     5219.62
  201,   3.052,     5550.,       29.92,   -1.97,     5520.08
  202,   3.072,     5406.,       62.63,   -2.69,     5343.37
  203,   3.092,     5588.,      129.47,   -3.34,     5458.53
  204,   3.112,     5994.,      254.10,   -3.52,     5739.90
  205,   3.132,     6414.,      469.65,   -4.18,     5944.35
  206,   3.153,     6832.,      815.37,   -5.17,     6016.63
  207,   3.173,     7470.,     1328.66,   -5.56,     6141.34
  208,   3.193,     8252.,     2030.49,   -5.73,     6221.51
  209,   3.213,     9552.,     2907.07,   -4.91,     6644.93
  210,   3.233,    10796.,     3894.67,   -4.08,     6901.33
  211,   3.253,    11980.,     4876.51,   -3.37,     7103.49
  212,   3.273,    13096.,     5699.58,   -3.87,     7396.42
  213,   3.293,    14228.,     6211.39,   -4.33,     8016.61
  214,   3.313,    14596.,     6306.40,   -4.70,     8289.60
  215,   3.333,    14680.,     5965.13,   -3.91,     8714.87
  216,   3.353,    14100.,     5271.41,   -0.09,     8828.59
  217,   3.373,    13472.,     4411.58,    2.79,     9060.42
  218,   3.393,    13132.,     3681.55,    3.83,     9450.45
  219,   3.413,    13560.,     3556.65,    2.70,    10003.35
  220,   3.433,    15856.,     4895.17,    0.22,    10960.83
  221,   3.453,    20928.,     9345.00,   -2.75,    11583.00
  222,   3.473,    31832.,    19973.05,   -5.84,    11858.95
  223,   3.493,    53808.,    42005.66,   -8.28,    11802.34
  224,   3.513,    93088.,    83338.80,   -9.99,     9749.20
  225,   3.533,   163200.,   154214.22,  -10.39,     8985.78
  226,   3.553,   274048.,   265358.56,   -9.04,     8689.44
  227,   3.574,   437248.,   424221.88,   -5.98,    13026.13
  228,   3.594,   648448.,   629890.38,   -1.69,    18557.63
  229,   3.614,   899328.,   868523.81,    3.58,    30804.19
  230,   3.634,  1158656.,  1112004.75,    8.66,    46651.25
  231,   3.654,  1384448.,  1321966.50,   12.88,    62481.50
  232,   3.674,  1531392.,  1459182.13,   15.60,    72209.88
  233,   3.694,  1569792.,  1495412.25,   16.41,    74379.75
  234,   3.714,  1488384.,  1422935.50,   15.16,    65448.50
  235,   3.734,  1309184.,  1257204.75,   11.99,    51979.25
  236,   3.754,  1069568.,  1031649.06,    7.44,    37918.94
  237,   3.774,   810496.,   786830.06,    2.37,    23665.94
  238,   3.794,   572160.,   559034.00,   -2.46,    13126.00
  239,   3.814,   380288.,   372586.28,   -6.01,     7701.72
  240,   3.834,   241856.,   237811.06,   -8.12,     4044.94
  241,   3.854,   156480.,   153684.27,   -9.05,     2795.73
  242,   3.874,   112704.,   112557.96,   -8.81,      146.04
  243,   3.894,   103296.,   104400.80,   -8.07,    -1104.80
  244,   3.914,   115296.,   119224.88,   -7.69,    -3928.88
  245,   3.934,   141056.,   147763.17,   -7.92,    -6707.17
  246,   3.954,   171648.,   181303.61,  -10.30,    -9655.61
  247,   3.975,   200576.,   211668.94,  -13.84,   -11092.94
  248,   3.995,   219328.,   231844.36,  -17.60,   -12516.36
  249,   4.015,   224704.,   237100.38,  -19.85,   -12396.38
  250,   4.035,   213056.,   226007.53,  -19.29,   -12951.53
  251,   4.055,   189760.,   200657.13,  -15.98,   -10897.13
  252,   4.075,   156736.,   165874.33,  -11.21,    -9138.33
  253,   4.095,   120096.,   127644.10,   -5.63,    -7548.10
  254,   4.115,    85824.,    91422.38,   -0.56,    -5598.38
  255,   4.135,    57968.,    60938.21,    4.46,    -2970.21
  256,   4.155,    36272.,    37799.27,    8.40,    -1527.27
  257,   4.175,    21560.,    21817.81,   11.47,     -257.81
  258,   4.195,    11896.,    11717.96,   14.35,      178.04
  259,   4.215,     6394.,     5855.82,   16.22,      538.18
  260,   4.235,     3367.,     2722.83,   17.08,      644.17
  261,   4.255,     1795.,     1178.37,   17.10,      616.63
  262,   4.275,     1034.,      475.48,   15.07,      558.52
  263,   4.295,      732.,      180.83,   11.86,      551.17
  264,   4.315,      598.,       68.33,    8.49,      529.67
  265,   4.335,      469.,       32.12,    4.18,      436.88
  266,   4.355,      436.,       26.92,    1.46,      409.08
  267,   4.375,      460.,       35.68,   -1.16,      424.32
  268,   4.396,      419.,       52.28,   -2.90,      366.72
  269,   4.416,      415.,       74.12,   -3.67,      340.88
  270,   4.436,      507.,       98.73,   -2.30,      408.27
  271,   4.456,      483.,      122.90,   -0.72,      360.10
  272,   4.476,      452.,      142.82,   -0.41,      309.18
  273,   4.496,      468.,      154.96,    1.04,      313.04
  274,   4.516,      465.,      157.05,    0.81,      307.95
  275,   4.536,      444.,      148.78,   -1.38,      295.22
  276,   4.556,      385.,      131.92,   -1.98,      253.08
  277,   4.576,      369.,      109.71,   -1.79,      259.29
  278,   4.596,      295.,       85.87,   -2.70,      209.13
  279,   4.616,      257.,       63.60,   -2.62,      193.40
  280,   4.636,      244.,       44.95,   -3.00,      199.05
  281,   4.656,      238.,       30.68,   -2.82,      207.32
  282,   4.676,      229.,       20.60,   -1.59,      208.40
  283,   4.696,      190.,       13.93,   -1.05,      176.07
  284,   4.716,      173.,        9.81,   -0.44,      163.19
  285,   4.736,      165.,        7.59,   -1.18,      157.41
  286,   4.756,      215.,        6.95,   -1.26,      208.05
  287,   4.776,      155.,        7.74,   -1.57,      147.26
  288,   4.797,      141.,        9.99,   -1.78,      131.01
  289,   4.817,      123.,       13.79,   -1.57,      109.21
  290,   4.837,      149.,       19.01,   -1.19,      129.99
  291,   4.857,      179.,       25.20,   -2.23,      153.80
  292,   4.877,      170.,       31.67,   -1.08,      138.33
  293,   4.897,      163.,       37.51,   -0.44,      125.49
  294,   4.917,      157.,       41.76,    0.29,      115.24
  295,   4.937,      165.,       43.57,    1.46,      121.43
  296,   4.957,      175.,       42.60,    0.05,      132.40
  297,   4.977,      154.,       39.02,   -1.15,      114.98
  298,   4.997,      140.,       33.48,   -1.55,      106.52
  299,   5.017,      123.,       26.92,   -1.96,       96.08
  300,   5.037,      109.,       20.30,   -2.22,       88.70
  301,   5.057,      115.,       14.36,   -1.96,      100.64
  302,   5.077,      126.,        9.57,   -1.49,      116.43
  303,   5.097,       95.,        6.05,   -1.22,       88.95
  304,   5.117,       95.,        3.66,   -0.30,       91.34
  305,   5.137,      118.,        2.18,    0.94,      115.82
  306,   5.157,      112.,        1.41,    0.97,      110.59
  307,   5.177,      100.,        1.01,   -0.25,       98.99
  308,   5.197,      108.,        0.86,    0.78,      107.14
  309,   5.218,       95.,        0.97,    0.91,       94.03
  310,   5.238,       96.,        1.22,   -0.05,       94.78
  311,   5.258,       90.,        1.54,   -0.55,       88.46
  312,   5.278,      104.,        1.92,   -0.02,      102.08
  313,   5.298,       93.,        2.35,   -0.92,       90.65
  314,   5.318,      106.,        2.81,   -0.92,      103.19
  315,   5.338,      107.,        3.32,    0.27,      103.68
  316,   5.358,       96.,        3.82,    1.85,       92.18
  317,   5.378,       90.,        4.32,    0.82,       85.68
  318,   5.398,       94.,        4.85,    0.58,       89.15
  319,   5.418,      113.,        5.52,   -0.56,      107.48
  320,   5.438,      116.,        6.50,   -1.20,      109.50
  321,   5.458,       85.,        7.96,   -1.04,       77.04
  322,   5.478,       96.,       10.32,   -0.87,       85.68
  323,   5.498,       95.,       13.92,    0.03,       81.08
  324,   5.518,      106.,       19.02,   -0.18,       86.98
  325,   5.538,      107.,       25.64,   -0.80,       81.36
  326,   5.558,      127.,       33.26,   -1.40,       93.74
  327,   5.578,      149.,       41.14,   -0.22,      107.86
  328,   5.598,      150.,       48.33,   -0.07,      101.67
  329,   5.619,      144.,       53.41,    1.32,       90.59
  330,   5.639,      114.,       55.73,    2.51,       58.27
  331,   5.659,      166.,       54.60,    2.03,      111.40
  332,   5.679,      136.,       50.47,    1.14,       85.53
  333,   5.699,      146.,       44.15,    0.52,      101.85
  334,   5.719,      132.,       36.75,   -0.09,       95.25
  335,   5.739,      113.,       29.52,    0.88,       83.48
  336,   5.759,      103.,       23.43,   -0.15,       79.57
  337,   5.779,      110.,       19.11,   -0.08,       90.89
  338,   5.799,       84.,       16.72,   -0.35,       67.28
  339,   5.819,       94.,       16.10,   -0.81,       77.90
  340,   5.839,       97.,       16.83,   -1.61,       80.17
  341,   5.859,       90.,       18.35,   -0.56,       71.65
  342,   5.879,      110.,       20.13,   -1.18,       89.87
  343,   5.899,       91.,       21.66,    0.63,       69.34
  344,   5.919,       96.,       22.59,    0.68,       73.41
  345,   5.939,      103.,       22.72,    1.02,       80.28
  346,   5.959,       97.,       22.02,    1.25,       74.98
  347,   5.979,      110.,       20.67,    1.86,       89.33
  348,   5.999,       77.,       18.85,    1.92,       58.15
  349,   6.019,       92.,       16.89,    1.38,       75.11
  350,   6.040,       77.,       15.10,    0.47,       61.90
  351,   6.060,       94.,       13.76,   -1.22,       80.24
  352,   6.080,       78.,       13.26,   -2.43,       64.74
  353,   6.100,       66.,       14.05,   -2.09,       51.95
  354,   6.120,       75.,       17.05,   -2.90,       57.95
  355,   6.140,       73.,       23.90,   -2.16,       49.10
  356,   6.160,       82.,       37.58,   -2.49,       44.42
  357,   6.180,      117.,       62.86,   -2.28,       54.14
  358,   6.200,      162.,      106.65,   -2.09,       55.35
  359,   6.220,      251.,      177.65,   -0.57,       73.35
  360,   6.240,      385.,      285.49,    0.12,       99.51
  361,   6.260,      503.,      438.25,    2.92,       64.75
  362,   6.280,      693.,      638.76,    3.87,       54.24
  363,   6.300,      983.,      881.05,    4.63,      101.95
  364,   6.320,     1222.,     1147.88,    4.03,       74.12
  365,   6.340,     1577.,     1410.95,    3.39,      166.05
  366,   6.360,     1730.,     1635.10,    2.12,       94.90
  367,   6.380,     1851.,     1785.62,    1.51,       65.38
  368,   6.400,     1849.,     1836.93,   -0.56,       12.07
  369,   6.420,     1814.,     1779.97,   -1.45,       34.03
  370,   6.441,     1589.,     1624.21,   -3.54,      -35.21
  371,   6.461,     1394.,     1395.81,   -4.60,       -1.81
  372,   6.481,     1072.,     1129.61,   -5.38,      -57.61
  373,   6.501,      860.,      861.02,   -4.75,       -1.02
  374,   6.521,      614.,      618.15,   -4.53,       -4.15
  375,   6.541,      440.,      418.14,   -2.36,       21.86
  376,   6.561,      295.,      266.78,   -1.05,       28.22
  377,   6.581,      200.,      160.76,    1.59,       39.24
  378,   6.601,      144.,       91.87,    2.19,       52.13
  379,   6.621,      108.,       50.19,    3.67,       57.81
  380,   6.641,       88.,       26.69,    3.77,       61.31
  381,   6.661,       89.,       14.48,    4.07,       74.52
  382,   6.681,       52.,        8.55,    2.99,       43.45
  383,   6.701,       60.,        6.06,    2.45,       53.94
  384,   6.721,       54.,        5.42,    0.57,       48.58
  385,   6.741,       57.,        5.70,   -0.48,       51.30
  386,   6.761,       49.,        6.68,   -2.39,       42.32
  387,   6.781,       70.,        8.46,   -2.69,       61.54
  388,   6.801,       59.,       11.40,   -2.24,       47.60
  389,   6.821,       67.,       16.06,   -1.49,       50.94
  390,   6.841,       86.,       23.28,   -1.64,       62.72
  391,   6.862,       83.,       34.18,    0.49,       48.82
  392,   6.882,      119.,       50.01,    0.47,       68.99
  393,   6.902,      151.,       71.83,    0.49,       79.17
  394,   6.922,      151.,      100.33,    1.51,       50.67
  395,   6.942,      225.,      135.21,    1.45,       89.79
  396,   6.962,      241.,      174.94,    1.58,       66.06
  397,   6.982,      283.,      216.20,    1.34,       66.80
  398,   7.002,      345.,      254.70,    1.39,       90.30
  399,   7.022,      358.,      285.54,    2.61,       72.46
  400,   7.042,      364.,      304.49,    2.99,       59.51
  401,   7.062,      362.,      309.29,    2.91,       52.71
  402,   7.082,      392.,      300.40,    3.04,       91.60
  403,   7.102,      346.,      282.13,    3.78,       63.87
  404,   7.122,      334.,      262.30,    2.16,       71.70
  405,   7.142,      305.,      252.41,    0.87,       52.59
  406,   7.162,      308.,      266.93,    0.41,       41.07
  407,   7.182,      389.,      322.75,   -1.37,       66.25
  408,   7.202,      418.,      438.19,   -2.87,      -20.19
  409,   7.222,      614.,      629.87,   -3.76,      -15.87
  410,   7.242,      921.,      908.81,   -3.62,       12.19
  411,   7.263,     1258.,     1275.31,   -3.42,      -17.31
  412,   7.283,     1643.,     1713.77,   -2.57,      -70.77
  413,   7.303,     2187.,     2189.71,   -1.73,       -2.71
  414,   7.323,     2717.,     2652.04,   -0.65,       64.96
  415,   7.343,     3073.,     3040.39,    0.63,       32.61
  416,   7.363,     3393.,     3297.83,    1.38,       95.17
  417,   7.383,     3446.,     3384.03,    2.38,       61.97
  418,   7.403,     3385.,     3285.97,    3.47,       99.03
  419,   7.423,     3120.,     3021.23,    3.94,       98.77
  420,   7.443,     2662.,     2633.63,    3.65,       28.37
  421,   7.463,     2190.,     2182.31,    2.83,        7.69
  422,   7.483,     1811.,     1728.49,    3.02,       82.51
  423,   7.503,     1422.,     1323.93,    1.78,       98.07
  424,   7.523,      974.,     1003.92,    1.04,      -29.92
  425,   7.543,      762.,      785.70,    0.49,      -23.70
  426,   7.563,      688.,      670.05,    0.19,       17.95
  427,   7.583,      573.,      645.49,   -2.65,      -72.49
  428,   7.603,      649.,      691.80,   -4.89,      -42.80
  429,   7.623,      730.,      783.50,   -5.20,      -53.50
  430,   7.643,      805.,      892.60,   -5.68,      -87.60
  431,   7.663,      801.,      991.77,   -6.90,     -190.77
  432,   7.684,      954.,     1057.62,   -6.21,     -103.62
  433,   7.704,      995.,     1074.47,   -4.96,      -79.47
  434,   7.724,     1005.,     1036.12,   -4.61,      -31.12
  435,   7.744,      899.,      947.19,   -2.68,      -48.19
  436,   7.764,      783.,      820.25,    0.84,      -37.25
  437,   7.784,      677.,      673.01,    2.82,        3.99
  438,   7.804,      520.,      523.95,    4.41,       -3.95
  439,   7.824,      428.,      388.39,    5.05,       39.61
  440,   7.844,      267.,      276.36,    5.73,       -9.36
  441,   7.864,      219.,      192.26,    4.74,       26.74
  442,   7.884,      145.,      135.57,    3.61,        9.43
  443,   7.904,      117.,      102.51,    2.65,       14.49
  444,   7.924,       94.,       87.63,    1.31,        6.37
  445,   7.944,       82.,       85.04,    0.62,       -3.04
  446,   7.964,       78.,       89.43,   -0.98,      -11.43
  447,   7.984,       84.,       96.12,   -1.71,      -12.12
  448,   8.004,       98.,      101.58,   -2.34,       -3.58
  449,   8.024,       89.,      103.52,   -2.07,      -14.52
  450,   8.044,      100.,      100.85,   -2.28,       -0.85
  451,   8.064,       83.,       93.67,   -0.73,      -10.67
  452,   8.085,       85.,       82.96,   -0.13,        2.04
  453,   8.105,       64.,       70.30,    0.21,       -6.30
  454,   8.125,       53.,       57.39,    0.87,       -4.39
  455,   8.145,       50.,       45.66,    0.47,        4.34
  456,   8.165,       31.,       36.05,    0.54,       -5.05
  457,   8.185,       21.,       28.90,    0.10,       -7.90
  458,   8.205,       14.,       24.02,   -0.10,      -10.02
  459,   8.225,       11.,       20.86,   -0.96,       -9.86
  460,   8.245,       13.,       18.84,   -2.37,       -5.84
  461,   8.265,       18.,       17.27,   -3.40,        0.73
  462,   8.285,        9.,       15.70,   -3.84,       -6.70
  463,   8.305,        8.,       13.88,   -3.41,       -5.88
  464,   8.325,        4.,       11.85,   -2.54,       -7.85
  465,   8.345,        7.,        9.63,   -0.90,       -2.63
  466,   8.365,        6.,        7.56,    0.69,       -1.56
  467,   8.385,        7.,        5.71,    0.27,        1.29
  468,   8.405,        8.,        4.22,    1.05,        3.78
  469,   8.425,        7.,        3.18,    1.15,        3.82
  470,   8.445,       17.,        2.62,    2.73,       14.38
  471,   8.465,       14.,        2.55,    3.86,       11.45
  472,   8.485,        8.,        2.92,    5.35,        5.08
  473,   8.506,       13.,        3.66,    5.87,        9.34
  474,   8.526,        4.,        4.65,    4.31,       -0.65
  475,   8.546,       18.,        5.83,    3.48,       12.17
  476,   8.566,       19.,        7.09,    2.12,       11.91
  477,   8.586,       18.,        8.19,    0.75,        9.81
  478,   8.606,       20.,        8.97,    0.37,       11.03
  479,   8.626,        8.,        9.34,   -0.12,       -1.34
  480,   8.646,       14.,        9.22,    0.79,        4.78
  481,   8.666,       14.,        8.71,   -0.07,        5.29
  482,   8.686,       10.,        7.82,   -0.97,        2.18
  483,   8.706,       11.,        6.71,   -1.46,        4.29
  484,   8.726,       12.,        5.55,   -1.68,        6.45
  485,   8.746,       10.,        4.49,   -1.33,        5.51
  486,   8.766,        4.,        3.63,   -0.52,        0.37
  487,   8.786,        4.,        3.03,   -0.24,        0.97
  488,   8.806,        8.,        2.70,    0.49,        5.30
  489,   8.826,        8.,        2.57,    0.56,        5.43
  490,   8.846,        5.,        2.60,   -0.61,        2.40
  491,   8.866,        7.,        2.63,   -1.55,        4.37
  492,   8.886,        6.,        2.72,   -0.61,        3.28
  493,   8.907,        6.,        2.73,   -0.48,        3.27
  494,   8.927,        4.,        2.60,   -0.42,        1.40
  495,   8.947,        4.,        2.39,   -0.50,        1.61
  496,   8.967,        2.,        2.09,    0.16,       -0.09
  497,   8.987,        6.,        1.74,   -0.52,        4.26
  498,   9.007,        4.,        1.37,   -0.52,        2.63
  499,   9.027,        6.,        1.03,   -0.06,        4.97
  500,   9.047,        4.,        0.73,    0.49,        3.27
  501,   9.067,        5.,        0.49,    0.59,        4.51
  502,   9.087,        2.,        0.31,    1.23,        1.69
  503,   9.107,        4.,        0.19,    0.92,        3.81
  504,   9.127,        3.,        0.11,    0.05,        2.89
  505,   9.147,        3.,        0.00,   -0.38,        3.00
  506,   9.167,        3.,        0.00,   -0.47,        3.00
  507,   9.187,        2.,        0.00,   -1.24,        2.00
  508,   9.207,        2.,        0.00,   -0.93,        2.00
  509,   9.227,        0.,        0.00,   -0.53,        0.00
  510,   9.247,        3.,        0.00,   -0.76,        3.00
  511,   9.267,        4.,        0.00,   -0.39,        4.00
  512,   9.287,        2.,        0.00,   -0.19,        2.00
  513,   9.307,        2.,        0.00,    0.04,        2.00
  514,   9.328,        7.,        0.03,    0.44,        6.97
  515,   9.348,        2.,        0.06,    1.80,        1.94
  516,   9.368,        4.,        0.10,    1.32,        3.90
  517,   9.388,        3.,        0.16,    1.09,        2.84
  518,   9.408,        2.,        0.24,    0.54,        1.76
  519,   9.428,        5.,        0.36,    1.29,        4.64
  520,   9.448,        6.,        0.50,   -0.41,        5.50
  521,   9.468,        2.,        0.67,   -0.01,        1.33
  522,   9.488,        3.,        0.85,   -0.27,        2.15
  523,   9.508,        0.,        1.02,   -0.33,       -1.02
  524,   9.528,        6.,        1.17,   -0.85,        4.83
  525,   9.548,        1.,        1.27,   -0.64,       -0.27
  526,   9.568,        6.,        1.32,   -0.77,        4.68
  527,   9.588,        3.,        1.30,   -0.35,        1.70
  528,   9.608,        3.,        1.21,   -0.46,        1.79
  529,   9.628,        1.,        1.08,    0.43,       -0.08
  530,   9.648,        4.,        0.92,    0.13,        3.08
  531,   9.668,        5.,        0.74,    0.74,        4.26
  532,   9.688,        3.,        0.57,    0.20,        2.43
  533,   9.708,        1.,        0.41,   -0.04,        0.59
  534,   9.728,        4.,        0.29,   -0.37,        3.71
  535,   9.749,        2.,        0.19,   -0.12,        1.81
  536,   9.769,        1.,        0.12,   -0.34,        0.88
  537,   9.789,        2.,        0.10,   -0.73,        1.90
  538,   9.809,        1.,        0.05,   -0.57,        0.95
  539,   9.829,        2.,        0.11,    0.06,        1.89
  540,   9.849,        2.,        0.20,    0.02,        1.80
  541,   9.869,        2.,        0.35,   -0.29,        1.65
  542,   9.889,        2.,        0.59,    0.91,        1.41
  543,   9.909,        4.,        0.94,    0.04,        3.06
  544,   9.929,        4.,        1.43,   -0.95,        2.57
  545,   9.949,        8.,        2.08,   -0.47,        5.92
  546,   9.969,        2.,        2.88,   -0.15,       -0.88
  547,   9.989,        7.,        3.79,   -0.96,        3.21
  548,  10.009,        6.,        4.76,    0.62,        1.24
  549,  10.029,        5.,        5.68,    1.22,       -0.68
  550,  10.049,       11.,        6.47,    1.65,        4.53
  551,  10.069,        8.,        7.01,    0.18,        0.99
  552,  10.089,        4.,        7.24,    0.17,       -3.24
  553,  10.109,       17.,        7.11,   -0.38,        9.89
  554,  10.129,       14.,        6.66,   -0.09,        7.34
  555,  10.150,       10.,        5.94,    0.17,        4.06
  556,  10.170,        2.,        5.04,   -0.39,       -3.04
  557,  10.190,        4.,        4.08,   -0.23,       -0.08
  558,  10.210,        5.,        3.14,    1.35,        1.86
  559,  10.230,        5.,        2.31,   -0.36,        2.69
  560,  10.250,        2.,        1.61,   -1.65,        0.39
  561,  10.270,        1.,        1.07,   -1.84,       -0.07
  562,  10.290,        4.,        0.68,   -1.08,        3.32
  563,  10.310,        5.,        0.41,   -1.30,        4.59
  564,  10.330,        3.,        0.24,    0.19,        2.76
  565,  10.350,        2.,        0.13,    0.59,        1.87
  566,  10.370,        3.,        0.07,    1.58,        2.93
  567,  10.390,        2.,        0.00,    1.46,        2.00
  568,  10.410,        2.,        0.00,    1.00,        2.00
  569,  10.430,        5.,        0.00,    0.50,        5.00
  570,  10.450,        2.,        0.00,    0.52,        2.00
  571,  10.470,        4.,        0.00,    0.09,        4.00
  572,  10.490,        3.,        0.00,   -0.11,        3.00
  573,  10.510,        3.,        0.00,    0.40,        3.00
  574,  10.530,        1.,        0.00,   -0.12,        1.00
  575,  10.550,        2.,        0.00,   -1.10,        2.00
  576,  10.571,        1.,        0.00,   -0.82,        1.00
  577,  10.591,        4.,        0.00,   -0.71,        4.00
  578,  10.611,        4.,        0.00,   -0.96,        4.00
  579,  10.631,        0.,        0.00,   -0.43,        0.00
  580,  10.651,        1.,        0.00,    0.82,        1.00
  581,  10.671,        3.,        0.00,    0.57,        3.00
  582,  10.691,        4.,        0.00,    0.98,        4.00
  583,  10.711,        2.,        0.00,    1.29,        2.00
  584,  10.731,        6.,        0.00,    1.51,        6.00
  585,  10.751,        5.,        0.04,    1.52,        4.96
  586,  10.771,        1.,        0.09,    2.29,        0.91
  587,  10.791,        2.,        0.17,    2.43,        1.83
  588,  10.811,        3.,        0.32,    2.67,        2.68
  589,  10.831,        3.,        0.58,    3.04,        2.42
  590,  10.851,        1.,        0.98,    3.26,        0.02
  591,  10.871,        4.,        1.60,    2.85,        2.40
  592,  10.891,        4.,        2.48,    3.46,        1.52
  593,  10.911,        1.,        3.67,    2.07,       -2.67
  594,  10.931,        3.,        5.20,    1.31,       -2.20
  595,  10.951,        8.,        7.03,   -0.06,        0.97
  596,  10.972,        6.,        9.07,   -0.85,       -3.07
  597,  10.992,        8.,       11.17,   -3.00,       -3.17
  598,  11.012,        2.,       13.14,   -4.05,      -11.14
  599,  11.032,        7.,       14.75,   -4.86,       -7.75
  600,  11.052,        4.,       15.82,   -5.38,      -11.82
  601,  11.072,        6.,       16.21,   -6.67,      -10.21
  602,  11.092,        5.,       15.87,   -6.29,      -10.87
  603,  11.112,        8.,       14.86,   -5.62,       -6.86
  604,  11.132,        3.,       13.33,   -3.90,      -10.33
  605,  11.152,        4.,       11.52,   -2.65,       -7.52
  606,  11.172,        3.,        9.65,   -0.30,       -6.65
  607,  11.192,        5.,        7.97,    1.54,       -2.97
  608,  11.212,        3.,        6.65,    2.87,       -3.65
  609,  11.232,        2.,        5.82,    2.79,       -3.82
  610,  11.252,        3.,        5.50,    3.76,       -2.50
  611,  11.272,        4.,        5.67,    3.96,       -1.67
  612,  11.292,        5.,        6.22,    3.51,       -1.22
  613,  11.312,        1.,        7.02,    2.04,       -6.02
  614,  11.332,        2.,        7.89,    0.53,       -5.89
  615,  11.352,        4.,        8.67,   -0.92,       -4.67
  616,  11.372,        6.,        9.20,   -2.20,       -3.20
  617,  11.393,        5.,        9.33,   -2.90,       -4.33
  618,  11.413,        2.,        9.14,   -3.80,       -7.14
  619,  11.433,        0.,        8.55,   -3.19,       -8.55
  620,  11.453,        1.,        7.64,   -2.75,       -6.64
  621,  11.473,        1.,        6.52,   -2.40,       -5.52
  622,  11.493,        4.,        5.32,   -1.75,       -1.32
  623,  11.513,        0.,        4.15,   -1.07,       -4.15
  624,  11.533,        2.,        3.09,   -0.57,       -1.09
  625,  11.553,        1.,        2.20,    0.62,       -1.20
  626,  11.573,        1.,        1.49,    1.68,       -0.49
  627,  11.593,        2.,        0.97,    2.31,        1.03
  628,  11.613,        1.,        0.60,    2.31,        0.40
  629,  11.633,        0.,        0.36,    2.77,       -0.36
  630,  11.653,        1.,        0.20,    2.31,        0.80
  631,  11.673,        2.,        0.11,    1.98,        1.89
  632,  11.693,        0.,        0.06,    1.61,       -0.06
  633,  11.713,        1.,        0.00,    0.97,        1.00
  634,  11.733,        2.,        0.00,    0.79,        2.00
  635,  11.753,        0.,        0.00,    1.03,        0.00
  636,  11.773,        1.,        0.00,    0.71,        1.00
  637,  11.794,        1.,        0.00,    0.20,        1.00
  638,  11.814,        0.,        0.00,    0.34,        0.00
  639,  11.834,        0.,        0.00,    0.25,        0.00
  640,  11.854,        3.,        0.00,   -0.14,        3.00
  641,  11.874,        0.,        0.00,   -0.34,        0.00
  642,  11.894,        0.,        0.00,   -0.27,        0.00
  643,  11.914,        1.,        0.00,   -0.28,        1.00
  644,  11.934,        0.,        0.00,   -0.37,        0.00
  645,  11.954,        0.,        0.00,   -0.29,        0.00
  646,  11.974,        0.,        0.00,   -0.47,        0.00
  647,  11.994,        1.,        0.00,   -0.12,        1.00
  648,  12.014,        1.,        0.00,   -0.12,        1.00
  649,  12.034,        0.,        0.00,    0.05,        0.00
  650,  12.054,        0.,        0.00,    0.14,        0.00
  651,  12.074,        1.,        0.00,    0.06,        1.00
  652,  12.094,        2.,        0.00,    0.31,        2.00
  653,  12.114,        0.,        0.00,    0.14,        0.00
  654,  12.134,        2.,        0.00,    0.14,        2.00
  655,  12.154,        1.,        0.00,    0.39,        1.00
  656,  12.174,        0.,        0.00,    0.48,        0.00
  657,  12.194,        0.,        0.00,    0.48,        0.00
  658,  12.215,        0.,        0.00,    0.05,        0.00
  659,  12.235,        1.,        0.00,   -0.03,        1.00
  660,  12.255,        1.,        0.00,   -0.30,        1.00
  661,  12.275,        1.,        0.00,   -0.55,        1.00
  662,  12.295,        1.,        0.00,   -0.38,        1.00
  663,  12.315,        0.,        0.00,   -0.30,        0.00
  664,  12.335,        0.,        0.00,    0.05,        0.00
  665,  12.355,        0.,        0.00,    0.14,        0.00
  666,  12.375,        0.,        0.00,    0.05,        0.00
  667,  12.395,        1.,        0.00,    0.13,        1.00
  668,  12.415,        0.,        0.00,   -0.13,        0.00
  669,  12.435,        1.,        0.00,   -0.13,        1.00
  670,  12.455,        2.,        0.00,   -0.21,        2.00
  671,  12.475,        0.,        0.00,   -0.12,        0.00
  672,  12.495,        1.,        0.00,    0.14,        1.00
  673,  12.515,        0.,        0.00,    0.05,        0.00
  674,  12.535,        0.,        0.00,    0.30,        0.00
  675,  12.555,        0.,        0.00,    0.13,        0.00
  676,  12.575,        1.,        0.00,   -0.05,        1.00
  677,  12.595,        1.,        0.00,    0.14,        1.00
  678,  12.616,        0.,        0.00,   -0.20,        0.00
  679,  12.636,        1.,        0.00,   -0.12,        1.00
  680,  12.656,        0.,        0.00,   -0.12,        0.00
  681,  12.676,        1.,        0.00,   -0.04,        1.00
  682,  12.696,        2.,        0.00,   -0.05,        2.00
  683,  12.716,        0.,        0.00,    0.05,        0.00
  684,  12.736,        0.,        0.00,    0.48,        0.00
  685,  12.756,        0.,        0.00,    0.30,        0.00
  686,  12.776,        0.,        0.00,    0.22,        0.00
  687,  12.796,        0.,        0.00,    0.05,        0.00
  688,  12.816,        2.,        0.00,   -0.22,        2.00
  689,  12.836,        2.,        0.00,    0.04,        2.00
  690,  12.856,        0.,        0.00,   -0.05,        0.00
  691,  12.876,        0.,        0.00,    0.04,        0.00
  692,  12.896,        0.,        0.00,    0.05,        0.00
  693,  12.916,        0.,        0.00,    0.05,        0.00
  694,  12.936,        1.,        0.00,   -0.14,        1.00
  695,  12.956,        0.,        0.00,   -0.65,        0.00
  696,  12.976,        0.,        0.00,   -0.48,        0.00
  697,  12.996,        1.,        0.00,   -0.64,        1.00
  698,  13.016,        0.,        0.00,   -0.30,        0.00
  699,  13.037,        0.,        0.00,   -0.12,        0.00
  700,  13.057,        0.,        0.00,   -0.21,        0.00
  701,  13.077,        1.,        0.00,    0.22,        1.00
  702,  13.097,        0.,        0.00,    0.05,        0.00
  703,  13.117,        2.,        0.00,    0.06,        2.00
  704,  13.137,        1.,        0.00,    0.06,        1.00
  705,  13.157,        0.,        0.00,   -0.02,        0.00
  706,  13.177,        2.,        0.00,   -0.02,        2.00
  707,  13.197,        0.,        0.00,   -0.02,        0.00
  708,  13.217,        2.,        0.00,    0.17,        2.00
  709,  13.237,        0.,        0.00,    0.25,        0.00
  710,  13.257,        0.,        0.00,    0.08,        0.00
  711,  13.277,        1.,        0.00,    0.17,        1.00
  712,  13.297,        1.,        0.00,    0.34,        1.00
  713,  13.317,        2.,        0.00,    0.34,        2.00
  714,  13.337,        2.,        0.00,    0.09,        2.00
  715,  13.357,        0.,        0.00,    0.17,        0.00
  716,  13.377,        1.,        0.00,    0.26,        1.00
  717,  13.397,        3.,        0.00,    0.26,        3.00
  718,  13.417,        0.,        0.00,    0.25,        0.00
  719,  13.438,        2.,        0.00,   -0.01,        2.00
  720,  13.458,        0.,        0.00,    0.33,        0.00
  721,  13.478,        0.,        0.00,    0.51,        0.00
  722,  13.498,        1.,        0.00,    0.33,        1.00
  723,  13.518,        0.,        0.00,   -0.11,        0.00
  724,  13.538,        1.,        0.00,   -0.02,        1.00
  725,  13.558,        3.,        0.00,   -0.02,        3.00
  726,  13.578,        1.,        0.00,    0.15,        1.00
  727,  13.598,        0.,        0.00,    0.09,        0.00
  728,  13.618,        0.,        0.00,   -0.13,        0.00
  729,  13.638,        0.,        0.00,    0.09,        0.00
  730,  13.658,        1.,        0.00,    0.01,        1.00
  731,  13.678,        0.,        0.00,   -0.54,        0.00
  732,  13.698,        0.,        0.00,   -0.92,        0.00
  733,  13.718,        0.,        0.00,   -0.78,        0.00
  734,  13.738,        0.,        0.00,   -1.19,        0.00
  735,  13.758,        0.,        0.03,   -1.40,       -0.03
  736,  13.778,        0.,        0.06,   -1.92,       -0.06
  737,  13.798,        0.,        0.11,   -1.86,       -0.11
  738,  13.818,        1.,        0.24,   -2.22,        0.76
  739,  13.838,        2.,        0.42,   -2.40,        1.58
  740,  13.859,        1.,        0.71,   -0.94,        0.29
  741,  13.879,        0.,        1.16,   -0.53,       -1.16
  742,  13.899,        4.,        1.83,   -0.28,        2.17
  743,  13.919,        5.,        2.77,    0.81,        2.23
  744,  13.939,        4.,        4.07,    2.30,       -0.07
  745,  13.959,       15.,        5.75,    2.21,        9.25
  746,  13.979,       11.,        7.85,    2.44,        3.15
  747,  13.999,       13.,       10.33,    2.66,        2.67
  748,  14.019,       20.,       13.11,    3.02,        6.89
  749,  14.039,       26.,       16.07,    2.54,        9.93
  750,  14.059,       21.,       19.01,    2.06,        1.99
  751,  14.079,       24.,       21.69,    1.27,        2.31
  752,  14.099,       26.,       23.89,    0.85,        2.11
  753,  14.119,       29.,       25.38,    0.74,        3.62
  754,  14.139,       24.,       26.02,   -0.30,       -2.02
  755,  14.159,       20.,       25.73,   -1.34,       -5.73
  756,  14.179,       25.,       24.53,   -1.73,        0.47
  757,  14.199,       21.,       22.56,   -1.67,       -1.56
  758,  14.219,       21.,       19.99,   -1.94,        1.01
  759,  14.239,       12.,       17.08,   -2.52,       -5.08
  760,  14.260,       13.,       14.06,   -2.22,       -1.06
  761,  14.280,        9.,       11.15,   -1.03,       -2.15
  762,  14.300,        7.,        8.52,   -1.18,       -1.52
  763,  14.320,        5.,        6.26,   -0.99,       -1.26
  764,  14.340,        2.,        4.43,   -0.97,       -2.43
  765,  14.360,        1.,        3.02,    0.00,       -2.02
  766,  14.380,        2.,        1.98,   -0.01,        0.02
  767,  14.400,        0.,        1.25,   -0.12,       -1.25
  768,  14.420,        0.,        0.71,    0.18,       -0.71
  769,  14.440,        1.,        0.42,    0.27,        0.58
  770,  14.460,        0.,        0.24,    0.78,       -0.24
  771,  14.480,        0.,        0.13,    0.71,       -0.13
  772,  14.500,        0.,        0.07,    0.62,       -0.07
  773,  14.520,        0.,        0.00,    0.66,        0.00
  774,  14.540,        0.,        0.00,    0.65,        0.00
  775,  14.560,        0.,        0.00,    0.45,        0.00
  776,  14.580,        0.,        0.00,    0.28,        0.00
  777,  14.600,        0.,        0.00,    0.05,        0.00
  778,  14.620,        0.,        0.00,    0.07,        0.00
  779,  14.640,        0.,        0.00,   -0.12,        0.00
  780,  14.660,        0.,        0.00,   -0.26,        0.00
  781,  14.681,        0.,        0.00,   -0.30,        0.00
  782,  14.701,        0.,        0.00,   -0.32,        0.00
  783,  14.721,        0.,        0.00,   -0.15,        0.00
  784,  14.741,        0.,        0.00,   -0.16,        0.00
  785,  14.761,        0.,        0.00,   -0.07,        0.00
  786,  14.781,        0.,        0.00,    0.11,        0.00
  787,  14.801,        0.,        0.00,    0.20,        0.00
  788,  14.821,        1.,        0.00,    0.11,        1.00
  789,  14.841,        0.,        0.00,    0.11,        0.00
  790,  14.861,        1.,        0.00,    0.11,        1.00
  791,  14.881,        1.,        0.00,    0.29,        1.00
  792,  14.901,        1.,        0.00,    0.29,        1.00
  793,  14.921,        0.,        0.00,    0.46,        0.00
  794,  14.941,        0.,        0.00,    0.46,        0.00
  795,  14.961,        0.,        0.00,    0.46,        0.00
  796,  14.981,        1.,        0.00,    0.20,        1.00
  797,  15.001,        0.,        0.00,    0.03,        0.00
  798,  15.021,        1.,        0.00,   -0.14,        1.00
  799,  15.041,        1.,        0.00,   -0.14,        1.00
  800,  15.061,        0.,        0.00,   -0.06,        0.00
  801,  15.082,        0.,        0.00,   -0.06,        0.00
  802,  15.102,        0.,        0.00,    0.02,        0.00
  803,  15.122,        0.,        0.00,    0.11,        0.00
  804,  15.142,        0.,        0.00,   -0.07,        0.00
  805,  15.162,        0.,        0.00,   -0.24,        0.00
  806,  15.182,        0.,        0.00,   -0.24,        0.00
  807,  15.202,        1.,        0.00,   -0.33,        1.00
  808,  15.222,        0.,        0.00,   -0.24,        0.00
  809,  15.242,        0.,        0.00,   -0.24,        0.00
  810,  15.262,        0.,        0.00,    0.02,        0.00
  811,  15.282,        0.,        0.00,    0.10,        0.00
  812,  15.302,        0.,        0.00,    0.10,        0.00
  813,  15.322,        0.,        0.00,    0.02,        0.00
  814,  15.342,        0.,        0.00,   -0.05,        0.00
  815,  15.362,        1.,        0.00,   -0.04,        1.00
  816,  15.382,        0.,        0.00,   -0.17,        0.00
  817,  15.402,        0.,        0.00,   -0.20,        0.00
  818,  15.422,        1.,        0.00,   -0.22,        1.00
  819,  15.442,        0.,        0.00,    0.02,        0.00
  820,  15.462,        0.,        0.00,   -0.04,        0.00
  821,  15.482,        0.,        0.00,   -0.34,        0.00
  822,  15.503,        0.,        0.00,   -0.39,        0.00
  823,  15.523,        0.,        0.00,   -0.77,        0.00
  824,  15.543,        1.,        0.07,   -0.34,        0.93
  825,  15.563,        1.,        0.12,   -0.76,        0.88
  826,  15.583,        0.,        0.20,   -0.50,       -0.20
  827,  15.603,        0.,        0.30,   -0.23,       -0.30
  828,  15.623,        2.,        0.46,    0.23,        1.54
  829,  15.643,        1.,        0.66,    1.32,        0.34
  830,  15.663,        3.,        0.92,    1.05,        2.08
  831,  15.683,        0.,        1.24,    0.88,       -1.24
  832,  15.703,        3.,        1.60,    0.59,        1.40
  833,  15.723,        5.,        1.99,    1.01,        3.01
  834,  15.743,        4.,        2.39,    0.97,        1.61
  835,  15.763,        8.,        2.77,    0.15,        5.23
  836,  15.783,        2.,        3.09,    0.20,       -1.09
  837,  15.803,        4.,        3.33,    0.42,        0.67
  838,  15.823,        3.,        3.45,    0.73,       -0.45
  839,  15.843,        6.,        3.46,    0.58,        2.54
  840,  15.863,        2.,        3.34,   -0.12,       -1.34
  841,  15.883,        0.,        3.12,   -0.09,       -3.12
  842,  15.904,        4.,        2.81,   -0.70,        1.19
  843,  15.924,        5.,        2.47,   -0.46,        2.53
  844,  15.944,        3.,        2.11,   -0.44,        0.89
  845,  15.964,        2.,        1.76,   -0.33,        0.24
  846,  15.984,        0.,        1.45,   -0.55,       -1.45
  847,  16.004,        2.,        1.20,   -0.26,        0.80
  848,  16.024,        2.,        0.99,    0.63,        1.01
  849,  16.044,        0.,        0.83,    0.22,       -0.83
  850,  16.064,        2.,        0.70,   -0.17,        1.30
  851,  16.084,        0.,        0.61,   -0.39,       -0.61
  852,  16.104,        0.,        0.50,   -0.24,       -0.50
  853,  16.124,        0.,        0.40,   -0.14,       -0.40
  854,  16.144,        0.,        0.36,   -0.54,       -0.36
  855,  16.164,        0.,        0.32,   -0.46,       -0.32
  856,  16.184,        0.,        0.27,   -0.12,       -0.27
  857,  16.204,        0.,        0.22,   -0.26,       -0.22
  858,  16.224,        0.,        0.17,   -0.14,       -0.17
  859,  16.244,        0.,        0.13,   -0.19,       -0.13
  860,  16.264,        0.,        0.10,   -0.06,       -0.10
  861,  16.284,        1.,        0.07,    0.09,        0.93
  862,  16.304,        0.,        0.05,    0.07,       -0.05
  863,  16.325,        0.,        0.03,    0.22,       -0.03
  864,  16.345,        0.,        0.02,    0.21,       -0.02
  865,  16.365,        0.,        0.00,    0.19,        0.00
  866,  16.385,        0.,        0.00,    0.18,        0.00
  867,  16.405,        0.,        0.00,    0.17,        0.00
  868,  16.425,        0.,        0.00,   -0.01,        0.00
  869,  16.445,        0.,        0.00,   -0.03,        0.00
  870,  16.465,        0.,        0.00,   -0.04,        0.00
  871,  16.485,        0.,        0.00,   -0.05,        0.00
  872,  16.505,        0.,        0.00,   -0.06,        0.00
  873,  16.525,        0.,        0.00,   -0.07,        0.00
  874,  16.545,        0.,        0.00,    0.01,        0.00
  875,  16.565,        0.,        0.00,    0.00,        0.00
  876,  16.585,        0.,        0.00,    0.00,        0.00
  877,  16.605,        0.,        0.00,    0.00,        0.00
  878,  16.625,        0.,        0.00,   -0.08,        0.00
  879,  16.645,        0.,        0.00,   -0.08,        0.00
  880,  16.665,        0.,        0.00,   -0.08,        0.00
  881,  16.685,        0.,        0.00,   -0.08,        0.00
  882,  16.705,        0.,        0.00,   -0.08,        0.00
  883,  16.726,        0.,        0.00,   -0.08,        0.00
  884,  16.746,        0.,        0.00,    0.08,        0.00
  885,  16.766,        0.,        0.00,    0.08,        0.00
  886,  16.786,        0.,        0.00,    0.08,        0.00
  887,  16.806,        0.,        0.00,    0.08,        0.00
  888,  16.826,        0.,        0.00,    0.08,        0.00
  889,  16.846,        0.,        0.00,    0.08,        0.00
  890,  16.866,        1.,        0.00,    0.08,        1.00
  891,  16.886,        0.,        0.00,    0.08,        0.00
  892,  16.906,        0.,        0.00,    0.08,        0.00
  893,  16.926,        0.,        0.00,    0.08,        0.00
  894,  16.946,        0.,        0.00,   -0.01,        0.00
  895,  16.966,        0.,        0.00,   -0.01,        0.00
  896,  16.986,        0.,        0.00,   -0.01,        0.00
  897,  17.006,        0.,        0.00,   -0.17,        0.00
  898,  17.026,        0.,        0.00,   -0.17,        0.00
  899,  17.046,        0.,        0.00,   -0.17,        0.00
  900,  17.066,        0.,        0.00,   -0.01,        0.00
  901,  17.086,        0.,        0.00,   -0.01,        0.00
  902,  17.106,        0.,        0.00,   -0.01,        0.00
  903,  17.126,        0.,        0.00,    0.08,        0.00
  904,  17.147,        0.,        0.00,    0.08,        0.00
  905,  17.167,        0.,        0.00,    0.08,        0.00
  906,  17.187,        1.,        0.00,    0.08,        1.00
  907,  17.207,        0.,        0.00,    0.08,        0.00
  908,  17.227,        0.,        0.00,    0.08,        0.00
  909,  17.247,        0.,        0.00,    0.08,        0.00
  910,  17.267,        0.,        0.00,    0.08,        0.00
  911,  17.287,        0.,        0.00,    0.08,        0.00
  912,  17.307,        0.,        0.00,    0.08,        0.00
  913,  17.327,        0.,        0.00,   -0.08,        0.00
  914,  17.347,        0.,        0.00,   -0.08,        0.00
  915,  17.367,        0.,        0.00,   -0.17,        0.00
  916,  17.387,        0.,        0.00,   -0.17,        0.00
  917,  17.407,        0.,        0.00,   -0.17,        0.00
  918,  17.427,        0.,        0.00,   -0.17,        0.00
  919,  17.447,        0.,        0.00,   -0.08,        0.00
  920,  17.467,        0.,        0.00,   -0.08,        0.00
  921,  17.487,        0.,        0.00,    0.08,        0.00
  922,  17.507,        0.,        0.00,    0.08,        0.00
  923,  17.527,        0.,        0.00,    0.08,        0.00
  924,  17.548,        0.,        0.00,    0.08,        0.00
  925,  17.568,        0.,        0.00,    0.08,        0.00
  926,  17.588,        0.,        0.00,    0.08,        0.00
  927,  17.608,        1.,        0.00,    0.08,        1.00
  928,  17.628,        0.,        0.00,    0.08,        0.00
  929,  17.648,        0.,        0.00,   -0.01,        0.00
  930,  17.668,        0.,        0.00,   -0.01,        0.00
  931,  17.688,        0.,        0.00,   -0.01,        0.00
  932,  17.708,        0.,        0.00,   -0.01,        0.00
  933,  17.728,        0.,        0.00,   -0.01,        0.00
  934,  17.748,        0.,        0.00,   -0.17,        0.00
  935,  17.768,        0.,        0.00,   -0.01,        0.00
  936,  17.788,        0.,        0.00,   -0.01,        0.00
  937,  17.808,        0.,        0.00,   -0.09,        0.00
  938,  17.828,        0.,        0.00,   -0.17,        0.00
  939,  17.848,        0.,        0.00,   -0.17,        0.00
  940,  17.868,        0.,        0.00,   -0.09,        0.00
  941,  17.888,        1.,        0.00,   -0.17,        1.00
  942,  17.908,        0.,        0.00,   -0.17,        0.00
  943,  17.928,        0.,        0.00,   -0.01,        0.00
  944,  17.948,        0.,        0.00,    0.15,        0.00
  945,  17.969,        0.,        0.00,    0.15,        0.00
  946,  17.989,        0.,        0.00,    0.15,        0.00
  947,  18.009,        0.,        0.00,    0.31,        0.00
  948,  18.029,        0.,        0.00,    0.15,        0.00
  949,  18.049,        1.,        0.00,    0.15,        1.00
  950,  18.069,        1.,        0.00,    0.15,        1.00
  951,  18.089,        0.,        0.00,    0.15,        0.00
  952,  18.109,        0.,        0.00,    0.15,        0.00
  953,  18.129,        1.,        0.00,    0.15,        1.00
  954,  18.149,        0.,        0.00,    0.23,        0.00
  955,  18.169,        0.,        0.00,    0.23,        0.00
  956,  18.189,        0.,        0.00,    0.07,        0.00
  957,  18.209,        0.,        0.00,   -0.09,        0.00
  958,  18.229,        0.,        0.00,   -0.09,        0.00
  959,  18.249,        0.,        0.00,   -0.09,        0.00
  960,  18.269,        0.,        0.00,   -0.25,        0.00
  961,  18.289,        0.,        0.00,   -0.25,        0.00
  962,  18.309,        0.,        0.00,   -0.17,        0.00
  963,  18.329,        0.,        0.00,   -0.08,        0.00
  964,  18.349,        0.,        0.00,   -0.08,        0.00
  965,  18.370,        0.,        0.00,   -0.08,        0.00
  966,  18.390,        0.,        0.00,    0.00,        0.00
  967,  18.410,        0.,        0.00,    0.00,        0.00
  968,  18.430,        0.,        0.00,    0.00,        0.00
  969,  18.450,        0.,        0.00,    0.00,        0.00
  970,  18.470,        0.,        0.00,    0.00,        0.00
  971,  18.490,        0.,        0.00,    0.00,        0.00
  972,  18.510,        0.,        0.00,    0.00,        0.00
  973,  18.530,        0.,        0.00,    0.00,        0.00
  974,  18.550,        0.,        0.00,    0.00,        0.00
  975,  18.570,        0.,        0.00,    0.00,        0.00
  976,  18.590,        0.,        0.00,    0.00,        0.00
  977,  18.610,        0.,        0.00,    0.00,        0.00
  978,  18.630,        0.,        0.00,    0.00,        0.00
  979,  18.650,        0.,        0.00,    0.00,        0.00
  980,  18.670,        0.,        0.00,    0.00,        0.00
  981,  18.690,        0.,        0.00,    0.00,        0.00
  982,  18.710,        0.,        0.00,    0.00,        0.00
  983,  18.730,        0.,        0.00,    0.00,        0.00
  984,  18.750,        0.,        0.00,    0.00,        0.00
  985,  18.770,        0.,        0.00,    0.00,        0.00
  986,  18.791,        0.,        0.00,    0.00,        0.00
  987,  18.811,        0.,        0.00,    0.00,        0.00
  988,  18.831,        0.,        0.00,    0.00,        0.00
  989,  18.851,        0.,        0.00,    0.00,        0.00
  990,  18.871,        0.,        0.00,    0.00,        0.00
  991,  18.891,        0.,        0.00,    0.00,        0.00
  992,  18.911,        0.,        0.00,    0.00,        0.00
  993,  18.931,        0.,        0.00,    0.00,        0.00
  994,  18.951,        0.,        0.00,    0.00,        0.00
  995,  18.971,        0.,        0.00,    0.00,        0.00
  996,  18.991,        0.,        0.00,    0.00,        0.00
  997,  19.011,        0.,        0.00,    0.00,        0.00
  998,  19.031,        0.,        0.00,    0.00,        0.00
  999,  19.051,        0.,        0.00,    0.00,        0.00
 1000,  19.071,        0.,        0.00,    0.00,        0.00
 1001,  19.091,        0.,        0.00,    0.00,        0.00
 1002,  19.111,        0.,        0.00,    0.00,        0.00
 1003,  19.131,        0.,        0.00,    0.00,        0.00
 1004,  19.151,        0.,        0.00,    0.00,        0.00
 1005,  19.171,        0.,        0.00,    0.00,        0.00
 1006,  19.192,        0.,        0.00,    0.00,        0.00
 1007,  19.212,        0.,        0.00,    0.00,        0.00
 1008,  19.232,        0.,        0.00,    0.00,        0.00
 1009,  19.252,        0.,        0.00,    0.00,        0.00
 1010,  19.272,        0.,        0.00,    0.00,        0.00
 1011,  19.292,        0.,        0.00,    0.00,        0.00
 1012,  19.312,        0.,        0.00,    0.00,        0.00
 1013,  19.332,        0.,        0.00,    0.00,        0.00
 1014,  19.352,        0.,        0.00,    0.00,        0.00
 1015,  19.372,        0.,        0.00,    0.00,        0.00
 1016,  19.392,        0.,        0.00,    0.00,        0.00
 1017,  19.412,        0.,        0.00,    0.00,        0.00
 1018,  19.432,        0.,        0.00,    0.00,        0.00
 1019,  19.452,        0.,        0.00,    0.00,        0.00
 1020,  19.472,        0.,        0.00,    0.00,        0.00
 1021,  19.492,        0.,        0.00,    0.00,        0.00
 1022,  19.512,        0.,        0.00,    0.00,        0.00
 1023,  19.532,        0.,        0.00,    0.00,        0.00
 1024,  19.552,        0.,        0.00,    0.00,        0.00
 1025,  19.572,        0.,        0.00,    0.00,        0.00
 1026,  19.592,        0.,        0.00,    0.00,        0.00
 1027,  19.613,        0.,        0.00,    0.00,        0.00
 1028,  19.633,        0.,        0.00,    0.00,        0.00
 1029,  19.653,        0.,        0.00,    0.00,        0.00
 1030,  19.673,        0.,        0.00,    0.00,        0.00
 1031,  19.693,        0.,        0.00,    0.00,        0.00
 1032,  19.713,        0.,        0.00,    0.00,        0.00
 1033,  19.733,        0.,        0.00,    0.00,        0.00
 1034,  19.753,        0.,        0.00,    0.00,        0.00
 1035,  19.773,        0.,        0.00,    0.00,        0.00
 1036,  19.793,        0.,        0.00,    0.00,        0.00
 1037,  19.813,        0.,        0.00,    0.00,        0.00
 1038,  19.833,        0.,        0.00,    0.00,        0.00
 1039,  19.853,        0.,        0.00,    0.00,        0.00
 1040,  19.873,        0.,        0.00,    0.00,        0.00
 1041,  19.893,        0.,        0.00,    0.00,        0.00
 1042,  19.913,        0.,        0.00,    0.00,        0.00
 1043,  19.933,        0.,        0.00,    0.00,        0.00
 1044,  19.953,        0.,        0.00,    0.00,        0.00
 1045,  19.973,        0.,        0.00,    0.00,        0.00
 1046,  19.993,        0.,        0.00,    0.00,        0.00
 1047,  20.014,        0.,        0.00,    0.00,        0.00
 1048,  20.034,        0.,        0.00,    0.00,        0.00
 1049,  20.054,        0.,        0.00,    0.00,        0.00
 1050,  20.074,        0.,        0.00,    0.00,        0.00
 1051,  20.094,        0.,        0.00,    0.00,        0.00
 1052,  20.114,        0.,        0.00,    0.00,        0.00
 1053,  20.134,        0.,        0.00,    0.00,        0.00
 1054,  20.154,        0.,        0.00,    0.00,        0.00
 1055,  20.174,        0.,        0.00,    0.00,        0.00
 1056,  20.194,        0.,        0.00,    0.00,        0.00
 1057,  20.214,        0.,        0.00,    0.00,        0.00
 1058,  20.234,        0.,        0.00,    0.00,        0.00
 1059,  20.254,        0.,        0.00,    0.00,        0.00
 1060,  20.274,        0.,        0.00,   -0.07,        0.00
 1061,  20.294,        0.,        0.00,   -0.07,        0.00
 1062,  20.314,        0.,        0.00,   -0.07,        0.00
 1063,  20.334,        0.,        0.00,   -0.07,        0.00
 1064,  20.354,        0.,        0.00,   -0.07,        0.00
 1065,  20.374,        0.,        0.00,   -0.07,        0.00
 1066,  20.394,        0.,        0.00,   -0.07,        0.00
 1067,  20.414,        0.,        0.00,    0.08,        0.00
 1068,  20.435,        0.,        0.00,    0.08,        0.00
 1069,  20.455,        0.,        0.00,    0.08,        0.00
 1070,  20.475,        0.,        0.00,    0.08,        0.00
 1071,  20.495,        0.,        0.00,    0.08,        0.00
 1072,  20.515,        0.,        0.00,    0.08,        0.00
 1073,  20.535,        1.,        0.00,    0.08,        1.00
 1074,  20.555,        0.,        0.00,    0.08,        0.00
 1075,  20.575,        0.,        0.00,    0.08,        0.00
 1076,  20.595,        0.,        0.00,    0.08,        0.00
 1077,  20.615,        0.,        0.00,    0.08,        0.00
 1078,  20.635,        0.,        0.00,    0.08,        0.00
 1079,  20.655,        0.,        0.00,    0.08,        0.00
 1080,  20.675,        0.,        0.00,   -0.07,        0.00
 1081,  20.695,        0.,        0.00,   -0.07,        0.00
 1082,  20.715,        0.,        0.00,   -0.07,        0.00
 1083,  20.735,        0.,        0.00,   -0.07,        0.00
 1084,  20.755,        0.,        0.00,   -0.07,        0.00
 1085,  20.775,        0.,        0.00,   -0.07,        0.00
 1086,  20.795,        0.,        0.00,   -0.07,        0.00
 1087,  20.815,        0.,        0.00,    0.00,        0.00
 1088,  20.836,        0.,        0.00,    0.00,        0.00
 1089,  20.856,        0.,        0.00,    0.00,        0.00
 1090,  20.876,        0.,        0.00,    0.00,        0.00
 1091,  20.896,        0.,        0.00,    0.00,        0.00
 1092,  20.916,        0.,        0.00,    0.00,        0.00
 1093,  20.936,        0.,        0.00,    0.00,        0.00
 1094,  20.956,        0.,        0.00,    0.00,        0.00
 1095,  20.976,        0.,        0.00,    0.00,        0.00
 1096,  20.996,        0.,        0.00,    0.00,        0.00
 1097,  21.016,        0.,        0.00,   -0.07,        0.00
 1098,  21.036,        0.,        0.00,   -0.07,        0.00
 1099,  21.056,        0.,        0.00,   -0.07,        0.00
 1100,  21.076,        0.,        0.00,   -0.07,        0.00
 1101,  21.096,        0.,        0.00,   -0.07,        0.00
 1102,  21.116,        0.,        0.00,   -0.07,        0.00
 1103,  21.136,        0.,        0.00,   -0.07,        0.00
 1104,  21.156,        0.,        0.00,    0.08,        0.00
 1105,  21.176,        0.,        0.00,    0.08,        0.00
 1106,  21.196,        0.,        0.00,    0.08,        0.00
 1107,  21.216,        0.,        0.00,    0.08,        0.00
 1108,  21.236,        0.,        0.00,    0.08,        0.00
 1109,  21.257,        0.,        0.00,    0.08,        0.00
 1110,  21.277,        1.,        0.00,    0.08,        1.00
 1111,  21.297,        0.,        0.00,    0.08,        0.00
 1112,  21.317,        0.,        0.00,    0.08,        0.00
 1113,  21.337,        0.,        0.00,    0.08,        0.00
 1114,  21.357,        0.,        0.00,    0.08,        0.00
 1115,  21.377,        0.,        0.00,    0.01,        0.00
 1116,  21.397,        0.,        0.00,    0.01,        0.00
 1117,  21.417,        0.,        0.00,   -0.14,        0.00
 1118,  21.437,        0.,        0.00,   -0.14,        0.00
 1119,  21.457,        0.,        0.00,   -0.14,        0.00
 1120,  21.477,        0.,        0.00,   -0.14,        0.00
 1121,  21.497,        0.,        0.00,   -0.14,        0.00
 1122,  21.517,        0.,        0.00,    0.01,        0.00
 1123,  21.537,        0.,        0.00,    0.01,        0.00
 1124,  21.557,        0.,        0.00,    0.08,        0.00
 1125,  21.577,        0.,        0.00,    0.01,        0.00
 1126,  21.597,        0.,        0.00,    0.01,        0.00
 1127,  21.617,        0.,        0.00,    0.01,        0.00
 1128,  21.637,        1.,        0.00,    0.01,        1.00
 1129,  21.658,        0.,        0.00,    0.01,        0.00
 1130,  21.678,        0.,        0.00,    0.01,        0.00
 1131,  21.698,        0.,        0.00,    0.01,        0.00
 1132,  21.718,        0.,        0.00,    0.15,        0.00
 1133,  21.738,        0.,        0.00,    0.15,        0.00
 1134,  21.758,        0.,        0.00,    0.15,        0.00
 1135,  21.778,        0.,        0.00,    0.01,        0.00
 1136,  21.798,        0.,        0.00,    0.01,        0.00
 1137,  21.818,        0.,        0.00,    0.01,        0.00
 1138,  21.838,        1.,        0.00,    0.01,        1.00
 1139,  21.858,        0.,        0.00,    0.01,        0.00
 1140,  21.878,        0.,        0.00,    0.01,        0.00
 1141,  21.898,        0.,        0.00,    0.01,        0.00
 1142,  21.918,        0.,        0.00,    0.08,        0.00
 1143,  21.938,        0.,        0.00,    0.08,        0.00
 1144,  21.958,        0.,        0.00,    0.08,        0.00
 1145,  21.978,        0.,        0.00,   -0.07,        0.00
 1146,  21.998,        0.,        0.00,   -0.07,        0.00
 1147,  22.018,        0.,        0.00,   -0.07,        0.00
 1148,  22.038,        0.,        0.00,   -0.07,        0.00
 1149,  22.058,        0.,        0.00,   -0.07,        0.00
 1150,  22.079,        0.,        0.00,   -0.07,        0.00
 1151,  22.099,        0.,        0.00,   -0.07,        0.00
 1152,  22.119,        0.,        0.00,    0.00,        0.00
 1153,  22.139,        0.,        0.00,    0.00,        0.00
 1154,  22.159,        0.,        0.00,    0.00,        0.00
 1155,  22.179,        0.,        0.00,    0.00,        0.00
 1156,  22.199,        0.,        0.00,    0.00,        0.00
 1157,  22.219,        0.,        0.00,    0.00,        0.00
 1158,  22.239,        0.,        0.00,    0.00,        0.00
 1159,  22.259,        0.,        0.00,    0.00,        0.00
 1160,  22.279,        0.,        0.00,    0.00,        0.00
 1161,  22.299,        0.,        0.00,    0.00,        0.00
 1162,  22.319,        0.,        0.00,   -0.07,        0.00
 1163,  22.339,        0.,        0.00,   -0.07,        0.00
 1164,  22.359,        0.,        0.00,   -0.07,        0.00
 1165,  22.379,        0.,        0.00,   -0.07,        0.00
 1166,  22.399,        0.,        0.00,   -0.07,        0.00
 1167,  22.419,        0.,        0.00,   -0.07,        0.00
 1168,  22.439,        0.,        0.00,   -0.07,        0.00
 1169,  22.459,        0.,        0.00,    0.08,        0.00
 1170,  22.480,        0.,        0.00,    0.08,        0.00
 1171,  22.500,        0.,        0.00,    0.08,        0.00
 1172,  22.520,        0.,        0.00,    0.08,        0.00
 1173,  22.540,        0.,        0.00,    0.08,        0.00
 1174,  22.560,        0.,        0.00,    0.08,        0.00
 1175,  22.580,        1.,        0.00,    0.08,        1.00
 1176,  22.600,        0.,        0.00,    0.08,        0.00
 1177,  22.620,        0.,        0.00,    0.08,        0.00
 1178,  22.640,        0.,        0.00,    0.08,        0.00
 1179,  22.660,        0.,        0.00,    0.08,        0.00
 1180,  22.680,        0.,        0.00,    0.08,        0.00
 1181,  22.700,        0.,        0.00,    0.08,        0.00
 1182,  22.720,        0.,        0.00,   -0.07,        0.00
 1183,  22.740,        0.,        0.00,   -0.07,        0.00
 1184,  22.760,        0.,        0.00,   -0.07,        0.00
 1185,  22.780,        0.,        0.00,   -0.07,        0.00
 1186,  22.800,        0.,        0.00,   -0.07,        0.00
 1187,  22.820,        0.,        0.00,   -0.07,        0.00
 1188,  22.840,        0.,        0.00,   -0.07,        0.00
 1189,  22.860,        0.,        0.00,    0.00,        0.00
 1190,  22.880,        0.,        0.00,    0.00,        0.00
 1191,  22.901,        0.,        0.00,    0.00,        0.00
 1192,  22.921,        0.,        0.00,    0.00,        0.00
 1193,  22.941,        0.,        0.00,    0.00,        0.00
 1194,  22.961,        0.,        0.00,    0.00,        0.00
 1195,  22.981,        0.,        0.00,    0.00,        0.00
 1196,  23.001,        0.,        0.00,    0.00,        0.00
 1197,  23.021,        0.,        0.00,    0.00,        0.00
 1198,  23.041,        0.,        0.00,    0.00,        0.00
 1199,  23.061,        0.,        0.00,    0.00,        0.00
 1200,  23.081,        0.,        0.00,    0.00,        0.00
 1201,  23.101,        0.,        0.00,    0.00,        0.00
 1202,  23.121,        0.,        0.00,    0.00,        0.00
 1203,  23.141,        0.,        0.00,    0.00,        0.00
 1204,  23.161,        0.,        0.00,    0.00,        0.00
 1205,  23.181,        0.,        0.00,    0.00,        0.00
 1206,  23.201,        0.,        0.00,    0.00,        0.00
 1207,  23.221,        0.,        0.00,    0.00,        0.00
 1208,  23.241,        0.,        0.00,    0.00,        0.00
 1209,  23.261,        0.,        0.00,    0.00,        0.00
 1210,  23.281,        0.,        0.00,    0.00,        0.00
 1211,  23.302,        0.,        0.00,    0.00,        0.00
 1212,  23.322,        0.,        0.00,    0.00,        0.00
 1213,  23.342,        0.,        0.00,    0.00,        0.00
 1214,  23.362,        0.,        0.00,    0.00,        0.00
 1215,  23.382,        0.,        0.00,    0.00,        0.00
 1216,  23.402,        0.,        0.00,    0.00,        0.00
 1217,  23.422,        0.,        0.00,    0.00,        0.00
 1218,  23.442,        0.,        0.00,    0.00,        0.00
 1219,  23.462,        0.,        0.00,    0.00,        0.00
 1220,  23.482,        0.,        0.00,    0.00,        0.00
 1221,  23.502,        0.,        0.00,    0.00,        0.00
 1222,  23.522,        0.,        0.00,    0.00,        0.00
 1223,  23.542,        0.,        0.00,    0.00,        0.00
 1224,  23.562,        0.,        0.00,    0.00,        0.00
 1225,  23.582,        0.,        0.00,    0.00,        0.00
 1226,  23.602,        0.,        0.00,    0.00,        0.00
 1227,  23.622,        0.,        0.00,    0.00,        0.00
 1228,  23.642,        0.,        0.00,    0.00,        0.00
 1229,  23.662,        0.,        0.00,    0.00,        0.00
 1230,  23.682,        0.,        0.00,    0.00,        0.00
 1231,  23.702,        0.,        0.00,    0.00,        0.00
 1232,  23.723,        0.,        0.00,    0.00,        0.00
 1233,  23.743,        0.,        0.00,    0.00,        0.00
 1234,  23.763,        0.,        0.00,    0.00,        0.00
 1235,  23.783,        0.,        0.00,    0.00,        0.00
 1236,  23.803,        0.,        0.00,    0.00,        0.00
 1237,  23.823,        0.,        0.00,    0.00,        0.00
 1238,  23.843,        0.,        0.00,    0.00,        0.00
 1239,  23.863,        0.,        0.00,    0.00,        0.00
 1240,  23.883,        0.,        0.00,    0.00,        0.00
 1241,  23.903,        0.,        0.00,    0.00,        0.00
 1242,  23.923,        0.,        0.00,    0.00,        0.00
 1243,  23.943,        0.,        0.00,    0.00,        0.00
 1244,  23.963,        0.,        0.00,    0.00,        0.00
 1245,  23.983,        0.,        0.00,    0.00,        0.00
 1246,  24.003,        0.,        0.00,    0.00,        0.00
 1247,  24.023,        0.,        0.00,    0.00,        0.00
 1248,  24.043,        0.,        0.00,    0.00,        0.00
 1249,  24.063,        0.,        0.00,    0.00,        0.00
 1250,  24.083,        0.,        0.00,    0.00,        0.00
 1251,  24.103,        0.,        0.00,    0.00,        0.00
 1252,  24.124,        0.,        0.00,    0.00,        0.00
 1253,  24.144,        0.,        0.00,    0.00,        0.00
 1254,  24.164,        0.,        0.00,    0.00,        0.00
 1255,  24.184,        0.,        0.00,    0.00,        0.00
 1256,  24.204,        0.,        0.00,    0.00,        0.00
 1257,  24.224,        0.,        0.00,    0.00,        0.00
 1258,  24.244,        0.,        0.00,    0.00,        0.00
 1259,  24.264,        0.,        0.00,    0.00,        0.00
 1260,  24.284,        0.,        0.00,    0.00,        0.00
 1261,  24.304,        0.,        0.00,    0.00,        0.00
 1262,  24.324,        0.,        0.00,    0.00,        0.00
 1263,  24.344,        0.,        0.00,    0.00,        0.00
 1264,  24.364,        0.,        0.00,    0.00,        0.00
 1265,  24.384,        0.,        0.00,    0.00,        0.00
 1266,  24.404,        0.,        0.00,    0.00,        0.00
 1267,  24.424,        0.,        0.00,    0.00,        0.00
 1268,  24.444,        0.,        0.00,    0.00,        0.00
 1269,  24.464,        0.,        0.00,    0.00,        0.00
 1270,  24.484,        0.,        0.00,    0.00,        0.00
 1271,  24.504,        0.,        0.00,    0.00,        0.00
 1272,  24.524,        0.,        0.00,    0.00,        0.00
 1273,  24.545,        0.,        0.00,    0.00,        0.00
 1274,  24.565,        0.,        0.00,    0.00,        0.00
 1275,  24.585,        0.,        0.00,    0.00,        0.00
 1276,  24.605,        0.,        0.00,    0.00,        0.00
 1277,  24.625,        0.,        0.00,    0.00,        0.00
 1278,  24.645,        0.,        0.00,    0.00,        0.00
 1279,  24.665,        0.,        0.00,    0.00,        0.00
 1280,  24.685,        0.,        0.00,    0.00,        0.00
 1281,  24.705,        0.,        0.00,    0.00,        0.00
 1282,  24.725,        0.,        0.00,    0.00,        0.00
 1283,  24.745,        0.,        0.00,    0.00,        0.00
 1284,  24.765,        0.,        0.00,    0.00,        0.00
 1285,  24.785,        0.,        0.00,    0.00,        0.00
 1286,  24.805,        0.,        0.00,    0.00,        0.00
 1287,  24.825,        0.,        0.00,    0.00,        0.00
 1288,  24.845,        0.,        0.00,    0.00,        0.00
 1289,  24.865,        0.,        0.00,    0.00,        0.00
 1290,  24.885,        0.,        0.00,    0.00,        0.00
 1291,  24.905,        0.,        0.00,    0.00,        0.00
 1292,  24.925,        0.,        0.00,    0.00,        0.00
 1293,  24.946,        0.,        0.00,    0.00,        0.00
 1294,  24.966,        0.,        0.00,    0.00,        0.00
 1295,  24.986,        0.,        0.00,    0.00,        0.00
 1296,  25.006,        0.,        0.00,    0.00,        0.00
 1297,  25.026,        0.,        0.00,    0.00,        0.00
 1298,  25.046,        0.,        0.00,    0.00,        0.00
 1299,  25.066,        0.,        0.00,    0.00,        0.00
 1300,  25.086,        0.,        0.00,    0.00,        0.00
