787.1	1.569
837.95	1.608
887.75	1.613
932.3	1.691
989.85	1.634
1013.65	1.776
1039.7	1.71
1064.6	1.729
1090.85	1.851
1114.5	1.865
1139.8	2.033
1163.75	2.095
1189.7	2.241
1215.15	2.416
1240.85	2.658
1265.9	2.825
1291.1	3.116
1314.85	3.41
1341.15	3.693
1365.95	4.173
1391.2	4.668
1405.05	5.09
1410.1	5.248
1416.8	5.544
1424.7	6.296
1431.55	6.741
1438.45	8.016
1444.85	10.433
1451.8	15.719
1458.9	22.184
1465.75	20.088
1473.8	12.503
1481.4	7.736
1488.6	5.9
1503.55	4.911
1532.55	5.268
1561.85	4.313
1590.7	4.787
1621.55	4.839
1648.9	4.992
1676.6	5.408
1692.05	5.25
1700.25	5.047
1708.05	4.924
1716.85	4.955
1724.5	5.059
1731.25	4.933
1739.85	4.873
1747.5	5.1
1756.35	5.043
1766.05	5.561
1773.8	5.626
1782.2	5.418
1789.6	5.799
1798.1	5.739
1806.65	6.023
1822.2	6.001
1838.1	6.302
1854.2	6.292
1870.7	6.426
1885.85	6.51
1909.95	7.16
1937.25	7.856
1951.7	7.906
1969.85	11.365
1978.2	23.401
1985.4	22.22
1993.2	10.344
2003.3	8.483
2018.85	8.721
2037	9.626
2052.75	11.364
2062.4	12.58
2070.9	14.358
2079.85	16.812
2088	19.476
2096.85	24.183
2105.95	27.324
2114.95	26.737
2124.4	21.609
2133.05	16.538
2140.85	13.39
2157.4	9.591
2174.75	7.963
2211.15	7.073
2243.3	7.009
2260.55	7.019
2279.05	6.902
2300.6	6.926
2305.8	6.364
2317.35	5.103
2336.65	5.66
2353.15	7.07
2368.3	7.232
2390.8	7.443
2412.5	7.806
2430.8	7.953
