787.1	1.791
837.95	1.859
887.75	1.897
932.3	1.99
989.85	2.102
1013.65	2.035
1039.7	2.264
1064.6	2.257
1090.85	2.472
1114.5	2.435
1139.8	2.535
1163.75	2.654
1189.7	2.927
1215.15	3.128
1240.85	3.456
1265.9	3.743
1291.1	4.135
1314.85	4.819
1341.15	4.802
1365.95	5.651
1391.2	6.299
1405.05	7.148
1410.1	7.102
1416.8	8.158
1424.7	8.914
1431.55	10.299
1438.45	12.38
1444.85	16.495
1451.8	25.289
1458.9	35.675
1465.75	30.75
1473.8	18.854
1481.4	10.409
1488.6	6.953
1503.55	6.005
1532.55	6.182
1561.85	4.612
1590.7	5.413
1621.55	5.584
1648.9	5.63
1676.6	6.092
1692.05	5.887
1700.25	5.639
1708.05	6.216
1716.85	7.104
1724.5	7.322
1731.25	7.406
1739.85	7.887
1747.5	8.03
1756.35	7.813
1766.05	7.865
1773.8	7.59
1782.2	7.202
1789.6	7.565
1798.1	7.089
1806.65	7.645
1822.2	7.642
1838.1	7.84
1854.2	7.927
1870.7	8.438
1885.85	8.507
1909.95	--
1937.25	10.517
1951.7	11.856
1969.85	19
1978.2	40.811
1985.4	33.027
1993.2	13.708
2003.3	10.055
2018.85	11.343
2037	13.124
2052.75	15.719
2062.4	17.366
2070.9	20.575
2079.85	25.052
2088	29.229
2096.85	35.846
2105.95	41.73
2114.95	38.638
2124.4	31.228
2133.05	22.284
2140.85	16.823
2157.4	10.908
2174.75	8.317
2211.15	7.446
2243.3	7.23
2260.55	7.379
2279.05	7.328
2300.6	7.944
2305.8	7.551
2317.35	6.332
2336.65	5.186
2353.15	7.346
2368.3	7.092
2390.8	8.152
2412.5	8.18
2430.8	8.481
