           0
 F
           0
 F
           4
  5.0000000E-07
  0.0000000E+00
   1.900000    
  0.2000000    
   1.200000    
           2
   1000.000    
  0.0000000E+00
 F
  0.0000000E+00
   149.0000    
        1024
  0.0000000E+00   3.517200       95.18100    
  0.0000000E+00  0.0000000E+00  0.0000000E+00  0.1490000E+03  0.1490000E+03
 -0.5643663E+00  0.0000000E+00 -0.5643663E+00  0.4656437E+02  0.4656437E+02
  0.0000000E+00  0.0000000E+00  0.0000000E+00  0.6200000E+02  0.6200000E+02
  0.0000000E+00  0.0000000E+00  0.0000000E+00  0.3200000E+02  0.3200000E+02
 -0.5643662E+00  0.0000000E+00 -0.5643662E+00  0.3656437E+02  0.3656437E+02
 -0.5643662E+00  0.0000000E+00 -0.5643662E+00  0.3056437E+02  0.3056437E+02
 -0.5889356E+00  0.0000000E+00 -0.5935058E+00  0.3258894E+02  0.3258894E+02
 -0.6380744E+00  0.0000000E+00 -0.6517850E+00  0.2063807E+02  0.2063807E+02
 -0.6872132E+00  0.3656137E-01 -0.7100641E+00  0.5968721E+02  0.5968721E+02
 -0.7363520E+00  0.3656137E-01 -0.7683432E+00  0.3773635E+02  0.3773635E+02
 -0.7088169E+00  0.4443375E-01 -0.7532507E+00  0.3570882E+02  0.3570882E+02
 -0.6046078E+00  0.6017853E-01 -0.6647863E+00  0.3560461E+02  0.3560461E+02
 -0.5003988E+00  0.7592330E-01 -0.5763221E+00  0.2650040E+02  0.2650040E+02
 -0.3961897E+00  0.9166808E-01 -0.4878578E+00  0.2939619E+02  0.2939619E+02
 -0.3761954E+00  0.1038762E+00 -0.4800716E+00  0.2237620E+02  0.2237620E+02
 -0.4404157E+00  0.1125477E+00 -0.5529634E+00  0.1544042E+02  0.1544042E+02
 -0.5046361E+00  0.1212192E+00 -0.6258553E+00  0.4850463E+02  0.4850463E+02
 -0.5688564E+00  0.1298907E+00 -0.6987472E+00  0.3756886E+02  0.3756886E+02
 -0.5997878E+00  0.1386797E+00 -0.7384675E+00  0.3559979E+02  0.3559979E+02
 -0.5974300E+00  0.1475860E+00 -0.7450160E+00  0.3259743E+02  0.3259743E+02
 -0.5950722E+00  0.1564924E+00 -0.7515646E+00  0.4659507E+02  0.4659507E+02
 -0.5927144E+00  0.1653988E+00 -0.7581132E+00  0.4359272E+02  0.4359272E+02
 -0.5704625E+00  0.1747357E+00 -0.7451982E+00  0.4057046E+02  0.4057046E+02
 -0.5283165E+00  0.1845031E+00 -0.7128196E+00  0.2852832E+02  0.2852832E+02
 -0.4861704E+00  0.1942705E+00 -0.6804410E+00  0.3848617E+02  0.3848617E+02
 -0.4440244E+00  0.2040379E+00 -0.6480623E+00  0.3944402E+02  0.3944402E+02
 -0.4023447E+00  0.2120320E+00 -0.6143767E+00  0.3140234E+02  0.3140234E+02
 -0.3611313E+00  0.2182526E+00 -0.5793839E+00  0.2236113E+02  0.2236113E+02
 -0.3199179E+00  0.2244733E+00 -0.5443912E+00  0.2531992E+02  0.2531992E+02
 -0.2787046E+00  0.2306939E+00 -0.5093985E+00  0.2327870E+02  0.2327870E+02
 -0.2816906E+00  0.2347053E+00 -0.5163958E+00  0.1528169E+02  0.1528169E+02
 -0.3288761E+00  0.2365073E+00 -0.5653833E+00  0.3832888E+02  0.3832888E+02
 -0.3760616E+00  0.2383093E+00 -0.6143708E+00  0.4837606E+02  0.4837606E+02
 -0.4232471E+00  0.2401113E+00 -0.6633583E+00  0.2742325E+02  0.2742325E+02
 -0.4056309E+00  0.2432648E+00 -0.6488957E+00  0.4040563E+02  0.4040563E+02
 -0.3232132E+00  0.2477698E+00 -0.5709831E+00  0.2632321E+02  0.2632321E+02
 -0.2407955E+00  0.2522748E+00 -0.4930704E+00  0.2324080E+02  0.2324080E+02
 -0.1583778E+00  0.2567798E+00 -0.4151577E+00  0.1615838E+02  0.1615838E+02
 -0.1411791E+00  0.2589385E+00 -0.4001176E+00  0.2214118E+02  0.2214118E+02
 -0.1891993E+00  0.2587508E+00 -0.4479500E+00  0.1618920E+02  0.1618920E+02
 -0.2372195E+00  0.2585630E+00 -0.4957825E+00  0.3523722E+02  0.3523722E+02
 -0.2852397E+00  0.2583753E+00 -0.5436150E+00  0.2928524E+02  0.2928524E+02
 -0.2814849E+00  0.2591868E+00 -0.5406716E+00  0.2728148E+02  0.2728148E+02
 -0.2259551E+00  0.2609975E+00 -0.4869526E+00  0.2522596E+02  0.2522596E+02
 -0.1704253E+00  0.2628082E+00 -0.4332335E+00  0.2517043E+02  0.2517043E+02
 -0.1148954E+00  0.2646189E+00 -0.3795144E+00  0.1511490E+02  0.1511490E+02
 -0.1078201E+00  0.2651108E+00 -0.3729309E+00  0.1510782E+02  0.1510782E+02
 -0.1491992E+00  0.2642839E+00 -0.4134831E+00  0.1714920E+02  0.1714920E+02
 -0.1905784E+00  0.2634569E+00 -0.4540353E+00  0.3119058E+02  0.3119058E+02
 -0.2319575E+00  0.2626300E+00 -0.4945875E+00  0.2623196E+02  0.2623196E+02
 -0.2740329E+00  0.2629727E+00 -0.5370056E+00  0.2927403E+02  0.2927403E+02
 -0.3168046E+00  0.2644850E+00 -0.5812896E+00  0.1931680E+02  0.1931680E+02
 -0.3595763E+00  0.2659973E+00 -0.6255736E+00  0.2435958E+02  0.2435958E+02
 -0.4023480E+00  0.2675096E+00 -0.6698576E+00  0.1340235E+02  0.1340235E+02
 -0.7349503E+01  0.2712773E+00 -0.7620780E+01  0.3634950E+02  0.3634950E+02
 -0.2120104E+02  0.2773005E+00 -0.2147834E+02  0.9620104E+02  0.9620104E+02
 -0.3505257E+02  0.2833236E+00 -0.3533590E+02  0.1560526E+03  0.1560526E+03
 -0.4890411E+02  0.2893468E+00 -0.4919346E+02  0.2024904E+04  0.2024904E+04
 -0.5882906E+02  0.8451499E+00 -0.5967421E+02  0.4824829E+04  0.4824829E+04
 -0.6482742E+02  0.1950733E+01 -0.6677814E+02  0.4626828E+04  0.4626828E+04
 -0.7082577E+02  0.3056316E+01 -0.7388209E+02  0.4579826E+04  0.4579826E+04
 -0.7682413E+02  0.4161899E+01 -0.8098602E+02  0.4466824E+04  0.4466824E+04
 -0.7713470E+02  0.5606499E+01 -0.8274120E+02  0.4329135E+04  0.4329135E+04
 -0.7175751E+02  0.7390115E+01 -0.7914763E+02  0.4117757E+04  0.4117757E+04
 -0.6638032E+02  0.9173730E+01 -0.7555405E+02  0.3924380E+04  0.3924380E+04
 -0.6100313E+02  0.1095735E+02 -0.7196048E+02  0.3562003E+04  0.3562003E+04
 -0.5622612E+02  0.1246313E+02 -0.6868925E+02  0.3417226E+04  0.3417226E+04
 -0.5204930E+02  0.1369107E+02 -0.6574037E+02  0.3594049E+04  0.3594049E+04
 -0.4787248E+02  0.1491901E+02 -0.6279149E+02  0.3653873E+04  0.3653873E+04
 -0.4369565E+02  0.1614696E+02 -0.5984262E+02  0.3185696E+04  0.3185696E+04
 -0.3980447E+02  0.1705800E+02 -0.5686247E+02  0.2763804E+04  0.2763804E+04
 -0.3619892E+02  0.1765215E+02 -0.5385107E+02  0.2421199E+04  0.2421199E+04
 -0.3259337E+02  0.1824629E+02 -0.5083966E+02  0.2301593E+04  0.2301593E+04
 -0.2898782E+02  0.1884044E+02 -0.4782826E+02  0.2355988E+04  0.2355988E+04
 -0.2679220E+02  0.1922922E+02 -0.4602141E+02  0.2431792E+04  0.2431792E+04
 -0.2600650E+02  0.1941263E+02 -0.4541913E+02  0.2430007E+04  0.2430007E+04
 -0.2522080E+02  0.1959604E+02 -0.4481684E+02  0.2388221E+04  0.2388221E+04
 -0.2443510E+02  0.1977945E+02 -0.4421456E+02  0.2310435E+04  0.2310435E+04
 -0.2377523E+02  0.1991906E+02 -0.4369429E+02  0.2216775E+04  0.2216775E+04
 -0.2324118E+02  0.2001486E+02 -0.4325604E+02  0.2092241E+04  0.2092241E+04
 -0.2270714E+02  0.2011065E+02 -0.4281779E+02  0.2200707E+04  0.2200707E+04
 -0.2217309E+02  0.2020645E+02 -0.4237954E+02  0.2104173E+04  0.2104173E+04
 -0.2192382E+02  0.2030560E+02 -0.4222943E+02  0.2136924E+04  0.2136924E+04
 -0.2195932E+02  0.2040812E+02 -0.4236744E+02  0.2197959E+04  0.2197959E+04
 -0.2199482E+02  0.2051063E+02 -0.4250545E+02  0.2240995E+04  0.2240995E+04
 -0.2203032E+02  0.2061314E+02 -0.4264346E+02  0.2173030E+04  0.2173030E+04
 -0.2191375E+02  0.2073623E+02 -0.4264998E+02  0.2147914E+04  0.2147914E+04
 -0.2164510E+02  0.2087992E+02 -0.4252502E+02  0.2184645E+04  0.2184645E+04
 -0.2137646E+02  0.2102360E+02 -0.4240005E+02  0.2210376E+04  0.2210376E+04
 -0.2110781E+02  0.2116728E+02 -0.4227509E+02  0.2111108E+04  0.2111108E+04
 -0.2097094E+02  0.2131592E+02 -0.4228686E+02  0.2165971E+04  0.2165971E+04
 -0.2096586E+02  0.2146952E+02 -0.4243538E+02  0.2150966E+04  0.2150966E+04
 -0.2096078E+02  0.2162312E+02 -0.4258390E+02  0.2163961E+04  0.2163961E+04
 -0.2095570E+02  0.2177672E+02 -0.4273241E+02  0.2129956E+04  0.2129956E+04
 -0.2075345E+02  0.2193811E+02 -0.4269156E+02  0.2207753E+04  0.2207753E+04
 -0.2035403E+02  0.2210728E+02 -0.4246132E+02  0.2252354E+04  0.2252354E+04
 -0.1995462E+02  0.2227646E+02 -0.4223108E+02  0.2166955E+04  0.2166955E+04
 -0.1955521E+02  0.2244564E+02 -0.4200085E+02  0.2237555E+04  0.2237555E+04
 -0.1908424E+02  0.2260549E+02 -0.4168973E+02  0.2120084E+04  0.2120084E+04
 -0.1854172E+02  0.2275601E+02 -0.4129773E+02  0.2033542E+04  0.2033542E+04
 -0.1799919E+02  0.2290653E+02 -0.4090573E+02  0.2012999E+04  0.2012999E+04
 -0.1745667E+02  0.2305706E+02 -0.4051373E+02  0.2022457E+04  0.2022457E+04
 -0.1716363E+02  0.2318556E+02 -0.4034919E+02  0.2033164E+04  0.2033164E+04
 -0.1712008E+02  0.2329204E+02 -0.4041212E+02  0.2133120E+04  0.2133120E+04
 -0.1707653E+02  0.2339853E+02 -0.4047505E+02  0.2049076E+04  0.2049076E+04
 -0.1703297E+02  0.2350501E+02 -0.4053798E+02  0.2006033E+04  0.2006033E+04
 -0.1698869E+02  0.2360898E+02 -0.4059767E+02  0.2117989E+04  0.2117989E+04
 -0.1694367E+02  0.2371044E+02 -0.4065411E+02  0.1975944E+04  0.1975944E+04
 -0.1689865E+02  0.2381191E+02 -0.4071056E+02  0.2113899E+04  0.2113899E+04
 -0.1685363E+02  0.2391337E+02 -0.4076700E+02  0.2021854E+04  0.2021854E+04
 -0.1688160E+02  0.2402142E+02 -0.4090302E+02  0.2029882E+04  0.2029882E+04
 -0.1698255E+02  0.2413605E+02 -0.4111860E+02  0.2010983E+04  0.2010983E+04
 -0.1708350E+02  0.2425069E+02 -0.4133419E+02  0.2030083E+04  0.2030083E+04
 -0.1718445E+02  0.2436532E+02 -0.4154978E+02  0.2085185E+04  0.2085185E+04
 -0.1705215E+02  0.2449255E+02 -0.4154470E+02  0.2114052E+04  0.2114052E+04
 -0.1668658E+02  0.2463238E+02 -0.4131896E+02  0.2119687E+04  0.2119687E+04
 -0.1632102E+02  0.2477220E+02 -0.4109322E+02  0.2022321E+04  0.2022321E+04
 -0.1595546E+02  0.2491203E+02 -0.4086749E+02  0.2076956E+04  0.2076956E+04
 -0.1582997E+02  0.2504207E+02 -0.4087204E+02  0.1952830E+04  0.1952830E+04
 -0.1594456E+02  0.2516232E+02 -0.4110688E+02  0.2113945E+04  0.2113945E+04
 -0.1605915E+02  0.2528257E+02 -0.4134172E+02  0.2061059E+04  0.2061059E+04
 -0.1617374E+02  0.2540282E+02 -0.4157656E+02  0.2110174E+04  0.2110174E+04
 -0.1627388E+02  0.2553118E+02 -0.4180506E+02  0.2126274E+04  0.2126274E+04
 -0.1635956E+02  0.2566765E+02 -0.4202721E+02  0.2056360E+04  0.2056360E+04
 -0.1644524E+02  0.2580412E+02 -0.4224937E+02  0.2157445E+04  0.2157445E+04
 -0.1653093E+02  0.2594059E+02 -0.4247152E+02  0.2079531E+04  0.2079531E+04
 -0.1652877E+02  0.2608681E+02 -0.4261558E+02  0.2088529E+04  0.2088529E+04
 -0.1643879E+02  0.2624277E+02 -0.4268155E+02  0.2177439E+04  0.2177439E+04
 -0.1634880E+02  0.2639872E+02 -0.4274752E+02  0.2087349E+04  0.2087349E+04
 -0.1625881E+02  0.2655468E+02 -0.4281349E+02  0.2100259E+04  0.2100259E+04
 -0.1614265E+02  0.2670579E+02 -0.4284845E+02  0.2117143E+04  0.2117143E+04
 -0.1600033E+02  0.2685205E+02 -0.4285238E+02  0.2157000E+04  0.2157000E+04
 -0.1585801E+02  0.2699831E+02 -0.4285632E+02  0.2073858E+04  0.2073858E+04
 -0.1571569E+02  0.2714457E+02 -0.4286026E+02  0.2117716E+04  0.2117716E+04
 -0.1572001E+02  0.2728782E+02 -0.4300783E+02  0.2058720E+04  0.2058720E+04
 -0.1587099E+02  0.2742805E+02 -0.4329904E+02  0.2210871E+04  0.2210871E+04
 -0.1602197E+02  0.2756828E+02 -0.4359024E+02  0.2130022E+04  0.2130022E+04
 -0.1617294E+02  0.2770851E+02 -0.4388145E+02  0.2118173E+04  0.2118173E+04
 -0.1623409E+02  0.2786468E+02 -0.4409877E+02  0.2268234E+04  0.2268234E+04
 -0.1620540E+02  0.2803679E+02 -0.4424220E+02  0.2177205E+04  0.2177205E+04
 -0.1617672E+02  0.2820891E+02 -0.4438562E+02  0.2181177E+04  0.2181177E+04
 -0.1614803E+02  0.2838102E+02 -0.4452905E+02  0.2166148E+04  0.2166148E+04
 -0.1603747E+02  0.2855862E+02 -0.4459609E+02  0.2217037E+04  0.2217037E+04
 -0.1584503E+02  0.2874172E+02 -0.4458675E+02  0.2243845E+04  0.2243845E+04
 -0.1565258E+02  0.2892482E+02 -0.4457740E+02  0.2204653E+04  0.2204653E+04
 -0.1546014E+02  0.2910792E+02 -0.4456806E+02  0.2195460E+04  0.2195460E+04
 -0.1534954E+02  0.2927887E+02 -0.4462841E+02  0.2235350E+04  0.2235350E+04
 -0.1532078E+02  0.2943766E+02 -0.4475844E+02  0.2165321E+04  0.2165321E+04
 -0.1529202E+02  0.2959645E+02 -0.4488847E+02  0.2176292E+04  0.2176292E+04
 -0.1526327E+02  0.2975524E+02 -0.4501851E+02  0.2136263E+04  0.2136263E+04
 -0.1522853E+02  0.2990625E+02 -0.4513478E+02  0.2227229E+04  0.2227229E+04
 -0.1518781E+02  0.3004947E+02 -0.4523727E+02  0.2328188E+04  0.2328188E+04
 -0.1514709E+02  0.3019268E+02 -0.4533977E+02  0.2203147E+04  0.2203147E+04
 -0.1510637E+02  0.3033590E+02 -0.4544226E+02  0.2249106E+04  0.2249106E+04
 -0.1513595E+02  0.3047205E+02 -0.4560800E+02  0.2270136E+04  0.2270136E+04
 -0.1523584E+02  0.3060113E+02 -0.4583698E+02  0.2155236E+04  0.2155236E+04
 -0.1533573E+02  0.3073022E+02 -0.4606595E+02  0.2210336E+04  0.2210336E+04
 -0.1543562E+02  0.3085930E+02 -0.4629492E+02  0.2144436E+04  0.2144436E+04
 -0.1539067E+02  0.3099423E+02 -0.4638491E+02  0.2291391E+04  0.2291391E+04
 -0.1520088E+02  0.3113503E+02 -0.4633591E+02  0.2408201E+04  0.2408201E+04
 -0.1501109E+02  0.3127582E+02 -0.4628691E+02  0.2240011E+04  0.2240011E+04
 -0.1482130E+02  0.3141661E+02 -0.4623791E+02  0.2263821E+04  0.2263821E+04
 -0.1488195E+02  0.3155202E+02 -0.4643397E+02  0.2259882E+04  0.2259882E+04
 -0.1519304E+02  0.3168206E+02 -0.4687509E+02  0.2255193E+04  0.2255193E+04
 -0.1550412E+02  0.3181210E+02 -0.4731622E+02  0.2351504E+04  0.2351504E+04
 -0.1581521E+02  0.3194213E+02 -0.4775734E+02  0.2230815E+04  0.2230815E+04
 -0.1583691E+02  0.3208843E+02 -0.4792534E+02  0.2324837E+04  0.2324837E+04
 -0.1556923E+02  0.3225099E+02 -0.4782022E+02  0.2460569E+04  0.2460569E+04
 -0.1530155E+02  0.3241355E+02 -0.4771510E+02  0.2298302E+04  0.2298302E+04
 -0.1503387E+02  0.3257611E+02 -0.4760998E+02  0.2352034E+04  0.2352034E+04
 -0.1497441E+02  0.3272963E+02 -0.4770405E+02  0.2379974E+04  0.2379974E+04
 -0.1512319E+02  0.3287413E+02 -0.4799731E+02  0.2257123E+04  0.2257123E+04
 -0.1527196E+02  0.3301861E+02 -0.4829057E+02  0.2361272E+04  0.2361272E+04
 -0.1542073E+02  0.3316311E+02 -0.4858383E+02  0.2266421E+04  0.2266421E+04
 -0.1546744E+02  0.3330917E+02 -0.4877661E+02  0.2377468E+04  0.2377468E+04
 -0.1541208E+02  0.3345682E+02 -0.4886890E+02  0.2448412E+04  0.2448412E+04
 -0.1535673E+02  0.3360446E+02 -0.4896120E+02  0.2365357E+04  0.2365357E+04
 -0.1530138E+02  0.3375211E+02 -0.4905349E+02  0.2368301E+04  0.2368301E+04
 -0.1525109E+02  0.3389738E+02 -0.4914847E+02  0.2423251E+04  0.2423251E+04
 -0.1520585E+02  0.3404029E+02 -0.4924614E+02  0.2336206E+04  0.2336206E+04
 -0.1516061E+02  0.3418320E+02 -0.4934381E+02  0.2401161E+04  0.2401161E+04
 -0.1511538E+02  0.3432611E+02 -0.4944149E+02  0.2360115E+04  0.2360115E+04
 -0.1496100E+02  0.3446704E+02 -0.4942805E+02  0.2354961E+04  0.2354961E+04
 -0.1469749E+02  0.3460600E+02 -0.4930350E+02  0.2450698E+04  0.2450698E+04
 -0.1443398E+02  0.3474496E+02 -0.4917894E+02  0.2350434E+04  0.2350434E+04
 -0.1417047E+02  0.3488392E+02 -0.4905439E+02  0.2451170E+04  0.2451170E+04
 -0.1427565E+02  0.3501200E+02 -0.4928765E+02  0.2379276E+04  0.2379276E+04
 -0.1474951E+02  0.3512920E+02 -0.4987870E+02  0.2291750E+04  0.2291750E+04
 -0.1522337E+02  0.3524639E+02 -0.5046976E+02  0.2430223E+04  0.2430223E+04
 -0.1569724E+02  0.3536358E+02 -0.5106082E+02  0.2442697E+04  0.2442697E+04
 -0.1570621E+02  0.3550564E+02 -0.5121185E+02  0.2514706E+04  0.2514706E+04
 -0.1525030E+02  0.3567255E+02 -0.5092286E+02  0.2548250E+04  0.2548250E+04
 -0.1479439E+02  0.3583947E+02 -0.5063385E+02  0.2483794E+04  0.2483794E+04
 -0.1433848E+02  0.3600638E+02 -0.5034486E+02  0.2485338E+04  0.2485338E+04
 -0.1418291E+02  0.3615585E+02 -0.5033877E+02  0.2384183E+04  0.2384183E+04
 -0.1432770E+02  0.3628788E+02 -0.5061559E+02  0.2360328E+04  0.2360328E+04
 -0.1447249E+02  0.3641991E+02 -0.5089240E+02  0.2513472E+04  0.2513472E+04
 -0.1461728E+02  0.3655194E+02 -0.5116922E+02  0.2357617E+04  0.2357617E+04
 -0.1457565E+02  0.3668296E+02 -0.5125861E+02  0.2523576E+04  0.2523576E+04
 -0.1434761E+02  0.3681297E+02 -0.5116058E+02  0.2450348E+04  0.2450348E+04
 -0.1411957E+02  0.3694299E+02 -0.5106256E+02  0.2437120E+04  0.2437120E+04
 -0.1389153E+02  0.3707300E+02 -0.5096453E+02  0.2458892E+04  0.2458892E+04
 -0.1380085E+02  0.3719580E+02 -0.5099664E+02  0.2517801E+04  0.2517801E+04
 -0.1384752E+02  0.3731139E+02 -0.5115890E+02  0.2352847E+04  0.2352847E+04
 -0.1389419E+02  0.3742697E+02 -0.5132116E+02  0.2410894E+04  0.2410894E+04
 -0.1394085E+02  0.3754256E+02 -0.5148342E+02  0.2385941E+04  0.2385941E+04
 -0.1396815E+02  0.3766213E+02 -0.5163028E+02  0.2470968E+04  0.2470968E+04
 -0.1397606E+02  0.3778569E+02 -0.5176175E+02  0.2621976E+04  0.2621976E+04
 -0.1398398E+02  0.3790925E+02 -0.5189323E+02  0.2440984E+04  0.2440984E+04
 -0.1399189E+02  0.3803281E+02 -0.5202470E+02  0.2488992E+04  0.2488992E+04
 -0.1404951E+02  0.3816047E+02 -0.5220998E+02  0.2519050E+04  0.2519050E+04
 -0.1415684E+02  0.3829223E+02 -0.5244907E+02  0.2542157E+04  0.2542157E+04
 -0.1426417E+02  0.3842400E+02 -0.5268817E+02  0.2550264E+04  0.2550264E+04
 -0.1437150E+02  0.3855576E+02 -0.5292726E+02  0.2483372E+04  0.2483372E+04
 -0.1424464E+02  0.3869474E+02 -0.5293937E+02  0.2578245E+04  0.2578245E+04
 -0.1388359E+02  0.3884092E+02 -0.5272451E+02  0.2563884E+04  0.2563884E+04
 -0.1352255E+02  0.3898711E+02 -0.5250965E+02  0.2514522E+04  0.2514522E+04
 -0.1316150E+02  0.3913329E+02 -0.5229479E+02  0.2473162E+04  0.2473162E+04
 -0.1300036E+02  0.3926307E+02 -0.5226342E+02  0.2496000E+04  0.2496000E+04
 -0.1303911E+02  0.3937643E+02 -0.5241554E+02  0.2522039E+04  0.2522039E+04
 -0.1307787E+02  0.3948979E+02 -0.5256766E+02  0.2457078E+04  0.2457078E+04
 -0.1311663E+02  0.3960315E+02 -0.5271978E+02  0.2444117E+04  0.2444117E+04
 -0.1308416E+02  0.3971370E+02 -0.5279786E+02  0.2532084E+04  0.2532084E+04
 -0.1298047E+02  0.3982143E+02 -0.5280190E+02  0.2614980E+04  0.2614980E+04
 -0.1287677E+02  0.3992917E+02 -0.5280594E+02  0.2528877E+04  0.2528877E+04
 -0.1277308E+02  0.4003690E+02 -0.5280998E+02  0.2549773E+04  0.2549773E+04
 -0.1278283E+02  0.4014347E+02 -0.5292631E+02  0.2464783E+04  0.2464783E+04
 -0.1290602E+02  0.4024889E+02 -0.5315491E+02  0.2503906E+04  0.2503906E+04
 -0.1302920E+02  0.4035431E+02 -0.5338351E+02  0.2542029E+04  0.2542029E+04
 -0.1315239E+02  0.4045973E+02 -0.5361212E+02  0.2595152E+04  0.2595152E+04
 -0.1320572E+02  0.4057423E+02 -0.5377996E+02  0.2499206E+04  0.2499206E+04
 -0.1318921E+02  0.4069782E+02 -0.5388703E+02  0.2586189E+04  0.2586189E+04
 -0.1317269E+02  0.4082141E+02 -0.5399410E+02  0.2569173E+04  0.2569173E+04
 -0.1315617E+02  0.4094500E+02 -0.5410117E+02  0.2627156E+04  0.2627156E+04
 -0.1303378E+02  0.4107107E+02 -0.5410485E+02  0.2556034E+04  0.2556034E+04
 -0.1280551E+02  0.4119963E+02 -0.5400513E+02  0.2551805E+04  0.2551805E+04
 -0.1257724E+02  0.4132818E+02 -0.5390542E+02  0.2513577E+04  0.2513577E+04
 -0.1234896E+02  0.4145674E+02 -0.5380571E+02  0.2517349E+04  0.2517349E+04
 -0.1229470E+02  0.4157469E+02 -0.5386939E+02  0.2587295E+04  0.2587295E+04
 -0.1241444E+02  0.4168203E+02 -0.5409647E+02  0.2605415E+04  0.2605415E+04
 -0.1253418E+02  0.4178937E+02 -0.5432355E+02  0.2575534E+04  0.2575534E+04
 -0.1265392E+02  0.4189671E+02 -0.5455062E+02  0.2644654E+04  0.2644654E+04
 -0.1271541E+02  0.4200927E+02 -0.5472467E+02  0.2609715E+04  0.2609715E+04
 -0.1271864E+02  0.4212704E+02 -0.5484568E+02  0.2537719E+04  0.2537719E+04
 -0.1272187E+02  0.4224483E+02 -0.5496669E+02  0.2690722E+04  0.2690722E+04
 -0.1272510E+02  0.4236261E+02 -0.5508771E+02  0.2497725E+04  0.2497725E+04
 -0.1273475E+02  0.4248141E+02 -0.5521616E+02  0.2604735E+04  0.2604735E+04
 -0.1275081E+02  0.4260123E+02 -0.5535204E+02  0.2624751E+04  0.2624751E+04
 -0.1276688E+02  0.4272105E+02 -0.5548793E+02  0.2636767E+04  0.2636767E+04
 -0.1278294E+02  0.4284087E+02 -0.5562381E+02  0.2622783E+04  0.2622783E+04
 -0.1271047E+02  0.4296251E+02 -0.5567298E+02  0.2615710E+04  0.2615710E+04
 -0.1254945E+02  0.4308599E+02 -0.5563544E+02  0.2642550E+04  0.2642550E+04
 -0.1238843E+02  0.4320947E+02 -0.5559790E+02  0.2565388E+04  0.2565388E+04
 -0.1222741E+02  0.4333295E+02 -0.5556036E+02  0.2607227E+04  0.2607227E+04
 -0.1222827E+02  0.4345006E+02 -0.5567833E+02  0.2708228E+04  0.2708228E+04
 -0.1239101E+02  0.4356081E+02 -0.5595182E+02  0.2607391E+04  0.2607391E+04
 -0.1255374E+02  0.4367156E+02 -0.5622530E+02  0.2703554E+04  0.2703554E+04
 -0.1271648E+02  0.4378231E+02 -0.5649879E+02  0.2708717E+04  0.2708717E+04
 -0.1272265E+02  0.4390233E+02 -0.5662498E+02  0.2665723E+04  0.2665723E+04
 -0.1257225E+02  0.4403162E+02 -0.5660387E+02  0.2618572E+04  0.2618572E+04
 -0.1242185E+02  0.4416091E+02 -0.5658276E+02  0.2663422E+04  0.2663422E+04
 -0.1227146E+02  0.4429020E+02 -0.5656166E+02  0.2611271E+04  0.2611271E+04
 -0.1232264E+02  0.4441455E+02 -0.5673719E+02  0.2622323E+04  0.2622323E+04
 -0.1257541E+02  0.4453396E+02 -0.5710937E+02  0.2781575E+04  0.2781575E+04
 -0.1282818E+02  0.4465337E+02 -0.5748155E+02  0.2739828E+04  0.2739828E+04
 -0.1308095E+02  0.4477278E+02 -0.5785373E+02  0.2721081E+04  0.2721081E+04
 -0.1304878E+02  0.4490061E+02 -0.5794938E+02  0.2794049E+04  0.2794049E+04
 -0.1273167E+02  0.4503684E+02 -0.5776851E+02  0.2644732E+04  0.2644732E+04
 -0.1241456E+02  0.4517308E+02 -0.5758764E+02  0.2616415E+04  0.2616415E+04
 -0.1209745E+02  0.4530931E+02 -0.5740676E+02  0.2614097E+04  0.2614097E+04
 -0.1196986E+02  0.4543147E+02 -0.5740133E+02  0.2712970E+04  0.2712970E+04
 -0.1203178E+02  0.4553957E+02 -0.5757135E+02  0.2811032E+04  0.2811032E+04
 -0.1209371E+02  0.4564766E+02 -0.5774137E+02  0.2746094E+04  0.2746094E+04
 -0.1215563E+02  0.4575575E+02 -0.5791138E+02  0.2719156E+04  0.2719156E+04
 -0.1210155E+02  0.4586625E+02 -0.5796780E+02  0.2753102E+04  0.2753102E+04
 -0.1193147E+02  0.4597914E+02 -0.5791061E+02  0.2661931E+04  0.2661931E+04
 -0.1176138E+02  0.4609204E+02 -0.5785343E+02  0.2663761E+04  0.2663761E+04
 -0.1159130E+02  0.4620494E+02 -0.5779624E+02  0.2706591E+04  0.2706591E+04
 -0.1142392E+02  0.4631281E+02 -0.5773673E+02  0.2725424E+04  0.2725424E+04
 -0.1125926E+02  0.4641565E+02 -0.5767491E+02  0.2739259E+04  0.2739259E+04
 -0.1109459E+02  0.4651849E+02 -0.5761308E+02  0.2683094E+04  0.2683094E+04
 -0.1092992E+02  0.4662133E+02 -0.5755126E+02  0.2677930E+04  0.2677930E+04
 -0.1090515E+02  0.4671732E+02 -0.5762247E+02  0.2755905E+04  0.2755905E+04
 -0.1102028E+02  0.4680644E+02 -0.5782673E+02  0.2670020E+04  0.2670020E+04
 -0.1113542E+02  0.4689557E+02 -0.5803099E+02  0.2749135E+04  0.2749135E+04
 -0.1125055E+02  0.4698469E+02 -0.5823524E+02  0.2691250E+04  0.2691250E+04
 -0.1133772E+02  0.4708259E+02 -0.5842031E+02  0.2671338E+04  0.2671338E+04
 -0.1139693E+02  0.4718926E+02 -0.5858619E+02  0.2828397E+04  0.2828397E+04
 -0.1145615E+02  0.4729593E+02 -0.5875208E+02  0.2758456E+04  0.2758456E+04
 -0.1151536E+02  0.4740260E+02 -0.5891796E+02  0.2707515E+04  0.2707515E+04
 -0.1137579E+02  0.4751210E+02 -0.5888789E+02  0.2809376E+04  0.2809376E+04
 -0.1103744E+02  0.4762443E+02 -0.5866187E+02  0.2731037E+04  0.2731037E+04
 -0.1069909E+02  0.4773676E+02 -0.5843586E+02  0.2724699E+04  0.2724699E+04
 -0.1036074E+02  0.4784910E+02 -0.5820984E+02  0.2669361E+04  0.2669361E+04
 -0.1029104E+02  0.4794519E+02 -0.5823624E+02  0.2653291E+04  0.2653291E+04
 -0.1048999E+02  0.4802505E+02 -0.5851504E+02  0.2781490E+04  0.2781490E+04
 -0.1068894E+02  0.4810490E+02 -0.5879385E+02  0.2775689E+04  0.2775689E+04
 -0.1088789E+02  0.4818476E+02 -0.5907265E+02  0.2775888E+04  0.2775888E+04
 -0.1089827E+02  0.4827573E+02 -0.5917401E+02  0.2809898E+04  0.2809898E+04
 -0.1072009E+02  0.4837782E+02 -0.5909791E+02  0.2674720E+04  0.2674720E+04
 -0.1054191E+02  0.4847991E+02 -0.5902182E+02  0.2743542E+04  0.2743542E+04
 -0.1036373E+02  0.4858200E+02 -0.5894573E+02  0.2713364E+04  0.2713364E+04
 -0.1022258E+02  0.4867972E+02 -0.5890230E+02  0.2718223E+04  0.2718223E+04
 -0.1011846E+02  0.4877306E+02 -0.5889152E+02  0.2801118E+04  0.2801118E+04
 -0.1001435E+02  0.4886640E+02 -0.5888075E+02  0.2827014E+04  0.2827014E+04
 -0.9910237E+01  0.4895974E+02 -0.5886997E+02  0.2706910E+04  0.2706910E+04
 -0.1000945E+02  0.4904861E+02 -0.5905806E+02  0.2747010E+04  0.2747010E+04
 -0.1031199E+02  0.4913302E+02 -0.5944501E+02  0.2687312E+04  0.2687312E+04
 -0.1061452E+02  0.4921743E+02 -0.5983195E+02  0.2828615E+04  0.2828615E+04
 -0.1091706E+02  0.4930184E+02 -0.6021890E+02  0.2689917E+04  0.2689917E+04
 -0.1103520E+02  0.4940403E+02 -0.6043923E+02  0.2761035E+04  0.2761035E+04
 -0.1096894E+02  0.4952401E+02 -0.6049295E+02  0.2971969E+04  0.2971969E+04
 -0.1090267E+02  0.4964399E+02 -0.6054667E+02  0.2774903E+04  0.2774903E+04
 -0.1083642E+02  0.4976397E+02 -0.6060039E+02  0.2831836E+04  0.2831836E+04
 -0.1088507E+02  0.4988027E+02 -0.6076534E+02  0.2812885E+04  0.2812885E+04
 -0.1104863E+02  0.4999288E+02 -0.6104151E+02  0.2823049E+04  0.2823049E+04
 -0.1121220E+02  0.5010548E+02 -0.6131768E+02  0.2906212E+04  0.2906212E+04
 -0.1137576E+02  0.5021809E+02 -0.6159386E+02  0.2727376E+04  0.2727376E+04
 -0.1129187E+02  0.5033753E+02 -0.6162940E+02  0.2897292E+04  0.2897292E+04
 -0.1096053E+02  0.5046378E+02 -0.6142431E+02  0.2916960E+04  0.2916960E+04
 -0.1062918E+02  0.5059004E+02 -0.6121922E+02  0.2815629E+04  0.2815629E+04
 -0.1029784E+02  0.5071629E+02 -0.6101413E+02  0.2842298E+04  0.2842298E+04
 -0.1005156E+02  0.5082700E+02 -0.6087855E+02  0.2864052E+04  0.2864052E+04
 -0.9890343E+01  0.5092215E+02 -0.6081249E+02  0.2766890E+04  0.2766890E+04
 -0.9729130E+01  0.5101730E+02 -0.6074643E+02  0.2819729E+04  0.2819729E+04
 -0.9567917E+01  0.5111245E+02 -0.6068037E+02  0.2724568E+04  0.2724568E+04
 -0.9716175E+01  0.5119867E+02 -0.6091485E+02  0.2872716E+04  0.2872716E+04
 -0.1017390E+02  0.5127596E+02 -0.6144986E+02  0.2821174E+04  0.2821174E+04
 -0.1063163E+02  0.5135324E+02 -0.6198488E+02  0.2925632E+04  0.2925632E+04
 -0.1108936E+02  0.5143053E+02 -0.6251989E+02  0.2886089E+04  0.2886089E+04
 -0.1106586E+02  0.5153453E+02 -0.6260039E+02  0.2887066E+04  0.2887066E+04
 -0.1056113E+02  0.5166523E+02 -0.6222636E+02  0.2939561E+04  0.2939561E+04
 -0.1005641E+02  0.5179593E+02 -0.6185234E+02  0.2800056E+04  0.2800056E+04
 -0.9551678E+01  0.5192664E+02 -0.6147831E+02  0.2792552E+04  0.2792552E+04
 -0.9397845E+01  0.5203248E+02 -0.6143032E+02  0.2827398E+04  0.2827398E+04
 -0.9594911E+01  0.5211346E+02 -0.6170837E+02  0.2891595E+04  0.2891595E+04
 -0.9791974E+01  0.5219445E+02 -0.6198642E+02  0.2888792E+04  0.2888792E+04
 -0.9989039E+01  0.5227544E+02 -0.6226447E+02  0.2840989E+04  0.2840989E+04
 -0.1003884E+02  0.5236300E+02 -0.6240184E+02  0.2955039E+04  0.2955039E+04
 -0.9941381E+01  0.5245715E+02 -0.6239854E+02  0.2823941E+04  0.2823941E+04
 -0.9843923E+01  0.5255130E+02 -0.6239523E+02  0.2816844E+04  0.2816844E+04
 -0.9746463E+01  0.5264545E+02 -0.6239192E+02  0.2832747E+04  0.2832747E+04
 -0.9695702E+01  0.5273996E+02 -0.6243567E+02  0.2885696E+04  0.2885696E+04
 -0.9691640E+01  0.5283482E+02 -0.6252647E+02  0.2967692E+04  0.2967692E+04
 -0.9687577E+01  0.5292969E+02 -0.6261727E+02  0.2937688E+04  0.2937688E+04
 -0.9683516E+01  0.5302456E+02 -0.6270807E+02  0.2884684E+04  0.2884684E+04
 -0.9609842E+01  0.5311983E+02 -0.6272968E+02  0.2920610E+04  0.2920610E+04
 -0.9466558E+01  0.5321553E+02 -0.6268209E+02  0.2824467E+04  0.2824467E+04
 -0.9323274E+01  0.5331122E+02 -0.6263449E+02  0.2893323E+04  0.2893323E+04
 -0.9179990E+01  0.5340691E+02 -0.6258691E+02  0.2845180E+04  0.2845180E+04
 -0.9240857E+01  0.5349722E+02 -0.6273808E+02  0.2901241E+04  0.2901241E+04
 -0.9505877E+01  0.5358213E+02 -0.6308801E+02  0.2890506E+04  0.2890506E+04
 -0.9770896E+01  0.5366703E+02 -0.6343793E+02  0.3020771E+04  0.3020771E+04
 -0.1003592E+02  0.5375195E+02 -0.6378786E+02  0.2962036E+04  0.2962036E+04
 -0.1000618E+02  0.5385153E+02 -0.6385771E+02  0.2856006E+04  0.2856006E+04
 -0.9681690E+01  0.5396578E+02 -0.6364747E+02  0.2950682E+04  0.2950682E+04
 -0.9357201E+01  0.5408004E+02 -0.6343723E+02  0.2876357E+04  0.2876357E+04
 -0.9032710E+01  0.5419429E+02 -0.6322700E+02  0.2867033E+04  0.2867033E+04
 -0.8912098E+01  0.5429187E+02 -0.6320397E+02  0.2868912E+04  0.2868912E+04
 -0.8995363E+01  0.5437278E+02 -0.6336814E+02  0.2975995E+04  0.2975995E+04
 -0.9078629E+01  0.5445369E+02 -0.6353232E+02  0.2925079E+04  0.2925079E+04
 -0.9161894E+01  0.5453460E+02 -0.6369650E+02  0.2915162E+04  0.2915162E+04
 -0.9185403E+01  0.5461779E+02 -0.6380320E+02  0.2955185E+04  0.2955185E+04
 -0.9149157E+01  0.5470327E+02 -0.6385242E+02  0.2906149E+04  0.2906149E+04
 -0.9112909E+01  0.5478874E+02 -0.6390165E+02  0.2917113E+04  0.2917113E+04
 -0.9076663E+01  0.5487421E+02 -0.6395088E+02  0.2877077E+04  0.2877077E+04
 -0.9059391E+01  0.5496197E+02 -0.6402135E+02  0.2994059E+04  0.2994059E+04
 -0.9061094E+01  0.5505201E+02 -0.6411310E+02  0.2948061E+04  0.2948061E+04
 -0.9062797E+01  0.5514205E+02 -0.6420484E+02  0.2978063E+04  0.2978063E+04
 -0.9064500E+01  0.5523208E+02 -0.6429659E+02  0.2965064E+04  0.2965064E+04
 -0.8889285E+01  0.5532347E+02 -0.6421276E+02  0.2900889E+04  0.2900889E+04
 -0.8537151E+01  0.5541623E+02 -0.6395338E+02  0.2956537E+04  0.2956537E+04
 -0.8185019E+01  0.5550897E+02 -0.6369399E+02  0.2909185E+04  0.2909185E+04
 -0.7832886E+01  0.5560172E+02 -0.6343460E+02  0.2775833E+04  0.2775833E+04
 -0.7658473E+01  0.5567810E+02 -0.6333657E+02  0.2983658E+04  0.2983658E+04
 -0.7661781E+01  0.5573812E+02 -0.6339990E+02  0.2935662E+04  0.2935662E+04
 -0.7665089E+01  0.5579814E+02 -0.6346323E+02  0.2839665E+04  0.2839665E+04
 -0.7668397E+01  0.5585816E+02 -0.6352656E+02  0.2949668E+04  0.2949668E+04
 -0.7827435E+01  0.5591945E+02 -0.6374689E+02  0.2962827E+04  0.2962827E+04
 -0.8142202E+01  0.5598202E+02 -0.6412422E+02  0.2897142E+04  0.2897142E+04
 -0.8456971E+01  0.5604458E+02 -0.6450155E+02  0.2938457E+04  0.2938457E+04
 -0.8771739E+01  0.5610715E+02 -0.6487888E+02  0.2929772E+04  0.2929772E+04
 -0.8693948E+01  0.5618763E+02 -0.6488157E+02  0.3019694E+04  0.3019694E+04
 -0.8223597E+01  0.5628601E+02 -0.6450961E+02  0.2998224E+04  0.2998224E+04
 -0.7753246E+01  0.5638440E+02 -0.6413763E+02  0.2855753E+04  0.2855753E+04
 -0.7282895E+01  0.5648278E+02 -0.6376567E+02  0.2812283E+04  0.2812283E+04
 -0.7135704E+01  0.5655991E+02 -0.6369562E+02  0.3024136E+04  0.3024136E+04
 -0.7311673E+01  0.5661580E+02 -0.6392748E+02  0.2911312E+04  0.2911312E+04
 -0.7487643E+01  0.5667169E+02 -0.6415933E+02  0.2957488E+04  0.2957488E+04
 -0.7663612E+01  0.5672758E+02 -0.6439119E+02  0.2970664E+04  0.2970664E+04
 -0.7840653E+01  0.5679125E+02 -0.6463190E+02  0.2898841E+04  0.2898841E+04
 -0.8018764E+01  0.5686269E+02 -0.6488145E+02  0.2945019E+04  0.2945019E+04
 -0.8196877E+01  0.5693414E+02 -0.6513102E+02  0.3052197E+04  0.3052197E+04
 -0.8374990E+01  0.5700559E+02 -0.6538058E+02  0.2928375E+04  0.2928375E+04
 -0.8384747E+01  0.5709143E+02 -0.6547617E+02  0.3098385E+04  0.3098385E+04
 -0.8226147E+01  0.5719167E+02 -0.6541781E+02  0.2876226E+04  0.2876226E+04
 -0.8067547E+01  0.5729190E+02 -0.6535945E+02  0.2991068E+04  0.2991068E+04
 -0.7908947E+01  0.5739214E+02 -0.6530109E+02  0.2943909E+04  0.2943909E+04
 -0.7590648E+01  0.5748511E+02 -0.6507575E+02  0.2993591E+04  0.2993591E+04
 -0.7112649E+01  0.5757081E+02 -0.6468346E+02  0.2978113E+04  0.2978113E+04
 -0.6634651E+01  0.5765651E+02 -0.6429116E+02  0.2903635E+04  0.2903635E+04
 -0.6156652E+01  0.5774221E+02 -0.6389886E+02  0.2774157E+04  0.2774157E+04
 -0.6092316E+01  0.5780087E+02 -0.6389318E+02  0.2954092E+04  0.2954092E+04
 -0.6441642E+01  0.5783246E+02 -0.6427410E+02  0.2955442E+04  0.2955442E+04
 -0.6790968E+01  0.5786406E+02 -0.6465502E+02  0.3017791E+04  0.3017791E+04
 -0.7140294E+01  0.5789566E+02 -0.6503595E+02  0.2879140E+04  0.2879140E+04
 -0.7255216E+01  0.5794538E+02 -0.6520059E+02  0.2932255E+04  0.2932255E+04
 -0.7135736E+01  0.5801322E+02 -0.6514895E+02  0.3026136E+04  0.3026136E+04
 -0.7016254E+01  0.5808105E+02 -0.6509731E+02  0.2888016E+04  0.2888016E+04
 -0.6896774E+01  0.5814890E+02 -0.6504566E+02  0.3026897E+04  0.3026897E+04
 -0.6968050E+01  0.5821761E+02 -0.6518566E+02  0.2962968E+04  0.2962968E+04
 -0.7230085E+01  0.5828720E+02 -0.6551728E+02  0.2934230E+04  0.2934230E+04
 -0.7492120E+01  0.5835679E+02 -0.6584892E+02  0.2940492E+04  0.2940492E+04
 -0.7754155E+01  0.5842639E+02 -0.6618053E+02  0.2977754E+04  0.2977754E+04
 -0.7235435E+01  0.5850858E+02 -0.6574401E+02  0.3062235E+04  0.3062235E+04
 -0.5935960E+01  0.5860336E+02 -0.6453931E+02  0.3069936E+04  0.3069936E+04
 -0.4636486E+01  0.5869815E+02 -0.6333463E+02  0.2827636E+04  0.2827636E+04
 -0.3337012E+01  0.5879293E+02 -0.6212994E+02  0.2872337E+04  0.2872337E+04
 -0.2687274E+01  0.5882492E+02 -0.6027442E+02  0.2776687E+04  0.2776687E+04
 -0.2687274E+01  0.5879411E+02 -0.5776805E+02  0.2683687E+04  0.2683687E+04
  0.7214932E+01  0.5876330E+02 -0.5526170E+02  0.2496785E+04  0.2496785E+04
  0.7214932E+01  0.5873249E+02 -0.5275533E+02  0.2361785E+04  0.2361785E+04
  0.7859500E+01  0.5857613E+02 -0.5071663E+02  0.2234140E+04  0.2234140E+04
  0.9148637E+01  0.5829421E+02 -0.4914558E+02  0.2204851E+04  0.2204851E+04
  0.1043777E+02  0.5801230E+02 -0.4757452E+02  0.2129562E+04  0.2129562E+04
  0.1172691E+02  0.5773038E+02 -0.4600348E+02  0.2024273E+04  0.2024273E+04
  0.1252372E+02  0.5739669E+02 -0.4487297E+02  0.1986476E+04  0.1986476E+04
  0.1282820E+02  0.5701120E+02 -0.4418300E+02  0.1982172E+04  0.1982172E+04
  0.1313268E+02  0.5662572E+02 -0.4349304E+02  0.1912867E+04  0.1912867E+04
  0.1343717E+02  0.5624024E+02 -0.4280307E+02  0.1809563E+04  0.1809563E+04
  0.1344750E+02  0.5587516E+02 -0.4242765E+02  0.1967552E+04  0.1967552E+04
  0.1316368E+02  0.5553046E+02 -0.4236678E+02  0.1922836E+04  0.1922836E+04
  0.1287986E+02  0.5518577E+02 -0.4230590E+02  0.1963120E+04  0.1963120E+04
  0.1259605E+02  0.5484108E+02 -0.4224503E+02  0.1872404E+04  0.1872404E+04
  0.1230989E+02  0.5454496E+02 -0.4223508E+02  0.1885690E+04  0.1885690E+04
  0.1202138E+02  0.5429744E+02 -0.4227605E+02  0.1847979E+04  0.1847979E+04
  0.1173288E+02  0.5404990E+02 -0.4231702E+02  0.1910267E+04  0.1910267E+04
  0.1144438E+02  0.5380237E+02 -0.4235799E+02  0.1859556E+04  0.1859556E+04
  0.1128396E+02  0.5359314E+02 -0.4230917E+02  0.1898716E+04  0.1898716E+04
  0.1125164E+02  0.5342220E+02 -0.4217056E+02  0.1931748E+04  0.1931748E+04
  0.1121931E+02  0.5325127E+02 -0.4203196E+02  0.1821781E+04  0.1821781E+04
  0.1118698E+02  0.5308033E+02 -0.4189334E+02  0.1870813E+04  0.1870813E+04
  0.1108192E+02  0.5292353E+02 -0.4184161E+02  0.1934918E+04  0.1934918E+04
  0.1090413E+02  0.5278088E+02 -0.4187675E+02  0.1873096E+04  0.1873096E+04
  0.1072634E+02  0.5263823E+02 -0.4191189E+02  0.1851274E+04  0.1851274E+04
  0.1054855E+02  0.5249558E+02 -0.4194703E+02  0.1926451E+04  0.1926451E+04
  0.1042357E+02  0.5236803E+02 -0.4194446E+02  0.1831576E+04  0.1831576E+04
  0.1035141E+02  0.5225558E+02 -0.4190417E+02  0.1917649E+04  0.1917649E+04
  0.1027924E+02  0.5214313E+02 -0.4186389E+02  0.1889721E+04  0.1889721E+04
  0.1020708E+02  0.5203068E+02 -0.4182360E+02  0.1873793E+04  0.1873793E+04
  0.1017696E+02  0.5192579E+02 -0.4174884E+02  0.1874823E+04  0.1874823E+04
  0.1018888E+02  0.5182846E+02 -0.4163958E+02  0.1840811E+04  0.1840811E+04
  0.1020080E+02  0.5173114E+02 -0.4153034E+02  0.1776799E+04  0.1776799E+04
  0.1021273E+02  0.5163382E+02 -0.4142109E+02  0.1876787E+04  0.1876787E+04
  0.1019635E+02  0.5153798E+02 -0.4134163E+02  0.1856804E+04  0.1856804E+04
  0.1015167E+02  0.5144363E+02 -0.4129196E+02  0.1886848E+04  0.1886848E+04
  0.1010699E+02  0.5134928E+02 -0.4124229E+02  0.1849893E+04  0.1849893E+04
  0.1006231E+02  0.5125493E+02 -0.4119262E+02  0.1899938E+04  0.1899938E+04
  0.1008907E+02  0.5116470E+02 -0.4107562E+02  0.1879911E+04  0.1879911E+04
  0.1018727E+02  0.5107858E+02 -0.4089131E+02  0.1729813E+04  0.1729813E+04
  0.1028548E+02  0.5099247E+02 -0.4070699E+02  0.1797714E+04  0.1797714E+04
  0.1038368E+02  0.5090636E+02 -0.4052268E+02  0.1776616E+04  0.1776616E+04
  0.1046359E+02  0.5081770E+02 -0.4035411E+02  0.1823536E+04  0.1823536E+04
  0.1052520E+02  0.5072650E+02 -0.4020129E+02  0.1825475E+04  0.1825475E+04
  0.1058682E+02  0.5063530E+02 -0.4004848E+02  0.1801413E+04  0.1801413E+04
  0.1064843E+02  0.5054410E+02 -0.3989566E+02  0.1780352E+04  0.1780352E+04
  0.1064061E+02  0.5045098E+02 -0.3981038E+02  0.1767359E+04  0.1767359E+04
  0.1056334E+02  0.5035596E+02 -0.3979261E+02  0.1762437E+04  0.1762437E+04
  0.1048608E+02  0.5026093E+02 -0.3977485E+02  0.1790514E+04  0.1790514E+04
  0.1040882E+02  0.5016590E+02 -0.3975708E+02  0.1674591E+04  0.1674591E+04
  0.1072466E+02  0.5007630E+02 -0.3935164E+02  0.1781275E+04  0.1781275E+04
  0.1143361E+02  0.4999212E+02 -0.3855851E+02  0.1838566E+04  0.1838566E+04
  0.1214256E+02  0.4990794E+02 -0.3776537E+02  0.1704857E+04  0.1704857E+04
  0.1285151E+02  0.4982376E+02 -0.3697224E+02  0.1603148E+04  0.1603148E+04
  0.1334561E+02  0.4970676E+02 -0.3636115E+02  0.1604654E+04  0.1604654E+04
  0.1362485E+02  0.4955695E+02 -0.3593209E+02  0.1587375E+04  0.1587375E+04
  0.1390409E+02  0.4940714E+02 -0.3550304E+02  0.1571096E+04  0.1571096E+04
  0.1418333E+02  0.4925732E+02 -0.3507399E+02  0.1550817E+04  0.1550817E+04
  0.1455784E+02  0.4909378E+02 -0.3453594E+02  0.1573442E+04  0.1573442E+04
  0.1502760E+02  0.4891650E+02 -0.3388890E+02  0.1488972E+04  0.1488972E+04
  0.1549736E+02  0.4873922E+02 -0.3324185E+02  0.1471503E+04  0.1471503E+04
  0.1596712E+02  0.4856194E+02 -0.3259481E+02  0.1405033E+04  0.1405033E+04
  0.1629128E+02  0.4837014E+02 -0.3207886E+02  0.1420709E+04  0.1420709E+04
  0.1646983E+02  0.4816385E+02 -0.3169402E+02  0.1414530E+04  0.1414530E+04
  0.1664838E+02  0.4795755E+02 -0.3130917E+02  0.1411352E+04  0.1411352E+04
  0.1682694E+02  0.4775126E+02 -0.3092432E+02  0.1356173E+04  0.1356173E+04
  0.1703480E+02  0.4754377E+02 -0.3050898E+02  0.1375965E+04  0.1375965E+04
  0.1727197E+02  0.4733512E+02 -0.3006314E+02  0.1287728E+04  0.1287728E+04
  0.1750915E+02  0.4712645E+02 -0.2961731E+02  0.1295491E+04  0.1295491E+04
  0.1774632E+02  0.4691780E+02 -0.2917147E+02  0.1339254E+04  0.1339254E+04
  0.1802680E+02  0.4670750E+02 -0.2868070E+02  0.1252973E+04  0.1252973E+04
  0.1835059E+02  0.4649558E+02 -0.2814499E+02  0.1219649E+04  0.1219649E+04
  0.1867438E+02  0.4628366E+02 -0.2760928E+02  0.1293326E+04  0.1293326E+04
  0.1899817E+02  0.4607174E+02 -0.2707357E+02  0.1210002E+04  0.1210002E+04
  0.1973938E+02  0.4585093E+02 -0.2611155E+02  0.1142261E+04  0.1142261E+04
  0.2089800E+02  0.4562122E+02 -0.2472322E+02  0.1063102E+04  0.1063102E+04
  0.2205663E+02  0.4539152E+02 -0.2333489E+02  0.1078943E+04  0.1078943E+04
  0.2321526E+02  0.4516182E+02 -0.2194656E+02  0.9787847E+03  0.9787847E+03
  0.2481882E+02  0.4488151E+02 -0.2006269E+02  0.8601812E+03  0.8601812E+03
  0.2686732E+02  0.4455061E+02 -0.1768329E+02  0.7771327E+03  0.7771327E+03
  0.2891582E+02  0.4421971E+02 -0.1530389E+02  0.6450842E+03  0.6450842E+03
  0.3096432E+02  0.4388881E+02 -0.1292449E+02  0.5560357E+03  0.5560357E+03
  0.3261407E+02  0.4346325E+02 -0.1084918E+02  0.4363859E+03  0.4363859E+03
  0.3386508E+02  0.4294302E+02 -0.9077943E+01  0.3291349E+03  0.3291349E+03
  0.3511609E+02  0.4242280E+02 -0.7306711E+01  0.2818839E+03  0.2818839E+03
  0.3636710E+02  0.4190258E+02 -0.5535479E+01  0.1956329E+03  0.1956329E+03
  0.3706637E+02  0.4133699E+02 -0.4270620E+01  0.1149336E+03  0.1149336E+03
  0.3721391E+02  0.4072604E+02 -0.3512134E+01  0.9078609E+02  0.9078609E+02
  0.3736145E+02  0.4011510E+02 -0.2753647E+01  0.6663855E+02  0.6663855E+02
  0.3750899E+02  0.3950415E+02 -0.1995161E+01  0.3549101E+02  0.3549101E+02
  0.3740331E+02  0.3892036E+02 -0.1517057E+01  0.1459669E+02  0.1459669E+02
  0.3704440E+02  0.3836373E+02 -0.1319334E+01  0.2195560E+02  0.2195560E+02
  0.3668549E+02  0.3780711E+02 -0.1121611E+01  0.3314507E+01  0.3314507E+01
  0.3632659E+02  0.3725048E+02 -0.9238890E+00  0.7673412E+01  0.7673412E+01
  0.3592987E+02  0.3674664E+02 -0.8167747E+00 -0.3929871E+01  0.0000000E+00
  0.3549533E+02  0.3629560E+02 -0.8002688E+00 -0.4495335E+01  0.0000000E+00
  0.3506080E+02  0.3584456E+02 -0.7837628E+00 -0.2060799E+01  0.0000000E+00
  0.3462626E+02  0.3539352E+02 -0.7672569E+00 -0.5626263E+01  0.0000000E+00
  0.3422580E+02  0.3498769E+02 -0.7618885E+00 -0.6225800E+01  0.0000000E+00
  0.3385941E+02  0.3462707E+02 -0.7676576E+00  0.1114059E+02  0.1114059E+02
  0.3349302E+02  0.3426645E+02 -0.7734267E+00  0.5069809E+00  0.5069809E+00
  0.3312663E+02  0.3390582E+02 -0.7791958E+00 -0.1266289E+00  0.0000000E+00
  0.3281290E+02  0.3357533E+02 -0.7624220E+00  0.9187099E+01  0.9187099E+01
  0.3255184E+02  0.3327494E+02 -0.7231054E+00 -0.2551838E+01  0.0000000E+00
  0.3229078E+02  0.3297457E+02 -0.6837887E+00 -0.2907753E+00  0.0000000E+00
  0.3202971E+02  0.3267419E+02 -0.6444720E+00 -0.8029713E+01  0.0000000E+00
  0.3176221E+02  0.3239128E+02 -0.6290667E+00 -0.1176221E+02  0.0000000E+00
  0.3148827E+02  0.3212584E+02 -0.6375727E+00  0.3511728E+01  0.3511728E+01
  0.3121433E+02  0.3186041E+02 -0.6460788E+00 -0.2214329E+01  0.0000000E+00
  0.3094039E+02  0.3159497E+02 -0.6545848E+00  0.2059614E+01  0.2059614E+01
  0.3068258E+02  0.3134357E+02 -0.6609834E+00 -0.1682583E+01  0.0000000E+00
  0.3044092E+02  0.3110620E+02 -0.6652747E+00 -0.4440920E+01  0.0000000E+00
  0.3019926E+02  0.3086882E+02 -0.6695659E+00 -0.4199257E+01  0.0000000E+00
  0.2995759E+02  0.3063145E+02 -0.6738572E+00  0.1042406E+01  0.1042406E+01
  0.2973096E+02  0.3040493E+02 -0.6739683E+00  0.3269041E+01  0.3269041E+01
  0.2951935E+02  0.3018925E+02 -0.6698992E+00  0.4806480E+00  0.4806480E+00
  0.2930775E+02  0.2997358E+02 -0.6658303E+00 -0.4307747E+01  0.0000000E+00
  0.2909614E+02  0.2975790E+02 -0.6617612E+00  0.5903860E+01  0.5903860E+01
  0.2889579E+02  0.2954996E+02 -0.6541753E+00  0.3104210E+01  0.3104210E+01
  0.2870670E+02  0.2934977E+02 -0.6430724E+00 -0.3706696E+01  0.0000000E+00
  0.2851760E+02  0.2914957E+02 -0.6319694E+00  0.4823990E+00  0.4823990E+00
  0.2832851E+02  0.2894937E+02 -0.6208665E+00  0.3671494E+01  0.3671494E+01
  0.2814170E+02  0.2875495E+02 -0.6132516E+00 -0.9141703E+01  0.0000000E+00
  0.2795719E+02  0.2856632E+02 -0.6091248E+00  0.1042809E+01  0.1042809E+01
  0.2777268E+02  0.2837768E+02 -0.6049980E+00  0.1227322E+01  0.1227322E+01
  0.2758817E+02  0.2818904E+02 -0.6008711E+00  0.1411833E+01  0.1411833E+01
  0.2740230E+02  0.2800538E+02 -0.6030743E+00 -0.7402302E+01  0.0000000E+00
  0.2721508E+02  0.2782669E+02 -0.6116073E+00  0.7849178E+00  0.7849178E+00
  0.2702786E+02  0.2764800E+02 -0.6201403E+00  0.4972136E+01  0.4972136E+01
  0.2684064E+02  0.2746932E+02 -0.6286733E+00 -0.2840645E+01  0.0000000E+00
  0.2668157E+02  0.2729545E+02 -0.6138881E+00 -0.4681566E+01  0.0000000E+00
  0.2655063E+02  0.2712641E+02 -0.5757847E+00  0.7449373E+01  0.7449373E+01
  0.2641969E+02  0.2695737E+02 -0.5376813E+00 -0.3419685E+01  0.0000000E+00
  0.2628875E+02  0.2678832E+02 -0.4995780E+00 -0.1128875E+02  0.0000000E+00
  0.2612967E+02  0.2662083E+02 -0.4911556E+00  0.1870325E+01  0.1870325E+01
  0.2594248E+02  0.2645489E+02 -0.5124143E+00 -0.6942476E+01  0.0000000E+00
  0.2575527E+02  0.2628895E+02 -0.5336730E+00 -0.2755274E+01  0.0000000E+00
  0.2556808E+02  0.2612301E+02 -0.5549318E+00  0.4319248E+00  0.4319248E+00
  0.2540231E+02  0.2596087E+02 -0.5585667E+00 -0.2402308E+01  0.0000000E+00
  0.2525797E+02  0.2580255E+02 -0.5445779E+00  0.2742027E+01  0.2742027E+01
  0.2511364E+02  0.2564423E+02 -0.5305892E+00 -0.1136379E+00  0.0000000E+00
  0.2496930E+02  0.2548590E+02 -0.5166003E+00  0.1030697E+01  0.1030697E+01
  0.2481743E+02  0.2532992E+02 -0.5124962E+00 -0.6817427E+01  0.0000000E+00
  0.2465800E+02  0.2517628E+02 -0.5182767E+00 -0.3658005E+01  0.0000000E+00
  0.2449858E+02  0.2502264E+02 -0.5240571E+00  0.4501415E+01  0.4501415E+01
  0.2433916E+02  0.2486900E+02 -0.5298377E+00  0.3660837E+01  0.3660837E+01
  0.2418506E+02  0.2471784E+02 -0.5327716E+00 -0.2185064E+01  0.0000000E+00
  0.2403629E+02  0.2456915E+02 -0.5328593E+00 -0.9036287E+01  0.0000000E+00
  0.2388751E+02  0.2442046E+02 -0.5329468E+00  0.1112490E+01  0.1112490E+01
  0.2373873E+02  0.2427177E+02 -0.5330344E+00  0.2612667E+00  0.2612667E+00
  0.2359785E+02  0.2412527E+02 -0.5274237E+00 -0.5978508E+00  0.0000000E+00
  0.2346486E+02  0.2398098E+02 -0.5161150E+00 -0.1464863E+01  0.0000000E+00
  0.2333187E+02  0.2383668E+02 -0.5048062E+00  0.6681252E+00  0.6681252E+00
  0.2319889E+02  0.2369238E+02 -0.4934975E+00 -0.7198887E+01  0.0000000E+00
  0.2306267E+02  0.2354913E+02 -0.4864574E+00 -0.1062670E+01  0.0000000E+00
  0.2292322E+02  0.2340691E+02 -0.4836861E+00  0.1076777E+01  0.1076777E+01
  0.2278378E+02  0.2326469E+02 -0.4809147E+00  0.3216221E+01  0.3216221E+01
  0.2264433E+02  0.2312247E+02 -0.4781434E+00  0.3355667E+01  0.3355667E+01
  0.2250082E+02  0.2298114E+02 -0.4803269E+00 -0.1150082E+02  0.0000000E+00
  0.2235324E+02  0.2284070E+02 -0.4874653E+00 -0.1353235E+01  0.0000000E+00
  0.2220565E+02  0.2270025E+02 -0.4946036E+00  0.1794350E+01  0.1794350E+01
  0.2205807E+02  0.2255981E+02 -0.5017419E+00 -0.1058067E+01  0.0000000E+00
  0.2192085E+02  0.2242055E+02 -0.4996985E+00 -0.5920853E+01  0.0000000E+00
  0.2179401E+02  0.2228248E+02 -0.4884732E+00  0.6205994E+01  0.6205994E+01
  0.2166716E+02  0.2214441E+02 -0.4772479E+00 -0.3667160E+01  0.0000000E+00
  0.2154031E+02  0.2200634E+02 -0.4660226E+00 -0.1540314E+01  0.0000000E+00
  0.2140154E+02  0.2186910E+02 -0.4675675E+00  0.3598465E+01  0.3598465E+01
  0.2125082E+02  0.2173271E+02 -0.4818826E+00 -0.3250824E+01  0.0000000E+00
  0.2110011E+02  0.2159631E+02 -0.4961976E+00 -0.2100113E+01  0.0000000E+00
  0.2094940E+02  0.2145991E+02 -0.5105127E+00 -0.6949402E+01  0.0000000E+00
  0.2080671E+02  0.2132655E+02 -0.5198461E+00  0.1519329E+02  0.1519329E+02
  0.2067203E+02  0.2119622E+02 -0.5241979E+00  0.1327974E+01  0.1327974E+01
  0.2053735E+02  0.2106590E+02 -0.5285498E+00  0.3462652E+01  0.3462652E+01
  0.2040267E+02  0.2093557E+02 -0.5329017E+00  0.5973339E+00  0.5973339E+00
  0.2029037E+02  0.2080840E+02 -0.5180215E+00  0.5709625E+01  0.5709625E+01
  0.2020047E+02  0.2068438E+02 -0.4839093E+00  0.2799530E+01  0.2799530E+01
  0.2011056E+02  0.2056036E+02 -0.4497970E+00 -0.5110563E+01  0.0000000E+00
  0.2002066E+02  0.2043634E+02 -0.4156848E+00 -0.2020658E+01  0.0000000E+00
  0.1989314E+02  0.2031315E+02 -0.4200127E+00 -0.1893135E+01  0.0000000E+00
  0.1972799E+02  0.2019077E+02 -0.4627808E+00 -0.7279911E+00  0.0000000E+00
  0.1956285E+02  0.2006840E+02 -0.5055490E+00  0.4437153E+01  0.4437153E+01
  0.1939770E+02  0.1994602E+02 -0.5483171E+00  0.6602297E+01  0.6602297E+01
  0.1929372E+02  0.1982784E+02 -0.5341125E+00  0.7062759E+00  0.7062759E+00
  0.1925091E+02  0.1971384E+02 -0.4629351E+00  0.1074909E+02  0.1074909E+02
  0.1920809E+02  0.1959985E+02 -0.3917577E+00  0.1791906E+01  0.1791906E+01
  0.1916528E+02  0.1948586E+02 -0.3205803E+00 -0.1316528E+02  0.0000000E+00
  0.1906644E+02  0.1937073E+02 -0.3042895E+00 -0.6066439E+01  0.0000000E+00
  0.1891157E+02  0.1925446E+02 -0.3428851E+00 -0.8911573E+01  0.0000000E+00
  0.1875671E+02  0.1913819E+02 -0.3814807E+00  0.6243292E+01  0.6243292E+01
  0.1860184E+02  0.1902192E+02 -0.4200764E+00  0.3398157E+01  0.3398157E+01
  0.1847348E+02  0.1890860E+02 -0.4351257E+00 -0.1473478E+01  0.0000000E+00
  0.1837161E+02  0.1879824E+02 -0.4266289E+00 -0.5371613E+01  0.0000000E+00
  0.1826975E+02  0.1868788E+02 -0.4181320E+00 -0.4269749E+01  0.0000000E+00
  0.1816788E+02  0.1857752E+02 -0.4096352E+00 -0.1167883E+01  0.0000000E+00
  0.1806580E+02  0.1846907E+02 -0.4032740E+00  0.1934200E+01  0.1934200E+01
  0.1796350E+02  0.1836255E+02 -0.3990485E+00  0.2036503E+01  0.2036503E+01
  0.1786120E+02  0.1825602E+02 -0.3948231E+00  0.1138803E+01  0.1138803E+01
  0.1775889E+02  0.1814949E+02 -0.3905976E+00 -0.6758894E+01  0.0000000E+00
  0.1765325E+02  0.1804390E+02 -0.3906513E+00 -0.6532459E+00  0.0000000E+00
  0.1754425E+02  0.1793924E+02 -0.3949840E+00  0.3455746E+01  0.3455746E+01
  0.1743526E+02  0.1783458E+02 -0.3993168E+00  0.2564737E+01  0.2564737E+01
  0.1732627E+02  0.1772992E+02 -0.4036495E+00 -0.1326271E+01  0.0000000E+00
  0.1722455E+02  0.1762681E+02 -0.4022631E+00  0.3775448E+01  0.3775448E+01
  0.1713011E+02  0.1752526E+02 -0.3951573E+00 -0.3130106E+01  0.0000000E+00
  0.1703566E+02  0.1742371E+02 -0.3880516E+00 -0.2035660E+01  0.0000000E+00
  0.1694121E+02  0.1732216E+02 -0.3809459E+00 -0.2941214E+01  0.0000000E+00
  0.1684989E+02  0.1722159E+02 -0.3717088E+00  0.1150114E+01  0.1150114E+01
  0.1676167E+02  0.1712201E+02 -0.3603402E+00  0.2238329E+01  0.2238329E+01
  0.1667346E+02  0.1702243E+02 -0.3489717E+00 -0.3673460E+01  0.0000000E+00
  0.1658525E+02  0.1692285E+02 -0.3376031E+00  0.2414755E+01  0.2414755E+01
  0.1647038E+02  0.1682381E+02 -0.3534402E+00 -0.4470375E+01  0.0000000E+00
  0.1632884E+02  0.1672533E+02 -0.3964829E+00 -0.2328844E+01  0.0000000E+00
  0.1618731E+02  0.1662684E+02 -0.4395257E+00  0.1081269E+02  0.1081269E+02
  0.1604578E+02  0.1652835E+02 -0.4825684E+00  0.4954216E+01  0.4954216E+01
  0.1594329E+02  0.1643308E+02 -0.4897913E+00  0.4056712E+01  0.4056712E+01
  0.1587982E+02  0.1634102E+02 -0.4611945E+00  0.4120177E+01  0.4120177E+01
  0.1581636E+02  0.1624895E+02 -0.4325977E+00 -0.2816358E+01  0.0000000E+00
  0.1575289E+02  0.1615689E+02 -0.4040008E+00  0.2471075E+00  0.2471075E+00
  0.1568491E+02  0.1606460E+02 -0.3797004E+00  0.3315095E+01  0.3315095E+01
  0.1561240E+02  0.1597209E+02 -0.3596962E+00  0.4387605E+01  0.4387605E+01
  0.1553989E+02  0.1587958E+02 -0.3396920E+00 -0.5398855E+00  0.0000000E+00
  0.1546738E+02  0.1578706E+02 -0.3196879E+00 -0.4673758E+00  0.0000000E+00
  0.1537855E+02  0.1569399E+02 -0.3154428E+00  0.6214495E+00  0.6214495E+00
  0.1527341E+02  0.1560037E+02 -0.3269569E+00 -0.7273409E+01  0.0000000E+00
  0.1516827E+02  0.1550674E+02 -0.3384709E+00  0.2831732E+01  0.2831732E+01
  0.1506313E+02  0.1541311E+02 -0.3499850E+00 -0.6312656E-01  0.0000000E+00
  0.1496398E+02  0.1532117E+02 -0.3571902E+00  0.3602219E-01  0.3602219E-01
  0.1487082E+02  0.1523091E+02 -0.3600865E+00 -0.8708210E+00  0.0000000E+00
  0.1477766E+02  0.1514065E+02 -0.3629829E+00 -0.7776642E+00  0.0000000E+00
  0.1468451E+02  0.1505039E+02 -0.3658792E+00 -0.6845074E+00  0.0000000E+00
  0.1460061E+02  0.1496151E+02 -0.3608995E+00  0.3993864E+00  0.3993864E+00
  0.1452598E+02  0.1487403E+02 -0.3480438E+00  0.6474016E+01  0.6474016E+01
  0.1445135E+02  0.1478654E+02 -0.3351880E+00 -0.6451353E+01  0.0000000E+00
  0.1437672E+02  0.1469906E+02 -0.3223323E+00 -0.3767233E+00  0.0000000E+00
  0.1429291E+02  0.1461173E+02 -0.3188177E+00  0.3707088E+01  0.3707088E+01
  0.1419992E+02  0.1452456E+02 -0.3246442E+00  0.8000822E+00  0.8000822E+00
  0.1410692E+02  0.1443740E+02 -0.3304708E+00  0.8930759E+00  0.8930759E+00
  0.1401393E+02  0.1435023E+02 -0.3362973E+00  0.4986070E+01  0.4986070E+01
  0.1392271E+02  0.1426410E+02 -0.3413954E+00  0.7729340E-01  0.7729340E-01
  0.1383325E+02  0.1417902E+02 -0.3457651E+00 -0.2833252E+01  0.0000000E+00
  0.1374380E+02  0.1409393E+02 -0.3501347E+00  0.2256203E+01  0.2256203E+01
  0.1365434E+02  0.1400885E+02 -0.3545044E+00  0.6345657E+01  0.6345657E+01
  0.1356678E+02  0.1392493E+02 -0.3581525E+00  0.1433218E+01  0.1433218E+01
  0.1348112E+02  0.1384219E+02 -0.3610791E+00 -0.2481115E+01  0.0000000E+00
  0.1339545E+02  0.1375945E+02 -0.3640056E+00  0.6045523E+00  0.6045523E+00
  0.1330978E+02  0.1367671E+02 -0.3669322E+00  0.3690219E+01  0.3690219E+01
  0.1323507E+02  0.1359484E+02 -0.3597753E+00  0.2764932E+01  0.2764932E+01
  0.1317131E+02  0.1351384E+02 -0.3425349E+00  0.3828691E+01  0.3828691E+01
  0.1310755E+02  0.1343284E+02 -0.3252945E+00 -0.1107550E+01  0.0000000E+00
  0.1304379E+02  0.1335184E+02 -0.3080541E+00  0.9562092E+00  0.9562092E+00
  0.1297842E+02  0.1327067E+02 -0.2922540E+00 -0.1978417E+01  0.0000000E+00
  0.1291143E+02  0.1318932E+02 -0.2778940E+00  0.2088572E+01  0.2088572E+01
  0.1284444E+02  0.1310797E+02 -0.2635340E+00 -0.2844440E+01  0.0000000E+00
  0.1277745E+02  0.1302662E+02 -0.2491741E+00 -0.2777451E+01  0.0000000E+00
  0.1269888E+02  0.1294522E+02 -0.2463428E+00  0.1301120E+01  0.1301120E+01
  0.1260873E+02  0.1286377E+02 -0.2550402E+00 -0.4608726E+01  0.0000000E+00
  0.1251857E+02  0.1278231E+02 -0.2637376E+00 -0.2518573E+01  0.0000000E+00
  0.1242842E+02  0.1270085E+02 -0.2724350E+00  0.1571582E+01  0.1571582E+01
  0.1234537E+02  0.1262074E+02 -0.2753686E+00 -0.3453684E+00  0.0000000E+00
  0.1226942E+02  0.1254196E+02 -0.2725383E+00 -0.2694216E+00  0.0000000E+00
  0.1219347E+02  0.1246318E+02 -0.2697080E+00 -0.2193474E+01  0.0000000E+00
  0.1211753E+02  0.1238441E+02 -0.2668778E+00  0.1882473E+01  0.1882473E+01
  0.1203957E+02  0.1230649E+02 -0.2669259E+00 -0.3956890E-01  0.0000000E+00
  0.1195960E+02  0.1222945E+02 -0.2698524E+00 -0.1959599E+01  0.0000000E+00
  0.1187963E+02  0.1215241E+02 -0.2727789E+00  0.3120372E+01  0.3120372E+01
  0.1179966E+02  0.1207536E+02 -0.2757054E+00  0.2200342E+01  0.2200342E+01
  0.1173127E+02  0.1199907E+02 -0.2677945E+00 -0.7312746E+00  0.0000000E+00
  0.1167448E+02  0.1192352E+02 -0.2490463E+00 -0.3674476E+01  0.0000000E+00
  0.1161768E+02  0.1184798E+02 -0.2302980E+00 -0.7617679E+01  0.0000000E+00
  0.1156088E+02  0.1177243E+02 -0.2115497E+00 -0.1560880E+01  0.0000000E+00
  0.1148800E+02  0.1169670E+02 -0.2086972E+00  0.5120001E+00  0.5120001E+00
  0.1139904E+02  0.1162078E+02 -0.2217405E+00 -0.2399039E+01  0.0000000E+00
  0.1131008E+02  0.1154486E+02 -0.2347838E+00 -0.2310077E+01  0.0000000E+00
  0.1122112E+02  0.1146894E+02 -0.2478272E+00  0.6778884E+01  0.6778884E+01
  0.1113774E+02  0.1139427E+02 -0.2565314E+00 -0.1377439E+00  0.0000000E+00
  0.1105996E+02  0.1132086E+02 -0.2608967E+00 -0.5059961E+01  0.0000000E+00
  0.1098218E+02  0.1124744E+02 -0.2652619E+00 -0.1982179E+01  0.0000000E+00
  0.1090440E+02  0.1117402E+02 -0.2696272E+00  0.6095604E+01  0.6095604E+01
  0.1082700E+02  0.1110172E+02 -0.2747238E+00  0.1173002E+01  0.1173002E+01
  0.1074998E+02  0.1103054E+02 -0.2805517E+00 -0.1749984E+01  0.0000000E+00
  0.1067297E+02  0.1095935E+02 -0.2863797E+00 -0.3672969E+01  0.0000000E+00
  0.1059595E+02  0.1088816E+02 -0.2922077E+00  0.5404045E+01  0.5404045E+01
  0.1053709E+02  0.1081777E+02 -0.2806743E+00  0.7462908E+01  0.7462908E+01
  0.1049638E+02  0.1074816E+02 -0.2517796E+00 -0.4963808E+00  0.0000000E+00
  0.1045567E+02  0.1067855E+02 -0.2228849E+00 -0.1455669E+01  0.0000000E+00
  0.1041496E+02  0.1060895E+02 -0.1939902E+00 -0.2414958E+01  0.0000000E+00
  0.1034442E+02  0.1053847E+02 -0.1940418E+00 -0.2344424E+01  0.0000000E+00
  0.1024407E+02  0.1046711E+02 -0.2230398E+00 -0.4244065E+01  0.0000000E+00
  0.1014371E+02  0.1039575E+02 -0.2520377E+00  0.8562918E+00  0.8562918E+00
  0.1004335E+02  0.1032439E+02 -0.2810357E+00  0.9566507E+00  0.9566507E+00
  0.9966527E+01  0.1025484E+02 -0.2883075E+00  0.3033473E+01  0.3033473E+01
  0.9913239E+01  0.1018709E+02 -0.2738530E+00  0.6086761E+01  0.6086761E+01
  0.9859952E+01  0.1011935E+02 -0.2593985E+00 -0.2859952E+01  0.0000000E+00
  0.9806664E+01  0.1005161E+02 -0.2449441E+00  0.3193336E+01  0.3193336E+01
  0.9744273E+01  0.9984182E+01 -0.2399102E+00  0.1255727E+01  0.1255727E+01
  0.9672776E+01  0.9917073E+01 -0.2442967E+00  0.3272238E+00  0.3272238E+00
  0.9601281E+01  0.9849964E+01 -0.2486833E+00 -0.6012812E+00  0.0000000E+00
  0.9529784E+01  0.9782855E+01 -0.2530699E+00  0.3470216E+01  0.3470216E+01
  0.9468225E+01  0.9716249E+01 -0.2480229E+00 -0.4682255E+00  0.0000000E+00
  0.9416603E+01  0.9650146E+01 -0.2335423E+00  0.3583397E+01  0.3583397E+01
  0.9364980E+01  0.9584042E+01 -0.2190617E+00 -0.1364980E+01  0.0000000E+00
  0.9313357E+01  0.9517939E+01 -0.2045812E+00 -0.3313357E+01  0.0000000E+00
  0.9254415E+01  0.9451777E+01 -0.1973618E+00  0.7455854E+00  0.7455854E+00
  0.9188151E+01  0.9385554E+01 -0.1974036E+00  0.8118486E+00  0.8118486E+00
  0.9121887E+01  0.9319333E+01 -0.1974454E+00 -0.2121887E+01  0.0000000E+00
  0.9055624E+01  0.9253111E+01 -0.1974872E+00  0.3944376E+01  0.3944376E+01
  0.8984085E+01  0.9187424E+01 -0.2033382E+00 -0.2984085E+01  0.0000000E+00
  0.8907271E+01  0.9122270E+01 -0.2149984E+00 -0.9072714E+00  0.0000000E+00
  0.8830457E+01  0.9057116E+01 -0.2266586E+00  0.2169543E+01  0.2169543E+01
  0.8753643E+01  0.8991961E+01 -0.2383188E+00  0.5246357E+01  0.5246357E+01
  0.8693396E+01  0.8928109E+01 -0.2347139E+00 -0.6933956E+00  0.0000000E+00
  0.8649714E+01  0.8865559E+01 -0.2158441E+00  0.3502855E+00  0.3502855E+00
  0.8606033E+01  0.8803008E+01 -0.1969743E+00 -0.3606033E+01  0.0000000E+00
  0.8562352E+01  0.8740458E+01 -0.1781044E+00 -0.2562352E+01  0.0000000E+00
  0.8507496E+01  0.8677630E+01 -0.1701347E+00  0.4492504E+01  0.4492504E+01
  0.8441463E+01  0.8614530E+01 -0.1730651E+00 -0.3441463E+01  0.0000000E+00
  0.8375432E+01  0.8551427E+01 -0.1759955E+00 -0.3754320E+00  0.0000000E+00
  0.8309400E+01  0.8488326E+01 -0.1789259E+00  0.6906004E+00  0.6906004E+00
  0.8243890E+01  0.8425750E+01 -0.1818599E+00  0.7561102E+00  0.7561102E+00
  0.8178904E+01  0.8363702E+01 -0.1847974E+00 -0.3178904E+01  0.0000000E+00
  0.8113917E+01  0.8301652E+01 -0.1877349E+00  0.1886083E+01  0.1886083E+01
  0.8048931E+01  0.8239604E+01 -0.1906724E+00  0.9510689E+00  0.9510689E+00
  0.7989949E+01  0.8178462E+01 -0.1885133E+00 -0.1989949E+01  0.0000000E+00
  0.7936970E+01  0.8118228E+01 -0.1812576E+00  0.6302977E-01  0.6302977E-01
  0.7883992E+01  0.8057993E+01 -0.1740020E+00  0.1116008E+01  0.1116008E+01
  0.7831013E+01  0.7997759E+01 -0.1667463E+00  0.2168987E+01  0.2168987E+01
  0.7768797E+01  0.7937759E+01 -0.1689620E+00 -0.1768797E+01  0.0000000E+00
  0.7697344E+01  0.7877993E+01 -0.1806489E+00 -0.4697344E+01  0.0000000E+00
  0.7625891E+01  0.7818227E+01 -0.1923359E+00  0.4374109E+01  0.4374109E+01
  0.7554438E+01  0.7758461E+01 -0.2040228E+00 -0.3554438E+01  0.0000000E+00
  0.7494911E+01  0.7699692E+01 -0.2047809E+00  0.5050893E+00  0.5050893E+00
  0.7447311E+01  0.7641921E+01 -0.1946100E+00  0.4552689E+01  0.4552689E+01
  0.7399710E+01  0.7584150E+01 -0.1844391E+00 -0.3997102E+00  0.0000000E+00
  0.7352110E+01  0.7526378E+01 -0.1742683E+00 -0.2352110E+01  0.0000000E+00
  0.7310455E+01  0.7468706E+01 -0.1582509E+00 -0.1310455E+01  0.0000000E+00
  0.7274744E+01  0.7411130E+01 -0.1363869E+00  0.3725256E+01  0.3725256E+01
  0.7239033E+01  0.7353556E+01 -0.1145230E+00 -0.3239033E+01  0.0000000E+00
  0.7203322E+01  0.7295981E+01 -0.9265913E-01 -0.3203322E+01  0.0000000E+00
  0.7150160E+01  0.7237732E+01 -0.8757310E-01 -0.2150160E+01  0.0000000E+00
  0.7079545E+01  0.7178811E+01 -0.9926496E-01 -0.6079545E+01  0.0000000E+00
  0.7008931E+01  0.7119888E+01 -0.1109568E+00  0.9910688E+00  0.9910688E+00
  0.6938317E+01  0.7060966E+01 -0.1226487E+00  0.6168318E-01  0.6168318E-01
  0.6871752E+01  0.7003176E+01 -0.1314238E+00 -0.8717523E+00  0.0000000E+00
  0.6809237E+01  0.6946519E+01 -0.1372823E+00 -0.5809237E+01  0.0000000E+00
  0.6746721E+01  0.6889862E+01 -0.1431408E+00  0.6253279E+01  0.6253279E+01
  0.6684206E+01  0.6833205E+01 -0.1489993E+00 -0.6842055E+00  0.0000000E+00
  0.6623598E+01  0.6777731E+01 -0.1541334E+00 -0.3623598E+01  0.0000000E+00
  0.6564898E+01  0.6723442E+01 -0.1585432E+00 -0.2564898E+01  0.0000000E+00
  0.6506198E+01  0.6669151E+01 -0.1629529E+00  0.2493802E+01  0.2493802E+01
  0.6447499E+01  0.6614861E+01 -0.1673627E+00 -0.4474988E+00  0.0000000E+00
  0.6398227E+01  0.6561227E+01 -0.1629997E+00  0.6017728E+00  0.6017728E+00
  0.6358384E+01  0.6508247E+01 -0.1498638E+00  0.6416163E+00  0.6416163E+00
  0.6318540E+01  0.6455267E+01 -0.1367279E+00  0.1681460E+01  0.1681460E+01
  0.6278696E+01  0.6402288E+01 -0.1235921E+00 -0.2786961E+00  0.0000000E+00
  0.6229854E+01  0.6349084E+01 -0.1192310E+00 -0.2298536E+00  0.0000000E+00
  0.6172012E+01  0.6295657E+01 -0.1236446E+00 -0.6172012E+01  0.0000000E+00
  0.6114171E+01  0.6242229E+01 -0.1280583E+00 -0.3114171E+01  0.0000000E+00
  0.6056330E+01  0.6188802E+01 -0.1324720E+00  0.4943670E+01  0.4943670E+01
  0.5997599E+01  0.6135949E+01 -0.1383501E+00 -0.9975991E+00  0.0000000E+00
  0.5937978E+01  0.6083671E+01 -0.1456925E+00 -0.1937978E+01  0.0000000E+00
  0.5878358E+01  0.6031393E+01 -0.1530349E+00  0.2121642E+01  0.2121642E+01
  0.5818738E+01  0.5979115E+01 -0.1603773E+00  0.2181262E+01  0.2181262E+01
  0.5771823E+01  0.5927822E+01 -0.1559984E+00 -0.3771823E+01  0.0000000E+00
  0.5737616E+01  0.5877514E+01 -0.1398982E+00  0.4262384E+01  0.4262384E+01
  0.5703408E+01  0.5827206E+01 -0.1237981E+00 -0.3703408E+01  0.0000000E+00
  0.5669200E+01  0.5776898E+01 -0.1076979E+00  0.3308001E+00  0.3308001E+00
  0.5625901E+01  0.5726288E+01 -0.1003875E+00 -0.1625901E+01  0.0000000E+00
  0.5573511E+01  0.5675378E+01 -0.1018669E+00 -0.5735106E+00  0.0000000E+00
  0.5521121E+01  0.5624467E+01 -0.1033463E+00  0.4788795E+00  0.4788795E+00
  0.5468730E+01  0.5573556E+01 -0.1048256E+00 -0.1468730E+01  0.0000000E+00
  0.5420422E+01  0.5523062E+01 -0.1026397E+00  0.5795779E+00  0.5795779E+00
  0.5376196E+01  0.5472984E+01 -0.9678829E-01 -0.3376196E+01  0.0000000E+00
  0.5331970E+01  0.5422907E+01 -0.9093691E-01 -0.1331970E+01  0.0000000E+00
  0.5287744E+01  0.5372829E+01 -0.8508555E-01 -0.2877436E+00  0.0000000E+00
  0.5233660E+01  0.5323166E+01 -0.8950683E-01 -0.2233660E+01  0.0000000E+00
  0.5169719E+01  0.5273920E+01 -0.1042008E+00 -0.3169719E+01  0.0000000E+00
  0.5105777E+01  0.5224672E+01 -0.1188947E+00 -0.1057773E+00  0.0000000E+00
  0.5041836E+01  0.5175425E+01 -0.1335887E+00 -0.4183626E-01  0.0000000E+00
  0.4992326E+01  0.5127397E+01 -0.1350703E+00  0.7673740E-02  0.7673740E-02
  0.4957247E+01  0.5080587E+01 -0.1233397E+00  0.4042753E+01  0.4042753E+01
  0.4922169E+01  0.5033778E+01 -0.1116090E+00  0.2077831E+01  0.2077831E+01
  0.4887090E+01  0.4986968E+01 -0.9987838E-01 -0.1887090E+01  0.0000000E+00
  0.4849160E+01  0.4940242E+01 -0.9108152E-01  0.1508398E+00  0.1508398E+00
  0.4808381E+01  0.4893599E+01 -0.8521847E-01 -0.3808381E+01  0.0000000E+00
  0.4767601E+01  0.4846957E+01 -0.7935540E-01 -0.2767601E+01  0.0000000E+00
  0.4726821E+01  0.4800313E+01 -0.7349235E-01  0.2731786E+00  0.2731786E+00
  0.4678717E+01  0.4753694E+01 -0.7497661E-01 -0.3678717E+01  0.0000000E+00
  0.4623287E+01  0.4707096E+01 -0.8380818E-01 -0.6232872E+00  0.0000000E+00
  0.4567858E+01  0.4660498E+01 -0.9263975E-01  0.2432142E+01  0.2432142E+01
  0.4512429E+01  0.4613900E+01 -0.1014713E+00 -0.4512429E+01  0.0000000E+00
  0.4464571E+01  0.4568259E+01 -0.1036872E+00  0.5354285E+00  0.5354285E+00
  0.4424287E+01  0.4523574E+01 -0.9928746E-01  0.1575713E+01  0.1575713E+01
  0.4384002E+01  0.4478889E+01 -0.9488768E-01  0.6159983E+00  0.6159983E+00
  0.4343717E+01  0.4434205E+01 -0.9048792E-01  0.6562829E+00  0.6562829E+00
  0.4305310E+01  0.4389924E+01 -0.8461454E-01 -0.1305310E+01  0.0000000E+00
  0.4268779E+01  0.4346047E+01 -0.7726756E-01 -0.2268779E+01  0.0000000E+00
  0.4232250E+01  0.4302170E+01 -0.6992058E-01 -0.2232250E+01  0.0000000E+00
  0.4195719E+01  0.4258293E+01 -0.6257360E-01 -0.2195719E+01  0.0000000E+00
  0.4151886E+01  0.4214473E+01 -0.6258797E-01 -0.1151886E+01  0.0000000E+00
  0.4100748E+01  0.4170712E+01 -0.6996369E-01 -0.1100748E+01  0.0000000E+00
  0.4049611E+01  0.4126950E+01 -0.7733940E-01 -0.4961061E-01  0.0000000E+00
  0.3998473E+01  0.4083189E+01 -0.8471512E-01 -0.9984734E+00  0.0000000E+00
  0.3952594E+01  0.4040267E+01 -0.8767321E-01 -0.9525943E+00  0.0000000E+00
  0.3911973E+01  0.3998187E+01 -0.8621367E-01  0.1088027E+01  0.1088027E+01
  0.3871353E+01  0.3956107E+01 -0.8475413E-01 -0.8713529E+00  0.0000000E+00
  0.3830732E+01  0.3914027E+01 -0.8329459E-01 -0.8307321E+00  0.0000000E+00
  0.3792860E+01  0.3872480E+01 -0.7962050E-01 -0.7928596E+00  0.0000000E+00
  0.3757735E+01  0.3831467E+01 -0.7373183E-01  0.1242265E+01  0.1242265E+01
  0.3722611E+01  0.3790454E+01 -0.6784318E-01 -0.2722611E+01  0.0000000E+00
  0.3687486E+01  0.3749441E+01 -0.6195452E-01 -0.1687486E+01  0.0000000E+00
  0.3648074E+01  0.3708564E+01 -0.6049005E-01  0.1351926E+01  0.1351926E+01
  0.3604373E+01  0.3667823E+01 -0.6344976E-01 -0.1604373E+01  0.0000000E+00
  0.3560672E+01  0.3627081E+01 -0.6640946E-01 -0.1560672E+01  0.0000000E+00
  0.3516971E+01  0.3586340E+01 -0.6936917E-01 -0.2516971E+01  0.0000000E+00
  0.3471629E+01  0.3546174E+01 -0.7454442E-01  0.3528371E+01  0.3528371E+01
  0.3424647E+01  0.3506582E+01 -0.8193523E-01 -0.1424647E+01  0.0000000E+00
  0.3377664E+01  0.3466990E+01 -0.8932603E-01  0.1622336E+01  0.1622336E+01
  0.3330681E+01  0.3427398E+01 -0.9671684E-01  0.6693187E+00  0.6693187E+00
  0.3291966E+01  0.3388693E+01 -0.9672683E-01 -0.2919657E+00  0.0000000E+00
  0.3261518E+01  0.3350874E+01 -0.8935602E-01  0.1738482E+01  0.1738482E+01
  0.3231069E+01  0.3313055E+01 -0.8198520E-01  0.7689307E+00  0.7689307E+00
  0.3200621E+01  0.3275236E+01 -0.7461438E-01 -0.2006214E+00  0.0000000E+00
  0.3168114E+01  0.3237571E+01 -0.6945708E-01  0.8318856E+00  0.8318856E+00
  0.3133549E+01  0.3200062E+01 -0.6651330E-01 -0.2133549E+01  0.0000000E+00
  0.3098983E+01  0.3162553E+01 -0.6356952E-01  0.1901017E+01  0.1901017E+01
  0.3064417E+01  0.3125043E+01 -0.6062574E-01 -0.6441736E-01  0.0000000E+00
  0.3027885E+01  0.3087783E+01 -0.5989729E-01 -0.2027885E+01  0.0000000E+00
  0.2989387E+01  0.3050771E+01 -0.6138419E-01 -0.1989387E+01  0.0000000E+00
  0.2950888E+01  0.3013759E+01 -0.6287108E-01 -0.9508877E+00  0.0000000E+00
  0.2912389E+01  0.2976747E+01 -0.6435797E-01  0.8761096E-01  0.8761096E-01
  0.2878952E+01  0.2940357E+01 -0.6140547E-01  0.1121048E+01  0.1121048E+01
  0.2850577E+01  0.2904590E+01 -0.5401356E-01 -0.8505769E+00  0.0000000E+00
  0.2822201E+01  0.2868823E+01 -0.4662166E-01 -0.8222015E+00  0.0000000E+00
  0.2793826E+01  0.2833056E+01 -0.3922975E-01 -0.2793826E+01  0.0000000E+00
  0.2759021E+01  0.2797521E+01 -0.3849909E-01 -0.1759021E+01  0.0000000E+00
  0.2717787E+01  0.2762216E+01 -0.4442966E-01  0.2822134E+00  0.2822134E+00
  0.2676552E+01  0.2726912E+01 -0.5036024E-01 -0.6765518E+00  0.0000000E+00
  0.2635317E+01  0.2691608E+01 -0.5629082E-01 -0.6353171E+00  0.0000000E+00
  0.2600060E+01  0.2657096E+01 -0.5703636E-01  0.1399940E+01  0.1399940E+01
  0.2570781E+01  0.2623378E+01 -0.5259686E-01 -0.5707808E+00  0.0000000E+00
  0.2541502E+01  0.2589659E+01 -0.4815736E-01 -0.1541502E+01  0.0000000E+00
  0.2512223E+01  0.2555940E+01 -0.4371786E-01 -0.2512223E+01  0.0000000E+00
  0.2481974E+01  0.2522735E+01 -0.4076025E-01 -0.1481974E+01  0.0000000E+00
  0.2450757E+01  0.2490042E+01 -0.3928453E-01  0.2549243E+01  0.2549243E+01
  0.2419540E+01  0.2457349E+01 -0.3780880E-01  0.1580460E+01  0.1580460E+01
  0.2388323E+01  0.2424656E+01 -0.3633308E-01 -0.2388323E+01  0.0000000E+00
  0.2356868E+01  0.2392466E+01 -0.3559801E-01 -0.2356868E+01  0.0000000E+00
  0.2325175E+01  0.2360779E+01 -0.3560359E-01 -0.3251750E+00  0.0000000E+00
  0.2293482E+01  0.2329091E+01 -0.3560917E-01 -0.2293482E+01  0.0000000E+00
  0.2261789E+01  0.2297404E+01 -0.3561476E-01  0.7382109E+00  0.7382109E+00
  0.2229919E+01  0.2266281E+01 -0.3636175E-01 -0.1229919E+01  0.0000000E+00
  0.2197871E+01  0.2235721E+01 -0.3785015E-01 -0.1978712E+00  0.0000000E+00
  0.2165823E+01  0.2205162E+01 -0.3933854E-01 -0.1165823E+01  0.0000000E+00
  0.2133776E+01  0.2174603E+01 -0.4082694E-01 -0.2133776E+01  0.0000000E+00
  0.2102336E+01  0.2144654E+01 -0.4231807E-01 -0.1023362E+00  0.0000000E+00
  0.2071504E+01  0.2115316E+01 -0.4381195E-01  0.1928496E+01  0.1928496E+01
  0.2040673E+01  0.2085978E+01 -0.4530582E-01  0.1959327E+01  0.1959327E+01
  0.2009841E+01  0.2056640E+01 -0.4679970E-01 -0.9840727E-02  0.0000000E+00
  0.1983274E+01  0.2027850E+01 -0.4457674E-01 -0.1983274E+01  0.0000000E+00
  0.1960971E+01  0.1999608E+01 -0.3863695E-01  0.3902888E-01  0.3902888E-01
  0.1938668E+01  0.1971366E+01 -0.3269715E-01 -0.1938668E+01  0.0000000E+00
  0.1916366E+01  0.1943123E+01 -0.2675736E-01 -0.9163660E+00  0.0000000E+00
  0.1886792E+01  0.1915043E+01 -0.2825106E-01  0.1113208E+01  0.1113208E+01
  0.1849948E+01  0.1887126E+01 -0.3717826E-01 -0.1849948E+01  0.0000000E+00
  0.1813103E+01  0.1859209E+01 -0.4610546E-01 -0.1813103E+01  0.0000000E+00
  0.1776259E+01  0.1831291E+01 -0.5503265E-01  0.2223741E+01  0.2223741E+01
  0.1747649E+01  0.1804174E+01 -0.5652455E-01  0.2523508E+00  0.2523508E+00
  0.1727275E+01  0.1777856E+01 -0.5058115E-01  0.2272725E+01  0.2272725E+01
  0.1706900E+01  0.1751538E+01 -0.4463775E-01  0.2931000E+00  0.2931000E+00
  0.1686525E+01  0.1725220E+01 -0.3869436E-01  0.1313475E+01  0.1313475E+01
  0.1663450E+01  0.1699175E+01 -0.3572549E-01 -0.1663450E+01  0.0000000E+00
  0.1637673E+01  0.1673404E+01 -0.3573114E-01 -0.6376729E+00  0.0000000E+00
  0.1611896E+01  0.1647633E+01 -0.3573680E-01 -0.1611896E+01  0.0000000E+00
  0.1586119E+01  0.1621861E+01 -0.3574246E-01 -0.5861191E+00  0.0000000E+00
  0.1562909E+01  0.1596422E+01 -0.3351231E-01  0.4370906E+00  0.4370906E+00
  0.1542267E+01  0.1571313E+01 -0.2904634E-01  0.1457733E+01  0.1457733E+01
  0.1521624E+01  0.1546205E+01 -0.2458037E-01  0.4783756E+00  0.4783756E+00
  0.1500982E+01  0.1521096E+01 -0.2011440E-01 -0.5009819E+00  0.0000000E+00
  0.1475438E+01  0.1496303E+01 -0.2086507E-01 -0.1475438E+01  0.0000000E+00
  0.1444992E+01  0.1471825E+01 -0.2683237E-01 -0.1444992E+01  0.0000000E+00
  0.1414547E+01  0.1447346E+01 -0.3279967E-01  0.5854533E+00  0.5854533E+00
  0.1384101E+01  0.1422868E+01 -0.3876697E-01  0.6158988E+00  0.6158988E+00
  0.1358871E+01  0.1399133E+01 -0.4026171E-01 -0.3588715E+00  0.0000000E+00
  0.1338858E+01  0.1376142E+01 -0.3728389E-01  0.6611422E+00  0.6611422E+00
  0.1318844E+01  0.1353150E+01 -0.3430607E-01  0.1681156E+01  0.1681156E+01
  0.1298830E+01  0.1330159E+01 -0.3132825E-01 -0.1298830E+01  0.0000000E+00
  0.1280743E+01  0.1307599E+01 -0.2685582E-01 -0.2807432E+00  0.0000000E+00
  0.1264583E+01  0.1285472E+01 -0.2088876E-01 -0.2645829E+00  0.0000000E+00
  0.1248423E+01  0.1263344E+01 -0.1492170E-01 -0.1248423E+01  0.0000000E+00
  0.1232262E+01  0.1241217E+01 -0.8954645E-02 -0.1232262E+01  0.0000000E+00
  0.1214010E+01  0.1219235E+01 -0.5971117E-02 -0.1214010E+01  0.0000000E+00
  0.1193667E+01  0.1197399E+01 -0.5971117E-02 -0.1936674E+00  0.0000000E+00
  0.1173324E+01  0.1175563E+01  0.0000000E+00 -0.1173324E+01  0.0000000E+00
  0.1152981E+01  0.1153728E+01  0.0000000E+00 -0.1152981E+01  0.0000000E+00
  0.1129344E+01  0.1132333E+01  0.0000000E+00 -0.1129344E+01  0.0000000E+00
  0.1102413E+01  0.1111381E+01  0.0000000E+00 -0.1102413E+01  0.0000000E+00
  0.1075482E+01  0.1090428E+01 -0.2391427E-01 -0.7548165E-01  0.0000000E+00
  0.1048550E+01  0.1069475E+01 -0.2391427E-01 -0.1048550E+01  0.0000000E+00
  0.1027745E+01  0.1049418E+01 -0.2167272E-01  0.9722550E+00  0.9722550E+00
  0.1013065E+01  0.1030255E+01 -0.1718963E-01 -0.1306546E-01  0.0000000E+00
  0.9983858E+00  0.1011092E+01 -0.1270655E-01  0.1614153E-02  0.1614153E-02
  0.9837063E+00  0.9919297E+00 -0.8223458E-02 -0.9837063E+00  0.0000000E+00
  0.9642025E+00  0.9731776E+00 -0.8975141E-02 -0.9642025E+00  0.0000000E+00
  0.9398744E+00  0.9548360E+00 -0.1496159E-01 -0.9398744E+00  0.0000000E+00
  0.9155464E+00  0.9364944E+00 -0.2094805E-01 -0.9155464E+00  0.0000000E+00
  0.8912182E+00  0.9181527E+00 -0.2693450E-01 -0.8912182E+00  0.0000000E+00
  0.8743456E+00  0.9005324E+00 -0.2992773E-01  0.1256544E+00  0.1256544E+00
  0.8649282E+00  0.8836331E+00 -0.2992773E-01  0.3135072E+01  0.3135072E+01
  0.8555109E+00  0.8667338E+00  0.0000000E+00 -0.8555109E+00  0.0000000E+00
  0.8460935E+00  0.8498345E+00  0.0000000E+00 -0.8460935E+00  0.0000000E+00
  0.8316700E+00  0.8331680E+00  0.0000000E+00 -0.8316700E+00  0.0000000E+00
  0.8122404E+00  0.8167344E+00  0.0000000E+00 -0.8122404E+00  0.0000000E+00
  0.7928107E+00  0.8003007E+00 -0.1198384E-01 -0.7928107E+00  0.0000000E+00
  0.7733811E+00  0.7838670E+00 -0.1198384E-01  0.2266189E+00  0.2266189E+00
  0.7552480E+00  0.7679822E+00 -0.1273424E-01  0.2447520E+00  0.2447520E+00
  0.7384113E+00  0.7526463E+00 -0.1423502E-01 -0.7384113E+00  0.0000000E+00
  0.7215747E+00  0.7373105E+00 -0.1573580E-01  0.2784253E+00  0.2784253E+00
  0.7047380E+00  0.7219746E+00 -0.1723658E-01 -0.7047380E+00  0.0000000E+00
  0.6908441E+00  0.7073326E+00 -0.1648854E-01  0.3091559E+00  0.3091559E+00
  0.6798927E+00  0.6933843E+00 -0.1349166E-01  0.3201073E+00  0.3201073E+00
  0.6689414E+00  0.6794361E+00 -0.1049478E-01 -0.6689414E+00  0.0000000E+00
  0.6579900E+00  0.6654879E+00 -0.7497908E-02 -0.6579900E+00  0.0000000E+00
  0.6452210E+00  0.6519714E+00 -0.6750392E-02  0.3547790E+00  0.3547790E+00
  0.6306342E+00  0.6388865E+00 -0.8252237E-02 -0.6306342E+00  0.0000000E+00
  0.6160475E+00  0.6258016E+00 -0.9754082E-02 -0.6160475E+00  0.0000000E+00
  0.6014608E+00  0.6127167E+00 -0.1125593E-01  0.1398539E+01  0.1398539E+01
  0.5897300E+00  0.6002360E+00 -0.1200685E-01 -0.5897300E+00  0.0000000E+00
  0.5808553E+00  0.5883596E+00 -0.1200685E-01 -0.5808553E+00  0.0000000E+00
  0.5719806E+00  0.5764832E+00  0.0000000E+00 -0.5719806E+00  0.0000000E+00
  0.5631059E+00  0.5646068E+00  0.0000000E+00 -0.5631059E+00  0.0000000E+00
  0.5516239E+00  0.5531265E+00  0.0000000E+00 -0.5516239E+00  0.0000000E+00
  0.5375347E+00  0.5420423E+00  0.0000000E+00 -0.5375347E+00  0.0000000E+00
  0.5234455E+00  0.5309581E+00 -0.1202019E-01 -0.5234455E+00  0.0000000E+00
  0.5093563E+00  0.5198739E+00 -0.1202019E-01  0.4906437E+00  0.4906437E+00
  0.4980211E+00  0.5092905E+00 -0.1126938E-01  0.5019789E+00  0.5019789E+00
  0.4894401E+00  0.4992078E+00 -0.9767766E-02 -0.4894401E+00  0.0000000E+00
  0.4808590E+00  0.4891251E+00 -0.8266146E-02 -0.4808590E+00  0.0000000E+00
  0.4722779E+00  0.4790424E+00 -0.6764528E-02  0.5277221E+00  0.5277221E+00
  0.4632242E+00  0.4692383E+00 -0.6014157E-02 -0.4632242E+00  0.0000000E+00
  0.4536978E+00  0.4597128E+00 -0.6015033E-02 -0.4536978E+00  0.0000000E+00
  0.4441714E+00  0.4501873E+00 -0.6015911E-02 -0.4441714E+00  0.0000000E+00
  0.4346450E+00  0.4406618E+00 -0.6016788E-02  0.5653549E+00  0.5653549E+00
  0.4253378E+00  0.4313554E+00 -0.6017683E-02 -0.4253378E+00  0.0000000E+00
  0.4162496E+00  0.4222682E+00 -0.6018595E-02 -0.4162496E+00  0.0000000E+00
  0.4071614E+00  0.4131809E+00 -0.6019508E-02 -0.4071614E+00  0.0000000E+00
  0.3980732E+00  0.4040936E+00 -0.6020421E-02 -0.3980732E+00  0.0000000E+00
  0.3892426E+00  0.3952639E+00 -0.6021330E-02  0.6107575E+00  0.6107575E+00
  0.3806694E+00  0.3866916E+00 -0.6022234E-02 -0.3806694E+00  0.0000000E+00
  0.3720963E+00  0.3781194E+00 -0.6023139E-02 -0.3720963E+00  0.0000000E+00
  0.3635231E+00  0.3695472E+00 -0.6024044E-02  0.6364769E+00  0.6364769E+00
  0.3551984E+00  0.3612234E+00 -0.6024934E-02 -0.3551984E+00  0.0000000E+00
  0.3471223E+00  0.3531481E+00 -0.6025810E-02 -0.3471223E+00  0.0000000E+00
  0.3390461E+00  0.3450727E+00 -0.6026685E-02 -0.3390461E+00  0.0000000E+00
  0.3309699E+00  0.3369974E+00 -0.6027561E-02 -0.3309699E+00  0.0000000E+00
  0.3231412E+00  0.3291697E+00 -0.6028483E-02  0.6768588E+00  0.6768588E+00
  0.3155601E+00  0.3215895E+00 -0.6029452E-02 -0.3155601E+00  0.0000000E+00
  0.3079790E+00  0.3140094E+00 -0.6030421E-02 -0.3079790E+00  0.0000000E+00
  0.3003978E+00  0.3064292E+00 -0.6031390E-02 -0.3003978E+00  0.0000000E+00
  0.2930700E+00  0.2991023E+00 -0.6032269E-02 -0.2930700E+00  0.0000000E+00
  0.2859956E+00  0.2920287E+00 -0.6033058E-02  0.7140044E+00  0.7140044E+00
  0.2789212E+00  0.2849550E+00 -0.6033846E-02  0.7210789E+00  0.7210789E+00
  0.2718467E+00  0.2778814E+00 -0.6034635E-02 -0.2718467E+00  0.0000000E+00
  0.2657802E+00  0.2710609E+00 -0.6035029E-02 -0.2657802E+00  0.0000000E+00
  0.2607217E+00  0.2644936E+00 -0.6035029E-02 -0.2607217E+00  0.0000000E+00
  0.2556632E+00  0.2579263E+00  0.0000000E+00 -0.2556632E+00  0.0000000E+00
  0.2506047E+00  0.2513590E+00  0.0000000E+00 -0.2506047E+00  0.0000000E+00
  0.2449837E+00  0.2449837E+00  0.0000000E+00 -0.2449837E+00  0.0000000E+00
  0.2388004E+00  0.2388004E+00  0.0000000E+00 -0.2388004E+00  0.0000000E+00
  0.2326171E+00  0.2326171E+00  0.0000000E+00 -0.2326171E+00  0.0000000E+00
  0.2264337E+00  0.2264337E+00  0.0000000E+00 -0.2264337E+00  0.0000000E+00
  0.2189905E+00  0.2205020E+00  0.0000000E+00 -0.2189905E+00  0.0000000E+00
  0.2102873E+00  0.2148219E+00  0.0000000E+00 -0.2102873E+00  0.0000000E+00
  0.2015841E+00  0.2091418E+00 -0.1209229E-01 -0.2015841E+00  0.0000000E+00
  0.1928810E+00  0.2034617E+00 -0.1209229E-01  0.8071190E+00  0.8071190E+00
  0.1876264E+00  0.1982071E+00 -0.1209229E-01 -0.1876264E+00  0.0000000E+00
  0.1858203E+00  0.1933780E+00 -0.1209229E-01  0.8141797E+00  0.8141797E+00
  0.1840143E+00  0.1885489E+00  0.0000000E+00 -0.1840143E+00  0.0000000E+00
  0.1822083E+00  0.1837198E+00  0.0000000E+00 -0.1822083E+00  0.0000000E+00
  0.1790518E+00  0.1790518E+00  0.0000000E+00 -0.1790518E+00  0.0000000E+00
  0.1745449E+00  0.1745449E+00  0.0000000E+00 -0.1745449E+00  0.0000000E+00
  0.1700380E+00  0.1700380E+00  0.0000000E+00 -0.1700380E+00  0.0000000E+00
  0.1655310E+00  0.1655310E+00  0.0000000E+00 -0.1655310E+00  0.0000000E+00
  0.1612399E+00  0.1612399E+00  0.0000000E+00 -0.1612399E+00  0.0000000E+00
  0.1571646E+00  0.1571646E+00  0.0000000E+00 -0.1571646E+00  0.0000000E+00
  0.1530892E+00  0.1530892E+00  0.0000000E+00 -0.1530892E+00  0.0000000E+00
  0.1490139E+00  0.1490139E+00  0.0000000E+00 -0.1490139E+00  0.0000000E+00
  0.1452200E+00  0.1452200E+00  0.0000000E+00 -0.1452200E+00  0.0000000E+00
  0.1417075E+00  0.1417075E+00  0.0000000E+00 -0.1417075E+00  0.0000000E+00
  0.1381949E+00  0.1381949E+00  0.0000000E+00 -0.1381949E+00  0.0000000E+00
  0.1346824E+00  0.1346824E+00  0.0000000E+00 -0.1346824E+00  0.0000000E+00
  0.1306525E+00  0.1314105E+00  0.0000000E+00 -0.1306525E+00  0.0000000E+00
  0.1261052E+00  0.1283792E+00  0.0000000E+00 -0.1261052E+00  0.0000000E+00
  0.1215579E+00  0.1253479E+00 -0.6063986E-02 -0.1215579E+00  0.0000000E+00
  0.1170106E+00  0.1223166E+00 -0.6063986E-02 -0.1170106E+00  0.0000000E+00
  0.1127521E+00  0.1195750E+00 -0.6822905E-02  0.8872479E+00  0.8872479E+00
  0.1087825E+00  0.1171233E+00 -0.8340742E-02 -0.1087825E+00  0.0000000E+00
  0.1048129E+00  0.1146715E+00 -0.9858580E-02 -0.1048129E+00  0.0000000E+00
  0.1008433E+00  0.1122197E+00 -0.1137642E-01  0.8991567E+00  0.8991567E+00
  0.9108984E-01  0.1100565E+00 -0.1896670E-01  0.9089102E+00  0.9089102E+00
  0.7555255E-01  0.1081820E+00 -0.3262942E-01 -0.7555255E-01  0.0000000E+00
  0.6001524E-01  0.1063074E+00 -0.4629214E-01 -0.6001524E-01  0.0000000E+00
  0.4447793E-01  0.1044328E+00 -0.5995486E-01 -0.4447793E-01  0.0000000E+00
  0.3670928E-01  0.1034955E+00 -0.6678621E-01 -0.3670928E-01  0.0000000E+00
  0.3670928E-01  0.1034955E+00 -0.6678621E-01  0.1096329E+02  0.1096329E+02
