 File:671128.spo  Solution Type:Thick  fitting 1231 channels (  70-1300)
 Channel#, E(keV),   Data,        Fit, Residual,    Data-Fit
   70,   0.428,     4128.,        0.35,    0.02,     4127.65
   71,   0.448,     3917.,        0.66,    0.00,     3916.34
   72,   0.468,     3841.,        1.13,   -0.01,     3839.87
   73,   0.488,     3744.,        1.74,   -0.03,     3742.26
   74,   0.508,     3601.,        2.44,   -0.06,     3598.56
   75,   0.528,     3537.,        3.11,   -0.08,     3533.90
   76,   0.548,     3457.,        3.59,   -0.09,     3453.41
   77,   0.568,     3415.,        3.75,   -0.10,     3411.25
   78,   0.588,     3326.,        3.58,   -0.05,     3322.42
   79,   0.608,     3302.,        3.12,   -0.04,     3298.88
   80,   0.628,     3233.,        2.50,   -0.03,     3230.50
   81,   0.648,     3288.,        1.89,   -0.02,     3286.11
   82,   0.668,     3206.,        1.44,   -0.05,     3204.56
   83,   0.688,     3075.,        1.21,   -0.05,     3073.79
   84,   0.708,     3068.,        1.24,   -0.04,     3066.76
   85,   0.728,     2896.,        1.57,   -0.07,     2894.43
   86,   0.748,     3102.,        2.23,   -0.09,     3099.77
   87,   0.768,     2977.,        3.43,   -0.02,     2973.57
   88,   0.788,     2915.,        5.09,   -0.02,     2909.91
   89,   0.809,     2924.,        7.12,    0.03,     2916.88
   90,   0.829,     3068.,        9.26,    0.00,     3058.74
   91,   0.849,     2858.,       11.08,   -0.01,     2846.92
   92,   0.869,     2767.,       12.16,   -0.04,     2754.84
   93,   0.889,     2819.,       12.22,   -0.07,     2806.78
   94,   0.909,     2837.,       11.20,   -0.19,     2825.80
   95,   0.929,     2727.,        9.39,   -0.14,     2717.61
   96,   0.949,     2795.,        7.24,   -0.09,     2787.76
   97,   0.969,     2685.,        5.19,   -0.08,     2679.81
   98,   0.989,     2815.,        3.58,   -0.06,     2811.42
   99,   1.009,     2757.,        2.49,    0.00,     2754.51
  100,   1.029,     2720.,        1.88,   -0.03,     2718.12
  101,   1.049,     2678.,        1.56,    0.01,     2676.44
  102,   1.069,     2719.,        1.42,   -0.09,     2717.58
  103,   1.089,     2723.,        1.28,   -0.18,     2721.72
  104,   1.109,     2708.,        1.10,   -0.16,     2706.90
  105,   1.129,     2670.,        0.90,   -0.04,     2669.10
  106,   1.149,     2685.,        0.67,    0.04,     2684.33
  107,   1.169,     2683.,        0.45,    0.08,     2682.55
  108,   1.189,     2771.,        0.28,    0.00,     2770.72
  109,   1.209,     2737.,        0.16,   -0.04,     2736.84
  110,   1.229,     2749.,        0.09,    0.00,     2748.91
  111,   1.249,     2643.,        0.05,    0.09,     2642.95
  112,   1.269,     2653.,        0.03,    0.04,     2652.97
  113,   1.289,     2701.,        0.09,   -0.03,     2700.91
  114,   1.310,     2737.,        0.20,   -0.22,     2736.80
  115,   1.330,     2721.,        0.39,   -0.18,     2720.61
  116,   1.350,     2706.,        0.73,   -0.15,     2705.27
  117,   1.370,     2690.,        1.30,   -0.11,     2688.70
  118,   1.390,     2708.,        2.15,    0.01,     2705.85
  119,   1.410,     2684.,        3.34,    0.01,     2680.66
  120,   1.430,     2701.,        4.81,    0.04,     2696.19
  121,   1.450,     2827.,        6.41,    0.04,     2820.59
  122,   1.470,     2757.,        7.87,    0.27,     2749.13
  123,   1.490,     2788.,        8.87,    0.30,     2779.13
  124,   1.510,     2690.,        9.18,    0.47,     2680.82
  125,   1.530,     2793.,        8.71,    0.05,     2784.29
  126,   1.550,     2705.,        7.58,   -0.48,     2697.42
  127,   1.570,     2783.,        6.10,   -1.00,     2776.90
  128,   1.590,     2696.,        4.66,   -1.39,     2691.34
  129,   1.610,     2667.,        3.76,   -1.62,     2663.24
  130,   1.630,     2739.,        4.25,   -1.46,     2734.75
  131,   1.650,     2737.,        7.59,   -1.42,     2729.41
  132,   1.670,     2839.,       17.03,   -0.93,     2821.97
  133,   1.690,     3043.,       39.08,   -0.57,     3003.92
  134,   1.710,     3140.,       86.77,   -0.25,     3053.23
  135,   1.730,     3310.,      183.99,    0.11,     3126.01
  136,   1.750,     3453.,      372.69,   -0.20,     3080.31
  137,   1.770,     3974.,      719.74,   -0.45,     3254.26
  138,   1.791,     4666.,     1320.58,   -0.51,     3345.42
  139,   1.811,     5492.,     2290.02,   -0.38,     3201.98
  140,   1.831,     7110.,     3731.38,    0.30,     3378.62
  141,   1.851,     9220.,     5681.39,    0.80,     3538.61
  142,   1.871,    11768.,     8045.50,    1.25,     3722.50
  143,   1.891,    14444.,    10557.46,    1.85,     3886.54
  144,   1.911,    16656.,    12802.13,    1.57,     3853.87
  145,   1.931,    18264.,    14317.56,    1.21,     3946.44
  146,   1.951,    18616.,    14748.13,    0.76,     3867.87
  147,   1.971,    17288.,    13980.80,   -0.11,     3307.20
  148,   1.991,    15424.,    12192.35,   -0.61,     3231.65
  149,   2.011,    13124.,     9782.85,   -1.33,     3341.15
  150,   2.031,    10424.,     7229.31,   -1.75,     3194.69
  151,   2.051,     8392.,     4934.72,   -1.42,     3457.28
  152,   2.071,     6524.,     3137.50,   -1.07,     3386.50
  153,   2.091,     5422.,     1903.53,   -0.39,     3518.47
  154,   2.111,     4810.,     1177.40,    0.35,     3632.60
  155,   2.131,     4442.,      850.96,    0.69,     3591.04
  156,   2.151,     4572.,      814.56,    1.12,     3757.44
  157,   2.171,     4650.,      978.09,    1.06,     3671.91
  158,   2.191,     5034.,     1267.61,    0.86,     3766.39
  159,   2.211,     5428.,     1613.20,    0.47,     3814.80
  160,   2.231,     5578.,     1941.50,   -0.19,     3636.50
  161,   2.251,     6008.,     2180.30,   -0.51,     3827.70
  162,   2.271,     5916.,     2273.15,   -0.75,     3642.85
  163,   2.292,     6002.,     2195.65,   -1.07,     3806.35
  164,   2.312,     5736.,     1963.29,   -0.21,     3772.71
  165,   2.332,     5478.,     1625.41,   -0.20,     3852.59
  166,   2.352,     5166.,     1247.40,    0.39,     3918.60
  167,   2.372,     4894.,      890.14,    0.70,     4003.86
  168,   2.392,     4570.,      595.04,    0.50,     3974.96
  169,   2.412,     4376.,      379.92,    0.40,     3996.08
  170,   2.432,     4280.,      243.44,    0.22,     4036.56
  171,   2.452,     4085.,      174.86,    0.14,     3910.14
  172,   2.472,     4140.,      162.19,   -0.15,     3977.81
  173,   2.492,     4306.,      196.95,   -0.74,     4109.05
  174,   2.512,     4380.,      272.72,   -1.57,     4107.28
  175,   2.532,     4460.,      382.25,   -1.61,     4077.75
  176,   2.552,     4684.,      512.87,   -1.31,     4171.13
  177,   2.572,     4810.,      644.54,   -0.97,     4165.46
  178,   2.592,     4832.,      752.27,   -0.83,     4079.73
  179,   2.612,     5164.,      812.99,   -0.26,     4351.01
  180,   2.632,     5072.,      812.76,   -0.36,     4259.24
  181,   2.652,     5212.,      752.33,   -0.20,     4459.67
  182,   2.672,     5100.,      646.73,   -0.13,     4453.27
  183,   2.692,     5042.,      519.84,   -0.27,     4522.16
  184,   2.712,     4888.,      396.21,   -0.64,     4491.79
  185,   2.732,     4994.,      293.61,   -0.04,     4700.39
  186,   2.752,     4792.,      219.63,   -0.59,     4572.37
  187,   2.773,     4692.,      172.45,   -0.59,     4519.55
  188,   2.793,     4890.,      144.40,   -0.75,     4745.60
  189,   2.813,     5020.,      126.42,   -0.80,     4893.58
  190,   2.833,     4956.,      111.16,   -0.94,     4844.84
  191,   2.853,     5100.,       94.71,   -1.52,     5005.29
  192,   2.873,     5090.,       76.42,   -1.00,     5013.58
  193,   2.893,     5124.,       57.66,   -1.21,     5066.34
  194,   2.913,     5206.,       40.44,   -1.90,     5165.56
  195,   2.933,     5148.,       26.29,   -1.63,     5121.71
  196,   2.953,     5374.,       15.92,   -2.21,     5358.08
  197,   2.973,     5374.,        9.24,   -2.65,     5364.76
  198,   2.993,     5406.,        5.84,   -2.08,     5400.16
  199,   3.013,     5776.,        5.59,   -1.73,     5770.41
  200,   3.033,     5864.,        9.23,   -0.47,     5854.77
  201,   3.053,     5778.,       18.77,   -0.74,     5759.23
  202,   3.073,     6028.,       37.87,   -1.28,     5990.13
  203,   3.093,     6266.,       71.63,   -1.15,     6194.37
  204,   3.113,     6536.,      125.95,   -2.29,     6410.05
  205,   3.133,     6576.,      205.06,   -3.28,     6370.94
  206,   3.153,     6674.,      309.15,   -3.68,     6364.85
  207,   3.173,     7054.,      431.61,   -4.55,     6622.39
  208,   3.193,     7380.,      557.99,   -4.80,     6822.01
  209,   3.213,     7730.,      668.00,   -4.90,     7062.00
  210,   3.233,     7974.,      740.53,   -5.75,     7233.47
  211,   3.253,     8176.,      760.22,   -6.54,     7415.78
  212,   3.274,     8432.,      722.82,   -8.24,     7709.18
  213,   3.294,     8812.,      636.87,   -9.35,     8175.13
  214,   3.314,     8912.,      521.57,   -9.14,     8390.43
  215,   3.334,     8992.,      402.95,   -6.15,     8589.04
  216,   3.354,     9108.,      314.75,   -1.52,     8793.25
  217,   3.374,     9592.,      314.04,    2.21,     9277.96
  218,   3.394,    10632.,      530.55,    4.78,    10101.45
  219,   3.414,    12012.,     1282.40,    4.42,    10729.60
  220,   3.434,    14764.,     3308.43,    2.27,    11455.57
  221,   3.454,    20264.,     8173.56,   -0.68,    12090.44
  222,   3.474,    31576.,    18865.66,   -4.20,    12710.34
  223,   3.494,    52272.,    40480.97,   -7.15,    11791.03
  224,   3.514,    91328.,    80674.13,   -9.12,    10653.87
  225,   3.534,   158784.,   149296.94,   -9.62,     9487.06
  226,   3.554,   263680.,   256561.69,   -8.64,     7118.31
  227,   3.574,   418432.,   409404.72,   -6.10,     9027.28
  228,   3.594,   622336.,   606633.25,   -2.14,    15702.75
  229,   3.614,   861440.,   834648.44,    2.47,    26791.56
  230,   3.634,  1107456.,  1066304.63,    7.30,    41151.38
  231,   3.654,  1318912.,  1264912.88,   11.45,    53999.13
  232,   3.674,  1457664.,  1393288.75,   14.28,    64375.25
  233,   3.694,  1489408.,  1425014.88,   15.21,    64393.13
  234,   3.714,  1413632.,  1353356.63,   14.20,    60275.38
  235,   3.734,  1240576.,  1193572.25,   11.26,    47003.75
  236,   3.755,  1012224.,   977784.38,    7.16,    34439.63
  237,   3.775,   766208.,   744600.81,    2.47,    21607.19
  238,   3.795,   540928.,   528325.75,   -1.84,    12602.25
  239,   3.815,   358912.,   351783.72,   -5.37,     7128.28
  240,   3.835,   229760.,   224508.19,   -7.50,     5251.81
  241,   3.855,   148992.,   145337.22,   -8.37,     3654.78
  242,   3.875,   108288.,   106912.89,   -8.28,     1375.11
  243,   3.895,    99008.,    99677.60,   -7.48,     -669.60
  244,   3.915,   111456.,   114138.59,   -6.73,    -2682.59
  245,   3.935,   136000.,   141485.06,   -7.26,    -5485.06
  246,   3.955,   166208.,   173427.75,   -9.14,    -7219.75
  247,   3.975,   193024.,   202192.55,  -12.42,    -9168.55
  248,   3.995,   211648.,   221133.11,  -15.69,    -9485.11
  249,   4.015,   214592.,   225804.64,  -17.42,   -11212.64
  250,   4.035,   205248.,   214918.17,  -16.63,    -9670.17
  251,   4.055,   181056.,   190530.78,  -14.25,    -9474.78
  252,   4.075,   149248.,   157275.83,  -10.45,    -8027.83
  253,   4.095,   114528.,   120856.08,   -6.07,    -6328.08
  254,   4.115,    81856.,    86440.68,   -1.01,    -4584.68
  255,   4.135,    54448.,    57539.63,    2.89,    -3091.63
  256,   4.155,    33824.,    35643.97,    6.54,    -1819.97
  257,   4.175,    20256.,    20547.22,    9.79,     -291.22
  258,   4.195,    11452.,    11021.63,   11.92,      430.37
  259,   4.215,     5996.,     5501.01,   14.01,      494.99
  260,   4.235,     3120.,     2554.61,   15.26,      565.39
  261,   4.256,     1585.,     1103.81,   16.06,      481.19
  262,   4.276,      976.,      443.82,   15.00,      532.18
  263,   4.296,      612.,      166.10,   12.24,      445.90
  264,   4.316,      497.,       57.87,    8.53,      439.13
  265,   4.336,      431.,       18.80,    3.28,      412.20
  266,   4.356,      371.,        5.70,    0.23,      365.30
  267,   4.376,      353.,        1.62,   -1.35,      351.38
  268,   4.396,      342.,        0.40,   -2.06,      341.60
  269,   4.416,      294.,        0.10,   -2.61,      293.90
  270,   4.436,      292.,        0.00,   -3.00,      292.00
  271,   4.456,      292.,        0.02,   -1.94,      291.98
  272,   4.476,      269.,        0.03,   -2.37,      268.97
  273,   4.496,      251.,        0.06,   -1.88,      250.94
  274,   4.516,      257.,        0.10,   -1.10,      256.90
  275,   4.536,      219.,        0.17,   -1.78,      218.83
  276,   4.556,      191.,        0.24,   -2.35,      190.76
  277,   4.576,      217.,        0.34,   -2.34,      216.66
  278,   4.596,      192.,        0.44,   -2.52,      191.56
  279,   4.616,      160.,        0.53,   -3.02,      159.47
  280,   4.636,      166.,        0.59,   -2.48,      165.41
  281,   4.656,      165.,        0.62,   -1.46,      164.38
  282,   4.676,      166.,        0.61,   -1.86,      165.39
  283,   4.696,      156.,        0.58,   -1.41,      155.42
  284,   4.716,      144.,        0.59,   -0.98,      143.41
  285,   4.736,      140.,        0.62,   -1.16,      139.38
  286,   4.757,      140.,        0.75,   -0.47,      139.25
  287,   4.777,      126.,        1.07,   -0.90,      124.93
  288,   4.797,      117.,        1.63,   -1.21,      115.37
  289,   4.817,      117.,        2.52,   -1.53,      114.48
  290,   4.837,      127.,        3.73,   -1.07,      123.27
  291,   4.857,      111.,        5.23,   -1.48,      105.77
  292,   4.877,      120.,        6.89,   -2.04,      113.11
  293,   4.897,      111.,        8.51,   -1.48,      102.49
  294,   4.917,      115.,        9.83,   -1.96,      105.17
  295,   4.937,      109.,       10.62,   -1.62,       98.38
  296,   4.957,      104.,       10.71,    0.30,       93.29
  297,   4.977,      112.,       10.11,    0.37,      101.89
  298,   4.997,       87.,        8.91,    0.59,       78.09
  299,   5.017,      113.,        7.35,    0.81,      105.65
  300,   5.037,      125.,        5.66,    0.31,      119.34
  301,   5.057,       97.,        4.08,    0.43,       92.92
  302,   5.077,       93.,        2.75,    0.37,       90.25
  303,   5.097,       92.,        1.73,    1.47,       90.27
  304,   5.117,       72.,        1.02,    0.44,       70.98
  305,   5.137,       75.,        0.56,   -1.62,       74.44
  306,   5.157,       83.,        0.29,   -1.70,       82.71
  307,   5.177,       87.,        0.17,   -2.27,       86.83
  308,   5.197,       74.,        0.10,   -2.04,       73.90
  309,   5.217,       73.,        0.19,   -0.75,       72.81
  310,   5.238,       69.,        0.29,   -0.42,       68.71
  311,   5.258,       81.,        0.43,   -0.15,       80.57
  312,   5.278,       78.,        0.60,   -0.63,       77.40
  313,   5.298,       83.,        0.83,   -0.42,       82.17
  314,   5.318,       59.,        1.09,   -0.43,       57.91
  315,   5.338,       82.,        1.41,   -0.15,       80.59
  316,   5.358,       68.,        1.75,   -0.13,       66.25
  317,   5.378,       68.,        2.11,   -0.63,       65.89
  318,   5.398,       77.,        2.54,   -2.18,       74.46
  319,   5.418,       73.,        3.00,   -1.57,       70.00
  320,   5.438,       81.,        3.65,   -2.85,       77.35
  321,   5.458,       71.,        4.69,   -2.23,       66.31
  322,   5.478,       71.,        6.34,   -0.92,       64.66
  323,   5.498,       84.,        8.83,    0.36,       75.17
  324,   5.518,       78.,       12.33,    1.15,       65.67
  325,   5.538,       92.,       16.82,    2.01,       75.18
  326,   5.558,      106.,       22.02,    2.06,       83.97
  327,   5.578,      129.,       27.41,    2.08,      101.59
  328,   5.598,      117.,       32.33,    2.84,       84.67
  329,   5.618,      129.,       35.80,    2.40,       93.20
  330,   5.638,      111.,       37.30,    3.03,       73.70
  331,   5.658,       96.,       36.56,    2.69,       59.44
  332,   5.678,      117.,       33.67,    0.42,       83.33
  333,   5.698,       83.,       29.24,   -0.59,       53.76
  334,   5.718,       99.,       24.06,   -1.74,       74.94
  335,   5.739,       98.,       18.94,   -2.82,       79.06
  336,   5.759,       68.,       14.57,   -1.51,       53.43
  337,   5.779,       69.,       11.35,   -1.25,       57.65
  338,   5.799,       74.,        9.50,    0.19,       64.50
  339,   5.819,       58.,        8.76,    0.46,       49.24
  340,   5.839,       80.,        8.93,    0.23,       71.07
  341,   5.859,       75.,        9.68,    0.27,       65.32
  342,   5.879,       74.,       10.65,    0.71,       63.35
  343,   5.899,       68.,       11.61,   -0.27,       56.39
  344,   5.919,       83.,       12.17,   -0.13,       70.83
  345,   5.939,       62.,       12.22,    0.41,       49.78
  346,   5.959,       63.,       11.79,   -0.33,       51.21
  347,   5.979,       54.,       10.88,   -0.42,       43.12
  348,   5.999,       53.,        9.61,   -0.45,       43.39
  349,   6.019,       74.,        8.16,   -1.26,       65.84
  350,   6.039,       57.,        6.70,   -0.72,       50.30
  351,   6.059,       58.,        5.39,   -0.42,       52.61
  352,   6.079,       51.,        4.36,   -0.27,       46.64
  353,   6.099,       61.,        3.67,   -0.31,       57.33
  354,   6.119,       51.,        3.38,   -0.73,       47.62
  355,   6.139,       53.,        3.66,   -1.52,       49.34
  356,   6.159,       43.,        4.83,   -0.98,       38.17
  357,   6.179,       52.,        7.28,   -1.37,       44.72
  358,   6.199,       62.,       11.72,   -1.61,       50.28
  359,   6.220,       66.,       19.05,   -1.11,       46.95
  360,   6.240,       81.,       30.42,    0.85,       50.58
  361,   6.260,       94.,       46.66,    1.02,       47.34
  362,   6.280,      129.,       68.24,    1.92,       60.76
  363,   6.300,      149.,       94.40,    3.49,       54.60
  364,   6.320,      199.,      123.41,    4.32,       75.59
  365,   6.340,      179.,      152.22,    2.87,       26.78
  366,   6.360,      241.,      176.98,    1.84,       64.02
  367,   6.380,      259.,      193.87,    1.18,       65.13
  368,   6.400,      260.,      200.02,   -0.50,       59.98
  369,   6.420,      203.,      194.34,   -2.25,        8.66
  370,   6.440,      196.,      177.82,   -1.51,       18.18
  371,   6.460,      190.,      153.24,   -2.41,       36.76
  372,   6.480,      125.,      124.43,   -3.40,        0.57
  373,   6.500,      120.,       95.24,   -4.24,       24.76
  374,   6.520,      109.,       68.80,   -2.56,       40.20
  375,   6.540,       81.,       46.99,   -2.03,       34.01
  376,   6.560,       62.,       30.48,   -1.95,       31.52
  377,   6.580,       52.,       18.91,    0.31,       33.09
  378,   6.600,       51.,       11.39,    1.54,       39.61
  379,   6.620,       43.,        6.85,    1.27,       36.15
  380,   6.640,       37.,        4.31,    1.12,       32.69
  381,   6.660,       44.,        3.01,    2.38,       40.99
  382,   6.680,       40.,        2.42,    1.74,       37.58
  383,   6.700,       49.,        2.21,    1.30,       46.79
  384,   6.721,       36.,        2.23,    1.07,       33.77
  385,   6.741,       49.,        2.36,    0.19,       46.64
  386,   6.761,       48.,        2.71,   -1.11,       45.29
  387,   6.781,       40.,        3.19,   -0.07,       36.81
  388,   6.801,       40.,        3.72,   -0.88,       36.28
  389,   6.821,       31.,        4.44,   -0.16,       26.56
  390,   6.841,       33.,        5.43,   -0.40,       27.57
  391,   6.861,       57.,        6.80,   -0.51,       50.20
  392,   6.881,       44.,        8.73,   -1.48,       35.27
  393,   6.901,       60.,       11.19,   -1.01,       48.81
  394,   6.921,       63.,       14.32,   -0.29,       48.68
  395,   6.941,       62.,       18.14,    0.65,       43.86
  396,   6.961,       50.,       22.52,   -0.27,       27.48
  397,   6.981,       68.,       27.22,    0.37,       40.78
  398,   7.001,       77.,       31.82,    0.10,       45.18
  399,   7.021,       81.,       35.88,   -0.38,       45.12
  400,   7.041,       81.,       39.07,   -0.51,       41.93
  401,   7.061,       93.,       41.38,    1.31,       51.62
  402,   7.081,       84.,       43.39,    0.81,       40.61
  403,   7.101,       95.,       46.62,    0.00,       48.38
  404,   7.121,      103.,       53.93,   -0.37,       49.07
  405,   7.141,      132.,       69.97,   -0.49,       62.03
  406,   7.161,      148.,      101.63,   -1.08,       46.37
  407,   7.181,      188.,      158.25,   -0.90,       29.75
  408,   7.202,      298.,      250.83,   -0.79,       47.17
  409,   7.222,      437.,      390.53,   -0.91,       46.47
  410,   7.242,      612.,      585.71,   -1.13,       26.29
  411,   7.262,      906.,      837.78,   -1.25,       68.22
  412,   7.282,     1204.,     1137.36,   -1.01,       66.64
  413,   7.302,     1546.,     1461.96,   -1.09,       84.04
  414,   7.322,     1846.,     1777.14,   -0.36,       68.86
  415,   7.342,     2083.,     2041.53,    0.61,       41.47
  416,   7.362,     2306.,     2215.66,    0.65,       90.34
  417,   7.382,     2351.,     2271.41,    1.66,       79.59
  418,   7.402,     2343.,     2199.60,    2.43,      143.40
  419,   7.422,     2110.,     2012.70,    3.44,       97.30
  420,   7.442,     1810.,     1741.73,    3.77,       68.27
  421,   7.462,     1567.,     1428.52,    3.74,      138.48
  422,   7.482,     1251.,     1116.10,    3.56,      134.90
  423,   7.502,      974.,      840.47,    2.76,      133.53
  424,   7.522,      671.,      625.85,    2.48,       45.15
  425,   7.542,      521.,      483.14,    1.83,       37.86
  426,   7.562,      416.,      411.94,    0.33,        4.06
  427,   7.582,      422.,      403.35,   -1.81,       18.65
  428,   7.602,      450.,      442.86,   -3.26,        7.14
  429,   7.622,      495.,      512.66,   -4.60,      -17.66
  430,   7.642,      564.,      593.51,   -5.43,      -29.51
  431,   7.662,      617.,      666.71,   -5.17,      -49.71
  432,   7.682,      683.,      716.35,   -5.14,      -33.35
  433,   7.703,      668.,      731.49,   -5.16,      -63.49
  434,   7.723,      683.,      708.07,   -4.44,      -25.07
  435,   7.743,      616.,      648.85,   -3.49,      -32.85
  436,   7.763,      553.,      562.81,   -2.41,       -9.81
  437,   7.783,      429.,      462.14,   -0.51,      -33.14
  438,   7.803,      370.,      359.68,    1.59,       10.32
  439,   7.823,      269.,      266.08,    2.44,        2.92
  440,   7.843,      187.,      188.42,    3.27,       -1.42
  441,   7.863,      175.,      129.73,    2.90,       45.27
  442,   7.883,      118.,       89.68,    3.52,       28.32
  443,   7.903,       83.,       65.64,    2.90,       17.36
  444,   7.923,       56.,       53.86,    2.75,        2.14
  445,   7.943,       47.,       50.38,    1.80,       -3.38
  446,   7.963,       57.,       51.64,   -0.08,        5.36
  447,   7.983,       70.,       54.61,   -1.45,       15.39
  448,   8.003,       63.,       57.06,   -2.01,        5.94
  449,   8.023,       45.,       57.57,   -2.02,      -12.57
  450,   8.043,       62.,       55.48,   -1.68,        6.52
  451,   8.063,       69.,       50.82,   -0.33,       18.18
  452,   8.083,       50.,       44.12,   -0.28,        5.88
  453,   8.103,       43.,       36.33,   -0.14,        6.67
  454,   8.123,       39.,       28.33,    1.22,       10.67
  455,   8.143,       32.,       20.91,    1.31,       11.09
  456,   8.163,       21.,       14.61,    0.75,        6.39
  457,   8.183,       12.,        9.66,    1.47,        2.34
  458,   8.204,       12.,        6.05,    1.59,        5.95
  459,   8.224,       15.,        3.56,   -0.05,       11.44
  460,   8.244,       12.,        2.00,   -0.62,       10.00
  461,   8.264,        8.,        1.06,   -1.06,        6.94
  462,   8.284,        6.,        0.53,   -0.98,        5.47
  463,   8.304,        4.,        0.25,   -0.21,        3.75
  464,   8.324,        6.,        0.11,    0.26,        5.89
  465,   8.344,        4.,        0.05,   -0.01,        3.95
  466,   8.364,        2.,        0.06,   -0.69,        1.94
  467,   8.384,        3.,        0.12,   -0.56,        2.88
  468,   8.404,        9.,        0.22,   -0.95,        8.78
  469,   8.424,        7.,        0.39,   -1.05,        6.61
  470,   8.444,        4.,        0.66,   -1.50,        3.34
  471,   8.464,        5.,        1.05,   -0.24,        3.95
  472,   8.484,       10.,        1.58,    0.94,        8.42
  473,   8.504,        7.,        2.27,    1.14,        4.73
  474,   8.524,        4.,        3.09,    0.25,        0.91
  475,   8.544,        3.,        3.99,   -0.43,       -0.99
  476,   8.564,       13.,        4.88,   -0.17,        8.12
  477,   8.584,       13.,        5.67,   -0.61,        7.33
  478,   8.604,       12.,        6.24,   -0.63,        5.76
  479,   8.624,        8.,        6.52,   -0.98,        1.48
  480,   8.644,       10.,        6.47,    0.43,        3.53
  481,   8.664,        9.,        6.08,    0.28,        2.92
  482,   8.685,        9.,        5.43,    0.05,        3.57
  483,   8.705,       13.,        4.59,   -0.35,        8.41
  484,   8.725,        4.,        3.69,   -0.75,        0.31
  485,   8.745,       11.,        2.81,   -0.66,        8.19
  486,   8.765,        2.,        2.03,   -0.46,       -0.03
  487,   8.785,        8.,        1.39,   -0.04,        6.61
  488,   8.805,        4.,        0.90,    0.32,        3.10
  489,   8.825,        5.,        0.56,    0.34,        4.44
  490,   8.845,        4.,        0.32,    0.67,        3.68
  491,   8.865,        7.,        0.14,   -0.48,        6.86
  492,   8.885,        4.,        0.08,    0.42,        3.92
  493,   8.905,        5.,        0.00,    0.17,        5.00
  494,   8.925,        7.,        0.00,    0.70,        7.00
  495,   8.945,        4.,        0.00,    0.54,        4.00
  496,   8.965,        3.,        0.00,    1.50,        3.00
  497,   8.985,        5.,        0.00,    0.26,        5.00
  498,   9.005,        6.,        0.00,    0.43,        6.00
  499,   9.025,        3.,        0.00,    0.36,        3.00
  500,   9.045,        5.,        0.00,   -0.26,        5.00
  501,   9.065,        6.,        0.00,   -0.29,        6.00
  502,   9.085,        3.,        0.00,    0.68,        3.00
  503,   9.105,        5.,        0.00,    0.95,        5.00
  504,   9.125,        3.,        0.00,   -0.29,        3.00
  505,   9.145,        3.,        0.00,    0.11,        3.00
  506,   9.165,        3.,        0.00,   -0.45,        3.00
  507,   9.186,        5.,        0.00,   -1.20,        5.00
  508,   9.206,        7.,        0.00,   -0.40,        7.00
  509,   9.226,        0.,        0.00,    0.11,        0.00
  510,   9.246,        3.,        0.00,   -0.06,        3.00
  511,   9.266,        2.,        0.00,    0.56,        2.00
  512,   9.286,        1.,        0.00,    0.62,        1.00
  513,   9.306,        5.,        0.00,   -0.20,        5.00
  514,   9.326,        6.,        0.02,   -1.03,        5.98
  515,   9.346,        3.,        0.04,   -0.15,        2.96
  516,   9.366,        4.,        0.06,   -0.83,        3.94
  517,   9.386,        1.,        0.10,   -1.15,        0.90
  518,   9.406,        1.,        0.16,   -0.42,        0.84
  519,   9.426,        3.,        0.24,    0.09,        2.76
  520,   9.446,        5.,        0.34,   -0.49,        4.66
  521,   9.466,        1.,        0.45,    0.06,        0.55
  522,   9.486,        2.,        0.58,    0.42,        1.42
  523,   9.506,        4.,        0.70,    0.79,        3.30
  524,   9.526,        6.,        0.81,    1.28,        5.19
  525,   9.546,        4.,        0.88,    1.33,        3.12
  526,   9.566,        6.,        0.92,    0.92,        5.08
  527,   9.586,        6.,        0.91,    1.13,        5.09
  528,   9.606,        3.,        0.86,    0.70,        2.14
  529,   9.626,        3.,        0.76,    0.38,        2.24
  530,   9.646,        1.,        0.65,   -0.47,        0.35
  531,   9.667,        2.,        0.52,   -0.62,        1.48
  532,   9.687,        1.,        0.40,   -1.76,        0.60
  533,   9.707,        0.,        0.29,   -2.21,       -0.29
  534,   9.727,        3.,        0.20,   -1.82,        2.80
  535,   9.747,        1.,        0.13,   -1.25,        0.87
  536,   9.767,        1.,        0.08,   -0.73,        0.92
  537,   9.787,        2.,        0.05,    0.35,        1.95
  538,   9.807,        2.,        0.00,    0.54,        2.00
  539,   9.827,        3.,        0.00,    0.60,        3.00
  540,   9.847,        3.,        0.00,    0.38,        3.00
  541,   9.867,        2.,        0.00,    0.14,        2.00
  542,   9.887,        6.,        0.00,    0.19,        6.00
  543,   9.907,        0.,        0.00,    0.06,        0.00
  544,   9.927,        1.,        0.00,    0.11,        1.00
  545,   9.947,        1.,        0.00,   -0.09,        1.00
  546,   9.967,        1.,        0.00,   -0.10,        1.00
  547,   9.987,        3.,        0.00,    0.36,        3.00
  548,  10.007,        2.,        0.00,   -0.41,        2.00
  549,  10.027,        4.,        0.00,    0.16,        4.00
  550,  10.047,        1.,        0.00,    0.26,        1.00
  551,  10.067,        3.,        0.00,    0.46,        3.00
  552,  10.087,        5.,        0.00,    0.75,        5.00
  553,  10.107,        2.,        0.00,    0.76,        2.00
  554,  10.127,        3.,        0.00,    0.76,        3.00
  555,  10.147,        1.,        0.00,    0.38,        1.00
  556,  10.168,        1.,        0.00,    0.38,        1.00
  557,  10.188,        2.,        0.00,    0.00,        2.00
  558,  10.208,        2.,        0.00,    0.01,        2.00
  559,  10.228,        2.,        0.00,   -0.57,        2.00
  560,  10.248,        2.,        0.00,   -0.75,        2.00
  561,  10.268,        1.,        0.00,   -0.75,        1.00
  562,  10.288,        1.,        0.00,   -0.55,        1.00
  563,  10.308,        4.,        0.00,   -0.35,        4.00
  564,  10.328,        0.,        0.00,    0.14,        0.00
  565,  10.348,        1.,        0.00,    0.44,        1.00
  566,  10.368,        1.,        0.00,    0.35,        1.00
  567,  10.388,        1.,        0.00,    0.35,        1.00
  568,  10.408,        1.,        0.00,    0.45,        1.00
  569,  10.428,        4.,        0.00,   -0.43,        4.00
  570,  10.448,        2.,        0.00,   -0.43,        2.00
  571,  10.468,        1.,        0.00,   -0.52,        1.00
  572,  10.488,        1.,        0.00,   -0.52,        1.00
  573,  10.508,        1.,        0.00,   -0.52,        1.00
  574,  10.528,        1.,        0.00,    0.35,        1.00
  575,  10.548,        0.,        0.00,   -0.24,        0.00
  576,  10.568,        0.,        0.00,   -0.42,        0.00
  577,  10.588,        1.,        0.00,   -0.42,        1.00
  578,  10.608,        1.,        0.00,   -0.40,        1.00
  579,  10.628,        5.,        0.00,   -0.10,        5.00
  580,  10.649,        2.,        0.00,    0.44,        2.00
  581,  10.669,        1.,        0.00,    0.89,        1.00
  582,  10.689,        1.,        0.00,    1.18,        1.00
  583,  10.709,        1.,        0.00,    1.12,        1.00
  584,  10.729,        3.,        0.00,    1.51,        3.00
  585,  10.749,        2.,        0.00,    0.99,        2.00
  586,  10.769,        1.,        0.04,    0.80,        0.96
  587,  10.789,        1.,        0.07,    0.61,        0.93
  588,  10.809,        1.,        0.14,    1.21,        0.86
  589,  10.829,        2.,        0.25,    1.36,        1.75
  590,  10.849,        1.,        0.43,    1.32,        0.57
  591,  10.869,        0.,        0.71,    0.91,       -0.71
  592,  10.889,        1.,        1.12,    1.04,       -0.12
  593,  10.909,        3.,        1.67,    0.68,        1.33
  594,  10.929,        1.,        2.40,    0.00,       -1.40
  595,  10.949,        1.,        3.27,   -0.56,       -2.27
  596,  10.969,        1.,        4.27,   -0.94,       -3.27
  597,  10.989,        5.,        5.30,   -1.15,       -0.30
  598,  11.009,        2.,        6.29,   -1.82,       -4.29
  599,  11.029,        2.,        7.12,   -2.70,       -5.12
  600,  11.049,        3.,        7.68,   -2.80,       -4.68
  601,  11.069,        4.,        7.91,   -2.87,       -3.91
  602,  11.089,        5.,        7.77,   -2.50,       -2.77
  603,  11.109,        2.,        7.32,   -2.54,       -5.32
  604,  11.129,        3.,        6.59,   -1.28,       -3.59
  605,  11.150,        2.,        5.70,   -0.43,       -3.70
  606,  11.170,        2.,        4.77,    0.44,       -2.77
  607,  11.190,        3.,        3.92,    0.92,       -0.92
  608,  11.210,        1.,        3.25,    0.93,       -2.25
  609,  11.230,        3.,        2.80,    1.11,        0.20
  610,  11.250,        1.,        2.62,    0.96,       -1.62
  611,  11.270,        3.,        2.68,    1.05,        0.32
  612,  11.290,        3.,        2.94,    1.14,        0.06
  613,  11.310,        0.,        3.33,    0.97,       -3.33
  614,  11.330,        1.,        3.77,    0.69,       -2.77
  615,  11.350,        1.,        4.17,   -0.13,       -3.17
  616,  11.370,        3.,        4.42,   -0.45,       -1.42
  617,  11.390,        4.,        4.55,   -1.07,       -0.55
  618,  11.410,        3.,        4.48,   -1.53,       -1.48
  619,  11.430,        3.,        4.21,   -1.21,       -1.21
  620,  11.450,        1.,        3.78,   -0.96,       -2.78
  621,  11.470,        2.,        3.24,   -0.66,       -1.24
  622,  11.490,        2.,        2.65,   -0.07,       -0.65
  623,  11.510,        0.,        2.07,   -0.12,       -2.07
  624,  11.530,        1.,        1.54,   -0.30,       -0.54
  625,  11.550,        0.,        1.10,   -0.48,       -1.10
  626,  11.570,        1.,        0.74,    0.12,        0.26
  627,  11.590,        2.,        0.48,    0.21,        1.52
  628,  11.610,        0.,        0.30,    0.47,       -0.30
  629,  11.630,        0.,        0.18,    0.91,       -0.18
  630,  11.651,        1.,        0.10,    1.44,        0.90
  631,  11.671,        2.,        0.00,    1.45,        2.00
  632,  11.691,        0.,        0.00,    1.17,        0.00
  633,  11.711,        1.,        0.00,    0.81,        1.00
  634,  11.731,        1.,        0.00,    0.72,        1.00
  635,  11.751,        3.,        0.00,    0.50,        3.00
  636,  11.771,        0.,        0.00,    0.21,        0.00
  637,  11.791,        0.,        0.00,   -0.05,        0.00
  638,  11.811,        0.,        0.00,   -0.03,        0.00
  639,  11.831,        0.,        0.00,   -0.25,        0.00
  640,  11.851,        0.,        0.00,   -0.27,        0.00
  641,  11.871,        0.,        0.00,   -0.64,        0.00
  642,  11.891,        1.,        0.00,   -0.55,        1.00
  643,  11.911,        0.,        0.00,   -0.47,        0.00
  644,  11.931,        0.,        0.00,   -0.47,        0.00
  645,  11.951,        1.,        0.00,   -0.04,        1.00
  646,  11.971,        1.,        0.00,    0.05,        1.00
  647,  11.991,        1.,        0.00,    0.21,        1.00
  648,  12.011,        0.,        0.00,    0.39,        0.00
  649,  12.031,        0.,        0.00,    0.56,        0.00
  650,  12.051,        2.,        0.00,    0.56,        2.00
  651,  12.071,        0.,        0.00,    0.39,        0.00
  652,  12.091,        0.,        0.00,    0.21,        0.00
  653,  12.111,        2.,        0.00,    0.13,        2.00
  654,  12.132,        1.,        0.00,    0.21,        1.00
  655,  12.152,        0.,        0.00,    0.21,        0.00
  656,  12.172,        0.,        0.00,   -0.22,        0.00
  657,  12.192,        0.,        0.00,   -0.22,        0.00
  658,  12.212,        1.,        0.00,   -0.14,        1.00
  659,  12.232,        0.,        0.00,   -0.23,        0.00
  660,  12.252,        0.,        0.00,   -0.40,        0.00
  661,  12.272,        0.,        0.00,   -0.40,        0.00
  662,  12.292,        0.,        0.00,   -0.06,        0.00
  663,  12.312,        0.,        0.00,    0.11,        0.00
  664,  12.332,        1.,        0.00,   -0.06,        1.00
  665,  12.352,        0.,        0.00,    0.11,        0.00
  666,  12.372,        0.,        0.00,    0.19,        0.00
  667,  12.392,        1.,        0.00,    0.11,        1.00
  668,  12.412,        1.,        0.00,    0.02,        1.00
  669,  12.432,        0.,        0.00,    0.02,        0.00
  670,  12.452,        0.,        0.00,   -0.15,        0.00
  671,  12.472,        0.,        0.00,   -0.15,        0.00
  672,  12.492,        0.,        0.00,   -0.15,        0.00
  673,  12.512,        0.,        0.00,   -0.15,        0.00
  674,  12.532,        0.,        0.00,   -0.15,        0.00
  675,  12.552,        0.,        0.00,   -0.15,        0.00
  676,  12.572,        0.,        0.00,    0.11,        0.00
  677,  12.592,        0.,        0.00,    0.11,        0.00
  678,  12.612,        1.,        0.00,    0.11,        1.00
  679,  12.633,        1.,        0.00,    0.19,        1.00
  680,  12.653,        0.,        0.00,    0.27,        0.00
  681,  12.673,        1.,        0.00,    0.27,        1.00
  682,  12.693,        0.,        0.00,    0.19,        0.00
  683,  12.713,        0.,        0.00,    0.19,        0.00
  684,  12.733,        0.,        0.00,    0.02,        0.00
  685,  12.753,        0.,        0.00,   -0.16,        0.00
  686,  12.773,        0.,        0.00,   -0.16,        0.00
  687,  12.793,        0.,        0.00,   -0.33,        0.00
  688,  12.813,        0.,        0.00,   -0.16,        0.00
  689,  12.833,        0.,        0.00,   -0.16,        0.00
  690,  12.853,        0.,        0.00,   -0.16,        0.00
  691,  12.873,        0.,        0.00,   -0.08,        0.00
  692,  12.893,        0.,        0.00,   -0.08,        0.00
  693,  12.913,        1.,        0.00,   -0.08,        1.00
  694,  12.933,        0.,        0.00,   -0.08,        0.00
  695,  12.953,        0.,        0.00,   -0.08,        0.00
  696,  12.973,        0.,        0.00,    0.02,        0.00
  697,  12.993,        0.,        0.00,    0.02,        0.00
  698,  13.013,        0.,        0.00,    0.02,        0.00
  699,  13.033,        0.,        0.00,    0.02,        0.00
  700,  13.053,        0.,        0.00,   -0.07,        0.00
  701,  13.073,        1.,        0.00,   -0.15,        1.00
  702,  13.093,        0.,        0.00,    0.02,        0.00
  703,  13.114,        0.,        0.00,    0.02,        0.00
  704,  13.134,        1.,        0.00,    0.02,        1.00
  705,  13.154,        0.,        0.00,    0.02,        0.00
  706,  13.174,        0.,        0.00,    0.11,        0.00
  707,  13.194,        1.,        0.00,    0.03,        1.00
  708,  13.214,        0.,        0.00,   -0.05,        0.00
  709,  13.234,        0.,        0.00,   -0.14,        0.00
  710,  13.254,        0.,        0.00,   -0.39,        0.00
  711,  13.274,        1.,        0.00,   -0.22,        1.00
  712,  13.294,        1.,        0.00,   -0.05,        1.00
  713,  13.314,        0.,        0.00,    0.04,        0.00
  714,  13.334,        0.,        0.00,    0.21,        0.00
  715,  13.354,        0.,        0.00,    0.39,        0.00
  716,  13.374,        1.,        0.00,    0.56,        1.00
  717,  13.394,        1.,        0.00,    0.39,        1.00
  718,  13.414,        1.,        0.00,    0.21,        1.00
  719,  13.434,        1.,        0.00,    0.30,        1.00
  720,  13.454,        1.,        0.00,    0.30,        1.00
  721,  13.474,        1.,        0.00,    0.30,        1.00
  722,  13.494,        0.,        0.00,    0.30,        0.00
  723,  13.514,        0.,        0.00,    0.12,        0.00
  724,  13.534,        0.,        0.00,    0.03,        0.00
  725,  13.554,        0.,        0.00,   -0.14,        0.00
  726,  13.574,        0.,        0.00,   -0.47,        0.00
  727,  13.594,        1.,        0.00,   -0.71,        1.00
  728,  13.615,        0.,        0.00,   -0.84,        0.00
  729,  13.635,        0.,        0.00,   -0.52,        0.00
  730,  13.655,        0.,        0.00,   -0.50,        0.00
  731,  13.675,        0.,        0.00,   -0.60,        0.00
  732,  13.695,        0.,        0.00,   -0.43,        0.00
  733,  13.715,        0.,        0.00,   -0.42,        0.00
  734,  13.735,        1.,        0.00,   -0.01,        1.00
  735,  13.755,        0.,        0.03,   -0.81,       -0.03
  736,  13.775,        0.,        0.06,   -0.42,       -0.06
  737,  13.795,        2.,        0.11,   -0.12,        1.89
  738,  13.815,        1.,        0.24,    0.57,        0.76
  739,  13.835,        3.,        0.43,    0.47,        2.57
  740,  13.855,        0.,        0.75,   -0.18,       -0.75
  741,  13.875,        2.,        1.24,    1.38,        0.76
  742,  13.895,        4.,        1.99,    0.73,        2.01
  743,  13.915,        6.,        3.07,    0.27,        2.93
  744,  13.935,        5.,        4.57,   -0.33,        0.43
  745,  13.955,        7.,        6.54,   -0.57,        0.46
  746,  13.975,       17.,        9.04,    0.34,        7.96
  747,  13.995,        9.,       12.03,    0.23,       -3.03
  748,  14.015,       16.,       15.45,    0.57,        0.55
  749,  14.035,       17.,       19.13,    0.92,       -2.13
  750,  14.055,       26.,       22.85,    1.38,        3.15
  751,  14.075,       33.,       26.31,    2.08,        6.69
  752,  14.096,       25.,       29.22,    1.50,       -4.22
  753,  14.116,       33.,       31.29,    1.09,        1.71
  754,  14.136,       36.,       32.31,    0.46,        3.69
  755,  14.156,       36.,       32.15,    0.45,        3.85
  756,  14.176,       37.,       30.84,   -0.08,        6.16
  757,  14.196,       28.,       28.51,   -0.82,       -0.51
  758,  14.216,       17.,       25.38,   -0.71,       -8.38
  759,  14.236,       14.,       21.77,   -1.26,       -7.77
  760,  14.256,       14.,       17.98,   -1.90,       -3.98
  761,  14.276,       12.,       14.29,   -2.54,       -2.29
  762,  14.296,       10.,       10.93,   -3.15,       -0.93
  763,  14.316,        2.,        8.05,   -3.00,       -6.05
  764,  14.336,        4.,        5.70,   -2.21,       -1.70
  765,  14.356,        2.,        3.88,   -1.11,       -1.88
  766,  14.376,        2.,        2.54,   -0.23,       -0.54
  767,  14.396,        2.,        1.60,    0.42,        0.40
  768,  14.416,        1.,        0.97,    1.12,        0.03
  769,  14.436,        2.,        0.53,    2.39,        1.47
  770,  14.456,        1.,        0.30,    2.17,        0.70
  771,  14.476,        1.,        0.16,    1.85,        0.84
  772,  14.496,        0.,        0.08,    1.61,       -0.08
  773,  14.516,        0.,        0.00,    1.35,        0.00
  774,  14.536,        2.,        0.00,    1.27,        2.00
  775,  14.556,        1.,        0.00,    0.60,        1.00
  776,  14.576,        0.,        0.00,    0.25,        0.00
  777,  14.597,        0.,        0.00,   -0.14,        0.00
  778,  14.617,        0.,        0.00,   -0.25,        0.00
  779,  14.637,        0.,        0.00,   -0.22,        0.00
  780,  14.657,        1.,        0.00,   -0.56,        1.00
  781,  14.677,        0.,        0.00,   -0.44,        0.00
  782,  14.697,        0.,        0.00,   -0.21,        0.00
  783,  14.717,        0.,        0.00,    0.04,        0.00
  784,  14.737,        0.,        0.00,    0.20,        0.00
  785,  14.757,        0.,        0.00,    0.20,        0.00
  786,  14.777,        1.,        0.00,    0.20,        1.00
  787,  14.797,        1.,        0.00,    0.28,        1.00
  788,  14.817,        1.,        0.00,    0.28,        1.00
  789,  14.837,        1.,        0.00,    0.28,        1.00
  790,  14.857,        0.,        0.00,    0.28,        0.00
  791,  14.877,        0.,        0.00,    0.28,        0.00
  792,  14.897,        0.,        0.00,    0.19,        0.00
  793,  14.917,        0.,        0.00,    0.02,        0.00
  794,  14.937,        0.,        0.00,   -0.16,        0.00
  795,  14.957,        0.,        0.00,   -0.33,        0.00
  796,  14.977,        0.,        0.00,   -0.33,        0.00
  797,  14.997,        0.,        0.00,   -0.33,        0.00
  798,  15.017,        0.,        0.00,   -0.25,        0.00
  799,  15.037,        0.,        0.00,   -0.25,        0.00
  800,  15.057,        0.,        0.00,   -0.17,        0.00
  801,  15.077,        0.,        0.00,   -0.08,        0.00
  802,  15.098,        0.,        0.00,   -0.08,        0.00
  803,  15.118,        0.,        0.00,   -0.08,        0.00
  804,  15.138,        0.,        0.00,   -0.08,        0.00
  805,  15.158,        0.,        0.00,    0.09,        0.00
  806,  15.178,        0.,        0.00,    0.01,        0.00
  807,  15.198,        0.,        0.00,    0.01,        0.00
  808,  15.218,        0.,        0.00,   -0.08,        0.00
  809,  15.238,        0.,        0.00,   -0.08,        0.00
  810,  15.258,        1.,        0.00,   -0.16,        1.00
  811,  15.278,        0.,        0.00,   -0.16,        0.00
  812,  15.298,        0.,        0.00,    0.02,        0.00
  813,  15.318,        0.,        0.00,    0.02,        0.00
  814,  15.338,        0.,        0.00,    0.20,        0.00
  815,  15.358,        0.,        0.00,    0.12,        0.00
  816,  15.378,        0.,        0.00,    0.07,        0.00
  817,  15.398,        1.,        0.00,   -0.19,        1.00
  818,  15.418,        0.,        0.00,   -0.11,        0.00
  819,  15.438,        1.,        0.00,   -0.01,        1.00
  820,  15.458,        0.,        0.00,    0.43,        0.00
  821,  15.478,        1.,        0.00,    0.56,        1.00
  822,  15.498,        0.,        0.00,    0.63,        0.00
  823,  15.518,        0.,        0.00,    1.11,        0.00
  824,  15.538,        0.,        0.04,    0.68,       -0.04
  825,  15.558,        0.,        0.12,    0.46,       -0.12
  826,  15.579,        2.,        0.21,   -0.39,        1.79
  827,  15.599,        1.,        0.33,   -0.50,        0.67
  828,  15.619,        1.,        0.50,   -0.70,        0.50
  829,  15.639,        2.,        0.73,   -1.08,        1.27
  830,  15.659,        0.,        1.04,   -0.67,       -1.04
  831,  15.679,        0.,        1.41,   -0.66,       -1.41
  832,  15.699,        0.,        1.86,    0.25,       -1.86
  833,  15.719,        2.,        2.35,    0.26,       -0.35
  834,  15.739,        3.,        2.85,    0.44,        0.15
  835,  15.759,        1.,        3.34,    0.24,       -2.34
  836,  15.779,        5.,        3.76,   -0.11,        1.24
  837,  15.799,        4.,        4.08,    0.12,       -0.08
  838,  15.819,        9.,        4.28,    0.13,        4.72
  839,  15.839,        5.,        4.32,    0.20,        0.68
  840,  15.859,        5.,        4.20,    0.14,        0.80
  841,  15.879,        4.,        3.94,    0.45,        0.06
  842,  15.899,        2.,        3.57,    0.68,       -1.57
  843,  15.919,        3.,        3.14,    0.18,       -0.14
  844,  15.939,        2.,        2.69,    0.20,       -0.69
  845,  15.959,        0.,        2.25,   -0.65,       -2.25
  846,  15.979,        1.,        1.85,   -0.71,       -0.85
  847,  15.999,        3.,        1.52,   -0.90,        1.48
  848,  16.019,        0.,        1.25,   -1.01,       -1.25
  849,  16.039,        0.,        1.04,   -0.55,       -1.04
  850,  16.059,        2.,        0.89,   -0.43,        1.11
  851,  16.080,        1.,        0.77,   -0.05,        0.23
  852,  16.100,        1.,        0.63,    0.33,        0.37
  853,  16.120,        0.,        0.57,    0.51,       -0.57
  854,  16.140,        1.,        0.46,    0.26,        0.54
  855,  16.160,        1.,        0.41,    0.31,        0.59
  856,  16.180,        1.,        0.35,    0.46,        0.65
  857,  16.200,        0.,        0.29,    0.37,       -0.29
  858,  16.220,        0.,        0.23,    0.15,       -0.23
  859,  16.240,        0.,        0.17,    0.02,       -0.17
  860,  16.260,        0.,        0.13,    0.23,       -0.13
  861,  16.280,        0.,        0.09,    0.04,       -0.09
  862,  16.300,        0.,        0.06,   -0.14,       -0.06
  863,  16.320,        1.,        0.04,   -0.15,        0.96
  864,  16.340,        0.,        0.02,   -0.09,       -0.02
  865,  16.360,        0.,        0.00,   -0.02,        0.00
  866,  16.380,        0.,        0.00,   -0.04,        0.00
  867,  16.400,        0.,        0.00,    0.02,        0.00
  868,  16.420,        0.,        0.00,    0.09,        0.00
  869,  16.440,        0.,        0.00,    0.07,        0.00
  870,  16.460,        0.,        0.00,   -0.11,        0.00
  871,  16.480,        0.,        0.00,   -0.12,        0.00
  872,  16.500,        0.,        0.00,   -0.14,        0.00
  873,  16.520,        0.,        0.00,   -0.23,        0.00
  874,  16.540,        0.,        0.00,   -0.24,        0.00
  875,  16.561,        0.,        0.00,   -0.08,        0.00
  876,  16.581,        0.,        0.00,    0.00,        0.00
  877,  16.601,        0.,        0.00,   -0.01,        0.00
  878,  16.621,        0.,        0.00,   -0.01,        0.00
  879,  16.641,        0.,        0.00,    0.15,        0.00
  880,  16.661,        0.,        0.00,    0.15,        0.00
  881,  16.681,        1.,        0.00,    0.15,        1.00
  882,  16.701,        0.,        0.00,    0.15,        0.00
  883,  16.721,        0.,        0.00,    0.15,        0.00
  884,  16.741,        0.,        0.00,    0.15,        0.00
  885,  16.761,        1.,        0.00,    0.15,        1.00
  886,  16.781,        0.,        0.00,    0.15,        0.00
  887,  16.801,        0.,        0.00,    0.15,        0.00
  888,  16.821,        0.,        0.00,   -0.01,        0.00
  889,  16.841,        0.,        0.00,   -0.01,        0.00
  890,  16.861,        0.,        0.00,   -0.09,        0.00
  891,  16.881,        0.,        0.00,   -0.09,        0.00
  892,  16.901,        0.,        0.00,   -0.25,        0.00
  893,  16.921,        0.,        0.00,   -0.25,        0.00
  894,  16.941,        0.,        0.00,   -0.17,        0.00
  895,  16.961,        0.,        0.00,   -0.17,        0.00
  896,  16.981,        0.,        0.00,   -0.01,        0.00
  897,  17.001,        0.,        0.00,   -0.01,        0.00
  898,  17.021,        0.,        0.00,   -0.09,        0.00
  899,  17.041,        0.,        0.00,   -0.09,        0.00
  900,  17.062,        0.,        0.00,   -0.09,        0.00
  901,  17.082,        0.,        0.00,   -0.09,        0.00
  902,  17.102,        1.,        0.00,   -0.09,        1.00
  903,  17.122,        0.,        0.00,   -0.09,        0.00
  904,  17.142,        0.,        0.00,    0.23,        0.00
  905,  17.162,        0.,        0.00,    0.23,        0.00
  906,  17.182,        0.,        0.00,    0.23,        0.00
  907,  17.202,        0.,        0.00,    0.23,        0.00
  908,  17.222,        0.,        0.00,    0.23,        0.00
  909,  17.242,        0.,        0.00,    0.07,        0.00
  910,  17.262,        2.,        0.00,    0.07,        2.00
  911,  17.282,        0.,        0.00,    0.07,        0.00
  912,  17.302,        0.,        0.00,    0.07,        0.00
  913,  17.322,        0.,        0.00,    0.07,        0.00
  914,  17.342,        0.,        0.00,    0.07,        0.00
  915,  17.362,        0.,        0.00,    0.15,        0.00
  916,  17.382,        0.,        0.00,    0.15,        0.00
  917,  17.402,        0.,        0.00,   -0.17,        0.00
  918,  17.422,        0.,        0.00,   -0.17,        0.00
  919,  17.442,        0.,        0.00,   -0.25,        0.00
  920,  17.462,        0.,        0.00,   -0.25,        0.00
  921,  17.482,        0.,        0.00,   -0.25,        0.00
  922,  17.502,        0.,        0.00,   -0.25,        0.00
  923,  17.522,        0.,        0.00,   -0.17,        0.00
  924,  17.542,        0.,        0.00,   -0.17,        0.00
  925,  17.563,        0.,        0.00,   -0.01,        0.00
  926,  17.583,        0.,        0.00,   -0.01,        0.00
  927,  17.603,        0.,        0.00,   -0.01,        0.00
  928,  17.623,        0.,        0.00,   -0.01,        0.00
  929,  17.643,        0.,        0.00,    0.15,        0.00
  930,  17.663,        0.,        0.00,    0.15,        0.00
  931,  17.683,        1.,        0.00,    0.15,        1.00
  932,  17.703,        0.,        0.00,    0.15,        0.00
  933,  17.723,        0.,        0.00,    0.07,        0.00
  934,  17.743,        0.,        0.00,    0.07,        0.00
  935,  17.763,        1.,        0.00,    0.07,        1.00
  936,  17.783,        0.,        0.00,    0.07,        0.00
  937,  17.803,        0.,        0.00,    0.07,        0.00
  938,  17.823,        0.,        0.00,   -0.09,        0.00
  939,  17.843,        0.,        0.00,    0.07,        0.00
  940,  17.863,        0.,        0.00,    0.07,        0.00
  941,  17.883,        0.,        0.00,   -0.01,        0.00
  942,  17.903,        0.,        0.00,   -0.17,        0.00
  943,  17.923,        0.,        0.00,   -0.17,        0.00
  944,  17.943,        0.,        0.00,   -0.09,        0.00
  945,  17.963,        1.,        0.00,   -0.09,        1.00
  946,  17.983,        0.,        0.00,   -0.09,        0.00
  947,  18.003,        0.,        0.00,    0.07,        0.00
  948,  18.023,        0.,        0.00,    0.15,        0.00
  949,  18.044,        0.,        0.00,    0.15,        0.00
  950,  18.064,        0.,        0.00,    0.15,        0.00
  951,  18.084,        0.,        0.00,    0.15,        0.00
  952,  18.104,        0.,        0.00,   -0.01,        0.00
  953,  18.124,        1.,        0.00,   -0.01,        1.00
  954,  18.144,        0.,        0.00,   -0.01,        0.00
  955,  18.164,        0.,        0.00,   -0.01,        0.00
  956,  18.184,        0.,        0.00,   -0.01,        0.00
  957,  18.204,        0.,        0.00,   -0.01,        0.00
  958,  18.224,        0.,        0.00,    0.08,        0.00
  959,  18.244,        0.,        0.00,    0.08,        0.00
  960,  18.264,        0.,        0.00,   -0.08,        0.00
  961,  18.284,        0.,        0.00,   -0.08,        0.00
  962,  18.304,        0.,        0.00,   -0.08,        0.00
  963,  18.324,        0.,        0.00,   -0.08,        0.00
  964,  18.344,        0.,        0.00,   -0.08,        0.00
  965,  18.364,        0.,        0.00,   -0.08,        0.00
  966,  18.384,        0.,        0.00,    0.00,        0.00
  967,  18.404,        0.,        0.00,    0.00,        0.00
  968,  18.424,        0.,        0.00,    0.00,        0.00
  969,  18.444,        0.,        0.00,    0.00,        0.00
  970,  18.464,        0.,        0.00,    0.00,        0.00
  971,  18.484,        0.,        0.00,    0.00,        0.00
  972,  18.504,        0.,        0.00,    0.00,        0.00
  973,  18.524,        0.,        0.00,    0.00,        0.00
  974,  18.545,        0.,        0.00,    0.00,        0.00
  975,  18.565,        0.,        0.00,    0.00,        0.00
  976,  18.585,        0.,        0.00,    0.00,        0.00
  977,  18.605,        0.,        0.00,    0.00,        0.00
  978,  18.625,        0.,        0.00,    0.00,        0.00
  979,  18.645,        0.,        0.00,    0.00,        0.00
  980,  18.665,        0.,        0.00,    0.00,        0.00
  981,  18.685,        0.,        0.00,    0.00,        0.00
  982,  18.705,        0.,        0.00,    0.00,        0.00
  983,  18.725,        0.,        0.00,    0.00,        0.00
  984,  18.745,        0.,        0.00,    0.00,        0.00
  985,  18.765,        0.,        0.00,    0.00,        0.00
  986,  18.785,        0.,        0.00,    0.00,        0.00
  987,  18.805,        0.,        0.00,    0.00,        0.00
  988,  18.825,        0.,        0.00,    0.00,        0.00
  989,  18.845,        0.,        0.00,    0.00,        0.00
  990,  18.865,        0.,        0.00,    0.00,        0.00
  991,  18.885,        0.,        0.00,    0.00,        0.00
  992,  18.905,        0.,        0.00,    0.00,        0.00
  993,  18.925,        0.,        0.00,    0.00,        0.00
  994,  18.945,        0.,        0.00,    0.00,        0.00
  995,  18.965,        0.,        0.00,    0.00,        0.00
  996,  18.985,        0.,        0.00,    0.00,        0.00
  997,  19.005,        0.,        0.00,    0.00,        0.00
  998,  19.026,        0.,        0.00,   -0.08,        0.00
  999,  19.046,        0.,        0.00,   -0.08,        0.00
 1000,  19.066,        0.,        0.00,   -0.08,        0.00
 1001,  19.086,        0.,        0.00,   -0.08,        0.00
 1002,  19.106,        0.,        0.00,   -0.17,        0.00
 1003,  19.126,        0.,        0.00,   -0.17,        0.00
 1004,  19.146,        0.,        0.00,   -0.01,        0.00
 1005,  19.166,        0.,        0.00,   -0.01,        0.00
 1006,  19.186,        0.,        0.00,   -0.01,        0.00
 1007,  19.206,        0.,        0.00,   -0.01,        0.00
 1008,  19.226,        0.,        0.00,    0.07,        0.00
 1009,  19.246,        0.,        0.00,    0.07,        0.00
 1010,  19.266,        1.,        0.00,    0.07,        1.00
 1011,  19.286,        0.,        0.00,    0.07,        0.00
 1012,  19.306,        0.,        0.00,    0.07,        0.00
 1013,  19.326,        0.,        0.00,    0.07,        0.00
 1014,  19.346,        1.,        0.00,    0.23,        1.00
 1015,  19.366,        0.,        0.00,    0.23,        0.00
 1016,  19.386,        0.,        0.00,    0.23,        0.00
 1017,  19.406,        0.,        0.00,    0.08,        0.00
 1018,  19.426,        0.,        0.00,    0.08,        0.00
 1019,  19.446,        0.,        0.00,    0.08,        0.00
 1020,  19.466,        1.,        0.00,    0.08,        1.00
 1021,  19.486,        0.,        0.00,   -0.07,        0.00
 1022,  19.506,        0.,        0.00,   -0.07,        0.00
 1023,  19.527,        0.,        0.00,   -0.07,        0.00
 1024,  19.547,        0.,        0.00,    0.01,        0.00
 1025,  19.567,        0.,        0.00,    0.01,        0.00
 1026,  19.587,        0.,        0.00,    0.01,        0.00
 1027,  19.607,        0.,        0.00,   -0.14,        0.00
 1028,  19.627,        0.,        0.00,   -0.07,        0.00
 1029,  19.647,        0.,        0.00,   -0.07,        0.00
 1030,  19.667,        0.,        0.00,   -0.07,        0.00
 1031,  19.687,        0.,        0.00,   -0.07,        0.00
 1032,  19.707,        0.,        0.00,   -0.07,        0.00
 1033,  19.727,        0.,        0.00,   -0.07,        0.00
 1034,  19.747,        0.,        0.00,    0.00,        0.00
 1035,  19.767,        0.,        0.00,    0.00,        0.00
 1036,  19.787,        0.,        0.00,    0.00,        0.00
 1037,  19.807,        0.,        0.00,    0.00,        0.00
 1038,  19.827,        0.,        0.00,    0.00,        0.00
 1039,  19.847,        0.,        0.00,    0.00,        0.00
 1040,  19.867,        0.,        0.00,    0.00,        0.00
 1041,  19.887,        0.,        0.00,    0.00,        0.00
 1042,  19.907,        0.,        0.00,    0.00,        0.00
 1043,  19.927,        0.,        0.00,    0.00,        0.00
 1044,  19.947,        0.,        0.00,    0.00,        0.00
 1045,  19.967,        0.,        0.00,    0.00,        0.00
 1046,  19.987,        0.,        0.00,    0.00,        0.00
 1047,  20.008,        0.,        0.00,    0.00,        0.00
 1048,  20.028,        0.,        0.00,    0.00,        0.00
 1049,  20.048,        0.,        0.00,    0.00,        0.00
 1050,  20.068,        0.,        0.00,    0.00,        0.00
 1051,  20.088,        0.,        0.00,    0.00,        0.00
 1052,  20.108,        0.,        0.00,    0.00,        0.00
 1053,  20.128,        0.,        0.00,    0.00,        0.00
 1054,  20.148,        0.,        0.00,    0.00,        0.00
 1055,  20.168,        0.,        0.00,    0.00,        0.00
 1056,  20.188,        0.,        0.00,    0.00,        0.00
 1057,  20.208,        0.,        0.00,    0.00,        0.00
 1058,  20.228,        0.,        0.00,    0.00,        0.00
 1059,  20.248,        0.,        0.00,    0.00,        0.00
 1060,  20.268,        0.,        0.00,    0.00,        0.00
 1061,  20.288,        0.,        0.00,    0.00,        0.00
 1062,  20.308,        0.,        0.00,    0.00,        0.00
 1063,  20.328,        0.,        0.00,   -0.07,        0.00
 1064,  20.348,        0.,        0.00,   -0.07,        0.00
 1065,  20.368,        0.,        0.00,   -0.07,        0.00
 1066,  20.388,        0.,        0.00,   -0.07,        0.00
 1067,  20.408,        0.,        0.00,   -0.07,        0.00
 1068,  20.428,        0.,        0.00,   -0.07,        0.00
 1069,  20.448,        0.,        0.00,   -0.07,        0.00
 1070,  20.468,        0.,        0.00,    0.08,        0.00
 1071,  20.488,        0.,        0.00,    0.08,        0.00
 1072,  20.509,        0.,        0.00,    0.08,        0.00
 1073,  20.529,        0.,        0.00,    0.08,        0.00
 1074,  20.549,        0.,        0.00,    0.08,        0.00
 1075,  20.569,        0.,        0.00,    0.08,        0.00
 1076,  20.589,        1.,        0.00,    0.08,        1.00
 1077,  20.609,        0.,        0.00,    0.08,        0.00
 1078,  20.629,        0.,        0.00,    0.08,        0.00
 1079,  20.649,        0.,        0.00,    0.08,        0.00
 1080,  20.669,        0.,        0.00,    0.08,        0.00
 1081,  20.689,        0.,        0.00,    0.08,        0.00
 1082,  20.709,        0.,        0.00,    0.08,        0.00
 1083,  20.729,        0.,        0.00,   -0.07,        0.00
 1084,  20.749,        0.,        0.00,   -0.07,        0.00
 1085,  20.769,        0.,        0.00,   -0.07,        0.00
 1086,  20.789,        0.,        0.00,   -0.07,        0.00
 1087,  20.809,        0.,        0.00,   -0.07,        0.00
 1088,  20.829,        0.,        0.00,   -0.14,        0.00
 1089,  20.849,        0.,        0.00,   -0.14,        0.00
 1090,  20.869,        0.,        0.00,   -0.07,        0.00
 1091,  20.889,        0.,        0.00,   -0.07,        0.00
 1092,  20.909,        0.,        0.00,   -0.07,        0.00
 1093,  20.929,        0.,        0.00,   -0.07,        0.00
 1094,  20.949,        0.,        0.00,   -0.07,        0.00
 1095,  20.969,        0.,        0.00,    0.08,        0.00
 1096,  20.990,        0.,        0.00,    0.08,        0.00
 1097,  21.010,        0.,        0.00,    0.08,        0.00
 1098,  21.030,        0.,        0.00,    0.08,        0.00
 1099,  21.050,        0.,        0.00,    0.08,        0.00
 1100,  21.070,        0.,        0.00,    0.08,        0.00
 1101,  21.090,        1.,        0.00,    0.08,        1.00
 1102,  21.110,        0.,        0.00,    0.08,        0.00
 1103,  21.130,        0.,        0.00,    0.08,        0.00
 1104,  21.150,        0.,        0.00,    0.08,        0.00
 1105,  21.170,        0.,        0.00,    0.08,        0.00
 1106,  21.190,        0.,        0.00,    0.08,        0.00
 1107,  21.210,        0.,        0.00,    0.08,        0.00
 1108,  21.230,        0.,        0.00,   -0.07,        0.00
 1109,  21.250,        0.,        0.00,   -0.07,        0.00
 1110,  21.270,        0.,        0.00,   -0.07,        0.00
 1111,  21.290,        0.,        0.00,   -0.07,        0.00
 1112,  21.310,        0.,        0.00,   -0.07,        0.00
 1113,  21.330,        0.,        0.00,   -0.07,        0.00
 1114,  21.350,        0.,        0.00,   -0.07,        0.00
 1115,  21.370,        0.,        0.00,    0.00,        0.00
 1116,  21.390,        0.,        0.00,    0.00,        0.00
 1117,  21.410,        0.,        0.00,    0.00,        0.00
 1118,  21.430,        0.,        0.00,    0.00,        0.00
 1119,  21.450,        0.,        0.00,    0.00,        0.00
 1120,  21.470,        0.,        0.00,    0.00,        0.00
 1121,  21.491,        0.,        0.00,    0.00,        0.00
 1122,  21.511,        0.,        0.00,    0.00,        0.00
 1123,  21.531,        0.,        0.00,    0.00,        0.00
 1124,  21.551,        0.,        0.00,    0.00,        0.00
 1125,  21.571,        0.,        0.00,    0.00,        0.00
 1126,  21.591,        0.,        0.00,    0.00,        0.00
 1127,  21.611,        0.,        0.00,    0.00,        0.00
 1128,  21.631,        0.,        0.00,    0.00,        0.00
 1129,  21.651,        0.,        0.00,    0.00,        0.00
 1130,  21.671,        0.,        0.00,    0.00,        0.00
 1131,  21.691,        0.,        0.00,    0.00,        0.00
 1132,  21.711,        0.,        0.00,    0.00,        0.00
 1133,  21.731,        0.,        0.00,    0.00,        0.00
 1134,  21.751,        0.,        0.00,    0.00,        0.00
 1135,  21.771,        0.,        0.00,    0.00,        0.00
 1136,  21.791,        0.,        0.00,    0.00,        0.00
 1137,  21.811,        0.,        0.00,    0.00,        0.00
 1138,  21.831,        0.,        0.00,    0.00,        0.00
 1139,  21.851,        0.,        0.00,   -0.07,        0.00
 1140,  21.871,        0.,        0.00,   -0.07,        0.00
 1141,  21.891,        0.,        0.00,   -0.07,        0.00
 1142,  21.911,        0.,        0.00,   -0.07,        0.00
 1143,  21.931,        0.,        0.00,   -0.07,        0.00
 1144,  21.951,        0.,        0.00,   -0.07,        0.00
 1145,  21.971,        0.,        0.00,   -0.07,        0.00
 1146,  21.992,        0.,        0.00,    0.08,        0.00
 1147,  22.012,        0.,        0.00,    0.08,        0.00
 1148,  22.032,        0.,        0.00,    0.08,        0.00
 1149,  22.052,        0.,        0.00,    0.08,        0.00
 1150,  22.072,        0.,        0.00,    0.08,        0.00
 1151,  22.092,        0.,        0.00,    0.08,        0.00
 1152,  22.112,        1.,        0.00,    0.08,        1.00
 1153,  22.132,        0.,        0.00,    0.08,        0.00
 1154,  22.152,        0.,        0.00,    0.08,        0.00
 1155,  22.172,        0.,        0.00,    0.08,        0.00
 1156,  22.192,        0.,        0.00,    0.08,        0.00
 1157,  22.212,        0.,        0.00,    0.08,        0.00
 1158,  22.232,        0.,        0.00,    0.08,        0.00
 1159,  22.252,        0.,        0.00,   -0.07,        0.00
 1160,  22.272,        0.,        0.00,   -0.07,        0.00
 1161,  22.292,        0.,        0.00,   -0.07,        0.00
 1162,  22.312,        0.,        0.00,   -0.07,        0.00
 1163,  22.332,        0.,        0.00,   -0.07,        0.00
 1164,  22.352,        0.,        0.00,   -0.07,        0.00
 1165,  22.372,        0.,        0.00,   -0.07,        0.00
 1166,  22.392,        0.,        0.00,    0.00,        0.00
 1167,  22.412,        0.,        0.00,    0.00,        0.00
 1168,  22.432,        0.,        0.00,    0.00,        0.00
 1169,  22.452,        0.,        0.00,    0.00,        0.00
 1170,  22.473,        0.,        0.00,    0.00,        0.00
 1171,  22.493,        0.,        0.00,    0.00,        0.00
 1172,  22.513,        0.,        0.00,    0.00,        0.00
 1173,  22.533,        0.,        0.00,    0.00,        0.00
 1174,  22.553,        0.,        0.00,    0.00,        0.00
 1175,  22.573,        0.,        0.00,    0.00,        0.00
 1176,  22.593,        0.,        0.00,   -0.07,        0.00
 1177,  22.613,        0.,        0.00,   -0.07,        0.00
 1178,  22.633,        0.,        0.00,   -0.07,        0.00
 1179,  22.653,        0.,        0.00,   -0.07,        0.00
 1180,  22.673,        0.,        0.00,   -0.07,        0.00
 1181,  22.693,        0.,        0.00,   -0.07,        0.00
 1182,  22.713,        0.,        0.00,   -0.07,        0.00
 1183,  22.733,        0.,        0.00,    0.08,        0.00
 1184,  22.753,        0.,        0.00,    0.08,        0.00
 1185,  22.773,        0.,        0.00,    0.08,        0.00
 1186,  22.793,        0.,        0.00,    0.08,        0.00
 1187,  22.813,        0.,        0.00,    0.08,        0.00
 1188,  22.833,        0.,        0.00,    0.08,        0.00
 1189,  22.853,        1.,        0.00,    0.08,        1.00
 1190,  22.873,        0.,        0.00,    0.08,        0.00
 1191,  22.893,        0.,        0.00,    0.08,        0.00
 1192,  22.913,        0.,        0.00,    0.08,        0.00
 1193,  22.933,        0.,        0.00,    0.08,        0.00
 1194,  22.953,        0.,        0.00,    0.08,        0.00
 1195,  22.974,        0.,        0.00,    0.08,        0.00
 1196,  22.994,        0.,        0.00,   -0.07,        0.00
 1197,  23.014,        0.,        0.00,   -0.07,        0.00
 1198,  23.034,        0.,        0.00,   -0.07,        0.00
 1199,  23.054,        0.,        0.00,   -0.07,        0.00
 1200,  23.074,        0.,        0.00,   -0.07,        0.00
 1201,  23.094,        0.,        0.00,   -0.07,        0.00
 1202,  23.114,        0.,        0.00,   -0.07,        0.00
 1203,  23.134,        0.,        0.00,    0.00,        0.00
 1204,  23.154,        0.,        0.00,    0.00,        0.00
 1205,  23.174,        0.,        0.00,    0.00,        0.00
 1206,  23.194,        0.,        0.00,    0.00,        0.00
 1207,  23.214,        0.,        0.00,    0.00,        0.00
 1208,  23.234,        0.,        0.00,    0.00,        0.00
 1209,  23.254,        0.,        0.00,    0.00,        0.00
 1210,  23.274,        0.,        0.00,    0.00,        0.00
 1211,  23.294,        0.,        0.00,    0.00,        0.00
 1212,  23.314,        0.,        0.00,    0.00,        0.00
 1213,  23.334,        0.,        0.00,    0.00,        0.00
 1214,  23.354,        0.,        0.00,    0.00,        0.00
 1215,  23.374,        0.,        0.00,    0.00,        0.00
 1216,  23.394,        0.,        0.00,    0.00,        0.00
 1217,  23.414,        0.,        0.00,    0.00,        0.00
 1218,  23.434,        0.,        0.00,    0.00,        0.00
 1219,  23.455,        0.,        0.00,    0.00,        0.00
 1220,  23.475,        0.,        0.00,    0.00,        0.00
 1221,  23.495,        0.,        0.00,    0.00,        0.00
 1222,  23.515,        0.,        0.00,    0.00,        0.00
 1223,  23.535,        0.,        0.00,    0.00,        0.00
 1224,  23.555,        0.,        0.00,    0.00,        0.00
 1225,  23.575,        0.,        0.00,    0.00,        0.00
 1226,  23.595,        0.,        0.00,    0.00,        0.00
 1227,  23.615,        0.,        0.00,    0.00,        0.00
 1228,  23.635,        0.,        0.00,    0.00,        0.00
 1229,  23.655,        0.,        0.00,    0.00,        0.00
 1230,  23.675,        0.,        0.00,    0.00,        0.00
 1231,  23.695,        0.,        0.00,    0.00,        0.00
 1232,  23.715,        0.,        0.00,    0.00,        0.00
 1233,  23.735,        0.,        0.00,    0.00,        0.00
 1234,  23.755,        0.,        0.00,    0.00,        0.00
 1235,  23.775,        0.,        0.00,    0.00,        0.00
 1236,  23.795,        0.,        0.00,    0.00,        0.00
 1237,  23.815,        0.,        0.00,    0.00,        0.00
 1238,  23.835,        0.,        0.00,    0.00,        0.00
 1239,  23.855,        0.,        0.00,    0.00,        0.00
 1240,  23.875,        0.,        0.00,    0.00,        0.00
 1241,  23.895,        0.,        0.00,    0.00,        0.00
 1242,  23.915,        0.,        0.00,    0.00,        0.00
 1243,  23.935,        0.,        0.00,    0.00,        0.00
 1244,  23.956,        0.,        0.00,    0.00,        0.00
 1245,  23.976,        0.,        0.00,    0.00,        0.00
 1246,  23.996,        0.,        0.00,    0.00,        0.00
 1247,  24.016,        0.,        0.00,    0.00,        0.00
 1248,  24.036,        0.,        0.00,    0.00,        0.00
 1249,  24.056,        0.,        0.00,    0.00,        0.00
 1250,  24.076,        0.,        0.00,    0.00,        0.00
 1251,  24.096,        0.,        0.00,    0.00,        0.00
 1252,  24.116,        0.,        0.00,    0.00,        0.00
 1253,  24.136,        0.,        0.00,    0.00,        0.00
 1254,  24.156,        0.,        0.00,    0.00,        0.00
 1255,  24.176,        0.,        0.00,    0.00,        0.00
 1256,  24.196,        0.,        0.00,    0.00,        0.00
 1257,  24.216,        0.,        0.00,    0.00,        0.00
 1258,  24.236,        0.,        0.00,    0.00,        0.00
 1259,  24.256,        0.,        0.00,    0.00,        0.00
 1260,  24.276,        0.,        0.00,    0.00,        0.00
 1261,  24.296,        0.,        0.00,    0.00,        0.00
 1262,  24.316,        0.,        0.00,    0.00,        0.00
 1263,  24.336,        0.,        0.00,    0.00,        0.00
 1264,  24.356,        0.,        0.00,    0.00,        0.00
 1265,  24.376,        0.,        0.00,    0.00,        0.00
 1266,  24.396,        0.,        0.00,    0.00,        0.00
 1267,  24.416,        0.,        0.00,    0.00,        0.00
 1268,  24.436,        0.,        0.00,    0.00,        0.00
 1269,  24.457,        0.,        0.00,    0.00,        0.00
 1270,  24.477,        0.,        0.00,    0.00,        0.00
 1271,  24.497,        0.,        0.00,    0.00,        0.00
 1272,  24.517,        0.,        0.00,    0.00,        0.00
 1273,  24.537,        0.,        0.00,    0.00,        0.00
 1274,  24.557,        0.,        0.00,    0.00,        0.00
 1275,  24.577,        0.,        0.00,    0.00,        0.00
 1276,  24.597,        0.,        0.00,    0.00,        0.00
 1277,  24.617,        0.,        0.00,    0.00,        0.00
 1278,  24.637,        0.,        0.00,    0.00,        0.00
 1279,  24.657,        0.,        0.00,    0.00,        0.00
 1280,  24.677,        0.,        0.00,    0.00,        0.00
 1281,  24.697,        0.,        0.00,    0.00,        0.00
 1282,  24.717,        0.,        0.00,    0.00,        0.00
 1283,  24.737,        0.,        0.00,    0.00,        0.00
 1284,  24.757,        0.,        0.00,    0.00,        0.00
 1285,  24.777,        0.,        0.00,    0.00,        0.00
 1286,  24.797,        0.,        0.00,    0.00,        0.00
 1287,  24.817,        0.,        0.00,    0.00,        0.00
 1288,  24.837,        0.,        0.00,    0.00,        0.00
 1289,  24.857,        0.,        0.00,    0.00,        0.00
 1290,  24.877,        0.,        0.00,    0.00,        0.00
 1291,  24.897,        0.,        0.00,    0.00,        0.00
 1292,  24.917,        0.,        0.00,    0.00,        0.00
 1293,  24.938,        0.,        0.00,    0.00,        0.00
 1294,  24.958,        0.,        0.00,    0.00,        0.00
 1295,  24.978,        0.,        0.00,    0.00,        0.00
 1296,  24.998,        0.,        0.00,    0.00,        0.00
 1297,  25.018,        0.,        0.00,    0.00,        0.00
 1298,  25.038,        0.,        0.00,    0.00,        0.00
 1299,  25.058,        0.,        0.00,    0.00,        0.00
 1300,  25.078,        0.,        0.00,    0.00,        0.00
