 File:An·lise amostras  Solution Type:Thick  fitting 1231 channels (  70-1300)
 Channel#, E(keV),   Data,        Fit, Residual,    Data-Fit
   70,   0.425,     1408.,      224.68,   -0.01,     1183.32
   71,   0.445,     1551.,      398.21,    0.01,     1152.79
   72,   0.465,     1734.,      661.36,    0.04,     1072.64
   73,   0.485,     2149.,     1015.73,    0.01,     1133.27
   74,   0.505,     2544.,     1429.66,   -0.01,     1114.34
   75,   0.525,     2959.,     1833.31,   -0.02,     1125.69
   76,   0.545,     3053.,     2134.05,   -0.01,      918.95
   77,   0.565,     3160.,     2251.16,   -0.05,      908.84
   78,   0.585,     3055.,     2152.49,   -0.08,      902.51
   79,   0.605,     2777.,     1871.09,   -0.14,      905.91
   80,   0.625,     2334.,     1490.06,   -0.14,      843.94
   81,   0.645,     2000.,     1104.80,   -0.12,      895.20
   82,   0.666,     1634.,      785.52,   -0.09,      848.48
   83,   0.686,     1420.,      559.08,   -0.05,      860.92
   84,   0.706,     1317.,      414.73,   -0.01,      902.27
   85,   0.726,     1264.,      323.60,    0.03,      940.40
   86,   0.746,     1195.,      258.10,    0.12,      936.90
   87,   0.766,     1142.,      202.03,    0.19,      939.97
   88,   0.786,     1097.,      151.03,    0.24,      945.97
   89,   0.806,     1076.,      107.18,    0.21,      968.82
   90,   0.826,      969.,       73.60,    0.15,      895.40
   91,   0.846,      949.,       50.68,    0.04,      898.32
   92,   0.866,      888.,       36.46,   -0.11,      851.54
   93,   0.886,      904.,       27.67,   -0.25,      876.33
   94,   0.906,      878.,       21.57,   -0.19,      856.43
   95,   0.926,      825.,       16.56,   -0.12,      808.44
   96,   0.947,      848.,       12.18,   -0.08,      835.82
   97,   0.967,      896.,        8.47,   -0.06,      887.53
   98,   0.987,      878.,        5.70,   -0.08,      872.30
   99,   1.007,      842.,        3.97,   -0.08,      838.03
  100,   1.027,      824.,        3.04,   -0.02,      820.96
  101,   1.047,      828.,        2.61,   -0.08,      825.39
  102,   1.067,      790.,        2.45,   -0.11,      787.55
  103,   1.087,      862.,        2.24,   -0.13,      859.76
  104,   1.107,      831.,        1.94,   -0.01,      829.06
  105,   1.127,      848.,        1.57,    0.08,      846.43
  106,   1.147,      845.,        1.15,    0.37,      843.85
  107,   1.167,      851.,        0.76,    0.28,      850.24
  108,   1.187,      797.,        0.46,    0.23,      796.54
  109,   1.207,      826.,        0.29,   -0.03,      825.71
  110,   1.227,      826.,        0.24,   -0.18,      825.76
  111,   1.248,      817.,        0.27,    0.01,      816.73
  112,   1.268,      767.,        0.59,    0.26,      766.41
  113,   1.288,      781.,        1.19,    0.32,      779.81
  114,   1.308,      831.,        2.33,   -0.02,      828.67
  115,   1.328,      833.,        4.36,   -0.25,      828.64
  116,   1.348,      805.,        7.79,   -0.05,      797.21
  117,   1.368,      747.,       13.18,   -0.01,      733.82
  118,   1.388,      730.,       21.02,    0.08,      708.98
  119,   1.408,      809.,       31.36,   -0.32,      777.64
  120,   1.428,      806.,       43.50,   -0.66,      762.50
  121,   1.448,      863.,       56.02,   -0.31,      806.98
  122,   1.468,      786.,       66.87,    0.00,      719.13
  123,   1.488,      806.,       74.03,   -0.03,      731.97
  124,   1.508,      849.,       76.18,   -0.06,      772.82
  125,   1.529,      817.,       73.27,   -0.61,      743.73
  126,   1.549,      803.,       66.62,   -0.47,      736.38
  127,   1.569,      809.,       58.53,   -0.30,      750.47
  128,   1.589,      780.,       51.71,   -0.39,      728.29
  129,   1.609,      840.,       48.13,   -0.37,      791.87
  130,   1.629,      799.,       49.07,   -0.18,      749.93
  131,   1.649,      834.,       54.57,   -0.57,      779.43
  132,   1.669,      812.,       63.95,   -0.18,      748.05
  133,   1.689,      894.,       76.13,   -0.48,      817.87
  134,   1.709,      846.,       90.01,   -0.27,      755.99
  135,   1.729,      909.,      104.44,   -0.38,      804.56
  136,   1.749,      925.,      118.15,   -0.81,      806.85
  137,   1.769,      965.,      129.66,   -1.16,      835.34
  138,   1.789,      998.,      137.44,   -1.37,      860.56
  139,   1.809,      958.,      139.84,   -1.39,      818.16
  140,   1.830,      999.,      136.27,   -1.09,      862.73
  141,   1.850,      984.,      127.27,   -0.95,      856.73
  142,   1.870,     1073.,      114.82,   -1.20,      958.18
  143,   1.890,     1105.,      102.21,   -0.18,     1002.79
  144,   1.910,     1083.,       94.10,   -0.02,      988.90
  145,   1.930,     1122.,       95.77,   -0.48,     1026.23
  146,   1.950,     1227.,      112.53,   -1.30,     1114.47
  147,   1.970,     1230.,      148.38,   -3.67,     1081.62
  148,   1.990,     1311.,      204.46,   -5.30,     1106.54
  149,   2.010,     1466.,      278.61,   -5.45,     1187.39
  150,   2.030,     1509.,      370.25,   -5.07,     1138.75
  151,   2.050,     1725.,      495.10,   -3.58,     1229.90
  152,   2.070,     2231.,      717.07,   -2.17,     1513.93
  153,   2.090,     2838.,     1205.90,   -0.78,     1632.10
  154,   2.111,     4352.,     2320.78,    0.31,     2031.22
  155,   2.131,     7088.,     4703.38,    1.31,     2384.62
  156,   2.151,    12108.,     9326.11,    1.92,     2781.89
  157,   2.171,    20568.,    17401.00,    2.25,     3167.00
  158,   2.191,    33280.,    30051.60,    2.51,     3228.40
  159,   2.211,    50944.,    47733.11,    2.08,     3210.89
  160,   2.231,    72032.,    69570.14,    1.57,     2461.86
  161,   2.251,    95328.,    92973.19,    0.71,     2354.81
  162,   2.271,   114592.,   113923.45,   -0.37,      668.55
  163,   2.291,   128352.,   128050.58,   -1.20,      301.42
  164,   2.311,   131584.,   132161.48,   -1.79,     -577.48
  165,   2.331,   124064.,   125510.30,   -2.19,    -1446.30
  166,   2.351,   109472.,   110103.91,   -1.94,     -631.91
  167,   2.371,    89184.,    89874.83,   -1.52,     -690.83
  168,   2.392,    69152.,    69142.59,   -0.97,        9.41
  169,   2.412,    51936.,    51172.30,    0.02,      763.70
  170,   2.432,    38560.,    37452.35,    0.53,     1107.65
  171,   2.452,    28832.,    27842.30,    1.16,      989.70
  172,   2.472,    22624.,    21279.96,    1.31,     1344.04
  173,   2.492,    17592.,    16560.38,    1.65,     1031.63
  174,   2.512,    13960.,    12828.70,    1.62,     1131.30
  175,   2.532,    10820.,     9695.87,    1.44,     1124.13
  176,   2.552,     8016.,     7094.16,    1.12,      921.84
  177,   2.572,     6042.,     5062.20,    0.42,      979.80
  178,   2.592,     4732.,     3595.09,    0.15,     1136.91
  179,   2.612,     3464.,     2602.47,   -0.19,      861.53
  180,   2.632,     2786.,     1943.65,   -0.78,      842.35
  181,   2.652,     2253.,     1484.09,   -0.66,      768.91
  182,   2.672,     1874.,     1132.44,   -1.11,      741.56
  183,   2.693,     1552.,      846.32,   -2.43,      705.68
  184,   2.713,     1345.,      616.26,   -2.80,      728.74
  185,   2.733,     1159.,      444.27,   -3.24,      714.73
  186,   2.753,     1072.,      328.82,   -3.08,      743.18
  187,   2.773,      955.,      259.88,   -1.65,      695.12
  188,   2.793,      921.,      221.43,   -0.94,      699.57
  189,   2.813,      944.,      197.26,   -0.66,      746.74
  190,   2.833,      922.,      175.35,   -0.17,      746.65
  191,   2.853,      914.,      149.81,   -0.22,      764.19
  192,   2.873,      869.,      120.38,    0.53,      748.62
  193,   2.893,      797.,       89.97,    1.12,      707.03
  194,   2.913,      818.,       62.23,    1.43,      755.77
  195,   2.933,      799.,       39.74,    2.40,      759.26
  196,   2.953,      787.,       23.41,    1.65,      763.59
  197,   2.974,      746.,       12.74,    1.00,      733.26
  198,   2.994,      762.,        6.40,    1.18,      755.60
  199,   3.014,      781.,        2.96,    0.44,      778.04
  200,   3.034,      719.,        1.33,    0.87,      717.67
  201,   3.054,      708.,        0.68,    0.69,      707.32
  202,   3.074,      691.,        0.65,    0.62,      690.35
  203,   3.094,      671.,        1.21,    0.50,      669.79
  204,   3.114,      720.,        2.69,   -1.11,      717.31
  205,   3.134,      719.,        5.70,   -0.95,      713.30
  206,   3.154,      705.,       11.15,   -1.20,      693.85
  207,   3.174,      705.,       20.14,   -0.99,      684.86
  208,   3.194,      663.,       33.60,    0.35,      629.40
  209,   3.214,      730.,       51.74,    0.59,      678.26
  210,   3.234,      717.,       73.57,   -0.25,      643.43
  211,   3.254,      734.,       96.59,   -0.60,      637.41
  212,   3.275,      802.,      117.06,   -0.88,      684.94
  213,   3.295,      799.,      131.00,   -0.22,      668.00
  214,   3.315,      779.,      135.33,    0.43,      643.67
  215,   3.335,      758.,      129.14,    0.63,      628.86
  216,   3.355,      751.,      113.83,    0.64,      637.17
  217,   3.375,      688.,       92.76,   -0.65,      595.24
  218,   3.395,      751.,       70.09,   -0.40,      680.91
  219,   3.415,      660.,       49.53,   -0.13,      610.47
  220,   3.435,      647.,       33.45,    0.74,      613.55
  221,   3.455,      594.,       22.87,    0.61,      571.13
  222,   3.475,      657.,       17.64,    1.56,      639.36
  223,   3.495,      624.,       17.00,   -0.17,      607.00
  224,   3.515,      659.,       20.05,   -0.69,      638.95
  225,   3.535,      596.,       25.96,   -0.02,      570.04
  226,   3.556,      628.,       34.11,   -0.02,      593.89
  227,   3.576,      586.,       43.93,    0.33,      542.07
  228,   3.596,      608.,       54.77,    0.74,      553.23
  229,   3.616,      640.,       65.84,   -0.99,      574.16
  230,   3.636,      633.,       75.78,   -0.77,      557.22
  231,   3.656,      664.,       83.04,   -0.80,      580.96
  232,   3.676,      666.,       86.12,   -0.38,      579.88
  233,   3.696,      570.,       84.08,    0.46,      485.92
  234,   3.716,      646.,       76.94,    0.49,      569.06
  235,   3.736,      598.,       65.74,    0.63,      532.26
  236,   3.756,      567.,       52.35,   -0.34,      514.65
  237,   3.776,      552.,       38.81,   -1.73,      513.19
  238,   3.796,      572.,       26.81,   -0.64,      545.19
  239,   3.816,      542.,       17.39,   -0.87,      524.61
  240,   3.837,      521.,       10.81,   -0.80,      510.19
  241,   3.857,      481.,        6.99,   -0.24,      474.01
  242,   3.877,      518.,        5.35,   -0.28,      512.65
  243,   3.897,      523.,        5.33,   -0.56,      517.67
  244,   3.917,      516.,        6.43,    0.05,      509.57
  245,   3.937,      505.,        8.18,    0.22,      496.82
  246,   3.957,      522.,       10.09,    0.82,      511.91
  247,   3.977,      494.,       11.78,    1.09,      482.22
  248,   3.997,      543.,       12.86,    0.74,      530.14
  249,   4.017,      503.,       13.04,    0.37,      489.96
  250,   4.037,      500.,       12.28,    0.05,      487.72
  251,   4.057,      488.,       10.74,   -0.44,      477.26
  252,   4.077,      492.,        8.80,    0.45,      483.20
  253,   4.097,      466.,        6.76,   -0.02,      459.24
  254,   4.117,      487.,        5.01,    0.41,      481.99
  255,   4.138,      458.,        3.83,    1.05,      454.17
  256,   4.158,      496.,        3.47,    1.27,      492.53
  257,   4.178,      454.,        4.04,    0.91,      449.96
  258,   4.198,      482.,        5.70,    1.11,      476.30
  259,   4.218,      458.,        8.59,   -0.19,      449.41
  260,   4.238,      467.,       12.72,    0.14,      454.28
  261,   4.258,      420.,       18.16,   -0.67,      401.84
  262,   4.278,      456.,       24.87,   -0.77,      431.13
  263,   4.298,      415.,       32.77,   -0.64,      382.23
  264,   4.318,      461.,       41.86,   -1.25,      419.14
  265,   4.338,      462.,       52.45,   -1.16,      409.55
  266,   4.358,      484.,       65.06,    0.54,      418.94
  267,   4.378,      497.,       80.60,    0.48,      416.40
  268,   4.398,      481.,       99.84,    1.62,      381.16
  269,   4.419,      523.,      123.59,    1.91,      399.41
  270,   4.439,      562.,      152.46,    0.37,      409.54
  271,   4.459,      544.,      186.78,   -0.10,      357.22
  272,   4.479,      610.,      227.52,   -1.05,      382.48
  273,   4.499,      658.,      276.46,   -1.29,      381.54
  274,   4.519,      643.,      336.16,   -1.01,      306.84
  275,   4.539,      750.,      408.91,   -1.45,      341.09
  276,   4.559,      833.,      494.88,   -1.30,      338.12
  277,   4.579,      940.,      589.76,   -1.27,      350.24
  278,   4.599,     1044.,      683.94,   -1.97,      360.06
  279,   4.619,     1096.,      763.25,   -1.29,      332.75
  280,   4.639,     1152.,      812.43,   -1.05,      339.57
  281,   4.659,     1211.,      819.79,   -0.53,      391.21
  282,   4.679,     1088.,      781.51,   -0.58,      306.49
  283,   4.699,     1031.,      702.76,   -1.50,      328.24
  284,   4.720,      964.,      596.80,   -1.67,      367.20
  285,   4.740,      876.,      480.44,   -1.08,      395.56
  286,   4.760,      713.,      369.51,   -1.65,      343.49
  287,   4.780,      643.,      275.29,    0.05,      367.71
  288,   4.800,      580.,      202.92,    1.21,      377.08
  289,   4.820,      580.,      152.52,    2.01,      427.48
  290,   4.840,      495.,      120.56,    1.84,      374.44
  291,   4.860,      534.,      102.55,    1.82,      431.45
  292,   4.880,      538.,       93.55,    2.50,      444.45
  293,   4.900,      523.,       89.69,    2.16,      433.31
  294,   4.920,      471.,       88.34,    1.36,      382.66
  295,   4.940,      485.,       87.61,    1.42,      397.39
  296,   4.960,      509.,       86.62,   -0.26,      422.38
  297,   4.980,      466.,       85.04,   -1.55,      380.96
  298,   5.001,      475.,       83.00,   -2.26,      392.00
  299,   5.021,      497.,       80.91,   -1.88,      416.09
  300,   5.041,      450.,       79.08,   -1.81,      370.92
  301,   5.061,      492.,       77.74,   -1.87,      414.26
  302,   5.081,      485.,       77.23,   -0.95,      407.77
  303,   5.101,      497.,       77.73,   -1.96,      419.27
  304,   5.121,      487.,       79.38,   -1.99,      407.62
  305,   5.141,      520.,       82.49,   -0.13,      437.51
  306,   5.161,      530.,       87.45,    0.24,      442.55
  307,   5.181,      504.,       94.45,    1.15,      409.55
  308,   5.201,      548.,      103.73,    0.14,      444.27
  309,   5.221,      594.,      115.04,   -0.39,      478.96
  310,   5.241,      594.,      127.50,   -2.05,      466.50
  311,   5.261,      650.,      139.77,   -2.27,      510.23
  312,   5.281,      604.,      150.13,   -1.74,      453.87
  313,   5.302,      611.,      156.89,   -1.58,      454.11
  314,   5.322,      604.,      158.90,   -1.38,      445.10
  315,   5.342,      655.,      155.87,   -0.43,      499.13
  316,   5.362,      672.,      148.51,   -0.46,      523.49
  317,   5.382,      673.,      138.29,    1.11,      534.71
  318,   5.402,      702.,      127.03,    3.16,      574.97
  319,   5.422,      696.,      116.44,    5.40,      579.56
  320,   5.442,      669.,      107.72,    6.50,      561.28
  321,   5.462,      690.,      101.51,    7.39,      588.49
  322,   5.482,      691.,       97.79,    6.44,      593.21
  323,   5.502,      684.,       96.26,    4.60,      587.74
  324,   5.522,      659.,       96.40,    2.82,      562.60
  325,   5.542,      652.,       97.98,    1.65,      554.02
  326,   5.562,      604.,      100.59,   -0.30,      503.41
  327,   5.583,      592.,      103.93,   -1.21,      488.07
  328,   5.603,      615.,      108.04,   -2.58,      506.96
  329,   5.623,      581.,      112.79,   -3.12,      468.21
  330,   5.643,      587.,      118.16,   -4.43,      468.84
  331,   5.663,      627.,      124.26,   -4.04,      502.74
  332,   5.683,      625.,      131.15,   -4.48,      493.85
  333,   5.703,      647.,      138.96,   -3.69,      508.04
  334,   5.723,      593.,      147.78,   -2.80,      445.22
  335,   5.743,      664.,      157.86,   -2.25,      506.14
  336,   5.763,      623.,      169.16,   -2.29,      453.84
  337,   5.783,      723.,      181.96,   -1.81,      541.04
  338,   5.803,      726.,      196.43,   -1.28,      529.57
  339,   5.823,      702.,      212.80,    0.03,      489.20
  340,   5.843,      781.,      231.32,   -0.51,      549.68
  341,   5.864,      829.,      252.27,    1.66,      576.73
  342,   5.884,      842.,      275.97,    2.09,      566.03
  343,   5.904,      889.,      302.79,    2.03,      586.21
  344,   5.924,      865.,      333.12,    3.00,      531.88
  345,   5.944,      979.,      367.45,    3.14,      611.55
  346,   5.964,     1013.,      406.42,    1.86,      606.58
  347,   5.984,     1014.,      450.71,    2.65,      563.29
  348,   6.004,     1097.,      501.42,    3.65,      595.58
  349,   6.024,     1157.,      560.64,    5.16,      596.36
  350,   6.044,     1171.,      632.65,    7.08,      538.35
  351,   6.064,     1295.,      727.16,    7.69,      567.84
  352,   6.084,     1447.,      866.41,    7.75,      580.59
  353,   6.104,     1616.,     1099.28,    5.44,      516.72
  354,   6.124,     2093.,     1526.40,    4.33,      566.60
  355,   6.144,     2895.,     2341.31,    1.84,      553.69
  356,   6.165,     4270.,     3885.98,    0.44,      384.02
  357,   6.185,     6980.,     6711.42,   -1.50,      268.58
  358,   6.205,    11612.,    11616.17,   -2.39,       -4.17
  359,   6.225,    19296.,    19618.70,   -4.06,     -322.70
  360,   6.245,    31576.,    31812.14,   -4.37,     -236.14
  361,   6.265,    48528.,    49070.00,   -4.52,     -542.00
  362,   6.285,    71904.,    71628.86,   -4.05,      275.14
  363,   6.305,    97952.,    98658.33,   -1.89,     -706.33
  364,   6.325,   128224.,   128002.03,   -0.79,      221.97
  365,   6.345,   156288.,   156279.72,    0.35,        8.28
  366,   6.365,   179840.,   179443.33,    1.26,      396.67
  367,   6.385,   195200.,   193696.17,    1.18,     1503.83
  368,   6.405,   197248.,   196504.70,    1.38,      743.30
  369,   6.425,   188224.,   187333.28,    1.43,      890.72
  370,   6.446,   168320.,   167800.53,    1.59,      519.47
  371,   6.466,   141632.,   141214.97,    1.35,      417.03
  372,   6.486,   111552.,   111649.21,    0.26,      -97.21
  373,   6.506,    83712.,    82929.05,   -0.38,      782.95
  374,   6.526,    58560.,    57868.43,   -0.83,      691.57
  375,   6.546,    38720.,    37939.89,   -0.78,      780.11
  376,   6.566,    24096.,    23375.46,   -0.55,      720.54
  377,   6.586,    14420.,    13540.76,    1.30,      879.24
  378,   6.606,     8142.,     7383.31,    1.48,      758.69
  379,   6.626,     4722.,     3800.82,    1.87,      921.18
  380,   6.646,     2655.,     1861.92,    1.61,      793.08
  381,   6.666,     1675.,      886.85,    1.29,      788.15
  382,   6.686,     1198.,      434.58,   -0.54,      763.42
  383,   6.706,      967.,      247.52,   -1.46,      719.48
  384,   6.726,      868.,      190.24,   -3.45,      677.76
  385,   6.747,      941.,      201.08,   -5.69,      739.92
  386,   6.767,      995.,      260.85,   -7.29,      734.15
  387,   6.787,     1061.,      377.13,   -8.30,      683.87
  388,   6.807,     1370.,      579.54,   -7.83,      790.46
  389,   6.827,     1764.,      921.89,   -5.76,      842.11
  390,   6.847,     2435.,     1486.99,   -2.11,      948.01
  391,   6.867,     3252.,     2388.13,    1.16,      863.87
  392,   6.887,     4768.,     3761.70,    4.72,     1006.30
  393,   6.907,     6800.,     5743.01,    7.81,     1056.99
  394,   6.927,     9852.,     8423.61,   10.07,     1428.39
  395,   6.947,    13212.,    11795.86,   11.09,     1416.14
  396,   6.967,    17152.,    15701.30,   11.70,     1450.70
  397,   6.987,    21232.,    19807.07,   11.03,     1424.93
  398,   7.007,    24864.,    23632.66,    9.07,     1231.34
  399,   7.028,    27592.,    26633.76,    5.25,      958.24
  400,   7.048,    29128.,    28326.46,    1.35,      801.54
  401,   7.068,    28960.,    28414.66,   -2.55,      545.34
  402,   7.088,    27096.,    26873.73,   -6.50,      222.27
  403,   7.108,    23920.,    23958.11,   -8.95,      -38.11
  404,   7.128,    20024.,    20131.41,   -9.94,     -107.41
  405,   7.148,    15940.,    15943.25,  -10.24,       -3.25
  406,   7.168,    11852.,    11900.69,   -9.45,      -48.69
  407,   7.188,     8540.,     8373.26,   -7.07,      166.74
  408,   7.208,     5730.,     5554.06,   -4.27,      175.94
  409,   7.228,     3739.,     3473.75,   -1.52,      265.25
  410,   7.248,     2387.,     2049.06,    0.92,      337.94
  411,   7.268,     1581.,     1140.29,    3.76,      440.71
  412,   7.288,      919.,      598.80,    4.82,      320.20
  413,   7.309,      570.,      296.92,    5.28,      273.08
  414,   7.329,      424.,      139.18,    4.62,      284.82
  415,   7.349,      372.,       61.70,    3.30,      310.30
  416,   7.369,      322.,       25.86,   -1.04,      296.14
  417,   7.389,      295.,       10.35,   -2.80,      284.65
  418,   7.409,      279.,        3.99,   -4.83,      275.01
  419,   7.429,      276.,        1.50,   -6.18,      274.50
  420,   7.449,      238.,        0.56,   -7.36,      237.44
  421,   7.469,      315.,        0.27,   -5.93,      314.73
  422,   7.489,      283.,        0.22,   -5.35,      282.78
  423,   7.509,      315.,        0.25,   -5.26,      314.75
  424,   7.529,      329.,        0.28,   -5.79,      328.72
  425,   7.549,      394.,        0.31,   -4.27,      393.69
  426,   7.569,      381.,        0.36,   -4.26,      380.64
  427,   7.589,      384.,        0.49,   -4.08,      383.51
  428,   7.610,      398.,        0.75,   -3.80,      397.25
  429,   7.630,      429.,        1.41,   -1.42,      427.59
  430,   7.650,      474.,        3.15,   -1.17,      470.85
  431,   7.670,      465.,        7.75,    0.73,      457.25
  432,   7.690,      512.,       19.40,    2.79,      492.60
  433,   7.710,      647.,       47.70,    3.20,      599.30
  434,   7.730,      698.,      113.02,    3.86,      584.98
  435,   7.750,      895.,      255.96,    4.48,      639.04
  436,   7.770,     1208.,      551.71,    4.04,      656.29
  437,   7.790,     1782.,     1129.23,    2.62,      652.77
  438,   7.810,     2798.,     2191.86,    2.06,      606.14
  439,   7.830,     4664.,     4031.29,    1.20,      632.71
  440,   7.850,     7600.,     7021.64,   -0.08,      578.36
  441,   7.870,    11996.,    11577.99,   -0.59,      418.01
  442,   7.891,    18688.,    18067.94,   -0.70,      620.06
  443,   7.911,    27000.,    26679.32,   -0.44,      320.68
  444,   7.931,    37520.,    37270.24,   -0.92,      249.76
  445,   7.951,    49744.,    49251.38,   -0.14,      492.62
  446,   7.971,    62208.,    61560.95,    0.74,      647.05
  447,   7.991,    73344.,    72777.30,    1.08,      566.70
  448,   8.011,    81664.,    81370.95,    1.38,      293.05
  449,   8.031,    86592.,    86041.02,    2.04,      550.98
  450,   8.051,    86592.,    86037.90,    1.01,      554.10
  451,   8.071,    81984.,    81360.26,   -0.24,      623.74
  452,   8.091,    73056.,    72754.43,   -0.52,      301.57
  453,   8.111,    61904.,    61521.32,   -0.70,      382.68
  454,   8.131,    48976.,    49192.74,   -1.54,     -216.74
  455,   8.151,    37168.,    37194.21,   -1.97,      -26.21
  456,   8.171,    26864.,    26591.39,   -2.10,      272.61
  457,   8.192,    18184.,    17976.01,   -1.89,      207.99
  458,   8.212,    11636.,    11490.19,   -2.10,      145.81
  459,   8.232,     7208.,     6944.39,   -0.56,      263.61
  460,   8.252,     4382.,     3968.28,    0.73,      413.72
  461,   8.272,     2456.,     2143.93,    0.73,      312.07
  462,   8.292,     1422.,     1095.10,    1.34,      326.90
  463,   8.312,      802.,      528.84,    1.71,      273.16
  464,   8.332,      502.,      241.45,    2.65,      260.55
  465,   8.352,      338.,      104.26,    1.50,      233.74
  466,   8.372,      306.,       42.66,   -0.50,      263.34
  467,   8.392,      246.,       16.68,   -1.60,      229.32
  468,   8.412,      240.,        6.54,   -3.33,      233.46
  469,   8.432,      228.,        3.21,   -5.65,      224.79
  470,   8.452,      221.,        2.99,   -6.93,      218.01
  471,   8.473,      253.,        4.73,   -5.62,      248.27
  472,   8.493,      247.,        8.59,   -4.49,      238.41
  473,   8.513,      287.,       15.29,   -2.36,      271.71
  474,   8.533,      292.,       26.25,   -1.16,      265.75
  475,   8.553,      341.,       43.31,   -0.27,      297.69
  476,   8.573,      403.,       69.04,    0.25,      333.96
  477,   8.593,      467.,      107.09,    1.13,      359.91
  478,   8.613,      509.,      163.30,    0.61,      345.70
  479,   8.633,      605.,      247.42,    0.01,      357.58
  480,   8.653,      724.,      375.68,    0.87,      348.32
  481,   8.673,      928.,      573.92,    1.05,      354.08
  482,   8.693,     1226.,      879.75,    0.36,      346.25
  483,   8.713,     1678.,     1342.12,    0.84,      335.88
  484,   8.733,     2413.,     2015.83,    2.45,      397.17
  485,   8.754,     3351.,     2949.68,    2.31,      401.32
  486,   8.774,     4594.,     4168.50,    2.54,      425.50
  487,   8.794,     5960.,     5653.02,    3.02,      306.98
  488,   8.814,     7808.,     7324.07,    3.09,      483.93
  489,   8.834,     9620.,     9039.16,    2.41,      580.84
  490,   8.854,    10892.,    10607.32,    1.30,      284.68
  491,   8.874,    12216.,    11821.64,    1.13,      394.36
  492,   8.894,    12868.,    12503.49,    0.13,      364.51
  493,   8.914,    12868.,    12545.37,    0.59,      322.63
  494,   8.934,    12132.,    11938.03,    0.25,      193.97
  495,   8.954,    10912.,    10772.70,   -0.55,      139.30
  496,   8.974,     9496.,     9218.25,   -0.33,      277.75
  497,   8.994,     7646.,     7480.19,   -0.22,      165.81
  498,   9.014,     6032.,     5756.31,   -0.79,      275.69
  499,   9.034,     4510.,     4201.34,   -0.63,      308.66
  500,   9.055,     3173.,     2908.77,    0.35,      264.23
  501,   9.075,     2083.,     1910.75,    0.99,      172.25
  502,   9.095,     1412.,     1191.16,    0.84,      220.84
  503,   9.115,      827.,      705.01,    1.28,      121.99
  504,   9.135,      518.,      396.46,    0.75,      121.54
  505,   9.155,      294.,      212.16,   -0.76,       81.84
  506,   9.175,      217.,      108.65,   -2.55,      108.35
  507,   9.195,      108.,       54.08,   -3.01,       53.92
  508,   9.215,       67.,       27.39,   -5.18,       39.61
  509,   9.235,       55.,       15.68,   -5.57,       39.32
  510,   9.255,       50.,       11.58,   -5.50,       38.42
  511,   9.275,       43.,       11.23,   -5.07,       31.77
  512,   9.295,       43.,       12.44,   -6.58,       30.56
  513,   9.315,       37.,       14.03,   -5.60,       22.97
  514,   9.336,       47.,       15.53,   -4.91,       31.47
  515,   9.356,       48.,       16.45,   -4.27,       31.55
  516,   9.376,       37.,       16.63,   -4.46,       20.37
  517,   9.396,       33.,       16.02,   -2.86,       16.98
  518,   9.416,       33.,       14.74,   -2.24,       18.26
  519,   9.436,       39.,       12.99,   -1.62,       26.01
  520,   9.456,       21.,       11.01,   -2.04,        9.99
  521,   9.476,       20.,        9.01,   -1.97,       10.99
  522,   9.496,       25.,        7.16,   -0.71,       17.84
  523,   9.516,       27.,        5.57,   -0.17,       21.43
  524,   9.536,       22.,        4.26,    0.03,       17.74
  525,   9.556,       14.,        3.22,   -0.76,       10.78
  526,   9.576,       20.,        2.40,    0.22,       17.60
  527,   9.596,       25.,        1.77,    0.50,       23.23
  528,   9.616,       17.,        1.28,    0.58,       15.72
  529,   9.637,       13.,        0.91,   -0.43,       12.09
  530,   9.657,        9.,        0.62,   -0.11,        8.38
  531,   9.677,        9.,        0.38,   -0.32,        8.62
  532,   9.697,        8.,        0.25,   -1.37,        7.75
  533,   9.717,       16.,        0.15,   -2.06,       15.85
  534,   9.737,        7.,        0.09,   -2.39,        6.91
  535,   9.757,       14.,        0.00,   -1.84,       14.00
  536,   9.777,        9.,        0.00,   -1.66,        9.00
  537,   9.797,        9.,        0.00,   -0.89,        9.00
  538,   9.817,       12.,        0.00,    0.18,       12.00
  539,   9.837,        9.,        0.00,    0.28,        9.00
  540,   9.857,       13.,        0.00,    1.41,       13.00
  541,   9.877,       10.,        0.00,    1.06,       10.00
  542,   9.897,       12.,        0.00,    1.14,       12.00
  543,   9.918,        7.,        0.00,    0.92,        7.00
  544,   9.938,       13.,        0.00,    1.09,       13.00
  545,   9.958,       10.,        0.00,    0.23,       10.00
  546,   9.978,       11.,        0.00,   -0.28,       11.00
  547,   9.998,       12.,        0.03,    0.01,       11.97
  548,  10.018,        6.,        0.06,   -0.87,        5.94
  549,  10.038,        9.,        0.13,   -0.12,        8.87
  550,  10.058,        3.,        0.28,   -1.28,        2.72
  551,  10.078,        8.,        0.56,   -2.08,        7.44
  552,  10.098,       14.,        1.06,   -2.66,       12.94
  553,  10.118,        7.,        1.92,   -3.29,        5.08
  554,  10.138,       11.,        3.31,   -4.12,        7.69
  555,  10.158,       12.,        5.43,   -3.17,        6.57
  556,  10.178,       19.,        8.46,   -1.35,       10.54
  557,  10.199,       23.,       12.57,   -0.07,       10.43
  558,  10.219,       27.,       17.79,   -0.10,        9.21
  559,  10.239,       26.,       23.94,    0.60,        2.06
  560,  10.259,       47.,       30.68,    0.45,       16.32
  561,  10.279,       68.,       37.43,    1.02,       30.57
  562,  10.299,       67.,       43.51,    0.66,       23.49
  563,  10.319,       72.,       48.19,    1.66,       23.81
  564,  10.339,       74.,       50.91,    1.61,       23.09
  565,  10.359,       60.,       51.33,    1.78,        8.67
  566,  10.379,       71.,       49.46,    0.79,       21.54
  567,  10.399,       56.,       45.64,   -0.03,       10.36
  568,  10.419,       74.,       40.43,   -0.24,       33.57
  569,  10.439,       56.,       34.50,   -0.03,       21.50
  570,  10.459,       43.,       28.48,   -0.19,       14.52
  571,  10.479,       38.,       22.87,    1.68,       15.13
  572,  10.500,       35.,       17.96,    1.60,       17.04
  573,  10.520,       42.,       13.89,    3.38,       28.11
  574,  10.540,       40.,       10.62,    2.83,       29.38
  575,  10.560,       34.,        8.07,    3.08,       25.93
  576,  10.580,       39.,        6.09,    2.82,       32.91
  577,  10.600,       14.,        4.57,    3.23,        9.43
  578,  10.620,       29.,        3.41,    2.65,       25.59
  579,  10.640,       16.,        2.53,    1.95,       13.47
  580,  10.660,       14.,        1.87,    0.49,       12.13
  581,  10.680,        9.,        1.37,   -1.06,        7.63
  582,  10.700,       12.,        0.98,   -3.19,       11.02
  583,  10.720,        6.,        0.72,   -3.52,        5.28
  584,  10.740,        4.,        0.52,   -4.86,        3.48
  585,  10.760,        3.,        0.38,   -5.14,        2.62
  586,  10.781,        5.,        0.21,   -5.08,        4.79
  587,  10.801,        8.,        0.16,   -3.77,        7.84
  588,  10.821,        4.,        0.13,   -3.70,        3.87
  589,  10.841,        5.,        0.11,   -1.84,        4.89
  590,  10.861,        1.,        0.10,   -1.01,        0.90
  591,  10.881,        3.,        0.11,   -0.04,        2.89
  592,  10.901,        4.,        0.13,   -0.65,        3.87
  593,  10.921,       10.,        0.23,   -0.74,        9.77
  594,  10.941,        7.,        0.37,   -0.99,        6.63
  595,  10.961,        5.,        0.59,   -1.02,        4.41
  596,  10.981,        3.,        0.87,   -0.90,        2.13
  597,  11.001,        4.,        1.26,    0.14,        2.74
  598,  11.021,        7.,        1.79,    1.13,        5.21
  599,  11.041,        6.,        2.48,    0.89,        3.52
  600,  11.061,        9.,        3.37,    1.07,        5.63
  601,  11.082,        5.,        4.43,    0.47,        0.57
  602,  11.102,       16.,        5.64,    1.21,       10.36
  603,  11.122,       14.,        6.94,    1.06,        7.06
  604,  11.142,       16.,        8.21,    1.12,        7.79
  605,  11.162,       15.,        9.33,    1.26,        5.67
  606,  11.182,       11.,       10.16,    0.70,        0.84
  607,  11.202,       17.,       10.61,    0.32,        6.39
  608,  11.222,       12.,       10.61,   -0.52,        1.39
  609,  11.242,       13.,       10.17,   -0.66,        2.83
  610,  11.262,       10.,        9.36,   -1.81,        0.64
  611,  11.282,       10.,        8.26,   -1.72,        1.74
  612,  11.302,        8.,        7.01,   -1.22,        0.99
  613,  11.322,        9.,        5.75,   -1.60,        3.25
  614,  11.342,        9.,        4.57,   -1.15,        4.43
  615,  11.363,        3.,        3.53,   -0.72,       -0.53
  616,  11.383,        7.,        2.66,   -0.37,        4.34
  617,  11.403,       10.,        1.97,    0.61,        8.03
  618,  11.423,        2.,        1.40,    1.56,        0.60
  619,  11.443,        3.,        1.02,    1.00,        1.98
  620,  11.463,        4.,        0.72,    0.65,        3.28
  621,  11.483,        2.,        0.47,    0.79,        1.53
  622,  11.503,        8.,        0.28,    0.15,        7.72
  623,  11.523,        4.,        0.20,   -1.17,        3.80
  624,  11.543,        2.,        0.13,   -0.36,        1.87
  625,  11.563,        3.,        0.09,    0.13,        2.91
  626,  11.583,        3.,        0.05,   -0.03,        2.95
  627,  11.603,        1.,        0.03,   -0.32,        0.97
  628,  11.623,        2.,        0.02,   -1.13,        1.98
  629,  11.644,        5.,        0.04,   -1.15,        4.96
  630,  11.664,        4.,        0.10,   -0.68,        3.90
  631,  11.684,        6.,        0.16,   -0.12,        5.84
  632,  11.704,        2.,        0.25,    0.50,        1.75
  633,  11.724,        3.,        0.38,    1.42,        2.62
  634,  11.744,        4.,        0.55,    1.41,        3.45
  635,  11.764,        4.,        0.77,    1.34,        3.23
  636,  11.784,        7.,        1.03,    1.32,        5.97
  637,  11.804,        9.,        1.32,    0.76,        7.68
  638,  11.824,        8.,        1.61,    1.34,        6.39
  639,  11.844,        2.,        1.89,    1.00,        0.11
  640,  11.864,        5.,        2.13,    1.22,        2.87
  641,  11.884,        5.,        2.29,    0.97,        2.71
  642,  11.904,        4.,        2.36,   -0.22,        1.64
  643,  11.924,        8.,        2.33,   -1.16,        5.67
  644,  11.945,        4.,        2.20,   -1.49,        1.80
  645,  11.965,        6.,        1.99,   -0.79,        4.01
  646,  11.985,        2.,        1.73,   -1.07,        0.27
  647,  12.005,        1.,        1.43,   -1.23,       -0.43
  648,  12.025,        2.,        1.14,   -0.34,        0.86
  649,  12.045,        5.,        0.86,   -0.34,        4.14
  650,  12.065,        4.,        0.63,    0.05,        3.37
  651,  12.085,        1.,        0.44,   -0.63,        0.56
  652,  12.105,        2.,        0.29,   -0.33,        1.71
  653,  12.125,        5.,        0.16,    0.42,        4.84
  654,  12.145,        3.,        0.10,    0.35,        2.90
  655,  12.165,        1.,        0.00,   -0.20,        1.00
  656,  12.185,        1.,        0.00,   -0.87,        1.00
  657,  12.205,        2.,        0.00,   -0.52,        2.00
  658,  12.226,        3.,        0.00,   -0.49,        3.00
  659,  12.246,        2.,        0.01,   -1.67,        1.99
  660,  12.266,        2.,        0.02,   -1.52,        1.98
  661,  12.286,        0.,        0.04,   -0.47,       -0.04
  662,  12.306,        2.,        0.06,   -0.06,        1.94
  663,  12.326,        3.,        0.09,   -0.32,        2.91
  664,  12.346,        1.,        0.13,   -1.01,        0.87
  665,  12.366,        5.,        0.17,   -0.03,        4.83
  666,  12.386,        8.,        0.22,   -0.27,        7.78
  667,  12.406,        3.,        0.27,    0.70,        2.73
  668,  12.426,        3.,        0.37,    0.03,        2.63
  669,  12.446,        3.,        0.48,    0.45,        2.52
  670,  12.466,        6.,        0.62,    2.04,        5.38
  671,  12.486,        4.,        0.86,   -0.15,        3.14
  672,  12.506,        7.,        1.26,   -0.59,        5.74
  673,  12.527,        4.,        1.95,   -1.15,        2.05
  674,  12.547,        8.,        3.10,   -0.43,        4.90
  675,  12.567,       14.,        4.95,   -0.14,        9.05
  676,  12.587,        8.,        7.77,   -1.10,        0.23
  677,  12.607,       20.,       11.87,    0.17,        8.13
  678,  12.627,       19.,       17.51,   -0.16,        1.49
  679,  12.647,       34.,       24.84,   -0.09,        9.16
  680,  12.667,       34.,       33.83,   -0.75,        0.17
  681,  12.687,       39.,       44.17,   -1.59,       -5.17
  682,  12.707,       82.,       55.25,   -1.62,       26.75
  683,  12.727,       78.,       66.20,   -1.11,       11.80
  684,  12.747,       87.,       75.95,    0.48,       11.05
  685,  12.767,       84.,       83.45,    0.98,        0.55
  686,  12.787,       79.,       87.78,    1.94,       -8.78
  687,  12.808,       94.,       88.39,    2.25,        5.61
  688,  12.828,      104.,       85.21,    1.77,       18.79
  689,  12.848,      109.,       78.63,    1.80,       30.37
  690,  12.868,       89.,       69.46,    1.61,       19.54
  691,  12.888,       75.,       58.74,    2.05,       16.26
  692,  12.908,       43.,       47.54,    2.63,       -4.54
  693,  12.928,       56.,       36.84,    2.14,       19.16
  694,  12.948,       35.,       27.32,    2.05,        7.68
  695,  12.968,       27.,       19.38,    0.39,        7.62
  696,  12.988,       18.,       13.17,   -0.50,        4.83
  697,  13.008,       11.,        8.57,   -1.50,        2.43
  698,  13.028,        4.,        5.34,   -1.25,       -1.34
  699,  13.048,        6.,        3.19,   -2.76,        2.81
  700,  13.068,        1.,        1.89,   -2.85,       -0.89
  701,  13.089,        3.,        1.12,   -2.22,        1.88
  702,  13.109,        4.,        0.81,   -1.61,        3.19
  703,  13.129,        5.,        0.73,   -0.80,        4.27
  704,  13.149,        0.,        0.89,   -1.07,       -0.89
  705,  13.169,        1.,        1.24,   -0.68,       -0.24
  706,  13.189,        4.,        1.80,   -0.38,        2.20
  707,  13.209,        4.,        2.66,   -0.45,        1.34
  708,  13.229,        5.,        3.82,   -1.09,        1.18
  709,  13.249,        6.,        5.36,   -2.45,        0.64
  710,  13.269,        7.,        7.32,   -1.56,       -0.32
  711,  13.289,        8.,        9.72,   -0.76,       -1.72
  712,  13.309,       12.,       12.54,   -0.75,       -0.54
  713,  13.329,       12.,       15.70,   -0.88,       -3.70
  714,  13.349,       16.,       19.05,   -1.07,       -3.05
  715,  13.369,       26.,       22.36,   -0.07,        3.64
  716,  13.390,       31.,       25.37,   -0.79,        5.63
  717,  13.410,       29.,       27.78,   -0.44,        1.22
  718,  13.430,       33.,       29.32,   -0.76,        3.68
  719,  13.450,       31.,       29.82,    0.60,        1.18
  720,  13.470,       41.,       29.18,    1.65,       11.82
  721,  13.490,       21.,       27.46,    1.96,       -6.46
  722,  13.510,       26.,       24.84,    1.63,        1.16
  723,  13.530,       19.,       21.59,    1.19,       -2.59
  724,  13.550,       28.,       18.01,    1.33,        9.99
  725,  13.570,       22.,       14.43,    1.00,        7.57
  726,  13.590,       18.,       11.04,   -0.38,        6.96
  727,  13.610,       10.,        8.16,    0.52,        1.84
  728,  13.630,        4.,        5.78,    0.50,       -1.78
  729,  13.650,        9.,        3.93,    1.08,        5.07
  730,  13.671,        3.,        2.56,   -0.03,        0.44
  731,  13.691,        2.,        1.57,   -0.82,        0.43
  732,  13.711,        2.,        0.94,   -0.89,        1.06
  733,  13.731,        0.,        0.54,   -1.32,       -0.54
  734,  13.751,        2.,        0.30,   -0.58,        1.70
  735,  13.771,        0.,        0.16,   -1.58,       -0.16
  736,  13.791,        2.,        0.08,   -0.51,        1.92
  737,  13.811,        1.,        0.00,    0.30,        1.00
  738,  13.831,        2.,        0.05,    0.70,        1.95
  739,  13.851,        3.,        0.13,    1.03,        2.87
  740,  13.871,        1.,        0.27,    0.73,        0.73
  741,  13.891,        2.,        0.43,    1.34,        1.57
  742,  13.911,        2.,        0.67,    1.44,        1.33
  743,  13.931,        0.,        1.01,    1.77,       -1.01
  744,  13.951,        0.,        1.46,    1.37,       -1.46
  745,  13.972,        3.,        2.02,    0.10,        0.98
  746,  13.992,        3.,        2.70,    0.59,        0.30
  747,  14.012,        3.,        3.47,    0.37,       -0.47
  748,  14.032,        4.,        4.30,    0.12,       -0.30
  749,  14.052,        3.,        5.17,   -0.04,       -2.17
  750,  14.072,        2.,        5.98,    0.34,       -3.98
  751,  14.092,        7.,        6.69,    0.87,        0.31
  752,  14.112,        6.,        7.28,    0.99,       -1.28
  753,  14.132,        2.,        7.77,    0.80,       -5.77
  754,  14.152,        2.,        8.22,   -0.63,       -6.22
  755,  14.172,        6.,        8.77,   -0.93,       -2.77
  756,  14.192,       10.,        9.64,   -0.50,        0.36
  757,  14.212,        6.,       11.09,   -0.64,       -5.09
  758,  14.232,       10.,       13.43,   -0.90,       -3.43
  759,  14.253,        7.,       16.97,   -0.14,       -9.97
  760,  14.273,       14.,       21.92,    0.65,       -7.92
  761,  14.293,       23.,       28.38,    0.46,       -5.38
  762,  14.313,       31.,       36.25,   -0.02,       -5.25
  763,  14.333,       32.,       45.15,    0.00,      -13.15
  764,  14.353,       51.,       54.50,   -0.70,       -3.50
  765,  14.373,       68.,       63.46,   -0.80,        4.54
  766,  14.393,       65.,       71.17,   -0.27,       -6.17
  767,  14.413,       65.,       76.82,   -0.17,      -11.82
  768,  14.433,       73.,       79.67,   -0.85,       -6.67
  769,  14.453,       62.,       79.32,   -0.45,      -17.32
  770,  14.473,       62.,       75.92,   -1.13,      -13.92
  771,  14.493,       71.,       69.77,   -2.64,        1.23
  772,  14.513,       57.,       61.57,   -2.77,       -4.57
  773,  14.533,       36.,       52.17,   -2.52,      -16.17
  774,  14.554,       39.,       42.45,   -2.42,       -3.45
  775,  14.574,       24.,       33.16,   -1.53,       -9.16
  776,  14.594,       14.,       24.88,   -0.20,      -10.88
  777,  14.614,       15.,       17.92,    0.18,       -2.92
  778,  14.634,        8.,       12.40,    0.54,       -4.40
  779,  14.654,        7.,        8.23,    1.58,       -1.23
  780,  14.674,        8.,        5.25,    1.93,        2.75
  781,  14.694,        9.,        3.24,    2.49,        5.76
  782,  14.714,        6.,        1.93,    3.07,        4.07
  783,  14.734,        3.,        1.12,    3.75,        1.88
  784,  14.754,        2.,        0.70,    4.31,        1.30
  785,  14.774,        2.,        0.49,    3.35,        1.51
  786,  14.794,        2.,        0.45,    2.86,        1.55
  787,  14.814,        0.,        0.53,    0.49,       -0.53
  788,  14.835,        1.,        0.68,   -1.51,        0.32
  789,  14.855,        0.,        1.01,   -1.63,       -1.01
  790,  14.875,        3.,        1.45,   -1.92,        1.55
  791,  14.895,        1.,        2.05,   -0.77,       -1.05
  792,  14.915,        0.,        2.82,   -1.03,       -2.82
  793,  14.935,        5.,        3.78,   -0.22,        1.22
  794,  14.955,        8.,        4.95,    1.33,        3.05
  795,  14.975,        7.,        6.27,    1.68,        0.73
  796,  14.995,       14.,        7.72,    1.26,        6.28
  797,  15.015,        8.,        9.19,    0.76,       -1.19
  798,  15.035,       13.,       10.62,    1.59,        2.38
  799,  15.055,       19.,       11.89,    1.61,        7.11
  800,  15.075,       14.,       12.94,    0.60,        1.06
  801,  15.095,       12.,       13.71,    0.39,       -1.71
  802,  15.116,        9.,       14.19,   -0.15,       -5.19
  803,  15.136,       15.,       14.42,    0.01,        0.58
  804,  15.156,       16.,       14.48,   -0.67,        1.52
  805,  15.176,       12.,       14.44,   -1.62,       -2.44
  806,  15.196,       15.,       14.38,   -0.85,        0.62
  807,  15.216,       14.,       14.32,   -0.42,       -0.32
  808,  15.236,       14.,       14.27,    0.14,       -0.27
  809,  15.256,       10.,       14.19,   -0.25,       -4.19
  810,  15.276,       13.,       14.01,   -0.94,       -1.01
  811,  15.296,       18.,       13.63,   -0.07,        4.37
  812,  15.316,       15.,       13.00,   -0.52,        2.00
  813,  15.336,        9.,       12.10,   -0.51,       -3.10
  814,  15.356,        9.,       10.93,   -0.66,       -1.93
  815,  15.376,        5.,        9.57,   -0.63,       -4.57
  816,  15.396,        9.,        8.10,   -0.03,        0.90
  817,  15.417,        3.,        6.61,    0.12,       -3.61
  818,  15.437,        6.,        5.15,   -0.76,        0.85
  819,  15.457,        5.,        3.91,   -1.07,        1.09
  820,  15.477,        3.,        2.86,   -0.27,        0.14
  821,  15.497,        3.,        2.01,    0.04,        0.99
  822,  15.517,        1.,        1.36,    0.13,       -0.36
  823,  15.537,        0.,        0.88,   -0.11,       -0.88
  824,  15.557,        1.,        0.57,    0.92,        0.43
  825,  15.577,        0.,        0.36,    0.89,       -0.36
  826,  15.597,        2.,        0.24,    0.26,        1.76
  827,  15.617,        1.,        0.19,    0.24,        0.81
  828,  15.637,        0.,        0.18,   -0.27,       -0.18
  829,  15.657,        0.,        0.17,   -0.27,       -0.17
  830,  15.677,        1.,        0.23,   -0.26,        0.77
  831,  15.698,        0.,        0.36,   -0.18,       -0.36
  832,  15.718,        0.,        0.52,    0.43,       -0.52
  833,  15.738,        2.,        0.69,    0.41,        1.31
  834,  15.758,        4.,        0.91,    1.82,        3.09
  835,  15.778,        1.,        1.19,    2.17,       -0.19
  836,  15.798,        2.,        1.55,    1.43,        0.45
  837,  15.818,        2.,        2.02,    1.43,       -0.02
  838,  15.838,        4.,        2.63,    0.90,        1.37
  839,  15.858,        4.,        3.42,    0.52,        0.58
  840,  15.878,       10.,        4.43,   -0.50,        5.57
  841,  15.898,        7.,        5.69,   -1.15,        1.31
  842,  15.918,        6.,        7.20,    0.34,       -1.20
  843,  15.938,        8.,        8.95,    0.14,       -0.95
  844,  15.958,        8.,       10.89,    0.50,       -2.89
  845,  15.978,       11.,       12.90,    0.41,       -1.90
  846,  15.999,        8.,       14.87,    0.06,       -6.87
  847,  16.019,       15.,       16.62,   -0.24,       -1.62
  848,  16.039,       24.,       18.00,   -1.66,        6.00
  849,  16.059,       16.,       18.85,   -1.98,       -2.85
  850,  16.079,       20.,       19.07,   -2.31,        0.93
  851,  16.099,       22.,       18.60,   -1.42,        3.40
  852,  16.119,       16.,       17.54,   -0.87,       -1.54
  853,  16.139,       16.,       15.96,    0.02,        0.04
  854,  16.159,        5.,       13.99,    0.50,       -8.99
  855,  16.179,        9.,       11.82,   -0.12,       -2.82
  856,  16.199,        6.,        9.63,    0.17,       -3.63
  857,  16.219,       12.,        7.56,    0.14,        4.44
  858,  16.239,        8.,        5.66,   -0.42,        2.34
  859,  16.259,        1.,        4.13,   -0.76,       -3.13
  860,  16.280,        4.,        2.90,   -0.95,        1.10
  861,  16.300,        4.,        1.96,    0.84,        2.04
  862,  16.320,        1.,        1.28,    1.06,       -0.28
  863,  16.340,        3.,        0.80,    1.72,        2.20
  864,  16.360,        1.,        0.48,    1.29,        0.52
  865,  16.380,        0.,        0.28,    0.79,       -0.28
  866,  16.400,        0.,        0.16,    1.30,       -0.16
  867,  16.420,        0.,        0.08,    0.54,       -0.08
  868,  16.440,        0.,        0.00,    0.00,        0.00
  869,  16.460,        0.,        0.00,   -0.23,        0.00
  870,  16.480,        0.,        0.00,   -0.17,        0.00
  871,  16.500,        0.,        0.00,   -0.16,        0.00
  872,  16.520,        0.,        0.00,   -0.38,        0.00
  873,  16.540,        1.,        0.00,   -0.24,        1.00
  874,  16.561,        0.,        0.00,    0.00,        0.00
  875,  16.581,        0.,        0.00,    0.14,        0.00
  876,  16.601,        0.,        0.00,    0.01,        0.00
  877,  16.621,        0.,        0.04,    0.40,       -0.04
  878,  16.641,        0.,        0.08,    0.15,       -0.08
  879,  16.661,        0.,        0.13,   -0.13,       -0.13
  880,  16.681,        0.,        0.22,   -0.37,       -0.22
  881,  16.701,        0.,        0.35,   -0.60,       -0.35
  882,  16.721,        0.,        0.54,    0.12,       -0.54
  883,  16.741,        2.,        0.79,   -0.18,        1.21
  884,  16.761,        1.,        1.13,    0.46,       -0.13
  885,  16.781,        1.,        1.56,    0.82,       -0.56
  886,  16.801,        1.,        2.07,    0.78,       -1.07
  887,  16.821,        0.,        2.64,    0.09,       -2.64
  888,  16.841,        6.,        3.26,   -0.44,        2.74
  889,  16.862,        2.,        3.87,   -0.46,       -1.87
  890,  16.882,        7.,        4.44,   -1.23,        2.56
  891,  16.902,        7.,        4.90,   -1.24,        2.10
  892,  16.922,        4.,        5.22,   -1.28,       -1.22
  893,  16.942,        3.,        5.36,   -0.52,       -2.36
  894,  16.962,        2.,        5.31,    0.01,       -3.31
  895,  16.982,        5.,        5.07,   -0.35,       -0.07
  896,  17.002,        2.,        4.66,    0.33,       -2.66
  897,  17.022,        4.,        4.14,   -0.16,       -0.14
  898,  17.042,        3.,        3.54,   -0.57,       -0.54
  899,  17.062,        7.,        2.92,   -0.37,        4.08
  900,  17.082,        3.,        2.32,   -0.34,        0.68
  901,  17.102,        3.,        1.78,    0.47,        1.22
  902,  17.122,        3.,        1.31,    0.30,        1.69
  903,  17.143,        1.,        0.94,    1.10,        0.06
  904,  17.163,        1.,        0.64,    1.46,        0.36
  905,  17.183,        1.,        0.43,    1.45,        0.57
  906,  17.203,        0.,        0.27,    0.75,       -0.27
  907,  17.223,        1.,        0.17,    0.53,        0.83
  908,  17.243,        0.,        0.10,    0.25,       -0.10
  909,  17.263,        1.,        0.00,   -0.25,        1.00
  910,  17.283,        1.,        0.00,   -0.27,        1.00
  911,  17.303,        0.,        0.00,   -0.45,        0.00
  912,  17.323,        1.,        0.00,   -0.21,        1.00
  913,  17.343,        1.,        0.00,   -0.19,        1.00
  914,  17.363,        0.,        0.00,   -0.06,        0.00
  915,  17.383,        0.,        0.00,    0.01,        0.00
  916,  17.403,        0.,        0.00,   -0.14,        0.00
  917,  17.423,        0.,        0.00,   -0.11,        0.00
  918,  17.444,        0.,        0.00,   -0.06,        0.00
  919,  17.464,        0.,        0.00,   -0.09,        0.00
  920,  17.484,        1.,        0.00,   -0.18,        1.00
  921,  17.504,        0.,        0.00,   -0.03,        0.00
  922,  17.524,        0.,        0.00,    0.06,        0.00
  923,  17.544,        1.,        0.00,    0.14,        1.00
  924,  17.564,        0.,        0.00,    0.06,        0.00
  925,  17.584,        1.,        0.00,   -0.03,        1.00
  926,  17.604,        0.,        0.00,    0.06,        0.00
  927,  17.624,        1.,        0.00,   -0.19,        1.00
  928,  17.644,        0.,        0.00,   -0.27,        0.00
  929,  17.664,        0.,        0.00,   -0.35,        0.00
  930,  17.684,        0.,        0.00,   -0.44,        0.00
  931,  17.704,        0.,        0.00,   -0.12,        0.00
  932,  17.725,        0.,        0.00,   -0.28,        0.00
  933,  17.745,        0.,        0.00,   -0.03,        0.00
  934,  17.765,        0.,        0.00,   -0.03,        0.00
  935,  17.785,        0.,        0.00,    0.13,        0.00
  936,  17.805,        1.,        0.00,    0.37,        1.00
  937,  17.825,        2.,        0.00,    0.29,        2.00
  938,  17.845,        0.,        0.00,    0.37,        0.00
  939,  17.865,        1.,        0.00,    0.29,        1.00
  940,  17.885,        1.,        0.00,    0.29,        1.00
  941,  17.905,        1.,        0.00,    0.29,        1.00
  942,  17.925,        1.,        0.00,    0.29,        1.00
  943,  17.945,        0.,        0.00,    0.29,        0.00
  944,  17.965,        0.,        0.00,   -0.03,        0.00
  945,  17.985,        0.,        0.00,    0.13,        0.00
  946,  18.006,        0.,        0.00,    0.13,        0.00
  947,  18.026,        0.,        0.00,   -0.03,        0.00
  948,  18.046,        0.,        0.00,   -0.19,        0.00
  949,  18.066,        1.,        0.00,   -0.27,        1.00
  950,  18.086,        0.,        0.00,   -0.10,        0.00
  951,  18.106,        1.,        0.00,   -0.10,        1.00
  952,  18.126,        1.,        0.00,   -0.02,        1.00
  953,  18.146,        0.,        0.00,   -0.10,        0.00
  954,  18.166,        0.,        0.00,   -0.02,        0.00
  955,  18.186,        0.,        0.00,    0.06,        0.00
  956,  18.206,        0.,        0.00,   -0.10,        0.00
  957,  18.226,        0.,        0.00,   -0.10,        0.00
  958,  18.246,        0.,        0.00,   -0.26,        0.00
  959,  18.266,        0.,        0.00,   -0.10,        0.00
  960,  18.286,        0.,        0.00,   -0.10,        0.00
  961,  18.307,        0.,        0.00,   -0.18,        0.00
  962,  18.327,        0.,        0.00,   -0.10,        0.00
  963,  18.347,        0.,        0.00,   -0.10,        0.00
  964,  18.367,        0.,        0.00,   -0.10,        0.00
  965,  18.387,        2.,        0.00,   -0.01,        2.00
  966,  18.407,        0.,        0.00,   -0.01,        0.00
  967,  18.427,        0.,        0.00,    0.15,        0.00
  968,  18.447,        0.,        0.00,    0.15,        0.00
  969,  18.467,        0.,        0.00,    0.15,        0.00
  970,  18.487,        0.,        0.00,    0.31,        0.00
  971,  18.507,        0.,        0.00,    0.31,        0.00
  972,  18.527,        0.,        0.00,   -0.01,        0.00
  973,  18.547,        1.,        0.00,   -0.01,        1.00
  974,  18.567,        0.,        0.00,   -0.01,        0.00
  975,  18.588,        0.,        0.00,   -0.01,        0.00
  976,  18.608,        1.,        0.00,   -0.01,        1.00
  977,  18.628,        0.,        0.00,   -0.01,        0.00
  978,  18.648,        0.,        0.00,    0.15,        0.00
  979,  18.668,        0.,        0.00,    0.15,        0.00
  980,  18.688,        0.,        0.00,   -0.01,        0.00
  981,  18.708,        0.,        0.00,   -0.01,        0.00
  982,  18.728,        0.,        0.00,   -0.09,        0.00
  983,  18.748,        0.,        0.00,   -0.25,        0.00
  984,  18.768,        0.,        0.00,   -0.25,        0.00
  985,  18.788,        0.,        0.00,   -0.25,        0.00
  986,  18.808,        0.,        0.00,   -0.17,        0.00
  987,  18.828,        0.,        0.00,   -0.17,        0.00
  988,  18.848,        0.,        0.00,   -0.01,        0.00
  989,  18.868,        0.,        0.00,    0.08,        0.00
  990,  18.889,        0.,        0.00,    0.08,        0.00
  991,  18.909,        0.,        0.00,    0.08,        0.00
  992,  18.929,        0.,        0.00,    0.08,        0.00
  993,  18.949,        0.,        0.00,    0.08,        0.00
  994,  18.969,        1.,        0.00,   -0.01,        1.00
  995,  18.989,        0.,        0.00,   -0.01,        0.00
  996,  19.009,        0.,        0.00,   -0.01,        0.00
  997,  19.029,        0.,        0.00,   -0.01,        0.00
  998,  19.049,        0.,        0.00,   -0.01,        0.00
  999,  19.069,        0.,        0.00,   -0.01,        0.00
 1000,  19.089,        0.,        0.00,    0.15,        0.00
 1001,  19.109,        0.,        0.00,   -0.01,        0.00
 1002,  19.129,        0.,        0.00,   -0.01,        0.00
 1003,  19.149,        0.,        0.00,   -0.01,        0.00
 1004,  19.170,        0.,        0.00,   -0.01,        0.00
 1005,  19.190,        0.,        0.00,   -0.01,        0.00
 1006,  19.210,        1.,        0.00,   -0.01,        1.00
 1007,  19.230,        0.,        0.00,    0.08,        0.00
 1008,  19.250,        0.,        0.00,   -0.01,        0.00
 1009,  19.270,        0.,        0.00,   -0.01,        0.00
 1010,  19.290,        0.,        0.00,   -0.01,        0.00
 1011,  19.310,        0.,        0.00,   -0.01,        0.00
 1012,  19.330,        0.,        0.00,   -0.01,        0.00
 1013,  19.350,        0.,        0.00,   -0.17,        0.00
 1014,  19.370,        0.,        0.00,   -0.01,        0.00
 1015,  19.390,        0.,        0.00,   -0.01,        0.00
 1016,  19.410,        0.,        0.00,   -0.01,        0.00
 1017,  19.430,        0.,        0.00,   -0.07,        0.00
 1018,  19.451,        0.,        0.00,   -0.07,        0.00
 1019,  19.471,        0.,        0.00,   -0.07,        0.00
 1020,  19.491,        1.,        0.00,    0.01,        1.00
 1021,  19.511,        0.,        0.00,    0.01,        0.00
 1022,  19.531,        0.,        0.00,    0.01,        0.00
 1023,  19.551,        0.,        0.00,    0.15,        0.00
 1024,  19.571,        0.,        0.00,    0.15,        0.00
 1025,  19.591,        0.,        0.00,    0.15,        0.00
 1026,  19.611,        0.,        0.00,    0.15,        0.00
 1027,  19.631,        0.,        0.00,   -0.07,        0.00
 1028,  19.651,        0.,        0.00,   -0.07,        0.00
 1029,  19.671,        1.,        0.00,   -0.07,        1.00
 1030,  19.691,        0.,        0.00,   -0.07,        0.00
 1031,  19.711,        0.,        0.00,   -0.07,        0.00
 1032,  19.731,        0.,        0.00,   -0.07,        0.00
 1033,  19.752,        0.,        0.00,   -0.07,        0.00
 1034,  19.772,        0.,        0.00,    0.15,        0.00
 1035,  19.792,        0.,        0.00,    0.15,        0.00
 1036,  19.812,        0.,        0.00,    0.01,        0.00
 1037,  19.832,        0.,        0.00,    0.01,        0.00
 1038,  19.852,        0.,        0.00,    0.01,        0.00
 1039,  19.872,        0.,        0.00,    0.01,        0.00
 1040,  19.892,        1.,        0.00,    0.01,        1.00
 1041,  19.912,        0.,        0.00,    0.01,        0.00
 1042,  19.932,        0.,        0.00,    0.01,        0.00
 1043,  19.952,        0.,        0.00,    0.08,        0.00
 1044,  19.972,        0.,        0.00,    0.08,        0.00
 1045,  19.992,        0.,        0.00,    0.08,        0.00
 1046,  20.012,        0.,        0.00,    0.08,        0.00
 1047,  20.033,        0.,        0.00,   -0.07,        0.00
 1048,  20.053,        0.,        0.00,   -0.07,        0.00
 1049,  20.073,        0.,        0.00,   -0.07,        0.00
 1050,  20.093,        0.,        0.00,   -0.07,        0.00
 1051,  20.113,        0.,        0.00,   -0.07,        0.00
 1052,  20.133,        0.,        0.00,   -0.14,        0.00
 1053,  20.153,        0.,        0.00,   -0.14,        0.00
 1054,  20.173,        0.,        0.00,   -0.07,        0.00
 1055,  20.193,        0.,        0.00,   -0.07,        0.00
 1056,  20.213,        0.,        0.00,   -0.07,        0.00
 1057,  20.233,        0.,        0.00,   -0.07,        0.00
 1058,  20.253,        0.,        0.00,   -0.07,        0.00
 1059,  20.273,        0.,        0.00,    0.08,        0.00
 1060,  20.293,        0.,        0.00,    0.08,        0.00
 1061,  20.313,        0.,        0.00,    0.08,        0.00
 1062,  20.334,        0.,        0.00,    0.08,        0.00
 1063,  20.354,        0.,        0.00,    0.08,        0.00
 1064,  20.374,        0.,        0.00,    0.08,        0.00
 1065,  20.394,        1.,        0.00,    0.08,        1.00
 1066,  20.414,        0.,        0.00,    0.08,        0.00
 1067,  20.434,        0.,        0.00,    0.08,        0.00
 1068,  20.454,        0.,        0.00,    0.08,        0.00
 1069,  20.474,        0.,        0.00,    0.08,        0.00
 1070,  20.494,        0.,        0.00,    0.08,        0.00
 1071,  20.514,        0.,        0.00,    0.08,        0.00
 1072,  20.534,        0.,        0.00,   -0.07,        0.00
 1073,  20.554,        0.,        0.00,   -0.07,        0.00
 1074,  20.574,        0.,        0.00,   -0.07,        0.00
 1075,  20.594,        0.,        0.00,   -0.07,        0.00
 1076,  20.615,        0.,        0.00,   -0.07,        0.00
 1077,  20.635,        0.,        0.00,   -0.07,        0.00
 1078,  20.655,        0.,        0.00,   -0.07,        0.00
 1079,  20.675,        0.,        0.00,    0.00,        0.00
 1080,  20.695,        0.,        0.00,    0.00,        0.00
 1081,  20.715,        0.,        0.00,    0.00,        0.00
 1082,  20.735,        0.,        0.00,    0.00,        0.00
 1083,  20.755,        0.,        0.00,    0.00,        0.00
 1084,  20.775,        0.,        0.00,    0.00,        0.00
 1085,  20.795,        0.,        0.00,    0.00,        0.00
 1086,  20.815,        0.,        0.00,    0.00,        0.00
 1087,  20.835,        0.,        0.00,    0.00,        0.00
 1088,  20.855,        0.,        0.00,    0.00,        0.00
 1089,  20.875,        0.,        0.00,    0.00,        0.00
 1090,  20.896,        0.,        0.00,    0.00,        0.00
 1091,  20.916,        0.,        0.00,    0.00,        0.00
 1092,  20.936,        0.,        0.00,    0.00,        0.00
 1093,  20.956,        0.,        0.00,    0.00,        0.00
 1094,  20.976,        0.,        0.00,    0.00,        0.00
 1095,  20.996,        0.,        0.00,    0.00,        0.00
 1096,  21.016,        0.,        0.00,    0.00,        0.00
 1097,  21.036,        0.,        0.00,    0.00,        0.00
 1098,  21.056,        0.,        0.00,    0.00,        0.00
 1099,  21.076,        0.,        0.00,    0.00,        0.00
 1100,  21.096,        0.,        0.00,    0.00,        0.00
 1101,  21.116,        0.,        0.00,    0.00,        0.00
 1102,  21.136,        0.,        0.00,    0.00,        0.00
 1103,  21.156,        0.,        0.00,    0.00,        0.00
 1104,  21.176,        0.,        0.00,    0.00,        0.00
 1105,  21.197,        0.,        0.00,    0.00,        0.00
 1106,  21.217,        0.,        0.00,    0.00,        0.00
 1107,  21.237,        0.,        0.00,    0.00,        0.00
 1108,  21.257,        0.,        0.00,    0.00,        0.00
 1109,  21.277,        0.,        0.00,    0.00,        0.00
 1110,  21.297,        0.,        0.00,    0.00,        0.00
 1111,  21.317,        0.,        0.00,    0.00,        0.00
 1112,  21.337,        0.,        0.00,    0.00,        0.00
 1113,  21.357,        0.,        0.00,    0.00,        0.00
 1114,  21.377,        0.,        0.00,    0.00,        0.00
 1115,  21.397,        0.,        0.00,    0.00,        0.00
 1116,  21.417,        0.,        0.00,    0.00,        0.00
 1117,  21.437,        0.,        0.00,    0.00,        0.00
 1118,  21.457,        0.,        0.00,    0.00,        0.00
 1119,  21.478,        0.,        0.00,    0.00,        0.00
 1120,  21.498,        0.,        0.00,    0.00,        0.00
 1121,  21.518,        0.,        0.00,    0.00,        0.00
 1122,  21.538,        0.,        0.00,   -0.07,        0.00
 1123,  21.558,        0.,        0.00,   -0.07,        0.00
 1124,  21.578,        0.,        0.00,   -0.07,        0.00
 1125,  21.598,        0.,        0.00,   -0.07,        0.00
 1126,  21.618,        0.,        0.00,   -0.07,        0.00
 1127,  21.638,        0.,        0.00,   -0.07,        0.00
 1128,  21.658,        0.,        0.00,   -0.07,        0.00
 1129,  21.678,        0.,        0.00,    0.08,        0.00
 1130,  21.698,        0.,        0.00,    0.08,        0.00
 1131,  21.718,        0.,        0.00,    0.08,        0.00
 1132,  21.738,        0.,        0.00,    0.08,        0.00
 1133,  21.758,        0.,        0.00,    0.08,        0.00
 1134,  21.779,        0.,        0.00,    0.08,        0.00
 1135,  21.799,        1.,        0.00,    0.08,        1.00
 1136,  21.819,        0.,        0.00,    0.08,        0.00
 1137,  21.839,        0.,        0.00,    0.08,        0.00
 1138,  21.859,        0.,        0.00,    0.08,        0.00
 1139,  21.879,        0.,        0.00,    0.08,        0.00
 1140,  21.899,        0.,        0.00,    0.08,        0.00
 1141,  21.919,        0.,        0.00,    0.08,        0.00
 1142,  21.939,        0.,        0.00,   -0.07,        0.00
 1143,  21.959,        0.,        0.00,   -0.07,        0.00
 1144,  21.979,        0.,        0.00,   -0.07,        0.00
 1145,  21.999,        0.,        0.00,   -0.07,        0.00
 1146,  22.019,        0.,        0.00,   -0.07,        0.00
 1147,  22.039,        0.,        0.00,   -0.07,        0.00
 1148,  22.060,        0.,        0.00,   -0.07,        0.00
 1149,  22.080,        0.,        0.00,    0.00,        0.00
 1150,  22.100,        0.,        0.00,    0.00,        0.00
 1151,  22.120,        0.,        0.00,    0.00,        0.00
 1152,  22.140,        0.,        0.00,    0.00,        0.00
 1153,  22.160,        0.,        0.00,    0.00,        0.00
 1154,  22.180,        0.,        0.00,    0.00,        0.00
 1155,  22.200,        0.,        0.00,    0.00,        0.00
 1156,  22.220,        0.,        0.00,    0.00,        0.00
 1157,  22.240,        0.,        0.00,    0.00,        0.00
 1158,  22.260,        0.,        0.00,    0.00,        0.00
 1159,  22.280,        0.,        0.00,    0.00,        0.00
 1160,  22.300,        0.,        0.00,    0.00,        0.00
 1161,  22.320,        0.,        0.00,    0.00,        0.00
 1162,  22.340,        0.,        0.00,   -0.07,        0.00
 1163,  22.361,        0.,        0.00,   -0.07,        0.00
 1164,  22.381,        0.,        0.00,   -0.07,        0.00
 1165,  22.401,        0.,        0.00,   -0.07,        0.00
 1166,  22.421,        0.,        0.00,   -0.07,        0.00
 1167,  22.441,        0.,        0.00,   -0.07,        0.00
 1168,  22.461,        0.,        0.00,   -0.07,        0.00
 1169,  22.481,        0.,        0.00,    0.08,        0.00
 1170,  22.501,        0.,        0.00,    0.08,        0.00
 1171,  22.521,        0.,        0.00,    0.08,        0.00
 1172,  22.541,        0.,        0.00,    0.08,        0.00
 1173,  22.561,        0.,        0.00,    0.08,        0.00
 1174,  22.581,        0.,        0.00,    0.08,        0.00
 1175,  22.601,        1.,        0.00,    0.08,        1.00
 1176,  22.621,        0.,        0.00,    0.08,        0.00
 1177,  22.642,        0.,        0.00,    0.08,        0.00
 1178,  22.662,        0.,        0.00,    0.08,        0.00
 1179,  22.682,        0.,        0.00,    0.08,        0.00
 1180,  22.702,        0.,        0.00,    0.08,        0.00
 1181,  22.722,        0.,        0.00,    0.08,        0.00
 1182,  22.742,        0.,        0.00,   -0.14,        0.00
 1183,  22.762,        0.,        0.00,   -0.14,        0.00
 1184,  22.782,        0.,        0.00,   -0.14,        0.00
 1185,  22.802,        0.,        0.00,   -0.14,        0.00
 1186,  22.822,        0.,        0.00,   -0.14,        0.00
 1187,  22.842,        0.,        0.00,   -0.14,        0.00
 1188,  22.862,        0.,        0.00,   -0.14,        0.00
 1189,  22.882,        0.,        0.00,    0.08,        0.00
 1190,  22.902,        0.,        0.00,    0.08,        0.00
 1191,  22.923,        0.,        0.00,    0.08,        0.00
 1192,  22.943,        0.,        0.00,    0.08,        0.00
 1193,  22.963,        0.,        0.00,    0.08,        0.00
 1194,  22.983,        0.,        0.00,    0.08,        0.00
 1195,  23.003,        1.,        0.00,    0.08,        1.00
 1196,  23.023,        0.,        0.00,    0.08,        0.00
 1197,  23.043,        0.,        0.00,    0.08,        0.00
 1198,  23.063,        0.,        0.00,    0.08,        0.00
 1199,  23.083,        0.,        0.00,    0.08,        0.00
 1200,  23.103,        0.,        0.00,    0.08,        0.00
 1201,  23.123,        0.,        0.00,    0.08,        0.00
 1202,  23.143,        0.,        0.00,   -0.07,        0.00
 1203,  23.163,        0.,        0.00,   -0.07,        0.00
 1204,  23.183,        0.,        0.00,   -0.07,        0.00
 1205,  23.203,        0.,        0.00,   -0.07,        0.00
 1206,  23.224,        0.,        0.00,   -0.07,        0.00
 1207,  23.244,        0.,        0.00,   -0.07,        0.00
 1208,  23.264,        0.,        0.00,   -0.07,        0.00
 1209,  23.284,        0.,        0.00,    0.00,        0.00
 1210,  23.304,        0.,        0.00,    0.00,        0.00
 1211,  23.324,        0.,        0.00,    0.00,        0.00
 1212,  23.344,        0.,        0.00,    0.00,        0.00
 1213,  23.364,        0.,        0.00,    0.00,        0.00
 1214,  23.384,        0.,        0.00,    0.00,        0.00
 1215,  23.404,        0.,        0.00,    0.00,        0.00
 1216,  23.424,        0.,        0.00,    0.00,        0.00
 1217,  23.444,        0.,        0.00,    0.00,        0.00
 1218,  23.464,        0.,        0.00,    0.00,        0.00
 1219,  23.484,        0.,        0.00,    0.00,        0.00
 1220,  23.505,        0.,        0.00,    0.00,        0.00
 1221,  23.525,        0.,        0.00,    0.00,        0.00
 1222,  23.545,        0.,        0.00,    0.00,        0.00
 1223,  23.565,        0.,        0.00,    0.00,        0.00
 1224,  23.585,        0.,        0.00,    0.00,        0.00
 1225,  23.605,        0.,        0.00,    0.00,        0.00
 1226,  23.625,        0.,        0.00,    0.00,        0.00
 1227,  23.645,        0.,        0.00,    0.00,        0.00
 1228,  23.665,        0.,        0.00,    0.00,        0.00
 1229,  23.685,        0.,        0.00,    0.00,        0.00
 1230,  23.705,        0.,        0.00,    0.00,        0.00
 1231,  23.725,        0.,        0.00,    0.00,        0.00
 1232,  23.745,        0.,        0.00,    0.00,        0.00
 1233,  23.765,        0.,        0.00,    0.00,        0.00
 1234,  23.785,        0.,        0.00,    0.00,        0.00
 1235,  23.806,        0.,        0.00,    0.00,        0.00
 1236,  23.826,        0.,        0.00,    0.00,        0.00
 1237,  23.846,        0.,        0.00,    0.00,        0.00
 1238,  23.866,        0.,        0.00,    0.00,        0.00
 1239,  23.886,        0.,        0.00,    0.00,        0.00
 1240,  23.906,        0.,        0.00,    0.00,        0.00
 1241,  23.926,        0.,        0.00,    0.00,        0.00
 1242,  23.946,        0.,        0.00,    0.00,        0.00
 1243,  23.966,        0.,        0.00,    0.00,        0.00
 1244,  23.986,        0.,        0.00,    0.00,        0.00
 1245,  24.006,        0.,        0.00,    0.00,        0.00
 1246,  24.026,        0.,        0.00,    0.00,        0.00
 1247,  24.046,        0.,        0.00,    0.00,        0.00
 1248,  24.066,        0.,        0.00,    0.00,        0.00
 1249,  24.087,        0.,        0.00,    0.00,        0.00
 1250,  24.107,        0.,        0.00,    0.00,        0.00
 1251,  24.127,        0.,        0.00,    0.00,        0.00
 1252,  24.147,        0.,        0.00,    0.00,        0.00
 1253,  24.167,        0.,        0.00,    0.00,        0.00
 1254,  24.187,        0.,        0.00,    0.00,        0.00
 1255,  24.207,        0.,        0.00,    0.00,        0.00
 1256,  24.227,        0.,        0.00,    0.00,        0.00
 1257,  24.247,        0.,        0.00,    0.00,        0.00
 1258,  24.267,        0.,        0.00,    0.00,        0.00
 1259,  24.287,        0.,        0.00,    0.00,        0.00
 1260,  24.307,        0.,        0.00,    0.00,        0.00
 1261,  24.327,        0.,        0.00,    0.00,        0.00
 1262,  24.347,        0.,        0.00,    0.00,        0.00
 1263,  24.368,        0.,        0.00,    0.00,        0.00
 1264,  24.388,        0.,        0.00,    0.00,        0.00
 1265,  24.408,        0.,        0.00,    0.00,        0.00
 1266,  24.428,        0.,        0.00,    0.00,        0.00
 1267,  24.448,        0.,        0.00,    0.00,        0.00
 1268,  24.468,        0.,        0.00,    0.00,        0.00
 1269,  24.488,        0.,        0.00,    0.00,        0.00
 1270,  24.508,        0.,        0.00,    0.00,        0.00
 1271,  24.528,        0.,        0.00,    0.00,        0.00
 1272,  24.548,        0.,        0.00,    0.00,        0.00
 1273,  24.568,        0.,        0.00,    0.00,        0.00
 1274,  24.588,        0.,        0.00,    0.00,        0.00
 1275,  24.608,        0.,        0.00,    0.00,        0.00
 1276,  24.628,        0.,        0.00,    0.00,        0.00
 1277,  24.648,        0.,        0.00,    0.00,        0.00
 1278,  24.669,        0.,        0.00,    0.00,        0.00
 1279,  24.689,        0.,        0.00,    0.00,        0.00
 1280,  24.709,        0.,        0.00,    0.00,        0.00
 1281,  24.729,        0.,        0.00,    0.00,        0.00
 1282,  24.749,        0.,        0.00,    0.00,        0.00
 1283,  24.769,        0.,        0.00,    0.00,        0.00
 1284,  24.789,        0.,        0.00,    0.00,        0.00
 1285,  24.809,        0.,        0.00,    0.00,        0.00
 1286,  24.829,        0.,        0.00,    0.00,        0.00
 1287,  24.849,        0.,        0.00,    0.00,        0.00
 1288,  24.869,        0.,        0.00,    0.00,        0.00
 1289,  24.889,        0.,        0.00,    0.00,        0.00
 1290,  24.909,        0.,        0.00,    0.00,        0.00
 1291,  24.929,        0.,        0.00,    0.00,        0.00
 1292,  24.950,        0.,        0.00,    0.00,        0.00
 1293,  24.970,        0.,        0.00,    0.00,        0.00
 1294,  24.990,        0.,        0.00,    0.00,        0.00
 1295,  25.010,        0.,        0.00,    0.00,        0.00
 1296,  25.030,        0.,        0.00,    0.00,        0.00
 1297,  25.050,        0.,        0.00,    0.00,        0.00
 1298,  25.070,        0.,        0.00,    0.00,        0.00
 1299,  25.090,        0.,        0.00,    0.00,        0.00
 1300,  25.110,        0.,        0.00,    0.00,        0.00
