           0
 T
          61
 F
           4
  2.0000000E-07
  0.0000000E+00
   1.900000    
  0.2000000    
   1.200000    
           2
   1000.000    
  0.0000000E+00
 F
  0.0000000E+00
   45.00000    
        1024
  0.0000000E+00   3.517200       95.18100    
  0.0000000E+00  0.0000000E+00  0.0000000E+00  0.4500000E+02  0.4500000E+02
 -0.2704345E+03  0.0000000E+00 -0.2704345E+03  0.2844345E+03  0.2844345E+03
  0.0000000E+00  0.0000000E+00  0.0000000E+00  0.2500000E+02  0.2500000E+02
  0.0000000E+00  0.0000000E+00  0.0000000E+00  0.8000000E+01  0.8000000E+01
 -0.2704345E+03  0.0000000E+00 -0.2704345E+03  0.2894345E+03  0.2894345E+03
 -0.2704345E+03  0.0000000E+00 -0.2704345E+03  0.2744345E+03  0.2744345E+03
 -0.2630479E+03  0.0000000E+00 -0.2687021E+03  0.2720479E+03  0.2720479E+03
 -0.2482748E+03  0.0000000E+00 -0.2652372E+03  0.2522748E+03  0.2522748E+03
 -0.2335016E+03  0.4523303E+02 -0.2617723E+03  0.2495016E+03  0.2495016E+03
 -0.2187285E+03  0.4523303E+02 -0.2583074E+03  0.2317285E+03  0.2317285E+03
 -0.2061050E+03  0.4871495E+02 -0.2548199E+03  0.2191050E+03  0.2191050E+03
 -0.1956311E+03  0.5567881E+02 -0.2513099E+03  0.2026311E+03  0.2026311E+03
 -0.1851572E+03  0.6264267E+02 -0.2477999E+03  0.1941572E+03  0.1941572E+03
 -0.1746833E+03  0.6960652E+02 -0.2442899E+03  0.1766833E+03  0.1766833E+03
 -0.1653519E+03  0.7541101E+02 -0.2407629E+03  0.1673519E+03  0.1673519E+03
 -0.1571627E+03  0.8005614E+02 -0.2372189E+03  0.1611627E+03  0.1611627E+03
 -0.1489736E+03  0.8470127E+02 -0.2336749E+03  0.1619736E+03  0.1619736E+03
 -0.1407845E+03  0.8934641E+02 -0.2301310E+03  0.1557845E+03  0.1557845E+03
 -0.1333228E+03  0.9325222E+02 -0.2265750E+03  0.1433228E+03  0.1433228E+03
 -0.1265885E+03  0.9641872E+02 -0.2230072E+03  0.1315885E+03  0.1315885E+03
 -0.1198541E+03  0.9958521E+02 -0.2194394E+03  0.1328542E+03  0.1328542E+03
 -0.1131198E+03  0.1027517E+03 -0.2158715E+03  0.1261198E+03  0.1261198E+03
 -0.1068388E+03  0.1054553E+03 -0.2122941E+03  0.1188388E+03  0.1188388E+03
 -0.1010112E+03  0.1076959E+03 -0.2087070E+03  0.1070112E+03  0.1070112E+03
 -0.9518356E+02  0.1099364E+03 -0.2051200E+03  0.1101836E+03  0.1101836E+03
 -0.8935592E+02  0.1121770E+03 -0.2015330E+03  0.9835592E+02  0.9835592E+02
 -0.8383059E+02  0.1141076E+03 -0.1979382E+03  0.9483059E+02  0.9483059E+02
 -0.7860757E+02  0.1157282E+03 -0.1943358E+03  0.8860757E+02  0.8860757E+02
 -0.7338454E+02  0.1173488E+03 -0.1907333E+03  0.8138454E+02  0.8138454E+02
 -0.6816151E+02  0.1189693E+03 -0.1871308E+03  0.7016151E+02  0.7016151E+02
 -0.6313373E+02  0.1203905E+03 -0.1835242E+03  0.7113373E+02  0.7113373E+02
 -0.5830119E+02  0.1216123E+03 -0.1799135E+03  0.6130119E+02  0.6130119E+02
 -0.5346864E+02  0.1228341E+03 -0.1763028E+03  0.7446864E+02  0.7446864E+02
 -0.4863610E+02  0.1240559E+03 -0.1726920E+03  0.5563610E+02  0.5563610E+02
 -0.4381008E+02  0.1252647E+03 -0.1690748E+03  0.4881008E+02  0.4881008E+02
 -0.3899059E+02  0.1264605E+03 -0.1654511E+03  0.4499059E+02  0.4499059E+02
 -0.3417111E+02  0.1276562E+03 -0.1618273E+03  0.4017111E+02  0.4017111E+02
 -0.2935162E+02  0.1288520E+03 -0.1582036E+03  0.3535162E+02  0.3535162E+02
 -0.2484410E+02  0.1297317E+03 -0.1545758E+03  0.3084410E+02  0.3084410E+02
 -0.2064853E+02  0.1302955E+03 -0.1509440E+03  0.2264853E+02  0.2264853E+02
 -0.1645297E+02  0.1308592E+03 -0.1473122E+03  0.2345297E+02  0.2345297E+02
 -0.1225740E+02  0.1314230E+03 -0.1436804E+03  0.2325740E+02  0.2325740E+02
 -0.1015962E+02  0.1317241E+03 -0.1400450E+03  0.2015962E+02  0.2015962E+02
 -0.1015962E+02  0.1317625E+03 -0.1364061E+03  0.1915962E+02  0.1915962E+02
  0.4549826E+01  0.1318010E+03 -0.1327672E+03  0.1450174E+01  0.1450174E+01
  0.4549826E+01  0.1318394E+03 -0.1291283E+03 -0.5498257E+00  0.0000000E+00
  0.6169681E+01  0.1316557E+03 -0.1254860E+03 -0.1169681E+01  0.0000000E+00
  0.9409390E+01  0.1312497E+03 -0.1218404E+03 -0.3409390E+01  0.0000000E+00
  0.1264910E+02  0.1308438E+03 -0.1181947E+03  0.1350900E+01  0.1350900E+01
  0.1588881E+02  0.1304378E+03 -0.1145490E+03 -0.7888812E+01  0.0000000E+00
  0.1894122E+02  0.1298416E+03 -0.1109003E+03 -0.4941216E+01  0.0000000E+00
  0.2180632E+02  0.1290550E+03 -0.1072487E+03 -0.1880632E+02  0.0000000E+00
  0.2467142E+02  0.1282684E+03 -0.1035970E+03 -0.2067142E+02  0.0000000E+00
  0.2753652E+02  0.1274818E+03 -0.9994529E+02 -0.2753652E+02  0.0000000E+00
  0.3023866E+02  0.1265305E+03 -0.9629182E+02 -0.2423866E+02  0.0000000E+00
  0.3277784E+02  0.1254144E+03 -0.9263657E+02 -0.2177784E+02  0.0000000E+00
  0.3531702E+02  0.1242983E+03 -0.8898132E+02 -0.6317024E+01  0.0000000E+00
  0.3785620E+02  0.1231823E+03 -0.8532607E+02  0.1528144E+04  0.1528144E+04
  0.4025457E+02  0.1219224E+03 -0.8166782E+02  0.3481745E+04  0.3481745E+04
  0.4251211E+02  0.1205187E+03 -0.7800659E+02  0.3365488E+04  0.3365488E+04
  0.4476965E+02  0.1191150E+03 -0.7434535E+02  0.3472230E+04  0.3472230E+04
  0.4702719E+02  0.1177113E+03 -0.7068412E+02  0.3380973E+04  0.3380973E+04
  0.4914663E+02  0.1161813E+03 -0.6703467E+02  0.3606853E+04  0.3606853E+04
  0.5112796E+02  0.1145250E+03 -0.6339702E+02  0.3402872E+04  0.3402872E+04
  0.5310929E+02  0.1128686E+03 -0.5975936E+02  0.3172891E+04  0.3172891E+04
  0.5509061E+02  0.1112123E+03 -0.5612170E+02  0.2771909E+04  0.2771909E+04
  0.5697009E+02  0.1094433E+03 -0.5247319E+02  0.2529030E+04  0.2529030E+04
  0.5874771E+02  0.1075615E+03 -0.4881381E+02  0.2341252E+04  0.2341252E+04
  0.6052534E+02  0.1056798E+03 -0.4515444E+02  0.2437475E+04  0.2437475E+04
  0.6230297E+02  0.1037980E+03 -0.4149507E+02  0.2219697E+04  0.2219697E+04
  0.6414570E+02  0.1018202E+03 -0.3767451E+02  0.1722854E+04  0.1722854E+04
  0.6605354E+02  0.9974630E+02 -0.3369276E+02  0.1426946E+04  0.1426946E+04
  0.6796138E+02  0.9767240E+02 -0.2971102E+02  0.1221039E+04  0.1221039E+04
  0.6986922E+02  0.9559850E+02 -0.2572927E+02  0.1091131E+04  0.1091131E+04
  0.6996033E+02  0.9340983E+02 -0.2344950E+02  0.1100040E+04  0.1100040E+04
  0.6823470E+02  0.9110640E+02 -0.2287170E+02  0.1126765E+04  0.1126765E+04
  0.6650907E+02  0.8880296E+02 -0.2229390E+02  0.1078491E+04  0.1078491E+04
  0.6478344E+02  0.8649953E+02 -0.2171609E+02  0.1082217E+04  0.1082217E+04
  0.6308511E+02  0.8440261E+02 -0.2131750E+02  0.9359149E+03  0.9359149E+03
  0.6141409E+02  0.8251220E+02 -0.2109812E+02  0.9745859E+03  0.9745859E+03
  0.5974306E+02  0.8062180E+02 -0.2087873E+02  0.1020257E+04  0.1020257E+04
  0.5807204E+02  0.7873138E+02 -0.2065935E+02  0.9609280E+03  0.9609280E+03
  0.5643708E+02  0.7698115E+02 -0.2054408E+02  0.9645629E+03  0.9645629E+03
  0.5483818E+02  0.7537109E+02 -0.2053291E+02  0.9741618E+03  0.9741618E+03
  0.5323930E+02  0.7376103E+02 -0.2052174E+02  0.9917607E+03  0.9917607E+03
  0.5164040E+02  0.7215098E+02 -0.2051057E+02  0.9373596E+03  0.9373596E+03
  0.5025010E+02  0.7064238E+02 -0.2039228E+02  0.1001750E+04  0.1001750E+04
  0.4906839E+02  0.6923525E+02 -0.2016687E+02  0.9889316E+03  0.9889316E+03
  0.4788668E+02  0.6782812E+02 -0.1994145E+02  0.9561133E+03  0.9561133E+03
  0.4670496E+02  0.6642100E+02 -0.1971603E+02  0.9522950E+03  0.9522950E+03
  0.4588483E+02  0.6506533E+02 -0.1918050E+02  0.9521152E+03  0.9521152E+03
  0.4542630E+02  0.6376114E+02 -0.1833484E+02  0.8775737E+03  0.8775737E+03
  0.4496775E+02  0.6245694E+02 -0.1748919E+02  0.8360322E+03  0.8360322E+03
  0.4450922E+02  0.6115275E+02 -0.1664353E+02  0.7634908E+03  0.7634908E+03
  0.4390783E+02  0.5984100E+02 -0.1593318E+02  0.7430922E+03  0.7430922E+03
  0.4316360E+02  0.5852171E+02 -0.1535811E+02  0.7278364E+03  0.7278364E+03
  0.4241936E+02  0.5720240E+02 -0.1478304E+02  0.6455806E+03  0.6455806E+03
  0.4167513E+02  0.5588311E+02 -0.1420798E+02  0.6773249E+03  0.6773249E+03
  0.4070595E+02  0.5459795E+02 -0.1389200E+02  0.6592941E+03  0.6592941E+03
  0.3951182E+02  0.5334693E+02 -0.1383511E+02  0.6254882E+03  0.6254882E+03
  0.3831770E+02  0.5209592E+02 -0.1377822E+02  0.6246823E+03  0.6246823E+03
  0.3712357E+02  0.5084490E+02 -0.1372133E+02  0.6308764E+03  0.6308764E+03
  0.3597077E+02  0.4967653E+02 -0.1370575E+02  0.6500292E+03  0.6500292E+03
  0.3485931E+02  0.4859079E+02 -0.1373148E+02  0.6601407E+03  0.6601407E+03
  0.3374784E+02  0.4750505E+02 -0.1375721E+02  0.6372521E+03  0.6372521E+03
  0.3263638E+02  0.4641932E+02 -0.1378294E+02  0.6533636E+03  0.6533636E+03
  0.3159793E+02  0.4542171E+02 -0.1382379E+02  0.6254021E+03  0.6254021E+03
  0.3063249E+02  0.4451223E+02 -0.1387975E+02  0.6663675E+03  0.6663675E+03
  0.2966704E+02  0.4360275E+02 -0.1393571E+02  0.6173329E+03  0.6173329E+03
  0.2870160E+02  0.4269327E+02 -0.1399167E+02  0.6582984E+03  0.6582984E+03
  0.2775816E+02  0.4185715E+02 -0.1409899E+02  0.6752418E+03  0.6752418E+03
  0.2683673E+02  0.4109441E+02 -0.1425768E+02  0.6701633E+03  0.6701633E+03
  0.2591529E+02  0.4033165E+02 -0.1441636E+02  0.6940847E+03  0.6940847E+03
  0.2499386E+02  0.3956890E+02 -0.1457505E+02  0.6760062E+03  0.6760062E+03
  0.2420858E+02  0.3887550E+02 -0.1466692E+02  0.6717914E+03  0.6717914E+03
  0.2355945E+02  0.3825143E+02 -0.1469197E+02  0.7024406E+03  0.7024406E+03
  0.2291033E+02  0.3762736E+02 -0.1471703E+02  0.7040897E+03  0.7040897E+03
  0.2226120E+02  0.3700329E+02 -0.1474209E+02  0.6707388E+03  0.6707388E+03
  0.2162244E+02  0.3642149E+02 -0.1479905E+02  0.6633776E+03  0.6633776E+03
  0.2099405E+02  0.3588196E+02 -0.1488792E+02  0.7270060E+03  0.7270060E+03
  0.2036565E+02  0.3534244E+02 -0.1497679E+02  0.6846343E+03  0.6846343E+03
  0.1973725E+02  0.3480291E+02 -0.1506566E+02  0.7292628E+03  0.7292628E+03
  0.1915315E+02  0.3430425E+02 -0.1515111E+02  0.7348469E+03  0.7348469E+03
  0.1861333E+02  0.3384646E+02 -0.1523313E+02  0.6823867E+03  0.6823867E+03
  0.1807351E+02  0.3338868E+02 -0.1531516E+02  0.6999265E+03  0.6999265E+03
  0.1753370E+02  0.3293089E+02 -0.1539719E+02  0.6904663E+03  0.6904663E+03
  0.1703431E+02  0.3251002E+02 -0.1547571E+02  0.7509657E+03  0.7509657E+03
  0.1657535E+02  0.3212608E+02 -0.1555073E+02  0.7504246E+03  0.7504246E+03
  0.1611639E+02  0.3174214E+02 -0.1562575E+02  0.7498836E+03  0.7498836E+03
  0.1565743E+02  0.3135820E+02 -0.1570076E+02  0.7463426E+03  0.7463426E+03
  0.1519201E+02  0.3100660E+02 -0.1581459E+02  0.7288080E+03  0.7288080E+03
  0.1472011E+02  0.3068734E+02 -0.1596724E+02  0.7042799E+03  0.7042799E+03
  0.1424821E+02  0.3036809E+02 -0.1611988E+02  0.7527518E+03  0.7527518E+03
  0.1377631E+02  0.3004883E+02 -0.1627252E+02  0.7812237E+03  0.7812237E+03
  0.1333178E+02  0.2976639E+02 -0.1643461E+02  0.7586682E+03  0.7586682E+03
  0.1291462E+02  0.2952076E+02 -0.1660615E+02  0.7450854E+03  0.7450854E+03
  0.1249745E+02  0.2927514E+02 -0.1677769E+02  0.7855026E+03  0.7855026E+03
  0.1208028E+02  0.2902951E+02 -0.1694922E+02  0.8149197E+03  0.8149197E+03
  0.1178550E+02  0.2881533E+02 -0.1702983E+02  0.7852145E+03  0.7852145E+03
  0.1161310E+02  0.2863261E+02 -0.1701951E+02  0.7753869E+03  0.7753869E+03
  0.1144070E+02  0.2844989E+02 -0.1700919E+02  0.7785593E+03  0.7785593E+03
  0.1126830E+02  0.2826717E+02 -0.1699887E+02  0.7907317E+03  0.7907317E+03
  0.1115113E+02  0.2809389E+02 -0.1694276E+02  0.7678489E+03  0.7678489E+03
  0.1108921E+02  0.2793006E+02 -0.1684085E+02  0.8039108E+03  0.8039108E+03
  0.1102728E+02  0.2776624E+02 -0.1673895E+02  0.7809727E+03  0.7809727E+03
  0.1096536E+02  0.2760241E+02 -0.1663705E+02  0.7380347E+03  0.7380347E+03
  0.1082131E+02  0.2744256E+02 -0.1662124E+02  0.7841787E+03  0.7841787E+03
  0.1059514E+02  0.2728668E+02 -0.1669153E+02  0.7564048E+03  0.7564048E+03
  0.1036897E+02  0.2713080E+02 -0.1676183E+02  0.7706310E+03  0.7706310E+03
  0.1014281E+02  0.2697492E+02 -0.1683212E+02  0.7808572E+03  0.7808572E+03
  0.9882730E+01  0.2683953E+02 -0.1695680E+02  0.7711172E+03  0.7711172E+03
  0.9588742E+01  0.2672462E+02 -0.1713587E+02  0.7754113E+03  0.7754113E+03
  0.9294757E+01  0.2660970E+02 -0.1731495E+02  0.8367053E+03  0.8367053E+03
  0.9000770E+01  0.2649479E+02 -0.1749402E+02  0.7929992E+03  0.7929992E+03
  0.8780674E+01  0.2640368E+02 -0.1762300E+02  0.7982193E+03  0.7982193E+03
  0.8634467E+01  0.2633636E+02 -0.1770190E+02  0.7893655E+03  0.7893655E+03
  0.8488261E+01  0.2626905E+02 -0.1778079E+02  0.8375117E+03  0.8375117E+03
  0.8342054E+01  0.2620173E+02 -0.1785968E+02  0.8026580E+03  0.8026580E+03
  0.8176624E+01  0.2614226E+02 -0.1796563E+02  0.7958234E+03  0.7958234E+03
  0.7991970E+01  0.2609062E+02 -0.1809865E+02  0.8280081E+03  0.8280081E+03
  0.7807315E+01  0.2603898E+02 -0.1823167E+02  0.8701927E+03  0.8701927E+03
  0.7622661E+01  0.2598735E+02 -0.1836469E+02  0.8193773E+03  0.8193773E+03
  0.7472111E+01  0.2594783E+02 -0.1847572E+02  0.8345279E+03  0.8345279E+03
  0.7355665E+01  0.2592044E+02 -0.1856478E+02  0.8256443E+03  0.8256443E+03
  0.7239219E+01  0.2589305E+02 -0.1865383E+02  0.8257608E+03  0.8257608E+03
  0.7122773E+01  0.2586566E+02 -0.1874289E+02  0.8608772E+03  0.8608772E+03
  0.7161152E+01  0.2584355E+02 -0.1868240E+02  0.8728389E+03  0.8728389E+03
  0.7354355E+01  0.2582672E+02 -0.1847236E+02  0.8456456E+03  0.8456456E+03
  0.7547559E+01  0.2580989E+02 -0.1826233E+02  0.8204525E+03  0.8204525E+03
  0.7740762E+01  0.2579306E+02 -0.1805230E+02  0.8072592E+03  0.8072592E+03
  0.7592175E+01  0.2575422E+02 -0.1816204E+02  0.8444078E+03  0.8444078E+03
  0.7101798E+01  0.2569336E+02 -0.1859156E+02  0.7698982E+03  0.7698982E+03
  0.6611421E+01  0.2563251E+02 -0.1902108E+02  0.9223885E+03  0.9223885E+03
  0.6121044E+01  0.2557165E+02 -0.1945060E+02  0.8638790E+03  0.8638790E+03
  0.5888371E+01  0.2555329E+02 -0.1966491E+02  0.8761116E+03  0.8761116E+03
  0.5913402E+01  0.2557742E+02 -0.1966401E+02  0.8790866E+03  0.8790866E+03
  0.5938434E+01  0.2560155E+02 -0.1966311E+02  0.8550616E+03  0.8550616E+03
  0.5963465E+01  0.2562568E+02 -0.1966221E+02  0.8900366E+03  0.8900366E+03
  0.5852050E+01  0.2563763E+02 -0.1978558E+02  0.8571479E+03  0.8571479E+03
  0.5604188E+01  0.2563740E+02 -0.2003321E+02  0.9243958E+03  0.9243958E+03
  0.5356327E+01  0.2563717E+02 -0.2028085E+02  0.9076437E+03  0.9076437E+03
  0.5108465E+01  0.2563695E+02 -0.2052848E+02  0.9028915E+03  0.9028915E+03
  0.4985208E+01  0.2565444E+02 -0.2066923E+02  0.9760148E+03  0.9760148E+03
  0.4986557E+01  0.2568965E+02 -0.2070310E+02  0.9110134E+03  0.9110134E+03
  0.4987906E+01  0.2572487E+02 -0.2073696E+02  0.9250121E+03  0.9250121E+03
  0.4989254E+01  0.2576008E+02 -0.2077083E+02  0.9170107E+03  0.9170107E+03
  0.5074109E+01  0.2578719E+02 -0.2071308E+02  0.9529259E+03  0.9529259E+03
  0.5242471E+01  0.2580617E+02 -0.2056370E+02  0.9137575E+03  0.9137575E+03
  0.5410833E+01  0.2582516E+02 -0.2041433E+02  0.9185892E+03  0.9185892E+03
  0.5579195E+01  0.2584415E+02 -0.2026495E+02  0.8784208E+03  0.8784208E+03
  0.5517988E+01  0.2584477E+02 -0.2032678E+02  0.9174820E+03  0.9174820E+03
  0.5227214E+01  0.2582702E+02 -0.2059981E+02  0.8767728E+03  0.8767728E+03
  0.4936440E+01  0.2580928E+02 -0.2087284E+02  0.9800635E+03  0.9800635E+03
  0.4645666E+01  0.2579153E+02 -0.2114587E+02  0.9063543E+03  0.9063543E+03
  0.4420135E+01  0.2579974E+02 -0.2137960E+02  0.9465799E+03  0.9465799E+03
  0.4259848E+01  0.2583390E+02 -0.2157405E+02  0.9467402E+03  0.9467402E+03
  0.4099560E+01  0.2586806E+02 -0.2176850E+02  0.9449005E+03  0.9449005E+03
  0.3939274E+01  0.2590222E+02 -0.2196294E+02  0.9650607E+03  0.9650607E+03
  0.3871040E+01  0.2594080E+02 -0.2206976E+02  0.9941290E+03  0.9941290E+03
  0.3894859E+01  0.2598381E+02 -0.2208895E+02  0.9911052E+03  0.9911052E+03
  0.3918678E+01  0.2602681E+02 -0.2210813E+02  0.9390813E+03  0.9390813E+03
  0.3942497E+01  0.2606982E+02 -0.2212732E+02  0.9900575E+03  0.9900575E+03
  0.3940562E+01  0.2610537E+02 -0.2216481E+02  0.9780594E+03  0.9780594E+03
  0.3912871E+01  0.2613347E+02 -0.2222060E+02  0.9910872E+03  0.9910872E+03
  0.3885180E+01  0.2616157E+02 -0.2227639E+02  0.9681148E+03  0.9681148E+03
  0.3857489E+01  0.2618967E+02 -0.2233218E+02  0.9511425E+03  0.9511425E+03
  0.3854868E+01  0.2621662E+02 -0.2236175E+02  0.9841451E+03  0.9841451E+03
  0.3877318E+01  0.2624242E+02 -0.2236510E+02  0.1027123E+04  0.1027123E+04
  0.3899768E+01  0.2626822E+02 -0.2236845E+02  0.9691002E+03  0.9691002E+03
  0.3922217E+01  0.2629402E+02 -0.2237180E+02  0.9480778E+03  0.9480778E+03
  0.3780563E+01  0.2631541E+02 -0.2253485E+02  0.1024219E+04  0.1024219E+04
  0.3474804E+01  0.2633241E+02 -0.2285760E+02  0.9825252E+03  0.9825252E+03
  0.3169046E+01  0.2634941E+02 -0.2318036E+02  0.1025831E+04  0.1025831E+04
  0.2863287E+01  0.2636640E+02 -0.2350311E+02  0.1009137E+04  0.1009137E+04
  0.2794110E+01  0.2640734E+02 -0.2361323E+02  0.1057206E+04  0.1057206E+04
  0.2961513E+01  0.2647222E+02 -0.2351071E+02  0.1052038E+04  0.1052038E+04
  0.3128916E+01  0.2653711E+02 -0.2340819E+02  0.1051871E+04  0.1051871E+04
  0.3296319E+01  0.2660199E+02 -0.2330567E+02  0.9857037E+03  0.9857037E+03
  0.3295185E+01  0.2664342E+02 -0.2334824E+02  0.1027705E+04  0.1027705E+04
  0.3125514E+01  0.2666141E+02 -0.2353590E+02  0.9978745E+03  0.9978745E+03
  0.2955843E+01  0.2667940E+02 -0.2372356E+02  0.1029044E+04  0.1029044E+04
  0.2786172E+01  0.2669739E+02 -0.2391122E+02  0.1021214E+04  0.1021214E+04
  0.2664505E+01  0.2672824E+02 -0.2406374E+02  0.1071335E+04  0.1071335E+04
  0.2590843E+01  0.2677196E+02 -0.2418112E+02  0.1052409E+04  0.1052409E+04
  0.2517181E+01  0.2681568E+02 -0.2429850E+02  0.1067483E+04  0.1067483E+04
  0.2443519E+01  0.2685940E+02 -0.2441588E+02  0.1058557E+04  0.1058557E+04
  0.2399163E+01  0.2690478E+02 -0.2450561E+02  0.1044601E+04  0.1044601E+04
  0.2384115E+01  0.2695182E+02 -0.2456771E+02  0.1074616E+04  0.1074616E+04
  0.2369066E+01  0.2699887E+02 -0.2462980E+02  0.1025631E+04  0.1025631E+04
  0.2354017E+01  0.2704591E+02 -0.2469190E+02  0.1119646E+04  0.1119646E+04
  0.2400906E+01  0.2708956E+02 -0.2468866E+02  0.1025599E+04  0.1025599E+04
  0.2509731E+01  0.2712981E+02 -0.2462008E+02  0.1111490E+04  0.1111490E+04
  0.2618557E+01  0.2717007E+02 -0.2455151E+02  0.1066381E+04  0.1066381E+04
  0.2727382E+01  0.2721032E+02 -0.2448294E+02  0.1017273E+04  0.1017273E+04
  0.2734848E+01  0.2723775E+02 -0.2450290E+02  0.1100265E+04  0.1100265E+04
  0.2640953E+01  0.2725236E+02 -0.2461141E+02  0.1041359E+04  0.1041359E+04
  0.2547058E+01  0.2726697E+02 -0.2471991E+02  0.1054453E+04  0.1054453E+04
  0.2453164E+01  0.2728158E+02 -0.2482842E+02  0.1070547E+04  0.1070547E+04
  0.2393444E+01  0.2730397E+02 -0.2491053E+02  0.1043607E+04  0.1043607E+04
  0.2367900E+01  0.2733414E+02 -0.2496624E+02  0.1122632E+04  0.1122632E+04
  0.2342356E+01  0.2736431E+02 -0.2502196E+02  0.1103658E+04  0.1103658E+04
  0.2316812E+01  0.2739449E+02 -0.2507767E+02  0.1162683E+04  0.1162683E+04
  0.2355026E+01  0.2742489E+02 -0.2506987E+02  0.1083645E+04  0.1083645E+04
  0.2456997E+01  0.2745553E+02 -0.2499854E+02  0.9705430E+03  0.9705430E+03
  0.2558968E+01  0.2748618E+02 -0.2492721E+02  0.1047441E+04  0.1047441E+04
  0.2660939E+01  0.2751682E+02 -0.2485588E+02  0.1026339E+04  0.1026339E+04
  0.2713446E+01  0.2753384E+02 -0.2482040E+02  0.1098286E+04  0.1098286E+04
  0.2716487E+01  0.2753725E+02 -0.2482076E+02  0.1078284E+04  0.1078284E+04
  0.2719528E+01  0.2754066E+02 -0.2482113E+02  0.1073281E+04  0.1073281E+04
  0.2722569E+01  0.2754407E+02 -0.2482150E+02  0.1062277E+04  0.1062277E+04
  0.2794888E+01  0.2754829E+02 -0.2475340E+02  0.1043205E+04  0.1043205E+04
  0.2936483E+01  0.2755332E+02 -0.2461684E+02  0.1063063E+04  0.1063063E+04
  0.3078078E+01  0.2755835E+02 -0.2448028E+02  0.1057922E+04  0.1057922E+04
  0.3219673E+01  0.2756339E+02 -0.2434372E+02  0.9617803E+03  0.9617803E+03
  0.3116802E+01  0.2755667E+02 -0.2443987E+02  0.1060883E+04  0.1060883E+04
  0.2769464E+01  0.2753820E+02 -0.2476874E+02  0.1063231E+04  0.1063231E+04
  0.2422127E+01  0.2751974E+02 -0.2509761E+02  0.1100578E+04  0.1100578E+04
  0.2074789E+01  0.2750127E+02 -0.2542648E+02  0.1117925E+04  0.1117925E+04
  0.2036283E+01  0.2751426E+02 -0.2547797E+02  0.1097964E+04  0.1097964E+04
  0.2306611E+01  0.2755869E+02 -0.2525208E+02  0.1046693E+04  0.1046693E+04
  0.2576938E+01  0.2760312E+02 -0.2502618E+02  0.1044423E+04  0.1044423E+04
  0.2847266E+01  0.2764755E+02 -0.2480029E+02  0.1005153E+04  0.1005153E+04
  0.2797471E+01  0.2766097E+02 -0.2486350E+02  0.1056203E+04  0.1056203E+04
  0.2427554E+01  0.2764338E+02 -0.2521583E+02  0.1094572E+04  0.1094572E+04
  0.2057636E+01  0.2762579E+02 -0.2556815E+02  0.1109942E+04  0.1109942E+04
  0.1687720E+01  0.2760819E+02 -0.2592047E+02  0.1115312E+04  0.1115312E+04
  0.1603483E+01  0.2762298E+02 -0.2601950E+02  0.1085396E+04  0.1085396E+04
  0.1804926E+01  0.2767015E+02 -0.2586523E+02  0.1117195E+04  0.1117195E+04
  0.2006369E+01  0.2771733E+02 -0.2571096E+02  0.1053994E+04  0.1053994E+04
  0.2207812E+01  0.2776450E+02 -0.2555669E+02  0.1063792E+04  0.1063792E+04
  0.2319530E+01  0.2778638E+02 -0.2546685E+02  0.1093680E+04  0.1093680E+04
  0.2341524E+01  0.2778296E+02 -0.2544143E+02  0.1102658E+04  0.1102658E+04
  0.2363518E+01  0.2777954E+02 -0.2541603E+02  0.1076636E+04  0.1076636E+04
  0.2385511E+01  0.2777612E+02 -0.2539061E+02  0.1117615E+04  0.1117615E+04
  0.2380318E+01  0.2777018E+02 -0.2538986E+02  0.1015620E+04  0.1015620E+04
  0.2347938E+01  0.2776170E+02 -0.2541376E+02  0.1079652E+04  0.1079652E+04
  0.2315558E+01  0.2775322E+02 -0.2543766E+02  0.1099684E+04  0.1099684E+04
  0.2283178E+01  0.2774474E+02 -0.2546156E+02  0.1040717E+04  0.1040717E+04
  0.2221840E+01  0.2773885E+02 -0.2551701E+02  0.1047778E+04  0.1047778E+04
  0.2131545E+01  0.2773556E+02 -0.2560402E+02  0.1111868E+04  0.1111868E+04
  0.2041250E+01  0.2773227E+02 -0.2569102E+02  0.1079959E+04  0.1079959E+04
  0.1950954E+01  0.2772898E+02 -0.2577802E+02  0.1073049E+04  0.1073049E+04
  0.1944197E+01  0.2773174E+02 -0.2578754E+02  0.1120056E+04  0.1120056E+04
  0.2020977E+01  0.2774055E+02 -0.2571957E+02  0.1080979E+04  0.1080979E+04
  0.2097756E+01  0.2774936E+02 -0.2565160E+02  0.1085902E+04  0.1085902E+04
  0.2174536E+01  0.2775817E+02 -0.2558364E+02  0.1062825E+04  0.1062825E+04
  0.2127031E+01  0.2775834E+02 -0.2563131E+02  0.1035873E+04  0.1035873E+04
  0.1955240E+01  0.2774986E+02 -0.2579462E+02  0.1116045E+04  0.1116045E+04
  0.1783449E+01  0.2774137E+02 -0.2595793E+02  0.1110217E+04  0.1110217E+04
  0.1611657E+01  0.2773289E+02 -0.2612124E+02  0.1046388E+04  0.1046388E+04
  0.1503585E+01  0.2773660E+02 -0.2623301E+02  0.1139496E+04  0.1139496E+04
  0.1459231E+01  0.2775248E+02 -0.2629325E+02  0.1100541E+04  0.1100541E+04
  0.1414878E+01  0.2776836E+02 -0.2635348E+02  0.1154585E+04  0.1154585E+04
  0.1370525E+01  0.2778424E+02 -0.2641372E+02  0.1079630E+04  0.1079630E+04
  0.1430203E+01  0.2780092E+02 -0.2637072E+02  0.1103570E+04  0.1103570E+04
  0.1593914E+01  0.2781839E+02 -0.2622448E+02  0.1094406E+04  0.1094406E+04
  0.1757625E+01  0.2783587E+02 -0.2607824E+02  0.1004242E+04  0.1004242E+04
  0.1921336E+01  0.2785334E+02 -0.2593200E+02  0.1120079E+04  0.1120079E+04
  0.1911185E+01  0.2785225E+02 -0.2594107E+02  0.1103089E+04  0.1103089E+04
  0.1727173E+01  0.2783261E+02 -0.2610544E+02  0.1098273E+04  0.1098273E+04
  0.1543162E+01  0.2781297E+02 -0.2626981E+02  0.1133457E+04  0.1133457E+04
  0.1359150E+01  0.2779333E+02 -0.2643418E+02  0.1071641E+04  0.1071641E+04
  0.1259514E+01  0.2779093E+02 -0.2653142E+02  0.1084740E+04  0.1084740E+04
  0.1244254E+01  0.2780578E+02 -0.2656153E+02  0.1143756E+04  0.1143756E+04
  0.1228994E+01  0.2782063E+02 -0.2659164E+02  0.1117771E+04  0.1117771E+04
  0.1213734E+01  0.2783548E+02 -0.2662175E+02  0.1134786E+04  0.1134786E+04
  0.1326253E+01  0.2784798E+02 -0.2652173E+02  0.1060674E+04  0.1060674E+04
  0.1566549E+01  0.2785812E+02 -0.2629157E+02  0.1136433E+04  0.1136433E+04
  0.1806845E+01  0.2786826E+02 -0.2606141E+02  0.1044193E+04  0.1044193E+04
  0.2047141E+01  0.2787840E+02 -0.2583126E+02  0.1046953E+04  0.1046953E+04
  0.1963671E+01  0.2786540E+02 -0.2590173E+02  0.1085036E+04  0.1085036E+04
  0.1556436E+01  0.2782928E+02 -0.2627284E+02  0.1110444E+04  0.1110444E+04
  0.1149200E+01  0.2779314E+02 -0.2664394E+02  0.1106851E+04  0.1106851E+04
  0.7419642E+00  0.2775701E+02 -0.2701505E+02  0.1137258E+04  0.1137258E+04
  0.5054189E+00  0.2775810E+02 -0.2725268E+02  0.1145495E+04  0.1145495E+04
  0.4395642E+00  0.2779642E+02 -0.2735685E+02  0.1135560E+04  0.1135560E+04
  0.3737095E+00  0.2783473E+02 -0.2746102E+02  0.1100626E+04  0.1100626E+04
  0.3078547E+00  0.2787304E+02 -0.2756519E+02  0.1123692E+04  0.1123692E+04
  0.3895183E+00  0.2790966E+02 -0.2752015E+02  0.1199610E+04  0.1199610E+04
  0.6187001E+00  0.2794458E+02 -0.2732588E+02  0.1164381E+04  0.1164381E+04
  0.8478820E+00  0.2797950E+02 -0.2713162E+02  0.1132152E+04  0.1132152E+04
  0.1077064E+01  0.2801443E+02 -0.2693736E+02  0.1089923E+04  0.1089923E+04
  0.1100329E+01  0.2802420E+02 -0.2692387E+02  0.1115900E+04  0.1115900E+04
  0.9176760E+00  0.2800883E+02 -0.2709115E+02  0.1113082E+04  0.1113082E+04
  0.7350235E+00  0.2799345E+02 -0.2725843E+02  0.1202265E+04  0.1202265E+04
  0.5523710E+00  0.2797808E+02 -0.2742571E+02  0.1082448E+04  0.1082448E+04
  0.4707263E+00  0.2798008E+02 -0.2750935E+02  0.1118529E+04  0.1118529E+04
  0.4900894E+00  0.2799945E+02 -0.2750936E+02  0.1157510E+04  0.1157510E+04
  0.5094525E+00  0.2801883E+02 -0.2750938E+02  0.1170491E+04  0.1170491E+04
  0.5288156E+00  0.2803820E+02 -0.2750939E+02  0.1151471E+04  0.1151471E+04
  0.5615473E+00  0.2805282E+02 -0.2749128E+02  0.1065438E+04  0.1065438E+04
  0.6076475E+00  0.2806269E+02 -0.2745504E+02  0.1167392E+04  0.1167392E+04
  0.6537478E+00  0.2807255E+02 -0.2741881E+02  0.1111346E+04  0.1111346E+04
  0.6998481E+00  0.2808242E+02 -0.2738257E+02  0.1109300E+04  0.1109300E+04
  0.8012119E+00  0.2808549E+02 -0.2728428E+02  0.1156199E+04  0.1156199E+04
  0.9578393E+00  0.2808177E+02 -0.2712393E+02  0.1140042E+04  0.1140042E+04
  0.1114467E+01  0.2807804E+02 -0.2696358E+02  0.1119885E+04  0.1119885E+04
  0.1271094E+01  0.2807432E+02 -0.2680323E+02  0.1081729E+04  0.1081729E+04
  0.1249194E+01  0.2805688E+02 -0.2680769E+02  0.1087751E+04  0.1087751E+04
  0.1048765E+01  0.2802571E+02 -0.2697695E+02  0.1115951E+04  0.1115951E+04
  0.8483364E+00  0.2799455E+02 -0.2714621E+02  0.1115152E+04  0.1115152E+04
  0.6479078E+00  0.2796338E+02 -0.2731547E+02  0.1124352E+04  0.1124352E+04
  0.6392040E+00  0.2795380E+02 -0.2731459E+02  0.1147361E+04  0.1147361E+04
  0.8222250E+00  0.2796580E+02 -0.2714357E+02  0.1125178E+04  0.1125178E+04
  0.1005246E+01  0.2797779E+02 -0.2697255E+02  0.1073995E+04  0.1073995E+04
  0.1188267E+01  0.2798979E+02 -0.2680153E+02  0.1151812E+04  0.1151812E+04
  0.1130107E+01  0.2798323E+02 -0.2685312E+02  0.1094870E+04  0.1094870E+04
  0.8307665E+00  0.2795810E+02 -0.2712734E+02  0.1074169E+04  0.1074169E+04
  0.5314258E+00  0.2793298E+02 -0.2740155E+02  0.1123469E+04  0.1123469E+04
  0.2320850E+00  0.2790785E+02 -0.2767577E+02  0.1128768E+04  0.1128768E+04
  0.1223560E+00  0.2790935E+02 -0.2778700E+02  0.1121878E+04  0.1121878E+04
  0.2022389E+00  0.2793747E+02 -0.2773524E+02  0.1199798E+04  0.1199798E+04
  0.2821218E+00  0.2796560E+02 -0.2768347E+02  0.1119718E+04  0.1119718E+04
  0.3620047E+00  0.2799372E+02 -0.2763171E+02  0.1119638E+04  0.1119638E+04
  0.4019461E+00  0.2800901E+02 -0.2772594E+02  0.1123598E+04  0.1123598E+04
  0.4019461E+00  0.2801149E+02 -0.2796615E+02  0.1169598E+04  0.1169598E+04
 -0.5490153E+00  0.2801397E+02 -0.2820637E+02  0.1174549E+04  0.1174549E+04
 -0.5490153E+00  0.2801645E+02 -0.2844659E+02  0.1136549E+04  0.1136549E+04
 -0.4881778E+00  0.2803676E+02 -0.2852494E+02  0.1230488E+04  0.1230488E+04
 -0.3665027E+00  0.2807491E+02 -0.2844142E+02  0.1144366E+04  0.1144366E+04
 -0.2448277E+00  0.2811307E+02 -0.2835789E+02  0.1151245E+04  0.1151245E+04
 -0.1231526E+00  0.2815122E+02 -0.2827437E+02  0.1211123E+04  0.1211123E+04
 -0.1770733E+00  0.2817159E+02 -0.2834867E+02  0.1165177E+04  0.1165177E+04
 -0.4065897E+00  0.2817419E+02 -0.2858078E+02  0.1095407E+04  0.1095407E+04
 -0.6361060E+00  0.2817679E+02 -0.2881289E+02  0.1177636E+04  0.1177636E+04
 -0.8656224E+00  0.2817938E+02 -0.2904500E+02  0.1168866E+04  0.1168866E+04
 -0.9803806E+00  0.2819960E+02 -0.2903879E+02  0.1193980E+04  0.1193980E+04
 -0.9803806E+00  0.2823744E+02 -0.2879424E+02  0.1229980E+04  0.1229980E+04
  0.1491840E+00  0.2827528E+02 -0.2854969E+02  0.1179851E+04  0.1179851E+04
  0.1491840E+00  0.2831312E+02 -0.2830514E+02  0.1180851E+04  0.1180851E+04
  0.1491840E+00  0.2832207E+02 -0.2820677E+02  0.1122851E+04  0.1122851E+04
  0.1491840E+00  0.2830211E+02 -0.2825459E+02  0.1121851E+04  0.1121851E+04
 -0.1219314E+00  0.2828216E+02 -0.2830242E+02  0.1133122E+04  0.1133122E+04
 -0.1219314E+00  0.2826220E+02 -0.2835024E+02  0.1117122E+04  0.1117122E+04
 -0.1320170E+00  0.2825031E+02 -0.2838232E+02  0.1175132E+04  0.1175132E+04
 -0.1521881E+00  0.2824648E+02 -0.2839866E+02  0.1207152E+04  0.1207152E+04
 -0.1723592E+00  0.2824265E+02 -0.2841500E+02  0.1155172E+04  0.1155172E+04
 -0.1925303E+00  0.2823881E+02 -0.2843134E+02  0.1157193E+04  0.1157193E+04
 -0.2026159E+00  0.2823746E+02 -0.2839960E+02  0.1130203E+04  0.1130203E+04
 -0.2026159E+00  0.2823860E+02 -0.2831976E+02  0.1197203E+04  0.1197203E+04
  0.1212574E+00  0.2823973E+02 -0.2823992E+02  0.1143879E+04  0.1143879E+04
  0.1212574E+00  0.2824086E+02 -0.2816009E+02  0.1148879E+04  0.1148879E+04
  0.1212574E+00  0.2823289E+02 -0.2823049E+02  0.1156879E+04  0.1156879E+04
  0.1212574E+00  0.2821583E+02 -0.2845114E+02  0.1125879E+04  0.1125879E+04
 -0.8295820E+00  0.2819877E+02 -0.2867179E+02  0.1215830E+04  0.1215830E+04
 -0.8295820E+00  0.2818171E+02 -0.2889243E+02  0.1165830E+04  0.1165830E+04
 -0.7710540E+00  0.2818619E+02 -0.2895724E+02  0.1128771E+04  0.1128771E+04
 -0.6539981E+00  0.2821222E+02 -0.2886621E+02  0.1204654E+04  0.1204654E+04
 -0.5369422E+00  0.2823824E+02 -0.2877518E+02  0.1148537E+04  0.1148537E+04
 -0.4198863E+00  0.2826427E+02 -0.2868416E+02  0.1129420E+04  0.1129420E+04
 -0.3613583E+00  0.2827502E+02 -0.2852654E+02  0.1220361E+04  0.1220361E+04
 -0.3613583E+00  0.2827048E+02 -0.2830232E+02  0.1155361E+04  0.1155361E+04
  0.5173575E+00  0.2826595E+02 -0.2807811E+02  0.1178483E+04  0.1178483E+04
  0.5173575E+00  0.2826142E+02 -0.2785390E+02  0.1126483E+04  0.1126483E+04
  0.5301092E+00  0.2823809E+02 -0.2770798E+02  0.1124470E+04  0.1124470E+04
  0.5556129E+00  0.2819597E+02 -0.2764036E+02  0.1069444E+04  0.1069444E+04
  0.5811164E+00  0.2815384E+02 -0.2757273E+02  0.1082419E+04  0.1082419E+04
  0.6066200E+00  0.2811172E+02 -0.2750510E+02  0.1130393E+04  0.1130393E+04
  0.6193718E+00  0.2807025E+02 -0.2755814E+02  0.1124381E+04  0.1124381E+04
  0.6193718E+00  0.2802944E+02 -0.2773185E+02  0.1110381E+04  0.1110381E+04
 -0.2387233E+00  0.2798862E+02 -0.2790556E+02  0.1120239E+04  0.1120239E+04
 -0.2387233E+00  0.2794781E+02 -0.2807927E+02  0.1146239E+04  0.1146239E+04
 -0.2387233E+00  0.2792750E+02 -0.2810154E+02  0.1132239E+04  0.1132239E+04
 -0.2387233E+00  0.2792770E+02 -0.2797237E+02  0.1160239E+04  0.1160239E+04
  0.2787402E+00  0.2792789E+02 -0.2784320E+02  0.1100721E+04  0.1100721E+04
  0.2787402E+00  0.2792809E+02 -0.2771403E+02  0.1083721E+04  0.1083721E+04
  0.2680352E+00  0.2791263E+02 -0.2764460E+02  0.1136732E+04  0.1136732E+04
  0.2466254E+00  0.2788153E+02 -0.2763490E+02  0.1145753E+04  0.1145753E+04
  0.2252156E+00  0.2785042E+02 -0.2762521E+02  0.1131775E+04  0.1131775E+04
  0.2038057E+00  0.2781931E+02 -0.2761551E+02  0.1127796E+04  0.1127796E+04
  0.2529653E+00  0.2778967E+02 -0.2753670E+02  0.1132747E+04  0.1132747E+04
  0.3726942E+00  0.2776148E+02 -0.2738878E+02  0.1060627E+04  0.1060627E+04
  0.4924232E+00  0.2773329E+02 -0.2724086E+02  0.1119508E+04  0.1119508E+04
  0.6121522E+00  0.2770510E+02 -0.2709294E+02  0.1184388E+04  0.1184388E+04
  0.1010765E+01  0.2766747E+02 -0.2665670E+02  0.1037989E+04  0.1037989E+04
  0.1688261E+01  0.2762040E+02 -0.2593214E+02  0.1013312E+04  0.1013312E+04
  0.2365757E+01  0.2757333E+02 -0.2520757E+02  0.1033634E+04  0.1033634E+04
  0.3043254E+01  0.2752626E+02 -0.2448301E+02  0.1005957E+04  0.1005957E+04
  0.3863462E+01  0.2742307E+02 -0.2355961E+02  0.9381365E+03  0.9381365E+03
  0.4826381E+01  0.2726376E+02 -0.2243738E+02  0.8951736E+03  0.8951736E+03
  0.5789300E+01  0.2710445E+02 -0.2131515E+02  0.8892107E+03  0.8892107E+03
  0.6752220E+01  0.2694514E+02 -0.2019292E+02  0.7762478E+03  0.7762478E+03
  0.7638359E+01  0.2672033E+02 -0.1908197E+02  0.7913616E+03  0.7913616E+03
  0.8447718E+01  0.2643001E+02 -0.1798229E+02  0.6765523E+03  0.6765523E+03
  0.9257077E+01  0.2613970E+02 -0.1688262E+02  0.6577429E+03  0.6577429E+03
  0.1006644E+02  0.2584938E+02 -0.1578294E+02  0.5619336E+03  0.5619336E+03
  0.1047118E+02  0.2552113E+02 -0.1504994E+02  0.6305288E+03  0.6305288E+03
  0.1047132E+02  0.2515494E+02 -0.1468362E+02  0.5585287E+03  0.5585287E+03
  0.1047145E+02  0.2478874E+02 -0.1431729E+02  0.5635286E+03  0.5635286E+03
  0.1047159E+02  0.2442255E+02 -0.1395096E+02  0.5655284E+03  0.5655284E+03
  0.1039336E+02  0.2409134E+02 -0.1369798E+02  0.5086066E+03  0.5086066E+03
  0.1023678E+02  0.2379510E+02 -0.1355832E+02  0.5307632E+03  0.5307632E+03
  0.1008019E+02  0.2349887E+02 -0.1341867E+02  0.5189198E+03  0.5189198E+03
  0.9923610E+01  0.2320263E+02 -0.1327902E+02  0.5610764E+03  0.5610764E+03
  0.9699110E+01  0.2293664E+02 -0.1323753E+02  0.5393009E+03  0.5393009E+03
  0.9406694E+01  0.2270091E+02 -0.1329421E+02  0.4615933E+03  0.4615933E+03
  0.9114279E+01  0.2246517E+02 -0.1335089E+02  0.5108857E+03  0.5108857E+03
  0.8821863E+01  0.2222944E+02 -0.1340757E+02  0.5571782E+03  0.5571782E+03
  0.8570089E+01  0.2202307E+02 -0.1345298E+02  0.5174299E+03  0.5174299E+03
  0.8358958E+01  0.2184608E+02 -0.1348712E+02  0.5336411E+03  0.5336411E+03
  0.8147827E+01  0.2166909E+02 -0.1352126E+02  0.5498522E+03  0.5498522E+03
  0.7936696E+01  0.2149210E+02 -0.1355540E+02  0.5260633E+03  0.5260633E+03
  0.7779448E+01  0.2132733E+02 -0.1354788E+02  0.5472206E+03  0.5472206E+03
  0.7676084E+01  0.2117480E+02 -0.1349871E+02  0.5183239E+03  0.5183239E+03
  0.7572720E+01  0.2102226E+02 -0.1344954E+02  0.5514273E+03  0.5514273E+03
  0.7469356E+01  0.2086973E+02 -0.1340037E+02  0.5165306E+03  0.5165306E+03
  0.7342006E+01  0.2071548E+02 -0.1337348E+02  0.5066580E+03  0.5066580E+03
  0.7190669E+01  0.2055952E+02 -0.1336885E+02  0.5378093E+03  0.5378093E+03
  0.7039332E+01  0.2040356E+02 -0.1336423E+02  0.5199607E+03  0.5199607E+03
  0.6887995E+01  0.2024760E+02 -0.1335961E+02  0.5151120E+03  0.5151120E+03
  0.6746466E+01  0.2009351E+02 -0.1334704E+02  0.5452535E+03  0.5452535E+03
  0.6614745E+01  0.1994128E+02 -0.1332654E+02  0.5263853E+03  0.5263853E+03
  0.6483024E+01  0.1978905E+02 -0.1330603E+02  0.5325170E+03  0.5325170E+03
  0.6351303E+01  0.1963683E+02 -0.1328553E+02  0.5116487E+03  0.5116487E+03
  0.6197680E+01  0.1948651E+02 -0.1328883E+02  0.5208023E+03  0.5208023E+03
  0.6022154E+01  0.1933810E+02 -0.1331595E+02  0.5289778E+03  0.5289778E+03
  0.5846630E+01  0.1918970E+02 -0.1334307E+02  0.5711534E+03  0.5711534E+03
  0.5671104E+01  0.1904129E+02 -0.1337019E+02  0.5003289E+03  0.5003289E+03
  0.5655377E+01  0.1890286E+02 -0.1324749E+02  0.5023446E+03  0.5023446E+03
  0.5799449E+01  0.1877441E+02 -0.1297497E+02  0.5392006E+03  0.5392006E+03
  0.5943520E+01  0.1864596E+02 -0.1270244E+02  0.4910565E+03  0.4910565E+03
  0.6087592E+01  0.1851752E+02 -0.1242992E+02  0.5059124E+03  0.5059124E+03
  0.6074485E+01  0.1837222E+02 -0.1229774E+02  0.4829255E+03  0.4829255E+03
  0.5904201E+01  0.1821009E+02 -0.1230589E+02  0.4550958E+03  0.4550958E+03
  0.5733917E+01  0.1804796E+02 -0.1231404E+02  0.4822661E+03  0.4822661E+03
  0.5563632E+01  0.1788582E+02 -0.1232219E+02  0.4974364E+03  0.4974364E+03
  0.5442791E+01  0.1774142E+02 -0.1229863E+02  0.4765572E+03  0.4765572E+03
  0.5371394E+01  0.1761475E+02 -0.1224336E+02  0.4856286E+03  0.4856286E+03
  0.5299996E+01  0.1748808E+02 -0.1218809E+02  0.4777000E+03  0.4777000E+03
  0.5228599E+01  0.1736142E+02 -0.1213282E+02  0.4627714E+03  0.4627714E+03
  0.5119955E+01  0.1723950E+02 -0.1211954E+02  0.4668800E+03  0.4668800E+03
  0.4974065E+01  0.1712233E+02 -0.1214826E+02  0.4980259E+03  0.4980259E+03
  0.4828175E+01  0.1700516E+02 -0.1217698E+02  0.4731718E+03  0.4731718E+03
  0.4682285E+01  0.1688799E+02 -0.1220570E+02  0.4793177E+03  0.4793177E+03
  0.4742282E+01  0.1678155E+02 -0.1203927E+02  0.4972577E+03  0.4972577E+03
  0.5008167E+01  0.1668585E+02 -0.1167768E+02  0.4719918E+03  0.4719918E+03
  0.5274052E+01  0.1659014E+02 -0.1131609E+02  0.4227260E+03  0.4227260E+03
  0.5539937E+01  0.1649444E+02 -0.1095451E+02  0.4304601E+03  0.4304601E+03
  0.5563025E+01  0.1637375E+02 -0.1081073E+02  0.4124370E+03  0.4124370E+03
  0.5343317E+01  0.1622808E+02 -0.1088477E+02  0.4236567E+03  0.4236567E+03
  0.5123608E+01  0.1608241E+02 -0.1095880E+02  0.4158764E+03  0.4158764E+03
  0.4903900E+01  0.1593674E+02 -0.1103284E+02  0.4450961E+03  0.4450961E+03
  0.4815989E+01  0.1581509E+02 -0.1099910E+02  0.4511840E+03  0.4511840E+03
  0.4859877E+01  0.1571746E+02 -0.1085758E+02  0.4241401E+03  0.4241401E+03
  0.4903764E+01  0.1561982E+02 -0.1071606E+02  0.4210962E+03  0.4210962E+03
  0.4947651E+01  0.1552219E+02 -0.1057454E+02  0.4200523E+03  0.4200523E+03
  0.4956153E+01  0.1541940E+02 -0.1046324E+02  0.3860439E+03  0.3860439E+03
  0.4929272E+01  0.1531144E+02 -0.1038217E+02  0.4170707E+03  0.4170707E+03
  0.4902390E+01  0.1520348E+02 -0.1030109E+02  0.3890976E+03  0.3890976E+03
  0.4875508E+01  0.1509553E+02 -0.1022002E+02  0.4271245E+03  0.4271245E+03
  0.4994874E+01  0.1499011E+02 -0.9995234E+01  0.3950051E+03  0.3950051E+03
  0.5260488E+01  0.1488723E+02 -0.9626738E+01  0.3817395E+03  0.3817395E+03
  0.5526102E+01  0.1478434E+02 -0.9258243E+01  0.3484739E+03  0.3484739E+03
  0.5791716E+01  0.1468146E+02 -0.8889747E+01  0.4012083E+03  0.4012083E+03
  0.6290992E+01  0.1455697E+02 -0.8265975E+01  0.3147090E+03  0.3147090E+03
  0.7023930E+01  0.1441086E+02 -0.7386927E+01  0.2879761E+03  0.2879761E+03
  0.7756868E+01  0.1426475E+02 -0.6507880E+01  0.2492431E+03  0.2492431E+03
  0.8489806E+01  0.1411864E+02 -0.5628831E+01  0.2215102E+03  0.2215102E+03
  0.9123618E+01  0.1391829E+02 -0.4794667E+01  0.1888764E+03  0.1888764E+03
  0.9658307E+01  0.1366369E+02 -0.4005386E+01  0.1253417E+03  0.1253417E+03
  0.1019299E+02  0.1340910E+02 -0.3216105E+01  0.1118070E+03  0.1118070E+03
  0.1072768E+02  0.1315451E+02 -0.2426824E+01  0.9627232E+02  0.9627232E+02
  0.1099817E+02  0.1287694E+02 -0.1878769E+01  0.4800182E+02  0.4800182E+02
  0.1100447E+02  0.1257641E+02 -0.1571940E+01  0.2199553E+02  0.2199553E+02
  0.1101077E+02  0.1227588E+02 -0.1265111E+01  0.3098923E+02  0.3098923E+02
  0.1101706E+02  0.1197534E+02 -0.9582817E+00  0.1498294E+02  0.1498294E+02
  0.1094729E+02  0.1169751E+02 -0.7502185E+00  0.1905271E+02  0.1905271E+02
  0.1080146E+02  0.1144238E+02 -0.6409211E+00  0.1819854E+02  0.1819854E+02
  0.1065563E+02  0.1118725E+02 -0.5316238E+00  0.1134437E+02  0.1134437E+02
  0.1050979E+02  0.1093212E+02 -0.4223265E+00 -0.5097933E+00  0.0000000E+00
  0.1034727E+02  0.1070310E+02 -0.3558219E+00 -0.3472748E+00  0.0000000E+00
  0.1016807E+02  0.1050018E+02 -0.3321101E+00  0.5831927E+01  0.5831927E+01
  0.9988871E+01  0.1029727E+02 -0.3083983E+00 -0.3988871E+01  0.0000000E+00
  0.9809669E+01  0.1009435E+02 -0.2846865E+00  0.4190331E+01  0.4190331E+01
  0.9633284E+01  0.9910149E+01 -0.2768645E+00 -0.1633284E+01  0.0000000E+00
  0.9459717E+01  0.9744649E+01 -0.2849323E+00  0.5540283E+01  0.5540283E+01
  0.9286150E+01  0.9579150E+01 -0.2930000E+00  0.7713850E+01  0.7713850E+01
  0.9112583E+01  0.9413651E+01 -0.3010678E+00  0.1887417E+01  0.1887417E+01
  0.8962802E+01  0.9260755E+01 -0.2979528E+00  0.1037198E+01  0.1037198E+01
  0.8836807E+01  0.9120462E+01 -0.2836550E+00  0.1163193E+01  0.1163193E+01
  0.8710813E+01  0.8980169E+01 -0.2693573E+00  0.2289187E+01  0.2289187E+01
  0.8584818E+01  0.8839877E+01 -0.2550595E+00  0.4151821E+00  0.4151821E+00
  0.8457469E+01  0.8703821E+01 -0.2463524E+00 -0.2457469E+01  0.0000000E+00
  0.8328766E+01  0.8572001E+01 -0.2432361E+00  0.4671234E+01  0.4671234E+01
  0.8200063E+01  0.8440183E+01 -0.2401197E+00  0.4799937E+01  0.4799937E+01
  0.8071360E+01  0.8308363E+01 -0.2370033E+00 -0.1071360E+01  0.0000000E+00
  0.7946635E+01  0.8178932E+01 -0.2322980E+00  0.2053365E+01  0.2053365E+01
  0.7825886E+01  0.8051889E+01 -0.2260038E+00 -0.8258862E+00  0.0000000E+00
  0.7705138E+01  0.7924848E+01 -0.2197097E+00  0.1294862E+01  0.1294862E+01
  0.7584389E+01  0.7797805E+01 -0.2134156E+00  0.3415611E+01  0.3415611E+01
  0.7468946E+01  0.7673636E+01 -0.2046909E+00 -0.1468946E+01  0.0000000E+00
  0.7358806E+01  0.7552342E+01 -0.1935358E+00 -0.3588061E+00  0.0000000E+00
  0.7248667E+01  0.7431047E+01 -0.1823806E+00 -0.2486668E+00  0.0000000E+00
  0.7138527E+01  0.7309753E+01 -0.1712255E+00 -0.4138527E+01  0.0000000E+00
  0.7025098E+01  0.7193163E+01 -0.1680644E+00 -0.2025098E+01  0.0000000E+00
  0.6908379E+01  0.7081277E+01 -0.1728975E+00  0.4091621E+01  0.4091621E+01
  0.6791660E+01  0.6969391E+01 -0.1777306E+00 -0.2791660E+01  0.0000000E+00
  0.6674941E+01  0.6857505E+01 -0.1825637E+00  0.2325059E+01  0.2325059E+01
  0.6566438E+01  0.6752240E+01 -0.1858016E+00  0.2433562E+01  0.2433562E+01
  0.6466151E+01  0.6653595E+01 -0.1874442E+00  0.5338488E+00  0.5338488E+00
  0.6365864E+01  0.6554951E+01 -0.1890868E+00  0.1634136E+01  0.1634136E+01
  0.6265577E+01  0.6456307E+01 -0.1907294E+00  0.2734423E+01  0.2734423E+01
  0.6179595E+01  0.6363175E+01 -0.1835801E+00 -0.1795955E+00  0.0000000E+00
  0.6107917E+01  0.6275557E+01 -0.1676389E+00  0.8920827E+00  0.8920827E+00
  0.6036240E+01  0.6187938E+01 -0.1516978E+00 -0.3036240E+01  0.0000000E+00
  0.5964562E+01  0.6100319E+01 -0.1357567E+00 -0.1964562E+01  0.0000000E+00
  0.5885898E+01  0.6016101E+01 -0.1302031E+00  0.1141019E+00  0.1141019E+00
  0.5800247E+01  0.5935284E+01 -0.1350370E+00  0.1199753E+01  0.1199753E+01
  0.5714596E+01  0.5854467E+01 -0.1398709E+00  0.2854037E+00  0.2854037E+00
  0.5628945E+01  0.5773650E+01 -0.1447048E+00  0.1371055E+01  0.1371055E+01
  0.5550740E+01  0.5697864E+01 -0.1471237E+00  0.1449260E+01  0.1449260E+01
  0.5479980E+01  0.5627107E+01 -0.1471276E+00 -0.2479980E+01  0.0000000E+00
  0.5409220E+01  0.5556351E+01 -0.1471314E+00 -0.1409220E+01  0.0000000E+00
  0.5338459E+01  0.5485595E+01 -0.1471353E+00  0.6615405E+00  0.6615405E+00
  0.5264208E+01  0.5418561E+01 -0.1543536E+00  0.3735792E+01  0.3735792E+01
  0.5186465E+01  0.5355251E+01 -0.1687865E+00 -0.1186465E+01  0.0000000E+00
  0.5108722E+01  0.5291941E+01 -0.1832194E+00  0.4891278E+01  0.4891278E+01
  0.5030979E+01  0.5228631E+01 -0.1976522E+00  0.2969021E+01  0.2969021E+01
  0.4977688E+01  0.5169772E+01 -0.1920834E+00  0.1022312E+01  0.1022312E+01
  0.4948851E+01  0.5115365E+01 -0.1665129E+00  0.3051149E+01  0.3051149E+01
  0.4920014E+01  0.5060956E+01 -0.1409424E+00 -0.2920014E+01  0.0000000E+00
  0.4891177E+01  0.5006549E+01 -0.1153719E+00  0.1088228E+00  0.1088228E+00
  0.4836113E+01  0.4952332E+01 -0.1162191E+00  0.1638865E+00  0.1638865E+00
  0.4754823E+01  0.4898307E+01 -0.1434841E+00 -0.7548232E+00  0.0000000E+00
  0.4673532E+01  0.4844282E+01 -0.1707491E+00  0.7326468E+01  0.7326468E+01
  0.4592242E+01  0.4790257E+01 -0.1980140E+00  0.2407758E+01  0.2407758E+01
  0.4536604E+01  0.4741858E+01 -0.2052539E+00  0.2463396E+01  0.2463396E+01
  0.4506618E+01  0.4699088E+01 -0.1924688E+00  0.2493382E+01  0.2493382E+01
  0.4476633E+01  0.4656316E+01 -0.1796836E+00  0.3523367E+01  0.3523367E+01
  0.4446647E+01  0.4613546E+01 -0.1668984E+00  0.1553353E+01  0.1553353E+01
  0.4413173E+01  0.4571291E+01 -0.1581185E+00  0.1586827E+01  0.1586827E+01
  0.4376211E+01  0.4529554E+01 -0.1533440E+00  0.6237893E+00  0.6237893E+00
  0.4339248E+01  0.4487817E+01 -0.1485694E+00  0.4660752E+01  0.4660752E+01
  0.4302285E+01  0.4446080E+01 -0.1437948E+00  0.6977148E+00  0.6977148E+00
  0.4266303E+01  0.4406101E+01 -0.1397978E+00 -0.1266303E+01  0.0000000E+00
  0.4231301E+01  0.4367879E+01 -0.1365784E+00  0.7686987E+00  0.7686987E+00
  0.4196299E+01  0.4329658E+01 -0.1333589E+00  0.2803701E+01  0.2803701E+01
  0.4161297E+01  0.4291437E+01 -0.1301395E+00 -0.1161297E+01  0.0000000E+00
  0.4130506E+01  0.4255031E+01 -0.1245251E+00  0.2869494E+01  0.2869494E+01
  0.4103924E+01  0.4220439E+01 -0.1165159E+00 -0.1103924E+01  0.0000000E+00
  0.4077342E+01  0.4185848E+01 -0.1085066E+00 -0.1077342E+01  0.0000000E+00
  0.4050760E+01  0.4151257E+01 -0.1004973E+00 -0.5075979E-01  0.0000000E+00
  0.4010025E+01  0.4117796E+01 -0.1077711E+00 -0.1002502E-01  0.0000000E+00
  0.3955137E+01  0.4085465E+01 -0.1303280E+00  0.4486299E-01  0.4486299E-01
  0.3900249E+01  0.4053133E+01 -0.1528848E+00  0.5099751E+01  0.5099751E+01
  0.3845361E+01  0.4020802E+01 -0.1754416E+00  0.3154639E+01  0.3154639E+01
  0.3809446E+01  0.3992151E+01 -0.1827057E+00 -0.8094456E+00  0.0000000E+00
  0.3792502E+01  0.3967179E+01 -0.1746771E+00  0.6207498E+01  0.6207498E+01
  0.3775559E+01  0.3942208E+01 -0.1666484E+00  0.5224441E+01  0.5224441E+01
  0.3758616E+01  0.3917236E+01 -0.1586198E+00  0.1241384E+01  0.1241384E+01
  0.3742983E+01  0.3891969E+01 -0.1489862E+00  0.2257017E+01  0.2257017E+01
  0.3728661E+01  0.3866409E+01 -0.1377475E+00  0.2713387E+00  0.2713387E+00
  0.3714339E+01  0.3840848E+01 -0.1265089E+00  0.3285661E+01  0.3285661E+01
  0.3700017E+01  0.3815287E+01 -0.1152703E+00 -0.1700017E+01  0.0000000E+00
  0.3676956E+01  0.3789838E+01 -0.1128812E+00  0.1323044E+01  0.1323044E+01
  0.3645158E+01  0.3764499E+01 -0.1193415E+00 -0.6451578E+00  0.0000000E+00
  0.3613359E+01  0.3739161E+01 -0.1258019E+00 -0.1613359E+01  0.0000000E+00
  0.3581560E+01  0.3713823E+01 -0.1322622E+00  0.3418440E+01  0.3418440E+01
  0.3560979E+01  0.3690025E+01 -0.1290463E+00  0.2439021E+01  0.2439021E+01
  0.3551614E+01  0.3667768E+01 -0.1161542E+00  0.2448386E+01  0.2448386E+01
  0.3542249E+01  0.3645511E+01 -0.1032620E+00 -0.2542249E+01  0.0000000E+00
  0.3532885E+01  0.3623255E+01 -0.9036982E-01  0.1467115E+01  0.1467115E+01
  0.3505851E+01  0.3600291E+01 -0.9443991E-01  0.1494149E+01  0.1494149E+01
  0.3461149E+01  0.3576621E+01 -0.1154722E+00 -0.1461149E+01  0.0000000E+00
  0.3416446E+01  0.3552951E+01 -0.1365046E+00  0.2583554E+01  0.2583554E+01
  0.3371743E+01  0.3529280E+01 -0.1575369E+00  0.5628257E+01  0.5628257E+01
  0.3348197E+01  0.3508174E+01 -0.1599764E+00  0.5651803E+01  0.5651803E+01
  0.3345807E+01  0.3489630E+01 -0.1438229E+00 -0.1345807E+01  0.0000000E+00
  0.3343417E+01  0.3471087E+01 -0.1276695E+00  0.4656583E+01  0.4656583E+01
  0.3341027E+01  0.3452543E+01 -0.1115161E+00 -0.3410270E+00  0.0000000E+00
  0.3329740E+01  0.3432382E+01 -0.1026421E+00 -0.1329740E+01  0.0000000E+00
  0.3309556E+01  0.3410603E+01 -0.1010476E+00 -0.3095558E+00  0.0000000E+00
  0.3289371E+01  0.3388825E+01 -0.9945314E-01  0.7106285E+00  0.7106285E+00
  0.3269187E+01  0.3367046E+01 -0.9785867E-01  0.7308128E+00  0.7308128E+00
  0.3241516E+01  0.3345885E+01 -0.1043685E+00  0.7584839E+00  0.7584839E+00
  0.3206358E+01  0.3325341E+01 -0.1189826E+00 -0.2063582E+00  0.0000000E+00
  0.3171200E+01  0.3304797E+01 -0.1335968E+00  0.3828800E+01  0.3828800E+01
  0.3136042E+01  0.3284253E+01 -0.1482109E+00  0.2863958E+01  0.2863958E+01
  0.3118755E+01  0.3265361E+01 -0.1466064E+00  0.4881245E+01  0.4881245E+01
  0.3119338E+01  0.3248121E+01 -0.1287833E+00 -0.1193378E+00  0.0000000E+00
  0.3119921E+01  0.3230881E+01 -0.1109602E+00  0.2880079E+01  0.2880079E+01
  0.3120504E+01  0.3213641E+01 -0.9313712E-01 -0.3120504E+01  0.0000000E+00
  0.3107160E+01  0.3194637E+01 -0.8747718E-01 -0.3107160E+01  0.0000000E+00
  0.3079888E+01  0.3173869E+01 -0.9398042E-01  0.3920112E+01  0.3920112E+01
  0.3052617E+01  0.3153100E+01 -0.1004836E+00 -0.5261660E-01  0.0000000E+00
  0.3025345E+01  0.3132332E+01 -0.1069869E+00  0.2974655E+01  0.2974655E+01
  0.3007419E+01  0.3112802E+01 -0.1053820E+00  0.9925807E+00  0.9925807E+00
  0.2998840E+01  0.3094509E+01 -0.9566898E-01  0.1001160E+01  0.1001160E+01
  0.2990260E+01  0.3076216E+01 -0.8595596E-01 -0.2990260E+01  0.0000000E+00
  0.2981681E+01  0.3057924E+01 -0.7624295E-01  0.1831889E-01  0.1831889E-01
  0.2965911E+01  0.3038924E+01 -0.7301342E-01  0.1034089E+01  0.1034089E+01
  0.2942951E+01  0.3019218E+01 -0.7626741E-01  0.1057049E+01  0.1057049E+01
  0.2919991E+01  0.2999512E+01 -0.7952140E-01  0.1080009E+01  0.1080009E+01
  0.2897030E+01  0.2979805E+01 -0.8277539E-01  0.1102970E+01  0.1102970E+01
  0.2875744E+01  0.2960970E+01 -0.8522621E-01  0.1242559E+00  0.1242559E+00
  0.2856133E+01  0.2943006E+01 -0.8687386E-01 -0.8561325E+00  0.0000000E+00
  0.2836521E+01  0.2925042E+01 -0.8852150E-01 -0.8365209E+00  0.0000000E+00
  0.2816909E+01  0.2907078E+01 -0.9016915E-01  0.6183091E+01  0.6183091E+01
  0.2795913E+01  0.2889350E+01 -0.9343803E-01 -0.7959125E+00  0.0000000E+00
  0.2773530E+01  0.2871859E+01 -0.9832813E-01 -0.1773530E+01  0.0000000E+00
  0.2751149E+01  0.2854367E+01 -0.1032182E+00  0.1248851E+01  0.1248851E+01
  0.2728767E+01  0.2836875E+01 -0.1081083E+00  0.2712333E+00  0.2712333E+00
  0.2710153E+01  0.2819899E+01 -0.1097460E+00  0.2289847E+01  0.2289847E+01
  0.2695306E+01  0.2803437E+01 -0.1081312E+00  0.2304694E+01  0.2304694E+01
  0.2680460E+01  0.2786976E+01 -0.1065164E+00  0.2319540E+01  0.2319540E+01
  0.2665614E+01  0.2770515E+01 -0.1049017E+00  0.3343863E+00  0.3343863E+00
  0.2653069E+01  0.2753922E+01 -0.1008530E+00  0.2346931E+01  0.2346931E+01
  0.2642828E+01  0.2737198E+01 -0.9437039E-01  0.3571725E+00  0.3571725E+00
  0.2632585E+01  0.2720473E+01 -0.8788780E-01  0.2367415E+01  0.2367415E+01
  0.2622343E+01  0.2703748E+01 -0.8140520E-01 -0.1622343E+01  0.0000000E+00
  0.2612431E+01  0.2686523E+01 -0.7409286E-01  0.1387569E+01  0.1387569E+01
  0.2602848E+01  0.2668798E+01 -0.6595075E-01 -0.6028476E+00  0.0000000E+00
  0.2593264E+01  0.2651073E+01 -0.5780866E-01  0.4067357E+00  0.4067357E+00
  0.2583681E+01  0.2633348E+01 -0.4966655E-01 -0.1583681E+01  0.0000000E+00
  0.2562416E+01  0.2615352E+01 -0.5293658E-01 -0.2562416E+01  0.0000000E+00
  0.2529468E+01  0.2597087E+01 -0.6761874E-01  0.4705322E+00  0.4705322E+00
  0.2496520E+01  0.2578821E+01 -0.8230089E-01  0.1503480E+01  0.1503480E+01
  0.2463572E+01  0.2560555E+01 -0.9698305E-01  0.2536428E+01  0.2536428E+01
  0.2442938E+01  0.2544015E+01 -0.1010774E+00 -0.1442938E+01  0.0000000E+00
  0.2434615E+01  0.2529199E+01 -0.9458381E-01  0.3565385E+01  0.3565385E+01
  0.2426294E+01  0.2514384E+01 -0.8809027E-01  0.5737064E+00  0.5737064E+00
  0.2417971E+01  0.2499568E+01 -0.8159672E-01  0.5820286E+00  0.5820286E+00
  0.2404026E+01  0.2484005E+01 -0.7997876E-01 -0.4040258E+00  0.0000000E+00
  0.2384456E+01  0.2467693E+01 -0.8323638E-01  0.1615544E+01  0.1615544E+01
  0.2364887E+01  0.2451381E+01 -0.8649401E-01  0.2635113E+01  0.2635113E+01
  0.2345318E+01  0.2435069E+01 -0.8975162E-01  0.4654682E+01  0.4654682E+01
  0.2331965E+01  0.2419273E+01 -0.8730845E-01 -0.1331965E+01  0.0000000E+00
  0.2324828E+01  0.2403992E+01 -0.7916450E-01 -0.1324828E+01  0.0000000E+00
  0.2317692E+01  0.2388712E+01 -0.7102054E-01 -0.2317692E+01  0.0000000E+00
  0.2310555E+01  0.2373431E+01 -0.6287658E-01  0.1689445E+01  0.1689445E+01
  0.2295463E+01  0.2357540E+01 -0.6207745E-01 -0.2295463E+01  0.0000000E+00
  0.2272415E+01  0.2341038E+01 -0.6862313E-01  0.2727585E+01  0.2727585E+01
  0.2249367E+01  0.2324536E+01 -0.7516882E-01  0.7506330E+00  0.7506330E+00
  0.2226319E+01  0.2308034E+01 -0.8171450E-01  0.7736807E+00  0.7736807E+00
  0.2205830E+01  0.2292458E+01 -0.8662742E-01  0.1794170E+01  0.1794170E+01
  0.2187899E+01  0.2277807E+01 -0.8990757E-01  0.8121006E+00  0.8121006E+00
  0.2169969E+01  0.2263157E+01 -0.9318771E-01  0.2830031E+01  0.2830031E+01
  0.2152038E+01  0.2248506E+01 -0.9646786E-01  0.1847962E+01  0.1847962E+01
  0.2138433E+01  0.2234100E+01 -0.9566725E-01  0.8615673E+00  0.8615673E+00
  0.2129153E+01  0.2219939E+01 -0.9078588E-01  0.8708475E+00  0.8708475E+00
  0.2119873E+01  0.2205777E+01 -0.8590450E-01  0.1880127E+01  0.1880127E+01
  0.2110592E+01  0.2191616E+01 -0.8102313E-01  0.8894076E+00  0.8894076E+00
  0.2098393E+01  0.2176978E+01 -0.7858492E-01 -0.9839320E-01  0.0000000E+00
  0.2083275E+01  0.2161865E+01 -0.7858989E-01  0.9167249E+00  0.9167249E+00
  0.2068157E+01  0.2146752E+01 -0.7859486E-01 -0.6815720E-01  0.0000000E+00
  0.2053039E+01  0.2131639E+01 -0.7859983E-01 -0.1053039E+01  0.0000000E+00
  0.2042322E+01  0.2116833E+01 -0.7451070E-01  0.2957678E+01  0.2957678E+01
  0.2036006E+01  0.2102334E+01 -0.6632748E-01  0.1963994E+01  0.1963994E+01
  0.2029690E+01  0.2087834E+01 -0.5814425E-01  0.9703100E+00  0.9703100E+00
  0.2023374E+01  0.2073335E+01 -0.4996102E-01 -0.2337432E-01  0.0000000E+00
  0.2005864E+01  0.2058302E+01 -0.5243791E-01 -0.5863905E-02  0.0000000E+00
  0.1977160E+01  0.2042734E+01 -0.6557494E-01 -0.1977160E+01  0.0000000E+00
  0.1948455E+01  0.2027167E+01 -0.7871196E-01 -0.9484550E+00  0.0000000E+00
  0.1919751E+01  0.2011599E+01 -0.9184898E-01  0.3080249E+01  0.3080249E+01
  0.1900796E+01  0.1997574E+01 -0.9677779E-01  0.3099204E+01  0.3099204E+01
  0.1891592E+01  0.1985090E+01 -0.9349839E-01  0.2108408E+01  0.2108408E+01
  0.1882388E+01  0.1972607E+01 -0.9021898E-01  0.4117612E+01  0.4117612E+01
  0.1873184E+01  0.1960124E+01 -0.8693958E-01 -0.8731840E+00  0.0000000E+00
  0.1866720E+01  0.1947103E+01 -0.8038265E-01  0.1332797E+00  0.1332797E+00
  0.1862997E+01  0.1933545E+01 -0.7054820E-01  0.2137003E+01  0.2137003E+01
  0.1859274E+01  0.1919988E+01 -0.6071374E-01 -0.8592739E+00  0.0000000E+00
  0.1855551E+01  0.1906430E+01 -0.5087928E-01  0.1144449E+01  0.1144449E+01
  0.1845379E+01  0.1892169E+01 -0.4679035E-01 -0.1845379E+01  0.0000000E+00
  0.1828758E+01  0.1877205E+01 -0.4844693E-01  0.1171242E+01  0.1171242E+01
  0.1812137E+01  0.1862241E+01 -0.5010352E-01  0.2187862E+01  0.2187862E+01
  0.1795517E+01  0.1847277E+01 -0.5176010E-01 -0.7955168E+00  0.0000000E+00
  0.1783622E+01  0.1832924E+01 -0.4930228E-01 -0.7836219E+00  0.0000000E+00
  0.1776453E+01  0.1819183E+01 -0.4273005E-01  0.2235473E+00  0.2235473E+00
  0.1769283E+01  0.1805441E+01 -0.3615782E-01 -0.7692834E+00  0.0000000E+00
  0.1762114E+01  0.1791700E+01 -0.2958560E-01 -0.7621142E+00  0.0000000E+00
  0.1740596E+01  0.1777591E+01 -0.3699468E-01 -0.7405958E+00  0.0000000E+00
  0.1704728E+01  0.1763113E+01 -0.5838507E-01 -0.7047284E+00  0.0000000E+00
  0.1668861E+01  0.1748636E+01 -0.7977546E-01  0.2331139E+01  0.2331139E+01
  0.1632993E+01  0.1734159E+01 -0.1011659E+00 -0.1632993E+01  0.0000000E+00
  0.1613276E+01  0.1721854E+01 -0.1085778E+00  0.7386724E+01  0.7386724E+01
  0.1609708E+01  0.1711719E+01 -0.1020114E+00  0.2390292E+01  0.2390292E+01
  0.1606140E+01  0.1701585E+01 -0.9544493E-01  0.1393860E+01  0.1393860E+01
  0.1602572E+01  0.1691450E+01 -0.8887848E-01  0.1397428E+01  0.1397428E+01
  0.1597881E+01  0.1680186E+01 -0.8230562E-01  0.3402119E+01  0.3402119E+01
  0.1592067E+01  0.1667793E+01 -0.7572635E-01  0.4079331E+00  0.4079331E+00
  0.1586253E+01  0.1655400E+01 -0.6914707E-01  0.4413747E+01  0.4413747E+01
  0.1580439E+01  0.1643007E+01 -0.6256781E-01 -0.5804390E+00  0.0000000E+00
  0.1574200E+01  0.1630190E+01 -0.5598946E-01  0.4258000E+00  0.4258000E+00
  0.1567536E+01  0.1616948E+01 -0.4941204E-01 -0.1567536E+01  0.0000000E+00
  0.1560873E+01  0.1603707E+01 -0.4283462E-01 -0.5608727E+00  0.0000000E+00
  0.1554209E+01  0.1590466E+01 -0.3625720E-01 -0.5542090E+00  0.0000000E+00
  0.1540724E+01  0.1576991E+01 -0.3626775E-01 -0.5407236E+00  0.0000000E+00
  0.1520416E+01  0.1563283E+01 -0.4286627E-01  0.4795836E+00  0.4795836E+00
  0.1500109E+01  0.1549574E+01 -0.4946479E-01  0.2499891E+01  0.2499891E+01
  0.1479802E+01  0.1535865E+01 -0.5606331E-01 -0.4798021E+00  0.0000000E+00
  0.1463743E+01  0.1523110E+01 -0.5936739E-01 -0.4637429E+00  0.0000000E+00
  0.1451931E+01  0.1511308E+01 -0.5937703E-01  0.1548069E+01  0.1548069E+01
  0.1440120E+01  0.1499506E+01 -0.5938666E-01 -0.1440120E+01  0.0000000E+00
  0.1428308E+01  0.1487705E+01 -0.5939630E-01  0.1571692E+01  0.1571692E+01
  0.1418172E+01  0.1475928E+01 -0.5775597E-01  0.2581828E+01  0.2581828E+01
  0.1409712E+01  0.1464178E+01 -0.5446566E-01  0.5902878E+00  0.5902878E+00
  0.1401252E+01  0.1452427E+01 -0.5117534E-01  0.1598748E+01  0.1598748E+01
  0.1392792E+01  0.1440677E+01 -0.4788504E-01  0.6072083E+00  0.6072083E+00
  0.1384118E+01  0.1428707E+01 -0.4458955E-01 -0.3841178E+00  0.0000000E+00
  0.1375230E+01  0.1416519E+01 -0.4128887E-01 -0.3752304E+00  0.0000000E+00
  0.1366343E+01  0.1404331E+01 -0.3798819E-01  0.6336570E+00  0.6336570E+00
  0.1357456E+01  0.1392143E+01 -0.3468752E-01 -0.3574556E+00  0.0000000E+00
  0.1347768E+01  0.1379982E+01 -0.3221364E-01 -0.3477681E+00  0.0000000E+00
  0.1337281E+01  0.1367847E+01 -0.3056656E-01 -0.3372806E+00  0.0000000E+00
  0.1326793E+01  0.1355713E+01 -0.2891949E-01 -0.1326793E+01  0.0000000E+00
  0.1316306E+01  0.1343578E+01 -0.2727241E-01 -0.3163056E+00  0.0000000E+00
  0.1300122E+01  0.1331536E+01 -0.3141440E-01 -0.3001218E+00  0.0000000E+00
  0.1278242E+01  0.1319587E+01 -0.4134547E-01  0.7217582E+00  0.7217582E+00
  0.1256362E+01  0.1307638E+01 -0.5127653E-01 -0.2563616E+00  0.0000000E+00
  0.1234482E+01  0.1295689E+01 -0.6120759E-01  0.1765518E+01  0.1765518E+01
  0.1221080E+01  0.1284774E+01 -0.6369368E-01  0.7789199E+00  0.7789199E+00
  0.1216157E+01  0.1274892E+01 -0.5873481E-01  0.2783843E+01  0.2783843E+01
  0.1211234E+01  0.1265010E+01 -0.5377593E-01  0.7887659E+00  0.7887659E+00
  0.1206311E+01  0.1255128E+01 -0.4881705E-01 -0.1206311E+01  0.0000000E+00
  0.1200763E+01  0.1244620E+01 -0.4385770E-01  0.1799237E+01  0.1799237E+01
  0.1194588E+01  0.1233486E+01 -0.3889788E-01  0.8054116E+00  0.8054116E+00
  0.1188414E+01  0.1222352E+01 -0.3393805E-01 -0.1188414E+01  0.0000000E+00
  0.1182240E+01  0.1211218E+01 -0.2897823E-01 -0.1182240E+01  0.0000000E+00
  0.1171709E+01  0.1199866E+01 -0.2815701E-01  0.2828291E+01  0.2828291E+01
  0.1156820E+01  0.1188294E+01 -0.3147441E-01 -0.1156820E+01  0.0000000E+00
  0.1141931E+01  0.1176723E+01 -0.3479181E-01 -0.1419307E+00  0.0000000E+00
  0.1127042E+01  0.1165151E+01 -0.3810921E-01  0.8729582E+00  0.8729582E+00
  0.1116889E+01  0.1154173E+01 -0.3728384E-01 -0.1168889E+00  0.0000000E+00
  0.1111472E+01  0.1143788E+01 -0.3231571E-01  0.8885280E+00  0.8885280E+00
  0.1106055E+01  0.1133403E+01 -0.2734759E-01 -0.1106055E+01  0.0000000E+00
  0.1100638E+01  0.1123018E+01 -0.2237946E-01 -0.1006384E+00  0.0000000E+00
  0.1088237E+01  0.1112282E+01 -0.2404502E-01  0.9117633E+00  0.9117633E+00
  0.1068850E+01  0.1101194E+01 -0.3234426E-01 -0.1068850E+01  0.0000000E+00
  0.1049464E+01  0.1090107E+01 -0.4064349E-01  0.9505365E+00  0.9505365E+00
  0.1030077E+01  0.1079020E+01 -0.4894273E-01  0.2969923E+01  0.2969923E+01
  0.1017462E+01  0.1068897E+01 -0.5143503E-01 -0.1746213E-01  0.0000000E+00
  0.1011619E+01  0.1059740E+01 -0.4812041E-01 -0.1161909E-01  0.0000000E+00
  0.1005776E+01  0.1050582E+01 -0.4480578E-01  0.9942238E+00  0.9942238E+00
  0.9999332E+00  0.1041424E+01 -0.4149115E-01  0.6681681E-04  0.6681681E-04
  0.9928713E+00  0.1031879E+01 -0.3900745E-01  0.7128716E-02  0.7128716E-02
  0.9845904E+00  0.1021945E+01 -0.3735467E-01  0.1015410E+01  0.1015410E+01
  0.9763094E+00  0.1012011E+01 -0.3570189E-01  0.2369058E-01  0.2369058E-01
  0.9680285E+00  0.1002078E+01 -0.3404911E-01 -0.9680285E+00  0.0000000E+00
  0.9581208E+00  0.9921783E+00 -0.3405749E-01  0.4187918E-01  0.4187918E-01
  0.9465864E+00  0.9823135E+00 -0.3572702E-01  0.2053414E+01  0.2053414E+01
  0.9350520E+00  0.9724486E+00 -0.3739655E-01  0.2064948E+01  0.2064948E+01
  0.9235176E+00  0.9625837E+00 -0.3906608E-01  0.7648236E-01  0.7648236E-01
  0.9131073E+00  0.9530091E+00 -0.3990186E-01 -0.9131073E+00  0.0000000E+00
  0.9038211E+00  0.9437249E+00 -0.3990388E-01  0.1096179E+01  0.1096179E+01
  0.8945348E+00  0.9344407E+00 -0.3990591E-01  0.1054652E+00  0.1054652E+00
  0.8852485E+00  0.9251565E+00 -0.3990793E-01 -0.8852485E+00  0.0000000E+00
  0.8760176E+00  0.9159297E+00 -0.3991206E-01  0.1239824E+00  0.1239824E+00
  0.8668422E+00  0.9067605E+00 -0.3991830E-01  0.3133158E+01  0.3133158E+01
  0.8576667E+00  0.8975912E+00 -0.3992454E-01  0.1142333E+01  0.1142333E+01
  0.8484912E+00  0.8884220E+00 -0.3993078E-01  0.1515088E+00  0.1515088E+00
  0.8419156E+00  0.8793550E+00 -0.3743942E-01  0.1158084E+01  0.1158084E+01
  0.8379399E+00  0.8703904E+00 -0.3245047E-01  0.1620601E+00  0.1620601E+00
  0.8339643E+00  0.8614258E+00 -0.2746153E-01  0.1660357E+00  0.1660357E+00
  0.8299886E+00  0.8524612E+00 -0.2247258E-01  0.1700114E+00  0.1700114E+00
  0.8240196E+00  0.8431658E+00 -0.1914631E-01 -0.8240196E+00  0.0000000E+00
  0.8160570E+00  0.8335397E+00 -0.1748270E-01  0.1839430E+00  0.1839430E+00
  0.8080946E+00  0.8239136E+00 -0.1581910E-01 -0.8080946E+00  0.0000000E+00
  0.8001320E+00  0.8142875E+00 -0.1415549E-01  0.1998680E+00  0.1998680E+00
  0.7906810E+00  0.8048397E+00 -0.1415870E-01 -0.7906810E+00  0.0000000E+00
  0.7797413E+00  0.7955700E+00 -0.1582871E-01  0.2202587E+00  0.2202587E+00
  0.7688017E+00  0.7863004E+00 -0.1749872E-01  0.1231198E+01  0.1231198E+01
  0.7578620E+00  0.7770308E+00 -0.1916874E-01 -0.7578620E+00  0.0000000E+00
  0.7472836E+00  0.7681219E+00 -0.2083827E-01  0.2527164E+00  0.2527164E+00
  0.7370664E+00  0.7595738E+00 -0.2250731E-01 -0.7370664E+00  0.0000000E+00
  0.7268492E+00  0.7510256E+00 -0.2417635E-01  0.1273151E+01  0.1273151E+01
  0.7166320E+00  0.7424774E+00 -0.2584539E-01  0.1283368E+01  0.1283368E+01
  0.7066445E+00  0.7341610E+00 -0.2751653E-01 -0.7066445E+00  0.0000000E+00
  0.6968866E+00  0.7260764E+00 -0.2918976E-01 -0.6968866E+00  0.0000000E+00
  0.6871287E+00  0.7179918E+00 -0.3086300E-01  0.3128713E+00  0.3128713E+00
  0.6773708E+00  0.7099071E+00 -0.3253623E-01  0.3322629E+01  0.3322629E+01
  0.6719795E+00  0.7020157E+00 -0.3003616E-01 -0.6719795E+00  0.0000000E+00
  0.6709548E+00  0.6943175E+00 -0.2336277E-01 -0.6709548E+00  0.0000000E+00
  0.6699299E+00  0.6866193E+00 -0.1668938E-01 -0.6699299E+00  0.0000000E+00
  0.6689052E+00  0.6789212E+00 -0.1001599E-01 -0.6689052E+00  0.0000000E+00
  0.6623406E+00  0.6706905E+00 -0.8349935E-02 -0.6623406E+00  0.0000000E+00
  0.6502362E+00  0.6619275E+00 -0.1169122E-01  0.3497638E+00  0.3497638E+00
  0.6381319E+00  0.6531643E+00 -0.1503251E-01 -0.6381319E+00  0.0000000E+00
  0.6260275E+00  0.6444013E+00 -0.1837379E-01 -0.6260275E+00  0.0000000E+00
  0.6178610E+00  0.6362355E+00 -0.1837455E-01  0.3821390E+00  0.3821390E+00
  0.6136324E+00  0.6286671E+00 -0.1503477E-01  0.1386368E+01  0.1386368E+01
  0.6094037E+00  0.6210988E+00 -0.1169499E-01 -0.6094037E+00  0.0000000E+00
  0.6051751E+00  0.6135303E+00 -0.8355212E-02 -0.6051751E+00  0.0000000E+00
  0.5982215E+00  0.6057438E+00 -0.7522326E-02 -0.5982215E+00  0.0000000E+00
  0.5885427E+00  0.5977390E+00 -0.9196333E-02  0.4114573E+00  0.4114573E+00
  0.5788640E+00  0.5897343E+00 -0.1087034E-01 -0.5788640E+00  0.0000000E+00
  0.5691852E+00  0.5817296E+00 -0.1254434E-01 -0.5691852E+00  0.0000000E+00
  0.5606974E+00  0.5740792E+00 -0.1338170E-01  0.1439303E+01  0.1439303E+01
  0.5534006E+00  0.5667831E+00 -0.1338240E-01 -0.5534006E+00  0.0000000E+00
  0.5461039E+00  0.5594870E+00 -0.1338311E-01 -0.5461039E+00  0.0000000E+00
  0.5388071E+00  0.5521909E+00 -0.1338381E-01 -0.5388071E+00  0.0000000E+00
  0.5332975E+00  0.5450087E+00 -0.1338417E-01  0.1466702E+01  0.1466702E+01
  0.5295752E+00  0.5379403E+00 -0.1338417E-01 -0.5295752E+00  0.0000000E+00
  0.5258529E+00  0.5308719E+00  0.0000000E+00 -0.5258529E+00  0.0000000E+00
  0.5221305E+00  0.5238035E+00  0.0000000E+00 -0.5221305E+00  0.0000000E+00
  0.5157334E+00  0.5165708E+00  0.0000000E+00 -0.5157334E+00  0.0000000E+00
  0.5066614E+00  0.5091738E+00  0.0000000E+00 -0.5066614E+00  0.0000000E+00
  0.4975895E+00  0.5017767E+00 -0.6699559E-02 -0.4975895E+00  0.0000000E+00
  0.4885176E+00  0.4943797E+00 -0.6699559E-02  0.5114825E+00  0.5114825E+00
  0.4789887E+00  0.4873648E+00 -0.8376110E-02 -0.4789887E+00  0.0000000E+00
  0.4690029E+00  0.4807322E+00 -0.1172921E-01 -0.4690029E+00  0.0000000E+00
  0.4590172E+00  0.4740995E+00 -0.1508232E-01 -0.4590172E+00  0.0000000E+00
  0.4490314E+00  0.4674669E+00 -0.1843542E-01  0.5509686E+00  0.5509686E+00
  0.4435942E+00  0.4611922E+00 -0.2011197E-01  0.1556406E+01  0.1556406E+01
  0.4427054E+00  0.4552754E+00 -0.2011197E-01 -0.4427054E+00  0.0000000E+00
  0.4418167E+00  0.4493587E+00  0.0000000E+00 -0.4418167E+00  0.0000000E+00
  0.4409280E+00  0.4434420E+00  0.0000000E+00 -0.4409280E+00  0.0000000E+00
  0.4345995E+00  0.4371163E+00  0.0000000E+00 -0.4345995E+00  0.0000000E+00
  0.4228314E+00  0.4303816E+00  0.0000000E+00 -0.4228314E+00  0.0000000E+00
  0.4110633E+00  0.4236470E+00 -0.2013379E-01  0.5889367E+00  0.5889367E+00
  0.3992952E+00  0.4169123E+00 -0.2013379E-01  0.6007048E+00  0.6007048E+00
  0.3923740E+00  0.4108304E+00 -0.1845640E-01  0.6076260E+00  0.6076260E+00
  0.3902998E+00  0.4054014E+00 -0.1510162E-01 -0.3902998E+00  0.0000000E+00
  0.3882255E+00  0.3999723E+00 -0.1174685E-01 -0.3882255E+00  0.0000000E+00
  0.3861512E+00  0.3945433E+00 -0.8392070E-02 -0.3861512E+00  0.0000000E+00
  0.3829723E+00  0.3888476E+00 -0.6714683E-02  0.6170278E+00  0.6170278E+00
  0.3786887E+00  0.3828854E+00 -0.6714683E-02 -0.3786887E+00  0.0000000E+00
  0.3744052E+00  0.3769232E+00  0.0000000E+00 -0.3744052E+00  0.0000000E+00
  0.3701217E+00  0.3709610E+00  0.0000000E+00 -0.3701217E+00  0.0000000E+00
  0.3650542E+00  0.3650542E+00  0.0000000E+00 -0.3650542E+00  0.0000000E+00
  0.3592029E+00  0.3592029E+00  0.0000000E+00 -0.3592029E+00  0.0000000E+00
  0.3533516E+00  0.3533516E+00  0.0000000E+00 -0.3533516E+00  0.0000000E+00
  0.3475003E+00  0.3475003E+00  0.0000000E+00 -0.3475003E+00  0.0000000E+00
  0.3418660E+00  0.3418660E+00  0.0000000E+00 -0.3418660E+00  0.0000000E+00
  0.3364488E+00  0.3364488E+00  0.0000000E+00 -0.3364488E+00  0.0000000E+00
  0.3310316E+00  0.3310316E+00  0.0000000E+00 -0.3310316E+00  0.0000000E+00
  0.3256143E+00  0.3256143E+00  0.0000000E+00 -0.3256143E+00  0.0000000E+00
  0.3203800E+00  0.3203800E+00  0.0000000E+00 -0.3203800E+00  0.0000000E+00
  0.3153287E+00  0.3153287E+00  0.0000000E+00 -0.3153287E+00  0.0000000E+00
  0.3102773E+00  0.3102773E+00  0.0000000E+00 -0.3102773E+00  0.0000000E+00
  0.3052259E+00  0.3052259E+00  0.0000000E+00 -0.3052259E+00  0.0000000E+00
  0.2994823E+00  0.3003238E+00  0.0000000E+00 -0.2994823E+00  0.0000000E+00
  0.2930465E+00  0.2955710E+00  0.0000000E+00 -0.2930465E+00  0.0000000E+00
  0.2866107E+00  0.2908182E+00 -0.6732090E-02 -0.2866107E+00  0.0000000E+00
  0.2801749E+00  0.2860655E+00 -0.6732090E-02  0.7198251E+00  0.7198251E+00
  0.2748094E+00  0.2815422E+00 -0.6732798E-02 -0.2748094E+00  0.0000000E+00
  0.2705143E+00  0.2772485E+00 -0.6734213E-02 -0.2705143E+00  0.0000000E+00
  0.2662193E+00  0.2729549E+00 -0.6735629E-02 -0.2662193E+00  0.0000000E+00
  0.2619242E+00  0.2686612E+00 -0.6737045E-02 -0.2619242E+00  0.0000000E+00
  0.2576800E+00  0.2644181E+00 -0.6738090E-02  0.7423201E+00  0.7423201E+00
  0.2534867E+00  0.2602254E+00 -0.6738767E-02 -0.2534867E+00  0.0000000E+00
  0.2492934E+00  0.2560329E+00 -0.6739443E-02 -0.2492934E+00  0.0000000E+00
  0.2451002E+00  0.2518403E+00 -0.6740119E-02 -0.2451002E+00  0.0000000E+00
  0.2417874E+00  0.2476853E+00 -0.6740457E-02  0.7582126E+00  0.7582126E+00
  0.2393552E+00  0.2435680E+00 -0.6740457E-02 -0.2393552E+00  0.0000000E+00
  0.2369229E+00  0.2394506E+00  0.0000000E+00 -0.2369229E+00  0.0000000E+00
  0.2344907E+00  0.2353333E+00  0.0000000E+00 -0.2344907E+00  0.0000000E+00
  0.2294528E+00  0.2311399E+00  0.0000000E+00 -0.2294528E+00  0.0000000E+00
  0.2218093E+00  0.2268704E+00  0.0000000E+00 -0.2218093E+00  0.0000000E+00
  0.2141658E+00  0.2226010E+00 -0.1349624E-01  0.1785834E+01  0.1785834E+01
  0.2065223E+00  0.2183315E+00 -0.1349624E-01 -0.2065223E+00  0.0000000E+00
  0.2026792E+00  0.2144884E+00 -0.1349624E-01 -0.2026792E+00  0.0000000E+00
  0.2026364E+00  0.2110715E+00 -0.1349624E-01 -0.2026364E+00  0.0000000E+00
  0.2025936E+00  0.2076547E+00  0.0000000E+00 -0.2025936E+00  0.0000000E+00
  0.2025508E+00  0.2042378E+00  0.0000000E+00 -0.2025508E+00  0.0000000E+00
  0.1988430E+00  0.2005315E+00  0.0000000E+00 -0.1988430E+00  0.0000000E+00
  0.1914702E+00  0.1965358E+00  0.0000000E+00 -0.1914702E+00  0.0000000E+00
  0.1840975E+00  0.1925400E+00 -0.1350812E-01  0.8159025E+00  0.8159025E+00
  0.1767247E+00  0.1885443E+00 -0.1350812E-01  0.8232753E+00  0.8232753E+00
  0.1731754E+00  0.1849950E+00 -0.1350812E-01 -0.1731754E+00  0.0000000E+00
  0.1734494E+00  0.1818920E+00 -0.1350812E-01 -0.1734494E+00  0.0000000E+00
  0.1737235E+00  0.1787890E+00  0.0000000E+00 -0.1737235E+00  0.0000000E+00
  0.1739975E+00  0.1756860E+00  0.0000000E+00 -0.1739975E+00  0.0000000E+00
  0.1723090E+00  0.1723090E+00  0.0000000E+00 -0.1723090E+00  0.0000000E+00
  0.1686578E+00  0.1686578E+00  0.0000000E+00 -0.1686578E+00  0.0000000E+00
  0.1650066E+00  0.1650066E+00  0.0000000E+00 -0.1650066E+00  0.0000000E+00
  0.1613555E+00  0.1613555E+00  0.0000000E+00 -0.1613555E+00  0.0000000E+00
  0.1578762E+00  0.1578762E+00  0.0000000E+00 -0.1578762E+00  0.0000000E+00
  0.1545687E+00  0.1545687E+00  0.0000000E+00 -0.1545687E+00  0.0000000E+00
  0.1512612E+00  0.1512612E+00  0.0000000E+00 -0.1512612E+00  0.0000000E+00
  0.1479537E+00  0.1479537E+00  0.0000000E+00 -0.1479537E+00  0.0000000E+00
  0.1439260E+00  0.1447724E+00  0.0000000E+00 -0.1439260E+00  0.0000000E+00
  0.1391782E+00  0.1417172E+00  0.0000000E+00 -0.1391782E+00  0.0000000E+00
  0.1344304E+00  0.1386621E+00 -0.6770681E-02 -0.1344304E+00  0.0000000E+00
  0.1296826E+00  0.1356069E+00 -0.6770681E-02  0.8703175E+00  0.8703175E+00
  0.1243278E+00  0.1327918E+00 -0.8463969E-02 -0.1243278E+00  0.0000000E+00
  0.1183661E+00  0.1302166E+00 -0.1185055E-01 -0.1183661E+00  0.0000000E+00
  0.1124043E+00  0.1276415E+00 -0.1523712E-01  0.8875957E+00  0.8875957E+00
  0.1064426E+00  0.1250663E+00 -0.1862370E-01 -0.1064426E+00  0.0000000E+00
  0.1050414E+00  0.1228187E+00 -0.2031698E-01  0.1894959E+01  0.1894959E+01
  0.1082006E+00  0.1208987E+00 -0.2031698E-01 -0.1082006E+00  0.0000000E+00
  0.1113598E+00  0.1189787E+00  0.0000000E+00 -0.1113598E+00  0.0000000E+00
  0.1145190E+00  0.1170586E+00  0.0000000E+00 -0.1145190E+00  0.0000000E+00
  0.1146412E+00  0.1146412E+00  0.0000000E+00 -0.1146412E+00  0.0000000E+00
  0.1117265E+00  0.1117265E+00  0.0000000E+00 -0.1117265E+00  0.0000000E+00
  0.1088118E+00  0.1088118E+00  0.0000000E+00 -0.1088118E+00  0.0000000E+00
  0.1058970E+00  0.1058970E+00  0.0000000E+00 -0.1058970E+00  0.0000000E+00
  0.1032066E+00  0.1032066E+00  0.0000000E+00 -0.1032066E+00  0.0000000E+00
  0.1007404E+00  0.1007404E+00  0.0000000E+00 -0.1007404E+00  0.0000000E+00
  0.9827413E-01  0.9827413E-01  0.0000000E+00 -0.9827413E-01  0.0000000E+00
  0.9580792E-01  0.9580792E-01  0.0000000E+00 -0.9580792E-01  0.0000000E+00
  0.9262232E-01  0.9347065E-01  0.0000000E+00 -0.9262232E-01  0.0000000E+00
  0.8871736E-01  0.9126233E-01  0.0000000E+00 -0.8871736E-01  0.0000000E+00
  0.8481240E-01  0.8905400E-01 -0.6786566E-02  0.9151876E+00  0.9151876E+00
  0.8090743E-01  0.8684567E-01 -0.6786566E-02 -0.8090743E-01  0.0000000E+00
  0.7895762E-01  0.8489586E-01 -0.6786566E-02 -0.7895762E-01  0.0000000E+00
  0.7896296E-01  0.8320456E-01 -0.6786566E-02 -0.7896296E-01  0.0000000E+00
  0.7896829E-01  0.8151326E-01  0.0000000E+00 -0.7896829E-01  0.0000000E+00
  0.7897364E-01  0.7982195E-01  0.0000000E+00 -0.7897364E-01  0.0000000E+00
  0.7719392E-01  0.7804302E-01  0.0000000E+00 -0.7719392E-01  0.0000000E+00
  0.7362916E-01  0.7617645E-01  0.0000000E+00 -0.7362916E-01  0.0000000E+00
  0.7006440E-01  0.7430989E-01 -0.6792770E-02  0.9299356E+00  0.9299356E+00
  0.6649964E-01  0.7244331E-01 -0.6792770E-02 -0.6649964E-01  0.0000000E+00
  0.6492666E-01  0.7087034E-01 -0.6792770E-02 -0.6492666E-01  0.0000000E+00
  0.6534547E-01  0.6959095E-01 -0.6792770E-02 -0.6534547E-01  0.0000000E+00
  0.6576427E-01  0.6831156E-01  0.0000000E+00 -0.6576427E-01  0.0000000E+00
  0.6618308E-01  0.6703217E-01  0.0000000E+00 -0.6618308E-01  0.0000000E+00
  0.6566741E-01  0.6566741E-01  0.0000000E+00 -0.6566741E-01  0.0000000E+00
  0.6421729E-01  0.6421729E-01  0.0000000E+00 -0.6421729E-01  0.0000000E+00
  0.6276716E-01  0.6276716E-01  0.0000000E+00 -0.6276716E-01  0.0000000E+00
  0.6131705E-01  0.6131705E-01  0.0000000E+00 -0.6131705E-01  0.0000000E+00
  0.5995047E-01  0.5995047E-01  0.0000000E+00 -0.5995047E-01  0.0000000E+00
  0.5866745E-01  0.5866745E-01  0.0000000E+00 -0.5866745E-01  0.0000000E+00
  0.5738444E-01  0.5738444E-01  0.0000000E+00 -0.5738444E-01  0.0000000E+00
  0.5610142E-01  0.5610142E-01  0.0000000E+00 -0.5610142E-01  0.0000000E+00
  0.5488525E-01  0.5488525E-01  0.0000000E+00 -0.5488525E-01  0.0000000E+00
  0.5373594E-01  0.5373594E-01  0.0000000E+00 -0.5373594E-01  0.0000000E+00
  0.5258663E-01  0.5258663E-01  0.0000000E+00 -0.5258663E-01  0.0000000E+00
  0.5143732E-01  0.5143732E-01  0.0000000E+00 -0.5143732E-01  0.0000000E+00
  0.5032943E-01  0.5032943E-01  0.0000000E+00 -0.5032943E-01  0.0000000E+00
  0.4926295E-01  0.4926295E-01  0.0000000E+00 -0.4926295E-01  0.0000000E+00
  0.4819648E-01  0.4819648E-01  0.0000000E+00 -0.4819648E-01  0.0000000E+00
  0.4713001E-01  0.4713001E-01  0.0000000E+00 -0.4713001E-01  0.0000000E+00
  0.4610242E-01  0.4610242E-01  0.0000000E+00 -0.4610242E-01  0.0000000E+00
  0.4511373E-01  0.4511373E-01  0.0000000E+00 -0.4511373E-01  0.0000000E+00
  0.4412503E-01  0.4412503E-01  0.0000000E+00 -0.4412503E-01  0.0000000E+00
  0.4313633E-01  0.4313633E-01  0.0000000E+00 -0.4313633E-01  0.0000000E+00
  0.4216864E-01  0.4216864E-01  0.0000000E+00 -0.4216864E-01  0.0000000E+00
  0.4122194E-01  0.4122194E-01  0.0000000E+00 -0.4122194E-01  0.0000000E+00
  0.4027525E-01  0.4027525E-01  0.0000000E+00 -0.4027525E-01  0.0000000E+00
  0.3932855E-01  0.3932855E-01  0.0000000E+00 -0.3932855E-01  0.0000000E+00
  0.3841731E-01  0.3841731E-01  0.0000000E+00 -0.3841731E-01  0.0000000E+00
  0.3754153E-01  0.3754153E-01  0.0000000E+00 -0.3754153E-01  0.0000000E+00
  0.3666575E-01  0.3666575E-01  0.0000000E+00 -0.3666575E-01  0.0000000E+00
  0.3578996E-01  0.3578996E-01  0.0000000E+00 -0.3578996E-01  0.0000000E+00
  0.3493499E-01  0.3493499E-01  0.0000000E+00 -0.3493499E-01  0.0000000E+00
  0.3410082E-01  0.3410082E-01  0.0000000E+00 -0.3410082E-01  0.0000000E+00
  0.3326666E-01  0.3326666E-01  0.0000000E+00 -0.3326666E-01  0.0000000E+00
  0.3243249E-01  0.3243249E-01  0.0000000E+00 -0.3243249E-01  0.0000000E+00
  0.3162979E-01  0.3162979E-01  0.0000000E+00 -0.3162979E-01  0.0000000E+00
  0.3085856E-01  0.3085856E-01  0.0000000E+00 -0.3085856E-01  0.0000000E+00
  0.3008732E-01  0.3008732E-01  0.0000000E+00 -0.3008732E-01  0.0000000E+00
  0.2931609E-01  0.2931609E-01  0.0000000E+00 -0.2931609E-01  0.0000000E+00
  0.2772202E-01  0.2857568E-01  0.0000000E+00 -0.2772202E-01  0.0000000E+00
  0.2530510E-01  0.2786611E-01  0.0000000E+00 -0.2530510E-01  0.0000000E+00
  0.2288819E-01  0.2715653E-01 -0.6829348E-02 -0.2288819E-01  0.0000000E+00
  0.2047128E-01  0.2644696E-01 -0.6829348E-02 -0.2047128E-01  0.0000000E+00
  0.1993306E-01  0.2590874E-01 -0.6829348E-02  0.9800670E+00  0.9800670E+00
  0.2127353E-01  0.2554188E-01 -0.6829348E-02 -0.2127353E-01  0.0000000E+00
  0.2261400E-01  0.2517501E-01  0.0000000E+00 -0.2261400E-01  0.0000000E+00
  0.2395448E-01  0.2480815E-01  0.0000000E+00 -0.2395448E-01  0.0000000E+00
  0.2426465E-01  0.2426465E-01  0.0000000E+00 -0.2426465E-01  0.0000000E+00
  0.2354451E-01  0.2354451E-01  0.0000000E+00 -0.2354451E-01  0.0000000E+00
  0.2282437E-01  0.2282437E-01  0.0000000E+00 -0.2282437E-01  0.0000000E+00
  0.2210424E-01  0.2210424E-01  0.0000000E+00 -0.2210424E-01  0.0000000E+00
  0.2059253E-01  0.2144755E-01  0.0000000E+00 -0.2059253E-01  0.0000000E+00
  0.1828925E-01  0.2085432E-01  0.0000000E+00 -0.1828925E-01  0.0000000E+00
  0.1598598E-01  0.2026108E-01 -0.6840175E-02  0.9840140E+00  0.9840140E+00
  0.1368270E-01  0.1966785E-01 -0.6840175E-02 -0.1368270E-01  0.0000000E+00
  0.1242008E-01  0.1926075E-01 -0.6840672E-02 -0.1242008E-01  0.0000000E+00
  0.1219813E-01  0.1903979E-01 -0.6841667E-02 -0.1219813E-01  0.0000000E+00
  0.1197617E-01  0.1881883E-01 -0.6842662E-02 -0.1197617E-01  0.0000000E+00
  0.1175421E-01  0.1859787E-01 -0.6843658E-02  0.9882458E+00  0.9882458E+00
  0.1235787E-01  0.1834651E-01 -0.6844155E-02 -0.1235787E-01  0.0000000E+00
  0.1378715E-01  0.1806474E-01 -0.6844155E-02 -0.1378715E-01  0.0000000E+00
  0.1521642E-01  0.1778298E-01  0.0000000E+00 -0.1521642E-01  0.0000000E+00
  0.1664570E-01  0.1750121E-01  0.0000000E+00 -0.1664570E-01  0.0000000E+00
  0.1707881E-01  0.1707881E-01  0.0000000E+00 -0.1707881E-01  0.0000000E+00
  0.1651577E-01  0.1651577E-01  0.0000000E+00 -0.1651577E-01  0.0000000E+00
  0.1595272E-01  0.1595272E-01  0.0000000E+00 -0.1595272E-01  0.0000000E+00
  0.1538968E-01  0.1538968E-01  0.0000000E+00 -0.1538968E-01  0.0000000E+00
  0.1490675E-01  0.1490675E-01  0.0000000E+00 -0.1490675E-01  0.0000000E+00
  0.1450394E-01  0.1450394E-01  0.0000000E+00 -0.1450394E-01  0.0000000E+00
  0.1410113E-01  0.1410113E-01  0.0000000E+00 -0.1410113E-01  0.0000000E+00
  0.1369831E-01  0.1369831E-01  0.0000000E+00 -0.1369831E-01  0.0000000E+00
  0.1335260E-01  0.1335260E-01  0.0000000E+00 -0.1335260E-01  0.0000000E+00
  0.1306398E-01  0.1306398E-01  0.0000000E+00 -0.1306398E-01  0.0000000E+00
  0.1277536E-01  0.1277536E-01  0.0000000E+00 -0.1277536E-01  0.0000000E+00
  0.1248674E-01  0.1248674E-01  0.0000000E+00 -0.1248674E-01  0.0000000E+00
  0.1234243E-01  0.1222780E-01  0.0000000E+00 -0.1234243E-01  0.0000000E+00
  0.1234243E-01  0.1199856E-01  0.0000000E+00 -0.1234243E-01  0.0000000E+00
 -0.1395175E+00  0.1176932E-01 -0.1509430E+00  0.1395175E+00  0.1395175E+00
 -0.1395175E+00  0.1154007E-01 -0.1509430E+00  0.1395175E+00  0.1395175E+00
 -0.1395175E+00  0.1142545E-01 -0.1509430E+00  0.1395175E+00  0.1395175E+00
 -0.1395175E+00  0.1142545E-01 -0.1509430E+00  0.2213952E+02  0.2213952E+02
