 0.60000E+03  0.10440E+01
 0.62000E+03  0.10552E+01
 0.64000E+03  0.10672E+01
 0.66000E+03  0.10800E+01
 0.68000E+03  0.10938E+01
 0.70000E+03  0.11083E+01
 0.72000E+03  0.11237E+01
 0.74000E+03  0.11399E+01
 0.76000E+03  0.11570E+01
 0.78000E+03  0.11750E+01
 0.80000E+03  0.11938E+01
 0.82000E+03  0.12135E+01
 0.84000E+03  0.12340E+01
 0.86000E+03  0.12553E+01
 0.88000E+03  0.12774E+01
 0.90000E+03  0.13004E+01
 0.92000E+03  0.13241E+01
 0.94000E+03  0.13487E+01
 0.96000E+03  0.13740E+01
 0.98000E+03  0.14002E+01
 0.10000E+04  0.14272E+01
 0.10200E+04  0.14548E+01
 0.10400E+04  0.14833E+01
 0.10600E+04  0.15125E+01
 0.10800E+04  0.15424E+01
 0.11000E+04  0.15732E+01
 0.11200E+04  0.16045E+01
 0.11400E+04  0.16365E+01
 0.11600E+04  0.16694E+01
 0.11800E+04  0.17028E+01
 0.12000E+04  0.17371E+01
 0.12200E+04  0.17718E+01
 0.12400E+04  0.18074E+01
 0.12600E+04  0.18435E+01
 0.12800E+04  0.18801E+01
 0.13000E+04  0.19176E+01
 0.13200E+04  0.19556E+01
 0.13400E+04  0.19941E+01
 0.13600E+04  0.20333E+01
 0.13800E+04  0.20732E+01
 0.14000E+04  0.21135E+01
 0.14200E+04  0.21543E+01
 0.14400E+04  0.21958E+01
 0.14600E+04  0.22376E+01
 0.14800E+04  0.22801E+01
 0.15000E+04  0.23232E+01
 0.15200E+04  0.23667E+01
 0.15400E+04  0.24106E+01
 0.15600E+04  0.24552E+01
 0.15800E+04  0.25001E+01
 0.16000E+04  0.25454E+01
 0.16200E+04  0.25913E+01
 0.16400E+04  0.26376E+01
 0.16600E+04  0.26844E+01
 0.16800E+04  0.27313E+01
 0.17000E+04  0.27789E+01
 0.17200E+04  0.28268E+01
 0.17400E+04  0.28752E+01
 0.17600E+04  0.29238E+01
 0.17800E+04  0.29729E+01
 0.18000E+04  0.30223E+01
 0.18200E+04  0.30723E+01
 0.18400E+04  0.31223E+01
 0.18600E+04  0.31728E+01
 0.18800E+04  0.32237E+01
 0.19000E+04  0.32749E+01
 0.19200E+04  0.33261E+01
 0.19400E+04  0.33779E+01
 0.19600E+04  0.34298E+01
 0.19800E+04  0.34823E+01
 0.20000E+04  0.35349E+01
 0.20200E+04  0.35878E+01
 0.20400E+04  0.36411E+01
 0.20600E+04  0.36944E+01
 0.20800E+04  0.37480E+01
 0.21000E+04  0.38017E+01
 0.21200E+04  0.38561E+01
 0.21400E+04  0.39106E+01
 0.21600E+04  0.39651E+01
 0.21800E+04  0.40200E+01
 0.22000E+04  0.40748E+01
 0.22200E+04  0.41301E+01
 0.22400E+04  0.41854E+01
 0.22600E+04  0.42407E+01
 0.22800E+04  0.42964E+01
 0.23000E+04  0.43521E+01
 0.23200E+04  0.44083E+01
 0.23400E+04  0.44639E+01
 0.23600E+04  0.45200E+01
 0.23800E+04  0.45755E+01
 0.24000E+04  0.46314E+01
 0.24200E+04  0.46868E+01
 0.24400E+04  0.47415E+01
 0.24600E+04  0.47955E+01
 0.24800E+04  0.48488E+01
 0.25000E+04  0.49001E+01
 0.25200E+04  0.49488E+01
 0.25400E+04  0.49929E+01
 0.25600E+04  0.50290E+01
 0.25800E+04  0.50506E+01
 0.26000E+04  0.50403E+01
 0.26200E+04  0.49396E+01
 0.26300E+04  0.47948E+01
 0.26400E+04  0.44654E+01
 0.26450E+04  0.41435E+01
 0.26500E+04  0.36105E+01
 0.26550E+04  0.27686E+01
 0.26570E+04  0.23748E+01
 0.26600E+04  0.19042E+01
 0.26610E+04  0.18333E+01
 0.26620E+04  0.18280E+01
 0.26630E+04  0.18944E+01
 0.26640E+04  0.20301E+01
 0.26650E+04  0.22258E+01
 0.26700E+04  0.35492E+01
 0.26750E+04  0.45278E+01
 0.26800E+04  0.50427E+01
 0.27000E+04  0.56127E+01
 0.27200E+04  0.57368E+01
 0.27400E+04  0.58101E+01
 0.27600E+04  0.58743E+01
 0.27800E+04  0.59371E+01
 0.28000E+04  0.60013E+01
 0.28200E+04  0.60670E+01
 0.28400E+04  0.61343E+01
 0.28600E+04  0.62025E+01
 0.28800E+04  0.62723E+01
 0.29000E+04  0.63438E+01
 0.29200E+04  0.64170E+01
 0.29400E+04  0.64914E+01
 0.29600E+04  0.65675E+01
 0.29800E+04  0.66448E+01
 0.30000E+04  0.67241E+01
 0.30200E+04  0.68046E+01
 0.30400E+04  0.68871E+01
 0.30600E+04  0.69718E+01
 0.30800E+04  0.70579E+01
 0.31000E+04  0.71462E+01
 0.31200E+04  0.72369E+01
 0.31400E+04  0.73290E+01
 0.31600E+04  0.74246E+01
 0.31800E+04  0.75217E+01
 0.32000E+04  0.76215E+01
 0.32200E+04  0.77249E+01
 0.32400E+04  0.78301E+01
 0.32600E+04  0.79391E+01
 0.32800E+04  0.80501E+01
 0.33000E+04  0.81650E+01
 0.33200E+04  0.82820E+01
 0.33400E+04  0.84011E+01
 0.33600E+04  0.85212E+01
 0.33800E+04  0.86413E+01
 0.34000E+04  0.87559E+01
 0.34200E+04  0.88515E+01
 0.34300E+04  0.88822E+01
 0.34350E+04  0.88891E+01
 0.34400E+04  0.88848E+01
 0.34450E+04  0.88658E+01
 0.34500E+04  0.88217E+01
 0.34550E+04  0.87298E+01
 0.34580E+04  0.86342E+01
 0.34600E+04  0.85411E+01
 0.34620E+04  0.84172E+01
 0.34650E+04  0.81853E+01
 0.34660E+04  0.81560E+01
 0.34670E+04  0.83278E+01
 0.34680E+04  0.93930E+01
 0.34690E+04  0.15608E+02
 0.34700E+04  0.40650E+02
 0.34710E+04  0.28216E+02
 0.34720E+04  0.18415E+02
 0.34750E+04  0.12354E+02
 0.34780E+04  0.11148E+02
 0.34800E+04  0.10796E+02
 0.34900E+04  0.10213E+02
 0.35000E+04  0.10102E+02
 0.35100E+04  0.10099E+02
 0.35200E+04  0.10137E+02
 0.35300E+04  0.10197E+02
 0.35400E+04  0.10272E+02
 0.35600E+04  0.10446E+02
 0.35800E+04  0.10642E+02
 0.36000E+04  0.10858E+02
 0.36200E+04  0.11090E+02
 0.36400E+04  0.11337E+02
 0.36600E+04  0.11598E+02
 0.36800E+04  0.11878E+02
 0.37000E+04  0.12173E+02
 0.37200E+04  0.12486E+02
 0.37400E+04  0.12816E+02
 0.37600E+04  0.13168E+02
 0.37800E+04  0.13538E+02
 0.38000E+04  0.13930E+02
 0.38200E+04  0.14344E+02
 0.38400E+04  0.14782E+02
 0.38600E+04  0.15243E+02
 0.38800E+04  0.15729E+02
 0.39000E+04  0.16240E+02
 0.39200E+04  0.16778E+02
 0.39400E+04  0.17338E+02
 0.39600E+04  0.17924E+02
 0.39800E+04  0.18534E+02
 0.40000E+04  0.19163E+02
 0.40200E+04  0.19811E+02
 0.40400E+04  0.20471E+02
 0.40600E+04  0.21141E+02
 0.40800E+04  0.21813E+02
