 File:672019.spo  Solution Type:Thick  fitting  891 channels ( 110-1000)
 Channel#, E(keV),   Data,        Fit, Residual,    Data-Fit
  110,   0.612,      259.,       15.04,   -3.40,      243.96
  111,   0.622,      249.,       13.43,   -2.58,      235.57
  112,   0.632,      289.,       11.71,   -1.75,      277.29
  113,   0.642,      314.,       10.05,   -0.25,      303.95
  114,   0.653,      327.,        8.56,    1.76,      318.44
  115,   0.663,      342.,        7.25,    3.98,      334.75
  116,   0.673,      357.,        6.16,    4.76,      350.84
  117,   0.683,      385.,        5.32,    5.80,      379.68
  118,   0.693,      378.,        4.75,    7.56,      373.25
  119,   0.703,      385.,        4.62,    9.54,      380.38
  120,   0.713,      393.,        4.70,   11.18,      388.30
  121,   0.723,      429.,        5.04,   10.93,      423.96
  122,   0.733,      434.,        5.80,   10.81,      428.20
  123,   0.743,      381.,        6.95,   10.20,      374.05
  124,   0.753,      396.,        8.51,    9.57,      387.49
  125,   0.763,      361.,       10.47,    8.71,      350.53
  126,   0.773,      382.,       13.04,    6.39,      368.96
  127,   0.783,      391.,       16.09,    4.51,      374.91
  128,   0.793,      336.,       19.81,    2.58,      316.19
  129,   0.803,      355.,       24.21,    0.91,      330.79
  130,   0.813,      339.,       29.41,   -0.76,      309.59
  131,   0.823,      376.,       35.62,   -2.09,      340.38
  132,   0.833,      377.,       43.18,   -2.74,      333.82
  133,   0.844,      343.,       52.58,   -2.78,      290.42
  134,   0.854,      388.,       64.58,   -2.63,      323.42
  135,   0.864,      370.,       80.27,   -2.46,      289.73
  136,   0.874,      419.,      101.03,   -1.72,      317.97
  137,   0.884,      437.,      128.56,   -1.20,      308.44
  138,   0.894,      454.,      164.86,   -0.43,      289.14
  139,   0.904,      537.,      212.22,    0.32,      324.78
  140,   0.914,      555.,      272.51,    1.36,      282.49
  141,   0.924,      669.,      347.54,    1.88,      321.46
  142,   0.934,      760.,      438.43,    2.11,      321.57
  143,   0.944,      836.,      545.14,    2.78,      290.86
  144,   0.954,      947.,      666.37,    2.20,      280.63
  145,   0.964,     1074.,      799.43,    2.26,      274.57
  146,   0.974,     1272.,      939.88,    2.36,      332.12
  147,   0.984,     1397.,     1081.91,    1.99,      315.09
  148,   0.994,     1475.,     1218.69,    1.39,      256.31
  149,   1.004,     1610.,     1342.96,    0.43,      267.04
  150,   1.014,     1706.,     1447.75,    0.05,      258.25
  151,   1.024,     1764.,     1527.32,   -0.31,      236.68
  152,   1.035,     1826.,     1577.82,    0.29,      248.18
  153,   1.045,     1836.,     1598.44,    0.06,      237.56
  154,   1.055,     1827.,     1591.51,   -0.95,      235.49
  155,   1.065,     1734.,     1562.60,   -1.38,      171.40
  156,   1.075,     1706.,     1520.81,   -1.42,      185.19
  157,   1.085,     1681.,     1478.13,   -1.24,      202.87
  158,   1.095,     1629.,     1448.62,   -1.15,      180.38
  159,   1.105,     1692.,     1447.64,   -1.54,      244.36
  160,   1.115,     1676.,     1490.22,   -1.79,      185.78
  161,   1.125,     1764.,     1590.29,   -1.84,      173.71
  162,   1.135,     1978.,     1758.71,   -1.55,      219.29
  163,   1.145,     2219.,     2002.35,   -0.69,      216.65
  164,   1.155,     2523.,     2322.74,    0.21,      200.26
  165,   1.165,     2873.,     2715.11,    0.60,      157.89
  166,   1.175,     3310.,     3167.92,    0.65,      142.08
  167,   1.185,     3769.,     3662.94,    0.47,      106.06
  168,   1.195,     4354.,     4176.21,    0.30,      177.79
  169,   1.205,     4890.,     4679.20,    0.77,      210.80
  170,   1.215,     5390.,     5141.41,    0.78,      248.59
  171,   1.225,     5756.,     5532.76,    0.57,      223.24
  172,   1.236,     5976.,     5826.71,   -0.05,      149.29
  173,   1.246,     6102.,     6002.93,   -0.75,       99.07
  174,   1.256,     6274.,     6049.85,   -1.07,      224.15
  175,   1.266,     6042.,     5966.16,    0.12,       75.84
  176,   1.276,     5942.,     5760.78,   -0.11,      181.22
  177,   1.286,     5654.,     5453.07,   -0.21,      200.93
  178,   1.296,     5274.,     5070.93,   -0.49,      203.07
  179,   1.306,     4686.,     4648.54,    0.22,       37.46
  180,   1.316,     4248.,     4223.64,   -0.24,       24.36
  181,   1.326,     3905.,     3834.82,    0.21,       70.18
  182,   1.336,     3775.,     3518.88,   -0.06,      256.12
  183,   1.346,     3387.,     3308.17,    0.07,       78.83
  184,   1.356,     3313.,     3228.75,    0.02,       84.25
  185,   1.366,     3493.,     3298.85,   -0.63,      194.15
  186,   1.376,     3741.,     3527.32,    0.13,      213.68
  187,   1.386,     3987.,     3913.09,    0.29,       73.91
  188,   1.396,     4628.,     4444.25,    2.12,      183.75
  189,   1.406,     5254.,     5098.33,    2.75,      155.67
  190,   1.416,     5954.,     5842.69,    2.76,      111.31
  191,   1.427,     6702.,     6636.11,    3.19,       65.89
  192,   1.437,     7384.,     7431.07,    3.16,      -47.07
  193,   1.447,     8396.,     8176.96,    2.70,      219.04
  194,   1.457,     8736.,     8824.12,    2.04,      -88.12
  195,   1.467,     9564.,     9327.79,    1.09,      236.21
  196,   1.477,     9796.,     9652.39,   -0.75,      143.61
  197,   1.487,     9888.,     9775.04,   -1.43,      112.96
  198,   1.497,     9812.,     9688.11,   -1.35,      123.89
  199,   1.507,     9360.,     9399.41,   -1.69,      -39.41
  200,   1.517,     8924.,     8932.39,   -1.71,       -8.39
  201,   1.527,     8264.,     8323.75,   -2.63,      -59.75
  202,   1.537,     7510.,     7620.33,   -2.19,     -110.33
  203,   1.547,     6628.,     6875.45,   -3.01,     -247.45
  204,   1.557,     6108.,     6144.98,   -3.72,      -36.98
  205,   1.567,     5408.,     5483.96,   -4.05,      -75.96
  206,   1.577,     4916.,     4943.55,   -4.86,      -27.55
  207,   1.587,     4508.,     4568.62,   -4.44,      -60.62
  208,   1.597,     4390.,     4396.12,   -4.44,       -6.12
  209,   1.607,     4394.,     4453.51,   -3.06,      -59.51
  210,   1.618,     4846.,     4757.99,   -3.01,       88.01
  211,   1.628,     5286.,     5314.69,   -1.52,      -28.69
  212,   1.638,     6102.,     6115.77,   -0.40,      -13.77
  213,   1.648,     6976.,     7139.19,    0.25,     -163.19
  214,   1.658,     8404.,     8348.12,    0.53,       55.88
  215,   1.668,     9764.,     9691.05,    0.59,       72.95
  216,   1.678,    11292.,    11103.35,    0.67,      188.65
  217,   1.688,    12588.,    12510.12,    0.62,       77.88
  218,   1.698,    14028.,    13830.91,    0.89,      197.09
  219,   1.708,    15204.,    14985.64,    1.13,      218.36
  220,   1.718,    16004.,    15900.74,    0.45,      103.26
  221,   1.728,    16504.,    16516.10,    0.63,      -12.10
  222,   1.738,    16872.,    16790.42,   -0.21,       81.58
  223,   1.748,    16864.,    16705.77,   -0.35,      158.23
  224,   1.758,    16272.,    16268.00,   -0.47,        4.00
  225,   1.768,    15800.,    15506.72,   -1.01,      293.28
  226,   1.778,    14796.,    14471.31,   -1.49,      324.69
  227,   1.788,    13260.,    13225.84,   -1.55,       34.16
  228,   1.798,    11952.,    11842.47,   -0.79,      109.53
  229,   1.808,    10392.,    10394.56,    0.06,       -2.56
  230,   1.819,     9172.,     8951.05,    0.66,      220.95
  231,   1.829,     7856.,     7571.35,    1.09,      284.65
  232,   1.839,     6400.,     6302.13,    2.16,       97.87
  233,   1.849,     5332.,     5176.24,    1.78,      155.76
  234,   1.859,     4560.,     4213.12,    1.62,      346.88
  235,   1.869,     3877.,     3419.83,    2.62,      457.17
  236,   1.879,     3176.,     2793.61,    3.24,      382.39
  237,   1.889,     2658.,     2324.40,    3.57,      333.60
  238,   1.899,     2323.,     1996.91,    3.41,      326.09
  239,   1.909,     2054.,     1792.95,    3.10,      261.05
  240,   1.919,     1976.,     1692.58,    3.17,      283.42
  241,   1.929,     1947.,     1675.40,    4.34,      271.60
  242,   1.939,     1984.,     1721.09,    3.87,      262.91
  243,   1.949,     2100.,     1809.86,    1.98,      290.14
  244,   1.959,     2107.,     1922.85,    0.73,      184.15
  245,   1.969,     2292.,     2042.52,    1.30,      249.48
  246,   1.979,     2351.,     2153.26,   -0.34,      197.74
  247,   1.989,     2416.,     2241.71,   -1.12,      174.29
  248,   1.999,     2575.,     2297.50,   -1.60,      277.50
  249,   2.010,     2503.,     2313.59,   -2.19,      189.41
  250,   2.020,     2523.,     2286.56,   -2.32,      236.44
  251,   2.030,     2445.,     2216.62,   -1.90,      228.38
  252,   2.040,     2384.,     2107.25,   -1.52,      276.75
  253,   2.050,     2238.,     1964.73,   -0.09,      273.27
  254,   2.060,     1970.,     1797.25,    0.18,      172.75
  255,   2.070,     1804.,     1613.91,    0.91,      190.09
  256,   2.080,     1593.,     1424.13,    1.65,      168.87
  257,   2.090,     1482.,     1236.68,    1.09,      245.32
  258,   2.100,     1344.,     1059.15,    1.67,      284.85
  259,   2.110,     1124.,      897.32,    1.65,      226.68
  260,   2.120,      959.,      755.76,    2.02,      203.24
  261,   2.130,      860.,      637.07,    0.74,      222.93
  262,   2.140,      732.,      542.71,    0.12,      189.29
  263,   2.150,      645.,      473.02,   -0.35,      171.98
  264,   2.160,      645.,      427.60,   -0.64,      217.40
  265,   2.170,      563.,      405.73,    0.07,      157.27
  266,   2.180,      600.,      406.17,   -0.74,      193.83
  267,   2.190,      586.,      427.54,   -1.92,      158.46
  268,   2.201,      654.,      468.18,   -2.74,      185.82
  269,   2.211,      652.,      525.78,   -2.48,      126.22
  270,   2.221,      754.,      597.67,   -2.97,      156.33
  271,   2.231,      798.,      680.38,   -3.00,      117.62
  272,   2.241,      954.,      769.74,   -2.32,      184.26
  273,   2.251,     1035.,      861.03,   -2.93,      173.97
  274,   2.261,     1107.,      949.11,   -1.96,      157.89
  275,   2.271,     1147.,     1028.69,   -2.04,      118.31
  276,   2.281,     1227.,     1094.76,   -1.14,      132.24
  277,   2.291,     1306.,     1142.95,   -1.58,      163.05
  278,   2.301,     1322.,     1170.17,   -0.05,      151.83
  279,   2.311,     1364.,     1174.39,    0.46,      189.61
  280,   2.321,     1376.,     1155.43,    1.19,      220.57
  281,   2.331,     1258.,     1114.53,    1.15,      143.47
  282,   2.341,     1234.,     1054.34,    0.71,      179.66
  283,   2.351,     1118.,      978.71,    1.64,      139.29
  284,   2.361,     1087.,      892.31,    2.16,      194.69
  285,   2.371,      939.,      800.15,    3.29,      138.85
  286,   2.381,      924.,      707.25,    2.99,      216.75
  287,   2.392,      787.,      618.24,    3.09,      168.76
  288,   2.402,      691.,      537.32,    2.69,      153.68
  289,   2.412,      592.,      467.91,    2.23,      124.09
  290,   2.422,      528.,      412.81,    2.30,      115.19
  291,   2.432,      562.,      374.32,    1.96,      187.68
  292,   2.442,      497.,      354.42,    1.87,      142.58
  293,   2.452,      539.,      354.85,    0.96,      184.15
  294,   2.462,      525.,      377.54,    1.13,      147.46
  295,   2.472,      554.,      424.09,    0.04,      129.91
  296,   2.482,      620.,      496.33,   -0.89,      123.67
  297,   2.492,      702.,      595.60,   -1.54,      106.40
  298,   2.502,      837.,      722.72,   -1.51,      114.28
  299,   2.512,      974.,      877.53,   -1.68,       96.47
  300,   2.522,     1174.,     1058.43,   -2.50,      115.57
  301,   2.532,     1352.,     1262.19,   -2.53,       89.81
  302,   2.542,     1621.,     1483.34,   -2.83,      137.66
  303,   2.552,     1802.,     1714.51,   -2.37,       87.49
  304,   2.562,     1997.,     1946.47,   -1.59,       50.53
  305,   2.572,     2204.,     2168.66,   -1.02,       35.34
  306,   2.582,     2465.,     2369.79,   -1.13,       95.21
  307,   2.593,     2592.,     2539.01,   -1.12,       52.99
  308,   2.603,     2748.,     2666.37,   -0.34,       81.63
  309,   2.613,     2847.,     2744.27,    0.25,      102.73
  310,   2.623,     2890.,     2768.01,    0.76,      121.99
  311,   2.633,     2858.,     2736.17,    0.69,      121.83
  312,   2.643,     2806.,     2651.00,    0.58,      155.00
  313,   2.653,     2650.,     2517.98,    0.90,      132.02
  314,   2.663,     2430.,     2345.43,    1.85,       84.57
  315,   2.673,     2241.,     2143.64,    1.78,       97.36
  316,   2.683,     2039.,     1923.89,    1.85,      115.11
  317,   2.693,     1824.,     1697.47,    1.75,      126.53
  318,   2.703,     1561.,     1474.77,    1.41,       86.23
  319,   2.713,     1332.,     1264.51,    0.84,       67.49
  320,   2.723,     1118.,     1073.38,    0.58,       44.62
  321,   2.733,      951.,      905.73,   -0.58,       45.27
  322,   2.743,      870.,      763.49,   -1.72,      106.51
  323,   2.753,      726.,      646.59,   -1.49,       79.41
  324,   2.763,      605.,      553.27,   -1.69,       51.73
  325,   2.773,      515.,      480.59,   -2.42,       34.41
  326,   2.784,      489.,      424.92,   -2.59,       64.08
  327,   2.794,      411.,      382.37,   -2.27,       28.63
  328,   2.804,      419.,      349.20,   -2.12,       69.80
  329,   2.814,      366.,      322.07,   -1.19,       43.93
  330,   2.824,      336.,      298.38,   -0.21,       37.62
  331,   2.834,      375.,      276.09,   -0.46,       98.91
  332,   2.844,      334.,      253.90,   -0.38,       80.10
  333,   2.854,      279.,      231.17,    0.63,       47.83
  334,   2.864,      299.,      207.76,    1.82,       91.24
  335,   2.874,      265.,      183.91,    1.97,       81.09
  336,   2.884,      203.,      160.11,    2.64,       42.89
  337,   2.894,      211.,      136.93,    2.58,       74.07
  338,   2.904,      193.,      114.96,    2.97,       78.04
  339,   2.914,      164.,       94.70,    4.26,       69.30
  340,   2.924,      126.,       76.53,    3.23,       49.47
  341,   2.934,      134.,       60.61,    2.45,       73.39
  342,   2.944,       94.,       47.06,    1.88,       46.94
  343,   2.954,       73.,       35.86,    0.92,       37.14
  344,   2.964,       60.,       26.82,   -0.78,       33.18
  345,   2.975,       72.,       19.68,   -0.41,       52.32
  346,   2.985,       60.,       14.17,   -1.66,       45.83
  347,   2.995,       54.,       10.01,   -3.17,       43.99
  348,   3.005,       33.,        6.95,   -3.16,       26.05
  349,   3.015,       39.,        4.74,   -3.12,       34.26
  350,   3.025,       27.,        3.28,   -4.21,       23.72
  351,   3.035,       34.,        2.31,   -4.25,       31.69
  352,   3.045,       25.,        1.74,   -3.37,       23.26
  353,   3.055,       32.,        1.51,   -3.37,       30.49
  354,   3.065,       29.,        1.66,   -3.11,       27.34
  355,   3.075,       29.,        2.11,   -3.28,       26.89
  356,   3.085,       39.,        2.93,   -2.94,       36.07
  357,   3.095,       37.,        4.38,   -1.68,       32.62
  358,   3.105,       42.,        6.49,   -0.99,       35.51
  359,   3.115,       30.,        9.56,   -0.60,       20.44
  360,   3.125,       45.,       13.89,   -0.53,       31.11
  361,   3.135,       40.,       19.79,   -0.63,       20.21
  362,   3.145,       56.,       27.66,   -0.90,       28.34
  363,   3.155,       62.,       37.92,   -0.36,       24.08
  364,   3.166,       77.,       51.00,   -0.01,       26.00
  365,   3.176,      106.,       67.27,   -0.31,       38.73
  366,   3.186,      115.,       87.03,   -0.92,       27.97
  367,   3.196,      146.,      110.42,   -0.47,       35.58
  368,   3.206,      158.,      137.39,   -0.61,       20.61
  369,   3.216,      185.,      167.64,   -0.88,       17.36
  370,   3.226,      215.,      200.60,   -0.38,       14.40
  371,   3.236,      283.,      235.38,   -0.24,       47.62
  372,   3.246,      291.,      270.83,   -0.81,       20.17
  373,   3.256,      316.,      305.57,   -1.43,       10.43
  374,   3.266,      364.,      338.06,   -0.82,       25.94
  375,   3.276,      416.,      366.74,   -1.06,       49.26
  376,   3.286,      403.,      390.11,   -1.52,       12.89
  377,   3.296,      437.,      406.88,   -1.05,       30.12
  378,   3.306,      457.,      416.12,   -0.81,       40.88
  379,   3.316,      467.,      417.27,   -0.20,       49.73
  380,   3.326,      417.,      410.32,   -0.31,        6.68
  381,   3.336,      394.,      395.67,   -0.04,       -1.67
  382,   3.346,      443.,      374.15,    0.62,       68.85
  383,   3.356,      364.,      346.97,    0.96,       17.03
  384,   3.367,      345.,      315.62,    1.11,       29.38
  385,   3.377,      326.,      281.68,    1.58,       44.32
  386,   3.387,      277.,      246.80,    1.43,       30.20
  387,   3.397,      270.,      212.48,    1.50,       57.52
  388,   3.407,      222.,      180.07,    1.93,       41.93
  389,   3.417,      187.,      150.70,    3.73,       36.30
  390,   3.427,      164.,      125.25,    4.80,       38.75
  391,   3.437,      140.,      104.42,    4.16,       35.58
  392,   3.447,      138.,       88.78,    4.66,       49.22
  393,   3.457,      115.,       78.75,    4.19,       36.25
  394,   3.467,       99.,       74.79,    3.39,       24.21
  395,   3.477,      136.,       77.53,    3.70,       58.47
  396,   3.487,      110.,       87.68,    1.88,       22.32
  397,   3.497,      140.,      106.27,   -0.29,       33.73
  398,   3.507,      169.,      134.56,   -1.25,       34.44
  399,   3.517,      190.,      174.10,   -2.09,       15.90
  400,   3.527,      248.,      226.62,   -2.55,       21.38
  401,   3.537,      315.,      293.96,   -2.92,       21.04
  402,   3.547,      396.,      377.86,   -2.64,       18.14
  403,   3.558,      519.,      479.73,   -2.71,       39.27
  404,   3.568,      551.,      600.45,   -2.15,      -49.45
  405,   3.578,      631.,      739.99,   -2.54,     -108.99
  406,   3.588,      859.,      897.23,   -3.31,      -38.23
  407,   3.598,     1043.,     1069.63,   -2.78,      -26.63
  408,   3.608,     1241.,     1253.36,   -2.35,      -12.36
  409,   3.618,     1470.,     1442.92,   -2.09,       27.08
  410,   3.628,     1684.,     1631.71,   -1.63,       52.29
  411,   3.638,     1814.,     1812.03,   -2.05,        1.97
  412,   3.648,     2033.,     1975.75,   -2.76,       57.25
  413,   3.658,     2113.,     2114.85,   -2.35,       -1.85
  414,   3.668,     2215.,     2222.06,   -0.71,       -7.06
  415,   3.678,     2366.,     2291.46,    0.93,       74.54
  416,   3.688,     2327.,     2319.05,    1.51,        7.95
  417,   3.698,     2364.,     2303.22,    1.15,       60.78
  418,   3.708,     2289.,     2244.67,    1.63,       44.33
  419,   3.718,     2159.,     2146.53,    1.30,       12.47
  420,   3.728,     1983.,     2014.12,    2.49,      -31.12
  421,   3.738,     1864.,     1854.37,    2.55,        9.63
  422,   3.749,     1745.,     1675.21,    3.20,       69.79
  423,   3.759,     1607.,     1484.99,    3.18,      122.01
  424,   3.769,     1315.,     1291.81,    2.38,       23.19
  425,   3.779,     1045.,     1103.00,    2.38,      -58.00
  426,   3.789,      994.,      924.71,    1.84,       69.29
  427,   3.799,      767.,      761.68,    1.83,        5.32
  428,   3.809,      732.,      617.11,    2.11,      114.89
  429,   3.819,      527.,      492.79,    2.32,       34.21
  430,   3.829,      485.,      389.23,    2.36,       95.77
  431,   3.839,      345.,      305.91,    1.95,       39.09
  432,   3.849,      251.,      241.60,    0.46,        9.40
  433,   3.859,      208.,      194.52,    0.60,       13.48
  434,   3.869,      161.,      162.74,    1.38,       -1.74
  435,   3.879,      151.,      144.13,    0.58,        6.87
  436,   3.889,      131.,      136.64,    0.13,       -5.64
  437,   3.899,      137.,      138.37,   -2.01,       -1.37
  438,   3.909,      130.,      147.50,   -2.54,      -17.50
  439,   3.919,      180.,      162.36,   -4.02,       17.64
  440,   3.929,      176.,      181.33,   -4.78,       -5.33
  441,   3.939,      203.,      202.95,   -4.43,        0.05
  442,   3.950,      218.,      225.72,   -4.60,       -7.72
  443,   3.960,      223.,      248.14,   -5.96,      -25.14
  444,   3.970,      227.,      268.87,   -5.97,      -41.87
  445,   3.980,      256.,      286.72,   -5.81,      -30.72
  446,   3.990,      333.,      300.60,   -4.63,       32.40
  447,   4.000,      316.,      309.70,   -3.71,        6.30
  448,   4.010,      291.,      313.42,   -3.47,      -22.42
  449,   4.020,      311.,      311.63,   -3.02,       -0.63
  450,   4.030,      311.,      304.30,   -2.32,        6.70
  451,   4.040,      282.,      291.91,   -2.13,       -9.91
  452,   4.050,      274.,      275.07,   -0.63,       -1.07
  453,   4.060,      271.,      254.64,    1.12,       16.36
  454,   4.070,      242.,      231.64,    2.05,       10.36
  455,   4.080,      228.,      207.12,    1.39,       20.88
  456,   4.090,      176.,      182.08,    1.45,       -6.08
  457,   4.100,      165.,      157.46,    2.62,        7.54
  458,   4.110,      167.,      134.01,    2.90,       32.99
  459,   4.120,      115.,      112.34,    3.00,        2.66
  460,   4.130,      139.,       92.84,    3.51,       46.16
  461,   4.141,      104.,       75.71,    3.52,       28.29
  462,   4.151,       75.,       61.01,    2.50,       13.99
  463,   4.161,       59.,       48.65,    1.84,       10.35
  464,   4.171,       58.,       38.45,    1.59,       19.55
  465,   4.181,       47.,       30.11,    1.84,       16.89
  466,   4.191,       45.,       23.51,    1.41,       21.49
  467,   4.201,       33.,       18.29,    0.96,       14.71
  468,   4.211,       31.,       14.24,    1.29,       16.76
  469,   4.221,       32.,       11.06,   -0.60,       20.94
  470,   4.231,       19.,        8.69,   -1.35,       10.31
  471,   4.241,       20.,        6.97,   -1.29,       13.03
  472,   4.251,       13.,        5.74,   -1.00,        7.26
  473,   4.261,       11.,        4.98,   -1.25,        6.02
  474,   4.271,       16.,        4.63,   -1.53,       11.37
  475,   4.281,       27.,        4.74,   -1.88,       22.26
  476,   4.291,       19.,        5.48,   -2.27,       13.52
  477,   4.301,       21.,        6.65,   -2.75,       14.35
  478,   4.311,       34.,        8.64,   -1.57,       25.36
  479,   4.321,       33.,       11.42,   -0.62,       21.58
  480,   4.332,       39.,       15.22,   -0.07,       23.78
  481,   4.342,       45.,       20.27,    0.53,       24.73
  482,   4.352,       46.,       26.70,    1.99,       19.30
  483,   4.362,       50.,       34.82,    2.30,       15.18
  484,   4.372,       52.,       44.81,    1.79,        7.19
  485,   4.382,       69.,       56.52,    2.17,       12.48
  486,   4.392,      100.,       70.20,    2.42,       29.80
  487,   4.402,      117.,       85.69,    2.35,       31.31
  488,   4.412,      130.,      102.77,    2.16,       27.23
  489,   4.422,      143.,      121.09,    1.91,       21.91
  490,   4.432,      184.,      140.17,    1.12,       43.83
  491,   4.442,      172.,      159.50,    0.74,       12.50
  492,   4.452,      191.,      178.19,    0.12,       12.81
  493,   4.462,      234.,      195.56,    1.01,       38.44
  494,   4.472,      232.,      210.80,    1.82,       21.20
  495,   4.482,      228.,      223.21,    1.33,        4.79
  496,   4.492,      254.,      232.17,    0.01,       21.83
  497,   4.502,      251.,      237.23,   -0.29,       13.77
  498,   4.512,      244.,      238.14,   -0.66,        5.86
  499,   4.523,      244.,      234.88,   -1.11,        9.12
  500,   4.533,      225.,      227.65,   -1.25,       -2.65
  501,   4.543,      247.,      216.84,   -1.08,       30.16
  502,   4.553,      241.,      203.04,   -2.27,       37.96
  503,   4.563,      198.,      186.96,   -2.76,       11.04
  504,   4.573,      150.,      169.32,   -2.49,      -19.32
  505,   4.583,      172.,      150.91,   -2.53,       21.09
  506,   4.593,      140.,      132.44,   -2.02,        7.56
  507,   4.603,      137.,      114.54,   -1.58,       22.46
  508,   4.613,      109.,       97.71,   -1.13,       11.29
  509,   4.623,      101.,       82.32,   -0.36,       18.68
  510,   4.633,       73.,       68.59,   -1.18,        4.41
  511,   4.643,       63.,       56.62,   -1.48,        6.38
  512,   4.653,       58.,       46.44,   -1.24,       11.56
  513,   4.663,       56.,       37.89,   -0.48,       18.11
  514,   4.673,       62.,       30.91,   -0.57,       31.09
  515,   4.683,       47.,       25.26,   -0.47,       21.74
  516,   4.693,       35.,       20.73,   -1.04,       14.27
  517,   4.703,       44.,       17.21,   -1.01,       26.79
  518,   4.713,       29.,       14.52,   -1.59,       14.48
  519,   4.724,       37.,       12.46,   -0.44,       24.54
  520,   4.734,       28.,       10.99,    0.55,       17.01
  521,   4.744,       32.,       10.01,    0.41,       21.99
  522,   4.754,       34.,        9.50,    0.65,       24.50
  523,   4.764,       34.,        9.43,    0.45,       24.57
  524,   4.774,       32.,        9.83,    0.97,       22.17
  525,   4.784,       32.,       10.64,    1.82,       21.36
  526,   4.794,       32.,       11.86,    1.47,       20.14
  527,   4.804,       48.,       13.60,    1.96,       34.40
  528,   4.814,       44.,       15.75,    2.14,       28.25
  529,   4.824,       34.,       18.38,    2.74,       15.62
  530,   4.834,       63.,       21.39,    2.93,       41.61
  531,   4.844,       58.,       24.73,    2.80,       33.27
  532,   4.854,       70.,       28.26,    3.30,       41.74
  533,   4.864,       69.,       32.02,    3.24,       36.98
  534,   4.874,       62.,       35.78,    3.45,       26.22
  535,   4.884,       69.,       39.38,    3.88,       29.62
  536,   4.894,       73.,       42.64,    3.31,       30.36
  537,   4.904,       78.,       45.50,    2.34,       32.50
  538,   4.915,       75.,       47.77,    2.21,       27.23
  539,   4.925,       67.,       49.33,    1.13,       17.67
  540,   4.935,       86.,       50.08,    0.00,       35.92
  541,   4.945,       75.,       50.00,   -0.37,       25.00
  542,   4.955,       80.,       49.10,   -0.80,       30.90
  543,   4.965,       74.,       47.41,   -0.53,       26.59
  544,   4.975,       73.,       45.02,   -0.90,       27.98
  545,   4.985,       51.,       42.03,   -0.69,        8.97
  546,   4.995,       50.,       38.59,   -0.86,       11.41
  547,   5.005,       49.,       34.84,   -1.62,       14.16
  548,   5.015,       41.,       30.93,   -1.31,       10.07
  549,   5.025,       59.,       27.02,   -1.32,       31.98
  550,   5.035,       53.,       23.19,   -0.93,       29.81
  551,   5.045,       44.,       19.63,   -0.82,       24.37
  552,   5.055,       37.,       16.36,   -1.66,       20.64
  553,   5.065,       40.,       13.43,   -2.03,       26.57
  554,   5.075,       39.,       10.88,   -1.23,       28.12
  555,   5.085,       23.,        8.71,   -0.09,       14.29
  556,   5.095,       21.,        6.90,    0.65,       14.10
  557,   5.106,       33.,        5.42,    1.36,       27.58
  558,   5.116,       25.,        4.25,    1.03,       20.75
  559,   5.126,       30.,        3.35,    0.55,       26.65
  560,   5.136,        8.,        2.65,    0.89,        5.35
  561,   5.146,       20.,        2.14,    1.01,       17.86
  562,   5.156,       19.,        1.73,    1.05,       17.27
  563,   5.166,       28.,        1.48,    0.01,       26.52
  564,   5.176,       23.,        1.21,    0.20,       21.79
  565,   5.186,       21.,        1.15,    0.10,       19.85
  566,   5.196,       17.,        1.08,   -1.21,       15.92
  567,   5.206,       17.,        1.05,   -0.95,       15.95
  568,   5.216,       24.,        1.11,   -1.46,       22.89
  569,   5.226,       17.,        1.19,   -0.76,       15.81
  570,   5.236,       24.,        1.33,   -0.79,       22.67
  571,   5.246,       16.,        1.43,   -0.42,       14.57
  572,   5.256,       21.,        1.54,   -0.84,       19.46
  573,   5.266,       17.,        1.66,   -1.35,       15.34
  574,   5.276,       14.,        1.79,   -1.64,       12.21
  575,   5.286,       18.,        1.93,   -2.26,       16.07
  576,   5.297,       16.,        2.08,   -1.87,       13.92
  577,   5.307,       19.,        2.23,   -1.04,       16.77
  578,   5.317,       16.,        2.39,   -1.50,       13.61
  579,   5.327,       22.,        2.54,   -1.50,       19.46
  580,   5.337,       17.,        2.70,   -1.87,       14.30
  581,   5.347,       19.,        2.86,   -1.90,       16.14
  582,   5.357,       23.,        3.00,   -1.90,       20.00
  583,   5.367,       21.,        3.14,   -0.91,       17.86
  584,   5.377,       17.,        3.26,   -0.39,       13.74
  585,   5.387,       21.,        3.35,   -0.48,       17.65
  586,   5.397,       31.,        3.42,    0.05,       27.58
  587,   5.407,       16.,        3.46,    0.29,       12.54
  588,   5.417,       24.,        3.55,    0.09,       20.45
  589,   5.427,       18.,        3.53,   -0.33,       14.47
  590,   5.437,       20.,        3.47,   -0.23,       16.53
  591,   5.447,       24.,        3.38,    0.64,       20.62
  592,   5.457,       32.,        3.25,    0.46,       28.75
  593,   5.467,       22.,        3.11,    0.35,       18.89
  594,   5.477,       23.,        2.94,    0.73,       20.06
  595,   5.487,       24.,        2.76,    0.62,       21.24
  596,   5.498,       21.,        2.57,   -0.16,       18.43
  597,   5.508,       17.,        2.36,    0.65,       14.64
  598,   5.518,       14.,        2.26,   -0.31,       11.74
  599,   5.528,       24.,        2.10,   -0.35,       21.90
  600,   5.538,       31.,        1.95,   -0.32,       29.05
  601,   5.548,       23.,        1.92,   -0.33,       21.08
  602,   5.558,       21.,        1.89,   -0.44,       19.11
  603,   5.568,       28.,        1.92,   -0.04,       26.08
  604,   5.578,       18.,        2.07,   -0.30,       15.93
  605,   5.588,       22.,        2.37,    0.41,       19.63
  606,   5.598,       26.,        2.96,    0.84,       23.04
  607,   5.608,       23.,        3.87,    1.61,       19.13
  608,   5.618,       32.,        5.25,    2.39,       26.75
  609,   5.628,       28.,        7.36,    1.26,       20.64
  610,   5.638,       33.,       10.61,    1.34,       22.39
  611,   5.648,       33.,       15.35,    1.33,       17.65
  612,   5.658,       51.,       22.12,    1.87,       28.88
  613,   5.668,       45.,       31.66,    1.93,       13.34
  614,   5.678,       69.,       44.86,    1.62,       24.14
  615,   5.689,       72.,       62.77,   -0.15,        9.23
  616,   5.699,      134.,       86.66,   -0.13,       47.34
  617,   5.709,      158.,      117.91,   -0.30,       40.09
  618,   5.719,      182.,      158.05,    0.14,       23.95
  619,   5.729,      233.,      208.59,   -0.07,       24.41
  620,   5.739,      273.,      271.00,   -0.24,        2.00
  621,   5.749,      363.,      346.52,   -1.24,       16.48
  622,   5.759,      454.,      436.02,   -1.74,       17.98
  623,   5.769,      535.,      539.85,   -2.11,       -4.85
  624,   5.779,      624.,      657.63,   -1.11,      -33.63
  625,   5.789,      815.,      788.16,   -0.76,       26.84
  626,   5.799,      932.,      929.31,   -0.90,        2.69
  627,   5.809,     1172.,     1077.94,   -0.32,       94.06
  628,   5.819,     1226.,     1230.04,   -0.65,       -4.04
  629,   5.829,     1363.,     1380.76,   -1.49,      -17.76
  630,   5.839,     1474.,     1524.72,   -1.05,      -50.72
  631,   5.849,     1640.,     1656.27,   -0.98,      -16.27
  632,   5.859,     1773.,     1769.86,   -0.55,        3.14
  633,   5.869,     1983.,     1860.41,   -0.08,      122.59
  634,   5.880,     1945.,     1923.80,    0.08,       21.20
  635,   5.890,     1960.,     1956.81,   -0.34,        3.19
  636,   5.900,     2049.,     1957.94,   -0.04,       91.06
  637,   5.910,     1939.,     1927.14,   -0.42,       11.86
  638,   5.920,     1836.,     1865.90,    0.40,      -29.90
  639,   5.930,     1827.,     1777.18,    0.89,       49.82
  640,   5.940,     1693.,     1665.13,    1.88,       27.87
  641,   5.950,     1600.,     1534.78,    2.35,       65.22
  642,   5.960,     1437.,     1391.66,    2.56,       45.34
  643,   5.970,     1228.,     1241.45,    1.23,      -13.45
  644,   5.980,     1050.,     1089.66,    1.09,      -39.66
  645,   5.990,      964.,      940.99,    1.21,       23.01
  646,   6.000,      858.,      799.62,    0.90,       58.38
  647,   6.010,      741.,      668.73,    0.94,       72.27
  648,   6.020,      581.,      550.54,    1.19,       30.46
  649,   6.030,      486.,      446.25,    0.41,       39.75
  650,   6.040,      381.,      356.49,    0.06,       24.51
  651,   6.050,      314.,      280.78,   -0.68,       33.22
  652,   6.060,      238.,      218.33,   -0.70,       19.67
  653,   6.070,      165.,      167.95,   -0.52,       -2.95
  654,   6.081,      151.,      128.22,    0.24,       22.78
  655,   6.091,      123.,       97.75,    0.32,       25.25
  656,   6.101,       94.,       75.03,   -0.80,       18.97
  657,   6.111,       63.,       58.83,   -1.84,        4.17
  658,   6.121,       56.,       48.11,   -1.92,        7.89
  659,   6.131,       54.,       42.13,   -2.67,       11.87
  660,   6.141,       58.,       40.32,   -2.43,       17.68
  661,   6.151,       55.,       42.51,   -2.21,       12.49
  662,   6.161,       57.,       48.85,   -2.57,        8.15
  663,   6.171,       81.,       59.81,   -2.69,       21.19
  664,   6.181,       99.,       76.16,   -2.12,       22.84
  665,   6.191,      105.,       98.91,   -1.47,        6.09
  666,   6.201,      137.,      129.46,   -2.17,        7.54
  667,   6.211,      174.,      169.39,   -2.23,        4.61
  668,   6.221,      232.,      220.46,   -1.72,       11.54
  669,   6.231,      315.,      284.45,   -1.13,       30.55
  670,   6.241,      423.,      363.21,   -0.23,       59.79
  671,   6.251,      490.,      458.15,    0.76,       31.85
  672,   6.261,      577.,      570.54,    0.94,        6.46
  673,   6.272,      781.,      700.82,    1.33,       80.18
  674,   6.282,      918.,      848.73,    1.87,       69.27
  675,   6.292,      999.,     1013.04,    3.13,      -14.04
  676,   6.302,     1199.,     1191.44,    3.45,        7.56
  677,   6.312,     1454.,     1380.56,    4.30,       73.44
  678,   6.322,     1620.,     1575.81,    4.35,       44.19
  679,   6.332,     1842.,     1771.60,    4.24,       70.40
  680,   6.342,     2029.,     1961.64,    3.04,       67.36
  681,   6.352,     2144.,     2139.45,    2.36,        4.55
  682,   6.362,     2361.,     2298.25,    2.50,       62.75
  683,   6.372,     2487.,     2431.74,    1.73,       55.26
  684,   6.382,     2663.,     2534.32,    0.98,      128.68
  685,   6.392,     2661.,     2602.05,    1.43,       58.95
  686,   6.402,     2725.,     2631.78,    1.27,       93.22
  687,   6.412,     2616.,     2622.81,    0.30,       -6.81
  688,   6.422,     2554.,     2575.71,   -0.59,      -21.71
  689,   6.432,     2433.,     2492.88,   -0.73,      -59.88
  690,   6.442,     2329.,     2378.23,   -1.20,      -49.23
  691,   6.452,     2260.,     2236.82,   -1.01,       23.18
  692,   6.463,     2047.,     2074.56,   -1.47,      -27.56
  693,   6.473,     1889.,     1897.73,   -1.48,       -8.73
  694,   6.483,     1738.,     1712.52,   -2.93,       25.48
  695,   6.493,     1515.,     1525.08,   -3.40,      -10.08
  696,   6.503,     1296.,     1340.70,   -3.97,      -44.70
  697,   6.513,     1096.,     1163.65,   -3.67,      -67.65
  698,   6.523,     1031.,      997.52,   -3.06,       33.48
  699,   6.533,      842.,      844.74,   -2.25,       -2.74
  700,   6.543,      726.,      707.04,   -1.91,       18.96
  701,   6.553,      567.,      585.01,   -1.67,      -18.01
  702,   6.563,      499.,      478.63,   -1.17,       20.37
  703,   6.573,      372.,      387.32,   -0.20,      -15.32
  704,   6.583,      314.,      310.08,   -0.25,        3.92
  705,   6.593,      245.,      245.64,    0.44,       -0.64
  706,   6.603,      203.,      192.52,    1.06,       10.48
  707,   6.613,      168.,      149.40,    1.94,       18.60
  708,   6.623,      114.,      114.78,    1.25,       -0.78
  709,   6.633,       80.,       87.40,    1.09,       -7.40
  710,   6.643,       89.,       65.86,    1.17,       23.14
  711,   6.654,       50.,       49.29,    1.44,        0.71
  712,   6.664,       55.,       36.57,    1.13,       18.43
  713,   6.674,       21.,       27.00,    1.90,       -6.00
  714,   6.684,       22.,       19.96,    1.69,        2.04
  715,   6.694,       19.,       14.83,    1.14,        4.17
  716,   6.704,       20.,       11.24,    0.35,        8.76
  717,   6.714,       15.,        8.84,    0.30,        6.16
  718,   6.724,       16.,        7.46,    0.45,        8.54
  719,   6.734,       14.,        6.85,    0.98,        7.15
  720,   6.744,       15.,        6.77,    0.25,        8.23
  721,   6.754,        8.,        7.26,    0.93,        0.74
  722,   6.764,       14.,        8.25,    0.05,        5.75
  723,   6.774,       12.,        9.77,    1.20,        2.23
  724,   6.784,        7.,       11.82,    1.05,       -4.82
  725,   6.794,       20.,       14.31,    0.90,        5.69
  726,   6.804,       17.,       17.41,    0.48,       -0.41
  727,   6.814,       25.,       21.03,    0.26,        3.97
  728,   6.824,       25.,       25.36,   -0.02,       -0.36
  729,   6.834,       32.,       30.37,   -0.15,        1.63
  730,   6.844,       34.,       36.17,   -1.11,       -2.17
  731,   6.855,       44.,       42.83,   -0.58,        1.17
  732,   6.865,       70.,       50.45,   -0.39,       19.55
  733,   6.875,       64.,       59.20,    0.30,        4.80
  734,   6.885,       60.,       69.11,    0.42,       -9.11
  735,   6.895,       82.,       80.40,    1.20,        1.60
  736,   6.905,       92.,       93.06,    1.56,       -1.06
  737,   6.915,      110.,      107.23,    1.64,        2.77
  738,   6.925,      108.,      122.93,    1.05,      -14.93
  739,   6.935,      120.,      140.14,    1.61,      -20.14
  740,   6.945,      156.,      158.74,    1.25,       -2.74
  741,   6.955,      176.,      178.54,    0.62,       -2.54
  742,   6.965,      212.,      199.21,   -0.29,       12.79
  743,   6.975,      212.,      220.31,   -0.48,       -8.31
  744,   6.985,      266.,      241.30,   -0.20,       24.70
  745,   6.995,      257.,      261.55,   -0.94,       -4.55
  746,   7.005,      276.,      280.35,   -1.03,       -4.35
  747,   7.015,      284.,      296.98,   -0.57,      -12.98
  748,   7.025,      311.,      310.74,   -1.08,        0.26
  749,   7.035,      304.,      321.00,   -0.61,      -17.00
  750,   7.046,      295.,      327.23,   -0.93,      -32.23
  751,   7.056,      309.,      329.09,   -0.78,      -20.09
  752,   7.066,      315.,      326.40,   -1.50,      -11.40
  753,   7.076,      312.,      319.19,   -1.80,       -7.19
  754,   7.086,      279.,      307.68,   -2.63,      -28.68
  755,   7.096,      276.,      292.34,   -3.01,      -16.34
  756,   7.106,      296.,      273.72,   -2.95,       22.28
  757,   7.116,      216.,      252.54,   -2.60,      -36.54
  758,   7.126,      226.,      229.57,   -3.02,       -3.57
  759,   7.136,      193.,      205.60,   -2.72,      -12.60
  760,   7.146,      176.,      181.39,   -1.98,       -5.39
  761,   7.156,      136.,      157.66,   -1.66,      -21.66
  762,   7.166,      123.,      134.92,   -1.34,      -11.92
  763,   7.176,      112.,      113.74,   -1.07,       -1.74
  764,   7.186,       76.,       94.51,    0.14,      -18.51
  765,   7.196,       79.,       77.35,    0.58,        1.65
  766,   7.206,       62.,       62.29,   -0.04,       -0.29
  767,   7.216,       43.,       49.59,    0.80,       -6.59
  768,   7.226,       46.,       38.87,    1.11,        7.13
  769,   7.237,       32.,       30.07,    1.37,        1.93
  770,   7.247,       17.,       22.98,    1.28,       -5.98
  771,   7.257,       16.,       17.40,    1.76,       -1.40
  772,   7.267,       22.,       13.11,    2.39,        8.89
  773,   7.277,       16.,        9.91,    2.54,        6.09
  774,   7.287,       11.,        7.61,    3.07,        3.39
  775,   7.297,       10.,        6.05,    2.89,        3.95
  776,   7.307,        3.,        5.09,    3.74,       -2.09
  777,   7.317,        8.,        4.70,    3.39,        3.30
  778,   7.327,        7.,        4.55,    2.91,        2.45
  779,   7.337,       10.,        4.73,    2.58,        5.27
  780,   7.347,        4.,        5.25,    2.76,       -1.25
  781,   7.357,       12.,        5.95,    2.23,        6.05
  782,   7.367,        9.,        6.74,    1.15,        2.26
  783,   7.377,       13.,        7.72,    0.60,        5.28
  784,   7.387,       13.,        8.69,   -0.25,        4.31
  785,   7.397,       12.,        9.78,   -0.05,        2.22
  786,   7.407,       12.,       10.84,    0.34,        1.16
  787,   7.417,        8.,       11.83,    0.20,       -3.83
  788,   7.428,       13.,       12.80,    0.33,        0.20
  789,   7.438,       12.,       13.66,    0.09,       -1.66
  790,   7.448,       12.,       14.31,    0.42,       -2.31
  791,   7.458,       11.,       14.80,   -0.21,       -3.80
  792,   7.468,       15.,       15.09,   -0.17,       -0.09
  793,   7.478,       16.,       15.19,   -0.06,        0.81
  794,   7.488,       21.,       15.10,   -0.24,        5.90
  795,   7.498,       15.,       14.82,   -0.13,        0.18
  796,   7.508,       17.,       14.39,   -0.82,        2.61
  797,   7.518,       15.,       13.82,   -0.76,        1.18
  798,   7.528,       16.,       13.16,   -0.56,        2.84
  799,   7.538,       16.,       12.42,    0.11,        3.58
  800,   7.548,       10.,       11.65,   -0.12,       -1.65
  801,   7.558,        9.,       10.87,    0.18,       -1.87
  802,   7.568,       13.,       10.11,    0.35,        2.89
  803,   7.578,        9.,        9.39,    0.40,       -0.39
  804,   7.588,        9.,        8.73,   -0.36,        0.27
  805,   7.598,        3.,        8.10,   -0.55,       -5.10
  806,   7.608,        3.,        7.56,   -0.82,       -4.56
  807,   7.618,        9.,        7.06,   -1.10,        1.94
  808,   7.629,        9.,        6.61,   -1.21,        2.39
  809,   7.639,        3.,        6.20,   -1.71,       -3.20
  810,   7.649,        2.,        5.81,   -1.57,       -3.81
  811,   7.659,        5.,        5.43,   -1.61,       -0.43
  812,   7.669,        4.,        5.06,   -2.12,       -1.06
  813,   7.679,        2.,        4.69,   -2.06,       -2.69
  814,   7.689,        2.,        4.32,   -1.69,       -2.32
  815,   7.699,        3.,        3.95,   -1.07,       -0.95
  816,   7.709,        4.,        3.52,   -0.56,        0.48
  817,   7.719,        5.,        3.16,   -0.92,        1.84
  818,   7.729,        3.,        2.80,   -0.97,        0.20
  819,   7.739,        4.,        2.39,   -0.29,        1.61
  820,   7.749,        2.,        2.08,    0.06,       -0.08
  821,   7.759,        0.,        1.78,    0.02,       -1.78
  822,   7.769,        2.,        1.50,    0.33,        0.50
  823,   7.779,        3.,        1.25,    0.76,        1.75
  824,   7.789,        2.,        1.02,    1.15,        0.98
  825,   7.799,        0.,        0.82,    0.87,       -0.82
  826,   7.809,        1.,        0.65,    0.46,        0.35
  827,   7.820,        1.,        0.56,    0.84,        0.44
  828,   7.830,        2.,        0.54,    0.99,        1.46
  829,   7.840,        2.,        0.49,    0.64,        1.51
  830,   7.850,        1.,        0.41,    0.72,        0.59
  831,   7.860,        1.,        0.44,    0.82,        0.56
  832,   7.870,        2.,        0.51,    0.57,        1.49
  833,   7.880,        2.,        0.54,    0.33,        1.46
  834,   7.890,        1.,        0.67,    0.21,        0.33
  835,   7.900,        1.,        0.83,    0.33,        0.17
  836,   7.910,        6.,        1.01,    0.52,        4.99
  837,   7.920,        1.,        1.21,    0.69,       -0.21
  838,   7.930,        1.,        1.43,    0.29,       -0.43
  839,   7.940,        4.,        1.66,    0.20,        2.34
  840,   7.950,        3.,        1.91,    0.01,        1.09
  841,   7.960,        2.,        2.16,    0.14,       -0.16
  842,   7.970,        2.,        2.41,    0.13,       -0.41
  843,   7.980,        3.,        2.64,   -0.22,        0.36
  844,   7.990,        6.,        2.86,   -0.58,        3.14
  845,   8.000,        6.,        3.06,   -0.08,        2.94
  846,   8.011,        4.,        3.22,   -0.31,        0.78
  847,   8.021,        2.,        3.34,   -0.35,       -1.34
  848,   8.031,        3.,        3.41,    0.07,       -0.41
  849,   8.041,        3.,        3.44,   -0.29,       -0.44
  850,   8.051,        7.,        3.50,   -0.10,        3.50
  851,   8.061,        6.,        3.46,    0.07,        2.54
  852,   8.071,        1.,        3.37,    0.53,       -2.37
  853,   8.081,        2.,        3.26,    0.56,       -1.26
  854,   8.091,        8.,        3.13,    0.85,        4.87
  855,   8.101,        5.,        2.98,    0.54,        2.02
  856,   8.111,        2.,        2.82,    0.54,       -0.82
  857,   8.121,        5.,        2.66,    0.74,        2.34
  858,   8.131,        2.,        2.52,    0.72,       -0.52
  859,   8.141,        4.,        2.39,    1.00,        1.61
  860,   8.151,        4.,        2.28,    0.44,        1.72
  861,   8.161,        5.,        2.20,    0.17,        2.80
  862,   8.171,        3.,        2.14,    0.13,        0.86
  863,   8.181,        7.,        2.11,    0.42,        4.89
  864,   8.191,        1.,        2.10,   -0.14,       -1.10
  865,   8.201,        1.,        2.10,   -0.36,       -1.10
  866,   8.212,        2.,        2.11,   -0.14,       -0.11
  867,   8.222,        1.,        2.13,   -0.66,       -1.13
  868,   8.232,        5.,        2.15,   -0.77,        2.85
  869,   8.242,        0.,        2.12,   -0.58,       -2.12
  870,   8.252,        3.,        2.12,   -0.50,        0.88
  871,   8.262,        1.,        2.11,   -0.46,       -1.11
  872,   8.272,        4.,        2.01,   -0.40,        1.99
  873,   8.282,        0.,        1.97,   -0.85,       -1.97
  874,   8.292,        0.,        1.91,   -0.56,       -1.91
  875,   8.302,        3.,        1.81,   -0.41,        1.19
  876,   8.312,        0.,        1.70,   -0.39,       -1.70
  877,   8.322,        0.,        1.57,   -0.20,       -1.57
  878,   8.332,        5.,        1.43,   -0.55,        3.57
  879,   8.342,        2.,        1.29,   -0.28,        0.71
  880,   8.352,        3.,        1.14,   -0.35,        1.86
  881,   8.362,        4.,        1.00,   -0.16,        3.00
  882,   8.372,        2.,        0.86,   -0.28,        1.14
  883,   8.382,        1.,        0.73,    0.16,        0.27
  884,   8.392,        0.,        0.61,    0.46,       -0.61
  885,   8.403,        1.,        0.50,    0.23,        0.50
  886,   8.413,        1.,        0.41,    0.20,        0.59
  887,   8.423,        0.,        0.33,    0.51,       -0.33
  888,   8.433,        0.,        0.26,    0.29,       -0.26
  889,   8.443,        0.,        0.20,   -0.19,       -0.20
  890,   8.453,        0.,        0.15,   -0.33,       -0.15
  891,   8.463,        1.,        0.12,   -0.84,        0.88
  892,   8.473,        0.,        0.00,   -0.91,        0.00
  893,   8.483,        2.,        0.00,   -1.04,        2.00
  894,   8.493,        0.,        0.00,   -0.97,        0.00
  895,   8.503,        0.,        0.00,   -0.91,        0.00
  896,   8.513,        2.,        0.00,   -0.74,        2.00
  897,   8.523,        0.,        0.00,   -0.78,        0.00
  898,   8.533,        0.,        0.00,   -0.68,        0.00
  899,   8.543,        1.,        0.00,    0.00,        1.00
  900,   8.553,        1.,        0.00,    0.27,        1.00
  901,   8.563,        1.,        0.00,    0.79,        1.00
  902,   8.573,        0.,        0.00,    1.12,        0.00
  903,   8.583,        1.,        0.00,    0.93,        1.00
  904,   8.594,        1.,        0.00,    0.86,        1.00
  905,   8.604,        4.,        0.00,    0.99,        4.00
  906,   8.614,        0.,        0.00,    1.03,        0.00
  907,   8.624,        0.,        0.00,    1.03,        0.00
  908,   8.634,        6.,        0.00,    1.18,        6.00
  909,   8.644,        2.,        0.00,    1.03,        2.00
  910,   8.654,        5.,        0.00,    0.93,        5.00
  911,   8.664,        3.,        0.00,    0.93,        3.00
  912,   8.674,        0.,        0.00,    0.99,        0.00
  913,   8.684,        0.,        0.01,    0.95,       -0.01
  914,   8.694,        1.,        0.02,    0.95,        0.98
  915,   8.704,        2.,        0.03,    0.54,        1.97
  916,   8.714,        0.,        0.04,    0.64,       -0.04
  917,   8.724,        2.,        0.05,    0.64,        1.95
  918,   8.734,        0.,        0.06,    0.07,       -0.06
  919,   8.744,        1.,        0.08,    0.00,        0.92
  920,   8.754,        1.,        0.10,   -0.27,        0.90
  921,   8.764,        1.,        0.12,   -0.45,        0.88
  922,   8.774,        0.,        0.14,   -0.37,       -0.14
  923,   8.785,        1.,        0.17,   -0.29,        0.83
  924,   8.795,        0.,        0.20,   -0.42,       -0.20
  925,   8.805,        0.,        0.23,   -0.51,       -0.23
  926,   8.815,        0.,        0.26,   -0.59,       -0.26
  927,   8.825,        1.,        0.30,   -0.88,        0.70
  928,   8.835,        1.,        0.33,   -0.51,        0.67
  929,   8.845,        2.,        0.36,   -0.59,        1.64
  930,   8.855,        1.,        0.39,   -0.52,        0.61
  931,   8.865,        1.,        0.42,   -0.50,        0.58
  932,   8.875,        1.,        0.44,   -0.57,        0.56
  933,   8.885,        0.,        0.45,   -0.58,       -0.45
  934,   8.895,        0.,        0.46,   -0.44,       -0.46
  935,   8.905,        0.,        0.47,   -0.24,       -0.47
  936,   8.915,        0.,        0.46,   -0.13,       -0.46
  937,   8.925,        1.,        0.45,   -0.02,        0.55
  938,   8.935,        0.,        0.44,   -0.11,       -0.44
  939,   8.945,        0.,        0.42,   -0.15,       -0.42
  940,   8.955,        0.,        0.39,   -0.07,       -0.39
  941,   8.965,        0.,        0.36,   -0.01,       -0.36
  942,   8.975,        1.,        0.33,   -0.03,        0.67
  943,   8.986,        1.,        0.30,   -0.10,        0.70
  944,   8.996,        1.,        0.26,   -0.01,        0.74
  945,   9.006,        1.,        0.23,    0.02,        0.77
  946,   9.016,        1.,        0.20,    0.05,        0.80
  947,   9.026,        0.,        0.17,    0.08,       -0.17
  948,   9.036,        1.,        0.14,    0.06,        0.86
  949,   9.046,        1.,        0.12,    0.14,        0.88
  950,   9.056,        0.,        0.10,    0.26,       -0.10
  951,   9.066,        1.,        0.08,    0.33,        0.92
  952,   9.076,        0.,        0.06,    0.40,       -0.06
  953,   9.086,        0.,        0.05,    0.36,       -0.05
  954,   9.096,        0.,        0.04,    0.27,       -0.04
  955,   9.106,        0.,        0.03,    0.17,       -0.03
  956,   9.116,        0.,        0.01,    0.08,       -0.01
  957,   9.126,        0.,        0.00,   -0.03,        0.00
  958,   9.136,        0.,        0.00,   -0.03,        0.00
  959,   9.146,        0.,        0.00,   -0.24,        0.00
  960,   9.156,        0.,        0.00,   -0.34,        0.00
  961,   9.166,        0.,        0.00,   -0.35,        0.00
  962,   9.177,        0.,        0.00,   -0.46,        0.00
  963,   9.187,        0.,        0.00,   -0.42,        0.00
  964,   9.197,        0.,        0.00,   -0.38,        0.00
  965,   9.207,        0.,        0.00,   -0.34,        0.00
  966,   9.217,        0.,        0.00,   -0.30,        0.00
  967,   9.227,        0.,        0.00,   -0.31,        0.00
  968,   9.237,        0.,        0.00,   -0.22,        0.00
  969,   9.247,        0.,        0.00,    0.02,        0.00
  970,   9.257,        0.,        0.00,    0.01,        0.00
  971,   9.267,        0.,        0.00,    0.01,        0.00
  972,   9.277,        0.,        0.00,    0.05,        0.00
  973,   9.287,        0.,        0.00,    0.05,        0.00
  974,   9.297,        0.,        0.00,    0.05,        0.00
  975,   9.307,        0.,        0.00,    0.05,        0.00
  976,   9.317,        0.,        0.00,    0.04,        0.00
  977,   9.327,        0.,        0.00,    0.14,        0.00
  978,   9.337,        1.,        0.00,    0.09,        1.00
  979,   9.347,        2.,        0.00,    0.09,        2.00
  980,   9.357,        0.,        0.00,    0.14,        0.00
  981,   9.368,        0.,        0.00,    0.12,        0.00
  982,   9.378,        0.,        0.00,    0.10,        0.00
  983,   9.388,        0.,        0.00,    0.07,        0.00
  984,   9.398,        0.,        0.00,    0.05,        0.00
  985,   9.408,        0.,        0.00,    0.03,        0.00
  986,   9.418,        0.,        0.00,    0.00,        0.00
  987,   9.428,        1.,        0.00,   -0.02,        1.00
  988,   9.438,        0.,        0.00,    0.05,        0.00
  989,   9.448,        0.,        0.00,   -0.08,        0.00
  990,   9.458,        1.,        0.00,   -0.21,        1.00
  991,   9.468,        0.,        0.00,   -0.20,        0.00
  992,   9.478,        0.,        0.00,   -0.19,        0.00
  993,   9.488,        0.,        0.00,   -0.17,        0.00
  994,   9.498,        0.,        0.00,   -0.16,        0.00
  995,   9.508,        0.,        0.00,   -0.15,        0.00
  996,   9.518,        0.,        0.00,   -0.14,        0.00
  997,   9.528,        0.,        0.00,   -0.12,        0.00
  998,   9.538,        1.,        0.00,   -0.20,        1.00
  999,   9.548,        0.,        0.00,   -0.13,        0.00
 1000,   9.559,        1.,        0.00,   -0.02,        1.00
