 File:671121.spo  Solution Type:Thick  fitting 1231 channels (  70-1300)
 Channel#, E(keV),   Data,        Fit, Residual,    Data-Fit
   70,   0.420,      627.,        1.85,   -0.01,      625.15
   71,   0.441,      568.,        3.22,   -0.04,      564.78
   72,   0.461,      567.,        5.22,   -0.02,      561.78
   73,   0.481,      558.,        7.86,   -0.05,      550.14
   74,   0.501,      535.,       10.92,   -0.06,      524.08
   75,   0.521,      549.,       13.93,   -0.06,      535.07
   76,   0.541,      530.,       16.32,   -0.11,      513.68
   77,   0.561,      546.,       17.47,   -0.07,      528.53
   78,   0.581,      507.,       17.12,   -0.01,      489.88
   79,   0.601,      468.,       15.43,   -0.02,      452.57
   80,   0.621,      521.,       12.89,    0.02,      508.11
   81,   0.641,      492.,       10.18,    0.00,      481.82
   82,   0.661,      472.,        8.06,   -0.02,      463.94
   83,   0.682,      490.,        7.14,    0.02,      482.86
   84,   0.702,      452.,        7.82,   -0.02,      444.18
   85,   0.722,      450.,       10.69,   -0.13,      439.31
   86,   0.742,      443.,       16.40,   -0.07,      426.60
   87,   0.762,      455.,       25.75,   -0.15,      429.25
   88,   0.782,      434.,       39.03,   -0.15,      394.97
   89,   0.802,      506.,       55.83,    0.02,      450.17
   90,   0.822,      495.,       74.24,    0.04,      420.76
   91,   0.842,      489.,       91.15,    0.12,      397.85
   92,   0.862,      559.,      102.98,    0.26,      456.02
   93,   0.882,      504.,      107.02,    0.08,      396.98
   94,   0.903,      496.,      102.49,    0.02,      393.51
   95,   0.923,      487.,       91.13,   -0.02,      395.87
   96,   0.943,      445.,       76.28,   -0.39,      368.72
   97,   0.963,      445.,       61.65,   -0.24,      383.35
   98,   0.983,      402.,       50.09,   -0.17,      351.91
   99,   1.003,      395.,       42.71,   -0.26,      352.29
  100,   1.023,      429.,       38.95,    0.04,      390.05
  101,   1.043,      424.,       37.29,   -0.04,      386.71
  102,   1.063,      395.,       36.13,    0.12,      358.87
  103,   1.083,      412.,       34.27,    0.16,      377.73
  104,   1.103,      377.,       31.05,   -0.08,      345.95
  105,   1.123,      389.,       26.51,   -0.27,      362.49
  106,   1.144,      376.,       21.18,   -0.34,      354.82
  107,   1.164,      351.,       15.85,   -0.30,      335.15
  108,   1.184,      365.,       11.07,   -0.29,      353.93
  109,   1.204,      360.,        7.23,   -0.27,      352.77
  110,   1.224,      392.,        4.39,   -0.38,      387.61
  111,   1.244,      341.,        2.50,   -0.10,      338.50
  112,   1.264,      376.,        1.34,   -0.15,      374.66
  113,   1.284,      358.,        0.70,    0.27,      357.30
  114,   1.304,      356.,        0.40,    0.22,      355.60
  115,   1.324,      368.,        0.36,    0.15,      367.64
  116,   1.344,      405.,        0.53,    0.18,      404.47
  117,   1.364,      391.,        1.07,    0.08,      389.93
  118,   1.385,      347.,        2.13,    0.00,      344.87
  119,   1.405,      393.,        4.01,   -0.54,      388.99
  120,   1.425,      376.,        7.13,   -0.83,      368.87
  121,   1.445,      386.,       11.97,   -0.66,      374.03
  122,   1.465,      384.,       18.83,    0.33,      365.17
  123,   1.485,      408.,       27.65,    0.93,      380.35
  124,   1.505,      437.,       37.83,    1.43,      399.17
  125,   1.525,      494.,       48.31,    0.85,      445.69
  126,   1.545,      507.,       57.96,    0.52,      449.04
  127,   1.565,      449.,       66.32,    0.27,      382.68
  128,   1.585,      413.,       74.23,   -0.68,      338.77
  129,   1.605,      449.,       84.20,   -1.12,      364.80
  130,   1.626,      474.,       99.26,   -2.00,      374.74
  131,   1.646,      458.,      121.98,   -1.90,      336.02
  132,   1.666,      584.,      152.39,   -1.31,      431.61
  133,   1.686,      598.,      187.48,   -0.43,      410.52
  134,   1.706,      649.,      221.31,    0.33,      427.69
  135,   1.726,      676.,      247.94,    0.83,      428.06
  136,   1.746,      701.,      263.86,    0.36,      437.14
  137,   1.766,      741.,      271.41,   -0.36,      469.59
  138,   1.786,      740.,      278.81,   -0.59,      461.19
  139,   1.806,      768.,      298.70,   -0.73,      469.30
  140,   1.826,      754.,      344.16,   -0.50,      409.84
  141,   1.847,      909.,      423.72,   -0.52,      485.28
  142,   1.867,     1072.,      536.04,   -0.47,      535.96
  143,   1.887,     1191.,      667.51,    0.12,      523.49
  144,   1.907,     1330.,      793.73,    0.64,      536.27
  145,   1.927,     1448.,      885.52,    0.56,      562.48
  146,   1.947,     1530.,      918.34,    0.78,      611.66
  147,   1.967,     1439.,      881.19,    0.61,      557.81
  148,   1.987,     1343.,      780.65,    0.61,      562.35
  149,   2.007,     1272.,      638.03,    1.00,      633.97
  150,   2.027,     1044.,      481.61,    0.71,      562.39
  151,   2.047,      937.,      337.15,    0.39,      599.85
  152,   2.067,      879.,      221.86,    0.06,      657.14
  153,   2.088,      753.,      143.39,   -0.62,      609.61
  154,   2.108,      707.,      102.53,   -0.15,      604.47
  155,   2.128,      647.,       98.29,    0.31,      548.71
  156,   2.148,      713.,      131.30,   -0.76,      581.70
  157,   2.168,      824.,      204.57,   -0.76,      619.43
  158,   2.188,     1035.,      321.30,   -0.91,      713.70
  159,   2.208,     1074.,      480.12,    0.21,      593.88
  160,   2.228,     1290.,      669.90,    1.13,      620.10
  161,   2.248,     1483.,      867.45,    1.50,      615.55
  162,   2.268,     1732.,     1040.26,    0.54,      691.74
  163,   2.288,     1837.,     1154.52,    0.43,      682.48
  164,   2.308,     1846.,     1186.33,    0.16,      659.67
  165,   2.329,     1758.,     1130.48,   -0.26,      627.52
  166,   2.349,     1631.,     1003.36,   -0.51,      627.64
  167,   2.369,     1472.,      838.16,   -1.45,      633.84
  168,   2.389,     1269.,      675.87,   -1.96,      593.13
  169,   2.409,     1228.,      557.77,   -1.88,      670.23
  170,   2.429,     1173.,      523.13,   -1.25,      649.87
  171,   2.449,     1296.,      612.82,   -0.45,      683.18
  172,   2.469,     1559.,      872.94,    0.77,      686.06
  173,   2.489,     2090.,     1351.44,    1.46,      738.56
  174,   2.509,     2882.,     2081.94,    1.99,      800.06
  175,   2.529,     3905.,     3056.48,    2.32,      848.52
  176,   2.550,     4960.,     4199.42,    2.71,      760.58
  177,   2.570,     6120.,     5359.06,    2.67,      760.94
  178,   2.590,     7100.,     6331.56,    2.29,      768.44
  179,   2.610,     7574.,     6916.97,    1.17,      657.03
  180,   2.630,     7618.,     6987.02,   -0.68,      630.98
  181,   2.650,     7166.,     6533.56,   -1.56,      632.44
  182,   2.670,     6210.,     5673.26,   -2.49,      536.74
  183,   2.690,     5072.,     4604.87,   -2.96,      467.13
  184,   2.710,     3878.,     3540.20,   -2.61,      337.80
  185,   2.730,     3156.,     2639.98,   -2.33,      516.02
  186,   2.750,     2457.,     1979.84,   -2.24,      477.16
  187,   2.770,     2124.,     1552.43,   -1.73,      571.57
  188,   2.791,     1932.,     1296.25,   -1.28,      635.75
  189,   2.811,     1796.,     1132.98,    0.12,      663.02
  190,   2.831,     1665.,      997.71,    1.37,      667.29
  191,   2.851,     1512.,      853.94,    2.66,      658.06
  192,   2.871,     1315.,      693.81,    3.04,      621.19
  193,   2.891,     1186.,      528.22,    2.10,      657.78
  194,   2.911,     1113.,      374.50,    1.36,      738.50
  195,   2.931,      957.,      246.65,    0.21,      710.35
  196,   2.951,      854.,      150.86,    0.02,      703.14
  197,   2.971,      777.,       85.84,    0.82,      691.16
  198,   2.991,      722.,       45.81,    1.02,      676.19
  199,   3.011,      711.,       23.71,    1.27,      687.29
  200,   3.032,      725.,       13.80,    1.04,      711.20
  201,   3.052,      725.,       13.32,    0.42,      711.68
  202,   3.072,      744.,       23.75,    0.55,      720.25
  203,   3.092,      794.,       51.96,    0.13,      742.04
  204,   3.112,      819.,      112.41,   -0.05,      706.59
  205,   3.132,      902.,      228.72,   -0.52,      673.28
  206,   3.152,     1188.,      433.57,   -0.97,      754.43
  207,   3.172,     1401.,      763.69,   -1.38,      637.31
  208,   3.192,     1934.,     1248.58,   -1.96,      685.42
  209,   3.212,     2555.,     1893.81,   -1.87,      661.19
  210,   3.232,     3412.,     2663.79,   -0.92,      748.21
  211,   3.252,     4212.,     3473.57,   -0.79,      738.43
  212,   3.273,     4942.,     4198.22,    0.13,      743.78
  213,   3.293,     5424.,     4702.21,   -0.46,      721.79
  214,   3.313,     5770.,     4880.27,   -0.43,      889.73
  215,   3.333,     5534.,     4693.87,   -0.32,      840.13
  216,   3.353,     5066.,     4185.70,   -0.30,      880.30
  217,   3.373,     4194.,     3466.99,    0.75,      727.01
  218,   3.393,     3524.,     2684.37,    2.21,      839.63
  219,   3.413,     2832.,     1986.02,    1.97,      845.98
  220,   3.433,     2423.,     1506.12,    2.24,      916.88
  221,   3.453,     2347.,     1379.23,    1.04,      967.77
  222,   3.473,     2790.,     1784.09,   -0.20,     1005.91
  223,   3.494,     3908.,     3001.91,   -1.34,      906.09
  224,   3.514,     6434.,     5461.09,   -2.34,      972.91
  225,   3.534,    10452.,     9728.65,   -2.33,      723.35
  226,   3.554,    16928.,    16405.06,   -1.74,      522.94
  227,   3.574,    26608.,    25902.81,   -0.30,      705.19
  228,   3.594,    38704.,    38143.77,    1.14,      560.23
  229,   3.614,    53344.,    52287.07,    2.39,     1056.93
  230,   3.634,    68032.,    66649.07,    3.13,     1382.93
  231,   3.654,    80992.,    78946.01,    3.49,     2045.99
  232,   3.674,    88800.,    86857.16,    3.48,     1942.84
  233,   3.694,    90240.,    88732.65,    2.93,     1507.35
  234,   3.714,    84960.,    84156.77,    1.82,      803.23
  235,   3.735,    74528.,    74095.27,    0.76,      432.73
  236,   3.755,    60800.,    60570.80,   -0.86,      229.20
  237,   3.775,    45648.,    46006.88,   -2.27,     -358.88
  238,   3.795,    32320.,    32547.79,   -2.88,     -227.79
  239,   3.815,    21800.,    21610.06,   -2.72,      189.94
  240,   3.835,    13816.,    13775.08,   -2.01,       40.92
  241,   3.855,     9184.,     8958.45,   -1.06,      225.55
  242,   3.875,     6984.,     6695.52,    0.24,      288.48
  243,   3.895,     6588.,     6389.82,    1.19,      198.18
  244,   3.915,     7318.,     7449.45,    0.36,     -131.45
  245,   3.935,     9184.,     9319.77,   -0.70,     -135.77
  246,   3.955,    11232.,    11469.83,   -2.89,     -237.83
  247,   3.976,    13156.,    13394.92,   -5.97,     -238.92
  248,   3.996,    14216.,    14661.28,   -6.94,     -445.28
  249,   4.016,    14556.,    14981.71,   -6.73,     -425.71
  250,   4.036,    14164.,    14280.15,   -5.38,     -116.15
  251,   4.056,    12476.,    12702.10,   -3.32,     -226.10
  252,   4.076,    10776.,    10559.04,   -0.77,      216.96
  253,   4.096,     8448.,     8225.06,    1.85,      222.94
  254,   4.116,     6390.,     6029.94,    4.38,      360.06
  255,   4.136,     4540.,     4188.51,    5.47,      351.49
  256,   4.156,     3219.,     2782.98,    6.73,      436.02
  257,   4.176,     2200.,     1790.35,    5.52,      409.65
  258,   4.196,     1537.,     1129.87,    4.48,      407.13
  259,   4.217,     1080.,      707.20,    3.12,      372.80
  260,   4.237,      692.,      441.76,    1.00,      250.24
  261,   4.257,      537.,      276.44,   -0.75,      260.56
  262,   4.277,      494.,      176.12,   -2.52,      317.88
  263,   4.297,      413.,      121.68,   -3.40,      291.32
  264,   4.317,      392.,      104.23,   -3.92,      287.77
  265,   4.337,      430.,      121.42,   -1.31,      308.58
  266,   4.357,      490.,      175.19,    1.52,      314.81
  267,   4.377,      611.,      268.07,    3.00,      342.93
  268,   4.397,      724.,      400.45,    4.36,      323.55
  269,   4.417,      960.,      566.56,    5.61,      393.44
  270,   4.438,     1101.,      751.47,    4.93,      349.53
  271,   4.458,     1248.,      931.30,    4.59,      316.70
  272,   4.478,     1353.,     1077.44,    2.79,      275.56
  273,   4.498,     1482.,     1163.86,    0.47,      318.14
  274,   4.518,     1383.,     1174.71,   -2.92,      208.29
  275,   4.538,     1331.,     1109.60,   -5.46,      221.40
  276,   4.558,     1159.,      983.54,   -6.97,      175.46
  277,   4.578,      973.,      822.23,   -7.63,      150.77
  278,   4.598,      809.,      653.57,   -8.20,      155.43
  279,   4.618,      684.,      500.54,   -7.03,      183.46
  280,   4.638,      578.,      376.62,   -7.13,      201.38
  281,   4.658,      537.,      285.37,   -6.39,      251.63
  282,   4.679,      512.,      223.31,   -3.96,      288.69
  283,   4.699,      508.,      183.40,   -2.53,      324.60
  284,   4.719,      476.,      158.71,    0.59,      317.29
  285,   4.739,      505.,      144.49,    3.15,      360.51
  286,   4.759,      540.,      138.76,    3.88,      401.24
  287,   4.779,      551.,      142.28,    4.91,      408.72
  288,   4.799,      651.,      157.37,    4.75,      493.63
  289,   4.819,      704.,      186.34,    5.60,      517.66
  290,   4.839,      717.,      229.45,    6.64,      487.55
  291,   4.859,      799.,      284.23,    6.53,      514.77
  292,   4.879,      804.,      344.18,    6.51,      459.82
  293,   4.899,      899.,      399.64,    5.03,      499.36
  294,   4.920,      960.,      440.06,    3.16,      519.94
  295,   4.940,      929.,      456.47,    1.90,      472.53
  296,   4.960,      897.,      444.81,    0.11,      452.19
  297,   4.980,      855.,      406.77,   -0.09,      448.23
  298,   5.000,      784.,      348.72,   -0.89,      435.28
  299,   5.020,      712.,      280.80,   -1.94,      431.20
  300,   5.040,      621.,      212.83,   -2.39,      408.17
  301,   5.060,      546.,      152.64,   -3.01,      393.36
  302,   5.080,      516.,      104.62,   -2.27,      411.38
  303,   5.100,      504.,       69.90,   -0.97,      434.10
  304,   5.120,      451.,       46.95,    0.10,      404.05
  305,   5.141,      423.,       33.21,    0.92,      389.79
  306,   5.161,      463.,       25.82,    1.67,      437.18
  307,   5.181,      459.,       22.30,    1.33,      436.70
  308,   5.201,      451.,       21.20,   -1.06,      429.80
  309,   5.221,      424.,       21.56,   -1.98,      402.44
  310,   5.241,      420.,       22.85,   -2.87,      397.15
  311,   5.261,      413.,       25.09,   -3.98,      387.91
  312,   5.281,      393.,       28.27,   -5.40,      364.73
  313,   5.301,      398.,       32.42,   -5.88,      365.58
  314,   5.321,      427.,       37.34,   -6.41,      389.66
  315,   5.341,      467.,       42.97,   -6.83,      424.03
  316,   5.361,      483.,       48.59,   -6.91,      434.41
  317,   5.382,      527.,       53.68,   -5.61,      473.32
  318,   5.402,      500.,       57.21,   -3.94,      442.79
  319,   5.422,      557.,       58.74,   -4.63,      498.26
  320,   5.442,      536.,       57.85,   -3.99,      478.15
  321,   5.462,      609.,       54.69,   -4.78,      554.31
  322,   5.482,      630.,       49.93,   -5.71,      580.07
  323,   5.502,      593.,       44.52,   -5.10,      548.48
  324,   5.522,      698.,       39.91,   -3.27,      658.09
  325,   5.542,      684.,       38.83,   -0.85,      645.17
  326,   5.562,      754.,       46.54,    2.01,      707.46
  327,   5.582,      784.,       75.53,    4.10,      708.47
  328,   5.602,      982.,      154.25,    4.64,      827.75
  329,   5.623,     1178.,      344.01,    4.21,      833.99
  330,   5.643,     1722.,      765.78,    3.72,      956.22
  331,   5.663,     2672.,     1638.71,    2.34,     1033.29
  332,   5.683,     4250.,     3321.87,    0.33,      928.13
  333,   5.703,     7238.,     6342.13,   -1.21,      895.87
  334,   5.723,    12156.,    11376.20,   -2.00,      779.80
  335,   5.743,    19704.,    19150.69,   -3.14,      553.31
  336,   5.763,    30800.,    30237.89,   -3.30,      562.11
  337,   5.783,    45392.,    44767.36,   -2.25,      624.64
  338,   5.803,    62864.,    62134.26,   -1.10,      729.74
  339,   5.823,    81408.,    80836.77,   -0.01,      571.23
  340,   5.843,    99424.,    98574.21,    1.29,      849.79
  341,   5.864,   114496.,   112661.45,    1.69,     1834.55
  342,   5.884,   122400.,   120677.91,    2.86,     1722.09
  343,   5.904,   122656.,   121146.52,    3.38,     1509.48
  344,   5.924,   115488.,   113978.02,    3.73,     1509.98
  345,   5.944,   101312.,   100497.86,    3.87,      814.14
  346,   5.964,    84384.,    83048.48,    2.73,     1335.52
  347,   5.984,    65296.,    64322.75,    1.27,      973.25
  348,   6.004,    47440.,    46698.62,    0.18,      741.38
  349,   6.024,    32720.,    31787.78,   -1.10,      932.22
  350,   6.044,    21208.,    20299.33,   -1.18,      908.67
  351,   6.064,    12724.,    12177.38,   -1.57,      546.62
  352,   6.085,     7470.,     6886.50,   -1.63,      583.50
  353,   6.105,     4314.,     3708.75,   -1.35,      605.25
  354,   6.125,     2542.,     1963.96,   -1.42,      578.04
  355,   6.145,     1601.,     1126.87,   -2.89,      474.13
  356,   6.165,     1307.,      859.58,   -2.60,      447.42
  357,   6.185,     1411.,      995.00,   -2.10,      416.00
  358,   6.205,     1934.,     1501.28,   -2.84,      432.72
  359,   6.225,     2804.,     2441.76,   -1.89,      362.24
  360,   6.245,     4300.,     3934.08,    0.39,      365.92
  361,   6.265,     6598.,     6103.33,    1.83,      494.67
  362,   6.285,     9388.,     9029.29,    2.95,      358.71
  363,   6.305,    13044.,    12693.76,    4.92,      350.24
  364,   6.326,    17504.,    16942.41,    4.87,      561.59
  365,   6.346,    21984.,    21477.40,    4.45,      506.60
  366,   6.366,    26232.,    25889.93,    3.43,      342.07
  367,   6.386,    30288.,    29726.18,    2.11,      561.82
  368,   6.406,    32512.,    32569.79,    0.26,      -57.79
  369,   6.426,    33968.,    34115.37,   -2.14,     -147.37
  370,   6.446,    34016.,    34213.14,   -4.59,     -197.14
  371,   6.466,    32544.,    32882.27,   -6.19,     -338.27
  372,   6.486,    29776.,    30294.04,   -7.93,     -518.04
  373,   6.506,    26312.,    26739.72,   -7.79,     -427.72
  374,   6.526,    22152.,    22585.66,   -6.72,     -433.66
  375,   6.546,    17872.,    18223.89,   -5.07,     -351.89
  376,   6.567,    13904.,    14018.98,   -3.15,     -114.98
  377,   6.587,    10248.,    10260.37,   -0.22,      -12.37
  378,   6.607,     7248.,     7131.06,    1.89,      116.94
  379,   6.627,     4964.,     4699.49,    4.08,      264.51
  380,   6.647,     3167.,     2934.65,    6.21,      232.35
  381,   6.667,     1919.,     1738.99,    7.16,      180.01
  382,   6.687,     1205.,      985.24,    7.24,      219.76
  383,   6.707,      742.,      548.29,    6.58,      193.71
  384,   6.727,      485.,      324.72,    4.64,      160.28
  385,   6.747,      359.,      240.46,    1.87,      118.54
  386,   6.767,      346.,      248.83,   -0.27,       97.17
  387,   6.788,      402.,      323.66,   -2.88,       78.34
  388,   6.808,      553.,      450.73,   -4.97,      102.27
  389,   6.828,      678.,      620.81,   -4.97,       57.19
  390,   6.848,      889.,      824.63,   -4.01,       64.37
  391,   6.868,     1092.,     1050.88,   -2.83,       41.12
  392,   6.888,     1351.,     1287.76,   -1.56,       63.24
  393,   6.908,     1598.,     1524.76,    0.01,       73.24
  394,   6.928,     1901.,     1754.35,    0.86,      146.65
  395,   6.948,     2138.,     1972.00,    1.98,      166.00
  396,   6.968,     2282.,     2172.53,    3.05,      109.47
  397,   6.988,     2521.,     2346.84,    3.01,      174.16
  398,   7.008,     2523.,     2478.66,    3.10,       44.34
  399,   7.029,     2672.,     2546.76,    1.26,      125.24
  400,   7.049,     2663.,     2529.68,   -0.07,      133.32
  401,   7.069,     2486.,     2414.69,   -0.52,       71.31
  402,   7.089,     2266.,     2203.20,   -1.29,       62.80
  403,   7.109,     1884.,     1913.69,   -1.03,      -29.69
  404,   7.129,     1602.,     1577.89,   -1.22,       24.11
  405,   7.149,     1304.,     1233.50,   -1.48,       70.50
  406,   7.169,     1011.,      914.93,   -1.32,       96.07
  407,   7.189,      707.,      647.57,   -0.78,       59.43
  408,   7.209,      504.,      445.15,    0.43,       58.85
  409,   7.229,      345.,      312.08,    0.64,       32.92
  410,   7.249,      296.,      247.84,   -0.09,       48.16
  411,   7.270,      297.,      251.17,   -0.40,       45.83
  412,   7.290,      373.,      323.70,   -0.24,       49.30
  413,   7.310,      506.,      469.97,   -1.12,       36.03
  414,   7.330,      687.,      694.77,   -0.39,       -7.77
  415,   7.350,     1023.,      997.67,   -0.30,       25.33
  416,   7.370,     1409.,     1367.23,   -0.53,       41.77
  417,   7.390,     1787.,     1776.44,   -1.13,       10.56
  418,   7.410,     2301.,     2183.08,   -1.29,      117.92
  419,   7.430,     2620.,     2534.55,   -0.48,       85.45
  420,   7.450,     2751.,     2778.59,    0.70,      -27.59
  421,   7.470,     2876.,     2876.50,    0.11,       -0.50
  422,   7.490,     2830.,     2812.80,    1.12,       17.20
  423,   7.511,     2684.,     2600.27,    0.45,       83.73
  424,   7.531,     2411.,     2275.86,    0.04,      135.14
  425,   7.551,     1875.,     1890.84,    0.75,      -15.84
  426,   7.571,     1565.,     1497.54,    1.37,       67.46
  427,   7.591,     1192.,     1137.99,    0.88,       54.01
  428,   7.611,      911.,      837.72,    0.82,       73.28
  429,   7.631,      656.,      604.93,    0.13,       51.07
  430,   7.651,      474.,      434.43,    0.96,       39.57
  431,   7.671,      286.,      313.88,    0.18,      -27.88
  432,   7.691,      262.,      229.34,   -0.76,       32.66
  433,   7.711,      214.,      168.88,   -1.12,       45.12
  434,   7.732,      184.,      124.18,   -0.97,       59.82
  435,   7.752,      108.,       90.63,   -2.18,       17.37
  436,   7.772,       76.,       66.06,   -0.62,        9.94
  437,   7.792,       78.,       49.97,    0.21,       28.03
  438,   7.812,       55.,       42.92,   -0.39,       12.08
  439,   7.832,       58.,       46.17,   -1.37,       11.83
  440,   7.852,       72.,       61.66,   -0.45,       10.34
  441,   7.872,      131.,       91.58,   -0.88,       39.42
  442,   7.892,      156.,      138.05,   -1.14,       17.95
  443,   7.912,      227.,      201.89,    0.42,       25.11
  444,   7.932,      302.,      281.56,    1.67,       20.44
  445,   7.952,      381.,      372.41,    0.83,        8.59
  446,   7.973,      470.,      466.06,   -0.51,        3.94
  447,   7.993,      611.,      551.83,   -0.64,       59.17
  448,   8.013,      666.,      618.47,   -0.91,       47.53
  449,   8.033,      638.,      657.04,   -0.92,      -19.04
  450,   8.053,      667.,      663.56,   -0.35,        3.44
  451,   8.073,      646.,      640.41,    1.14,        5.59
  452,   8.093,      615.,      595.99,    0.66,       19.01
  453,   8.113,      569.,      542.52,    0.28,       26.48
  454,   8.133,      518.,      492.91,    1.24,       25.09
  455,   8.153,      512.,      457.23,    1.13,       54.77
  456,   8.173,      456.,      440.30,    0.87,       15.70
  457,   8.193,      468.,      440.61,    0.30,       27.39
  458,   8.214,      479.,      451.38,    0.54,       27.62
  459,   8.234,      452.,      462.87,    0.25,      -10.87
  460,   8.254,      458.,      465.37,   -1.39,       -7.37
  461,   8.274,      427.,      451.85,   -1.66,      -24.85
  462,   8.294,      442.,      419.78,   -1.83,       22.22
  463,   8.314,      388.,      371.10,   -2.47,       16.90
  464,   8.334,      302.,      311.41,   -2.68,       -9.41
  465,   8.354,      253.,      247.97,   -1.15,        5.03
  466,   8.374,      215.,      187.80,    0.40,       27.20
  467,   8.394,      152.,      136.41,    1.35,       15.59
  468,   8.414,       90.,       96.98,    0.91,       -6.98
  469,   8.434,       91.,       70.66,    1.26,       20.34
  470,   8.455,       92.,       57.04,    1.06,       34.96
  471,   8.475,       81.,       54.80,    0.95,       26.20
  472,   8.495,       76.,       62.18,    0.57,       13.82
  473,   8.515,       75.,       77.20,    0.88,       -2.20
  474,   8.535,      119.,       97.43,    2.01,       21.57
  475,   8.555,      115.,      120.08,    1.58,       -5.08
  476,   8.575,      149.,      141.95,   -0.05,        7.05
  477,   8.595,      184.,      159.95,   -1.05,       24.05
  478,   8.615,      184.,      171.15,   -1.36,       12.85
  479,   8.635,      189.,      173.83,   -1.03,       15.17
  480,   8.655,      180.,      167.69,   -1.62,       12.31
  481,   8.676,      160.,      153.95,    0.55,        6.05
  482,   8.696,      129.,      135.17,    1.51,       -6.17
  483,   8.716,      116.,      114.65,    0.87,        1.35
  484,   8.736,       97.,       95.68,   -0.36,        1.32
  485,   8.756,       83.,       81.02,   -0.02,        1.98
  486,   8.776,      105.,       72.21,   -0.41,       32.79
  487,   8.796,       83.,       69.74,   -0.73,       13.26
  488,   8.816,       78.,       72.67,    0.58,        5.33
  489,   8.836,       63.,       79.21,    0.71,      -16.21
  490,   8.856,       98.,       87.03,    0.71,       10.97
  491,   8.876,       99.,       93.70,    0.62,        5.30
  492,   8.896,       90.,       97.21,   -1.19,       -7.21
  493,   8.917,      104.,       96.31,   -2.71,        7.69
  494,   8.937,       92.,       90.72,   -2.95,        1.28
  495,   8.957,       78.,       81.12,   -1.81,       -3.12
  496,   8.977,       69.,       68.83,   -1.75,        0.17
  497,   8.997,       52.,       55.51,   -0.80,       -3.51
  498,   9.017,       33.,       42.58,    0.13,       -9.58
  499,   9.037,       39.,       31.20,    0.39,        7.80
  500,   9.057,       30.,       22.00,   -0.18,        8.00
  501,   9.077,       29.,       15.15,    0.52,       13.85
  502,   9.097,       17.,       10.45,    0.82,        6.55
  503,   9.117,       11.,        7.46,    0.97,        3.54
  504,   9.137,       17.,        5.73,    2.45,       11.27
  505,   9.158,       10.,        4.80,    2.61,        5.20
  506,   9.178,        8.,        4.30,    2.15,        3.70
  507,   9.198,        7.,        3.99,    0.90,        3.01
  508,   9.218,        8.,        3.65,    0.17,        4.35
  509,   9.238,        8.,        3.31,   -0.63,        4.69
  510,   9.258,       11.,        3.00,   -1.22,        8.00
  511,   9.278,        7.,        2.69,   -1.14,        4.31
  512,   9.298,        6.,        2.47,   -0.66,        3.53
  513,   9.318,        8.,        2.49,   -0.15,        5.51
  514,   9.338,        6.,        2.91,    0.02,        3.09
  515,   9.358,        7.,        4.02,    0.37,        2.98
  516,   9.379,        9.,        6.06,   -0.32,        2.94
  517,   9.399,       15.,        9.36,   -0.40,        5.64
  518,   9.419,       22.,       14.24,   -0.52,        7.76
  519,   9.439,       24.,       20.93,   -1.35,        3.07
  520,   9.459,       31.,       29.35,   -1.55,        1.65
  521,   9.479,       42.,       39.30,   -1.14,        2.70
  522,   9.499,       60.,       49.98,   -0.18,       10.02
  523,   9.519,       67.,       60.34,    0.07,        6.66
  524,   9.539,       67.,       69.13,    0.35,       -2.13
  525,   9.559,       73.,       75.14,   -0.08,       -2.14
  526,   9.579,       88.,       77.50,    0.41,       10.50
  527,   9.599,       93.,       75.81,    0.49,       17.19
  528,   9.620,       83.,       70.39,    0.60,       12.61
  529,   9.640,       75.,       62.05,    0.67,       12.95
  530,   9.660,       53.,       51.97,    1.53,        1.03
  531,   9.680,       53.,       41.46,    1.92,       11.54
  532,   9.700,       36.,       31.62,    1.45,        4.38
  533,   9.720,       33.,       23.26,    0.83,        9.74
  534,   9.740,       24.,       16.82,    0.79,        7.18
  535,   9.760,       24.,       12.32,    0.18,       11.68
  536,   9.780,       17.,        9.58,    0.66,        7.42
  537,   9.800,       12.,        8.29,    0.56,        3.71
  538,   9.820,       10.,        7.98,    0.93,        2.02
  539,   9.840,       15.,        8.30,    0.09,        6.70
  540,   9.861,       13.,        8.87,    0.29,        4.13
  541,   9.881,       18.,        9.49,   -0.96,        8.51
  542,   9.901,       14.,       10.08,   -1.27,        3.92
  543,   9.921,       10.,       10.43,   -1.75,       -0.43
  544,   9.941,        8.,       10.68,   -0.90,       -2.68
  545,   9.961,        9.,       10.90,   -2.13,       -1.90
  546,   9.981,       11.,       11.19,   -1.67,       -0.19
  547,  10.001,       11.,       11.65,   -2.17,       -0.65
  548,  10.021,       13.,       12.32,   -2.39,        0.68
  549,  10.041,       21.,       13.16,   -1.93,        7.84
  550,  10.061,        6.,       14.05,   -1.71,       -8.05
  551,  10.081,       17.,       14.86,   -1.66,        2.14
  552,  10.102,       16.,       15.42,   -1.90,        0.58
  553,  10.122,       22.,       15.59,   -0.69,        6.41
  554,  10.142,       21.,       15.30,   -0.22,        5.70
  555,  10.162,       14.,       14.57,   -0.95,       -0.57
  556,  10.182,       13.,       13.40,    0.57,       -0.40
  557,  10.202,       12.,       11.90,    1.50,        0.10
  558,  10.222,       23.,       10.27,    2.22,       12.73
  559,  10.242,       15.,        8.61,    1.53,        6.39
  560,  10.262,       14.,        7.14,    1.48,        6.86
  561,  10.282,       12.,        5.89,    0.91,        6.11
  562,  10.302,       18.,        4.98,    1.43,       13.02
  563,  10.323,       14.,        4.45,    1.58,        9.55
  564,  10.343,        7.,        4.29,    0.71,        2.71
  565,  10.363,       12.,        4.46,    1.42,        7.54
  566,  10.383,        5.,        4.88,    0.10,        0.12
  567,  10.403,       11.,        5.55,   -0.06,        5.45
  568,  10.423,       11.,        6.34,   -0.99,        4.66
  569,  10.443,       12.,        7.17,   -0.73,        4.83
  570,  10.463,       20.,        7.91,   -0.27,       12.09
  571,  10.483,       11.,        8.59,    0.64,        2.41
  572,  10.503,       14.,        9.08,    0.88,        4.92
  573,  10.523,       16.,        9.27,    1.36,        6.73
  574,  10.543,       15.,        9.13,    1.57,        5.87
  575,  10.564,       14.,        8.68,    1.40,        5.32
  576,  10.584,       20.,        7.94,    0.32,       12.06
  577,  10.604,        7.,        6.99,    0.27,        0.01
  578,  10.624,        9.,        5.95,    0.25,        3.05
  579,  10.644,        6.,        4.90,   -0.43,        1.10
  580,  10.664,        8.,        3.90,   -0.59,        4.10
  581,  10.684,        5.,        3.08,   -0.14,        1.92
  582,  10.704,        5.,        2.45,   -1.88,        2.55
  583,  10.724,        4.,        1.96,   -1.55,        2.04
  584,  10.744,        2.,        1.56,   -1.37,        0.44
  585,  10.764,        5.,        1.29,   -0.65,        3.71
  586,  10.784,        4.,        1.07,   -0.76,        2.93
  587,  10.805,        2.,        0.88,    0.15,        1.12
  588,  10.825,        1.,        0.71,   -0.24,        0.29
  589,  10.845,        2.,        0.52,   -0.21,        1.48
  590,  10.865,        3.,        0.40,   -0.05,        2.60
  591,  10.885,        2.,        0.29,   -0.12,        1.71
  592,  10.905,        2.,        0.20,   -0.36,        1.80
  593,  10.925,        1.,        0.17,   -0.39,        0.83
  594,  10.945,        1.,        0.15,   -0.73,        0.85
  595,  10.965,        1.,        0.16,   -1.19,        0.84
  596,  10.985,        2.,        0.17,   -1.27,        1.83
  597,  11.005,        3.,        0.26,   -0.94,        2.74
  598,  11.026,        1.,        0.38,   -0.81,        0.62
  599,  11.046,        1.,        0.52,   -0.05,        0.48
  600,  11.066,        1.,        0.68,    0.13,        0.32
  601,  11.086,        2.,        0.84,    0.52,        1.16
  602,  11.106,        5.,        0.99,    0.83,        4.01
  603,  11.126,        3.,        1.11,    0.22,        1.89
  604,  11.146,        7.,        1.19,    0.52,        5.81
  605,  11.166,        4.,        1.21,    1.16,        2.79
  606,  11.186,        3.,        1.17,    1.19,        1.83
  607,  11.206,        5.,        1.08,    1.56,        3.92
  608,  11.226,        1.,        0.94,    1.50,        0.06
  609,  11.246,        3.,        0.79,    1.27,        2.21
  610,  11.267,        4.,        0.62,    0.10,        3.38
  611,  11.287,        1.,        0.47,   -0.41,        0.53
  612,  11.307,        3.,        0.34,   -0.52,        2.66
  613,  11.327,        3.,        0.23,   -0.72,        2.77
  614,  11.347,        1.,        0.15,   -0.85,        0.85
  615,  11.367,        0.,        0.09,   -0.63,       -0.09
  616,  11.387,        1.,        0.05,   -0.73,        0.95
  617,  11.407,        1.,        0.00,   -0.72,        1.00
  618,  11.427,        1.,        0.00,   -1.00,        1.00
  619,  11.447,        1.,        0.03,   -0.50,        0.97
  620,  11.467,        1.,        0.07,   -0.83,        0.93
  621,  11.487,        2.,        0.15,   -0.35,        1.85
  622,  11.508,        1.,        0.30,   -0.33,        0.70
  623,  11.528,        1.,        0.58,    0.76,        0.42
  624,  11.548,        6.,        1.07,    0.38,        4.93
  625,  11.568,        3.,        1.87,    0.55,        1.13
  626,  11.588,        4.,        3.12,    0.67,        0.88
  627,  11.608,        7.,        4.96,    1.07,        2.04
  628,  11.628,       10.,        7.51,   -0.24,        2.49
  629,  11.648,       10.,       10.84,    0.09,       -0.84
  630,  11.668,       21.,       14.91,   -0.13,        6.09
  631,  11.688,       20.,       19.53,   -0.54,        0.47
  632,  11.708,       27.,       24.37,   -1.00,        2.63
  633,  11.728,       22.,       28.96,   -0.59,       -6.96
  634,  11.749,       36.,       32.79,   -1.19,        3.21
  635,  11.769,       43.,       35.37,   -0.74,        7.63
  636,  11.789,       33.,       36.34,   -0.58,       -3.34
  637,  11.809,       31.,       35.57,   -0.67,       -4.57
  638,  11.829,       41.,       33.17,   -1.03,        7.83
  639,  11.849,       30.,       29.46,    0.07,        0.54
  640,  11.869,       30.,       24.93,    0.85,        5.07
  641,  11.889,       28.,       20.09,    0.27,        7.91
  642,  11.909,       16.,       15.43,    1.29,        0.57
  643,  11.929,       11.,       11.29,    1.97,       -0.29
  644,  11.949,       13.,        7.86,    1.42,        5.14
  645,  11.970,       16.,        5.25,    1.17,       10.75
  646,  11.990,        6.,        3.36,    0.93,        2.64
  647,  12.010,        7.,        2.10,    0.52,        4.90
  648,  12.030,        5.,        1.35,    0.44,        3.65
  649,  12.050,        4.,        1.01,    0.65,        2.99
  650,  12.070,        3.,        1.03,    1.26,        1.97
  651,  12.090,        2.,        1.35,    0.15,        0.65
  652,  12.110,        4.,        1.98,   -0.51,        2.02
  653,  12.130,        4.,        2.93,   -0.45,        1.07
  654,  12.150,        8.,        4.30,   -1.35,        3.70
  655,  12.170,       11.,        6.05,   -1.53,        4.95
  656,  12.190,       10.,        8.15,   -1.78,        1.85
  657,  12.211,       10.,       10.53,   -1.20,       -0.53
  658,  12.231,       17.,       13.06,   -0.42,        3.94
  659,  12.251,       15.,       15.55,    0.01,       -0.55
  660,  12.271,       18.,       17.82,    0.78,        0.18
  661,  12.291,       17.,       19.65,   -0.07,       -2.65
  662,  12.311,       22.,       20.88,   -0.60,        1.12
  663,  12.331,       31.,       21.38,   -0.29,        9.62
  664,  12.351,       26.,       21.16,   -0.07,        4.84
  665,  12.371,       28.,       20.23,    0.59,        7.77
  666,  12.391,       16.,       18.69,    0.62,       -2.69
  667,  12.411,       17.,       16.72,    1.57,        0.28
  668,  12.431,       16.,       14.51,    2.40,        1.49
  669,  12.452,       17.,       12.28,    1.23,        4.72
  670,  12.472,       15.,       10.20,    0.81,        4.80
  671,  12.492,        6.,        8.40,   -0.25,       -2.40
  672,  12.512,       10.,        6.96,   -0.05,        3.04
  673,  12.532,       15.,        5.89,   -0.64,        9.11
  674,  12.552,        4.,        5.20,   -0.41,       -1.20
  675,  12.572,        4.,        4.74,   -0.43,       -0.74
  676,  12.592,        4.,        4.45,   -0.81,       -0.45
  677,  12.612,        2.,        4.20,   -0.02,       -2.20
  678,  12.632,        3.,        4.08,   -1.13,       -1.08
  679,  12.652,        7.,        3.92,   -1.72,        3.08
  680,  12.672,        3.,        3.75,   -1.57,       -0.75
  681,  12.693,        4.,        3.54,   -1.61,        0.46
  682,  12.713,        5.,        3.49,   -1.02,        1.51
  683,  12.733,        1.,        3.47,    0.16,       -2.47
  684,  12.753,        8.,        3.53,    0.49,        4.47
  685,  12.773,        4.,        3.68,    0.20,        0.32
  686,  12.793,        2.,        3.89,    0.45,       -1.89
  687,  12.813,        5.,        4.14,    0.58,        0.86
  688,  12.833,        9.,        4.39,    0.10,        4.61
  689,  12.853,        5.,        4.60,    0.07,        0.40
  690,  12.873,        2.,        4.67,   -0.42,       -2.67
  691,  12.893,        7.,        4.75,   -0.13,        2.25
  692,  12.914,        7.,        4.71,    0.46,        2.29
  693,  12.934,        5.,        4.54,    0.50,        0.46
  694,  12.954,        2.,        4.26,    0.40,       -2.26
  695,  12.974,        6.,        3.88,   -0.17,        2.12
  696,  12.994,        4.,        3.42,    0.61,        0.58
  697,  13.014,        5.,        2.93,    0.33,        2.07
  698,  13.034,        4.,        2.42,   -0.17,        1.58
  699,  13.054,        5.,        1.87,   -0.07,        3.13
  700,  13.074,        0.,        1.45,    0.33,       -1.45
  701,  13.094,        1.,        1.08,    0.05,       -0.08
  702,  13.114,        1.,        0.82,   -0.13,        0.18
  703,  13.134,        1.,        0.62,   -0.44,        0.38
  704,  13.155,        2.,        0.46,   -0.61,        1.54
  705,  13.175,        0.,        0.43,   -0.81,       -0.43
  706,  13.195,        1.,        0.46,   -0.23,        0.54
  707,  13.215,        1.,        0.50,    0.07,        0.50
  708,  13.235,        0.,        0.68,   -0.10,       -0.68
  709,  13.255,        1.,        0.88,   -0.21,        0.12
  710,  13.275,        3.,        1.10,   -0.24,        1.90
  711,  13.295,        5.,        1.32,    0.03,        3.68
  712,  13.315,        2.,        1.52,    0.01,        0.48
  713,  13.335,        1.,        1.67,   -0.37,       -0.67
  714,  13.355,        2.,        1.75,   -0.16,        0.25
  715,  13.375,        3.,        1.75,    0.24,        1.25
  716,  13.396,        2.,        1.68,    0.18,        0.32
  717,  13.416,        3.,        1.54,   -0.24,        1.46
  718,  13.436,        1.,        1.34,   -0.16,       -0.34
  719,  13.456,        2.,        1.12,    0.48,        0.88
  720,  13.476,        4.,        0.90,    0.45,        3.10
  721,  13.496,        2.,        0.68,    0.58,        1.32
  722,  13.516,        2.,        0.50,    0.86,        1.50
  723,  13.536,        1.,        0.35,    0.67,        0.65
  724,  13.556,        3.,        0.23,    0.78,        2.77
  725,  13.576,        1.,        0.15,    0.33,        0.85
  726,  13.596,        2.,        0.09,    0.00,        1.91
  727,  13.617,        1.,        0.00,   -0.18,        1.00
  728,  13.637,        0.,        0.00,   -0.55,        0.00
  729,  13.657,        0.,        0.00,   -0.06,        0.00
  730,  13.677,        0.,        0.00,   -0.60,        0.00
  731,  13.697,        1.,        0.02,   -0.34,        0.98
  732,  13.717,        0.,        0.03,   -0.59,       -0.03
  733,  13.737,        0.,        0.05,   -1.14,       -0.05
  734,  13.757,        3.,        0.09,   -0.90,        2.91
  735,  13.777,        0.,        0.13,   -0.97,       -0.13
  736,  13.797,        3.,        0.18,   -0.76,        2.82
  737,  13.817,        0.,        0.25,   -0.77,       -0.25
  738,  13.837,        1.,        0.38,   -0.44,        0.62
  739,  13.858,        2.,        0.50,    1.03,        1.50
  740,  13.878,        1.,        0.69,    0.40,        0.31
  741,  13.898,        1.,        0.89,    0.41,        0.11
  742,  13.918,        3.,        1.14,    0.21,        1.86
  743,  13.938,        3.,        1.45,    0.78,        1.55
  744,  13.958,        9.,        1.83,    0.88,        7.17
  745,  13.978,        4.,        2.30,   -0.10,        1.70
  746,  13.998,        5.,        2.85,    0.78,        2.15
  747,  14.018,        4.,        3.47,    1.48,        0.53
  748,  14.038,        7.,        4.14,    0.82,        2.86
  749,  14.058,        6.,        4.82,    0.61,        1.18
  750,  14.078,        4.,        5.46,   -0.86,       -1.46
  751,  14.099,       11.,        5.98,   -0.04,        5.02
  752,  14.119,       11.,        6.33,   -0.26,        4.67
  753,  14.139,        4.,        6.47,   -0.22,       -2.47
  754,  14.159,        7.,        6.37,   -0.40,        0.63
  755,  14.179,        6.,        6.04,   -0.38,       -0.04
  756,  14.199,       11.,        5.49,    1.02,        5.51
  757,  14.219,        7.,        4.82,    0.07,        2.18
  758,  14.239,        5.,        4.06,   -0.03,        0.94
  759,  14.259,        5.,        3.29,    0.43,        1.71
  760,  14.279,        3.,        2.56,    0.76,        0.44
  761,  14.299,        5.,        1.91,    0.83,        3.09
  762,  14.319,        1.,        1.36,   -0.44,       -0.36
  763,  14.340,        4.,        0.94,   -0.06,        3.06
  764,  14.360,        1.,        0.56,    0.17,        0.44
  765,  14.380,        2.,        0.36,   -0.23,        1.64
  766,  14.400,        0.,        0.22,   -0.08,       -0.22
  767,  14.420,        0.,        0.13,   -0.61,       -0.13
  768,  14.440,        2.,        0.07,    0.19,        1.93
  769,  14.460,        0.,        0.00,   -0.15,        0.00
  770,  14.480,        1.,        0.00,   -0.21,        1.00
  771,  14.500,        1.,        0.01,   -0.17,        0.99
  772,  14.520,        0.,        0.01,   -0.09,       -0.01
  773,  14.540,        2.,        0.02,    0.03,        1.98
  774,  14.561,        0.,        0.04,   -0.17,       -0.04
  775,  14.581,        0.,        0.06,    0.07,       -0.06
  776,  14.601,        1.,        0.08,    0.08,        0.92
  777,  14.621,        0.,        0.12,    0.01,       -0.12
  778,  14.641,        0.,        0.16,   -0.05,       -0.16
  779,  14.661,        1.,        0.20,   -0.18,        0.80
  780,  14.681,        0.,        0.25,   -0.15,       -0.25
  781,  14.701,        1.,        0.29,   -0.19,        0.71
  782,  14.721,        0.,        0.32,   -0.40,       -0.32
  783,  14.741,        0.,        0.35,   -0.33,       -0.35
  784,  14.761,        2.,        0.36,   -0.43,        1.64
  785,  14.781,        0.,        0.35,   -0.34,       -0.35
  786,  14.802,        0.,        0.33,   -0.32,       -0.33
  787,  14.822,        0.,        0.30,   -0.46,       -0.30
  788,  14.842,        0.,        0.26,   -0.17,       -0.26
  789,  14.862,        0.,        0.22,   -0.21,       -0.22
  790,  14.882,        1.,        0.17,   -0.34,        0.83
  791,  14.902,        1.,        0.13,   -0.12,        0.87
  792,  14.922,        0.,        0.10,    0.18,       -0.10
  793,  14.942,        1.,        0.07,    0.29,        0.93
  794,  14.962,        0.,        0.04,    0.31,       -0.04
  795,  14.982,        1.,        0.03,    0.41,        0.97
  796,  15.002,        1.,        0.02,    0.40,        0.98
  797,  15.022,        2.,        0.00,    0.40,        2.00
  798,  15.043,        0.,        0.00,    0.56,        0.00
  799,  15.063,        0.,        0.00,    0.29,        0.00
  800,  15.083,        1.,        0.00,    0.28,        1.00
  801,  15.103,        0.,        0.00,    0.26,        0.00
  802,  15.123,        1.,        0.00,    0.16,        1.00
  803,  15.143,        1.,        0.00,   -0.12,        1.00
  804,  15.163,        0.,        0.00,   -0.12,        0.00
  805,  15.183,        0.,        0.00,    0.13,        0.00
  806,  15.203,        1.,        0.00,   -0.13,        1.00
  807,  15.223,        0.,        0.00,   -0.05,        0.00
  808,  15.243,        0.,        0.00,   -0.14,        0.00
  809,  15.263,        0.,        0.00,   -0.15,        0.00
  810,  15.284,        1.,        0.00,   -0.23,        1.00
  811,  15.304,        0.,        0.00,   -0.32,        0.00
  812,  15.324,        0.,        0.00,   -0.23,        0.00
  813,  15.344,        0.,        0.00,   -0.23,        0.00
  814,  15.364,        0.,        0.00,   -0.23,        0.00
  815,  15.384,        0.,        0.00,   -0.17,        0.00
  816,  15.404,        0.,        0.00,    0.01,        0.00
  817,  15.424,        1.,        0.00,   -0.14,        1.00
  818,  15.444,        0.,        0.00,   -0.12,        0.00
  819,  15.464,        0.,        0.00,   -0.01,        0.00
  820,  15.484,        0.,        0.00,   -0.07,        0.00
  821,  15.505,        1.,        0.00,   -0.04,        1.00
  822,  15.525,        1.,        0.00,   -0.18,        1.00
  823,  15.545,        0.,        0.00,   -0.23,        0.00
  824,  15.565,        0.,        0.02,   -0.45,       -0.02
  825,  15.585,        1.,        0.04,   -0.20,        0.96
  826,  15.605,        0.,        0.06,   -0.21,       -0.06
  827,  15.625,        1.,        0.10,    0.00,        0.90
  828,  15.645,        1.,        0.15,    0.18,        0.85
  829,  15.665,        0.,        0.21,    0.27,       -0.21
  830,  15.685,        0.,        0.29,    0.34,       -0.29
  831,  15.705,        2.,        0.39,    0.32,        1.61
  832,  15.725,        1.,        0.49,    0.29,        0.51
  833,  15.746,        2.,        0.60,    0.35,        1.40
  834,  15.766,        4.,        0.70,    0.66,        3.30
  835,  15.786,        2.,        0.78,    0.35,        1.22
  836,  15.806,        1.,        0.84,    0.46,        0.16
  837,  15.826,        1.,        0.87,    0.60,        0.13
  838,  15.846,        2.,        0.86,    0.44,        1.14
  839,  15.866,        1.,        0.82,    0.23,        0.18
  840,  15.886,        3.,        0.75,   -0.03,        2.25
  841,  15.906,        0.,        0.66,   -0.19,       -0.66
  842,  15.926,        1.,        0.55,   -0.41,        0.45
  843,  15.946,        1.,        0.45,   -0.47,        0.55
  844,  15.966,        1.,        0.35,   -0.20,        0.65
  845,  15.987,        0.,        0.26,   -0.18,       -0.26
  846,  16.007,        0.,        0.18,    0.07,       -0.18
  847,  16.027,        2.,        0.13,   -0.02,        1.87
  848,  16.047,        0.,        0.08,    0.19,       -0.08
  849,  16.067,        0.,        0.05,    0.13,       -0.05
  850,  16.087,        1.,        0.02,    0.05,        0.98
  851,  16.107,        1.,        0.00,    0.04,        1.00
  852,  16.127,        1.,        0.00,    0.10,        1.00
  853,  16.147,        0.,        0.00,    0.32,        0.00
  854,  16.167,        0.,        0.00,   -0.04,        0.00
  855,  16.187,        0.,        0.00,    0.01,        0.00
  856,  16.208,        0.,        0.00,    0.07,        0.00
  857,  16.228,        0.,        0.00,   -0.04,        0.00
  858,  16.248,        0.,        0.00,   -0.22,        0.00
  859,  16.268,        0.,        0.00,   -0.39,        0.00
  860,  16.288,        0.,        0.00,   -0.24,        0.00
  861,  16.308,        0.,        0.00,   -0.33,        0.00
  862,  16.328,        0.,        0.00,   -0.33,        0.00
  863,  16.348,        0.,        0.00,   -0.25,        0.00
  864,  16.368,        0.,        0.00,   -0.17,        0.00
  865,  16.388,        0.,        0.00,   -0.08,        0.00
  866,  16.408,        0.,        0.00,   -0.08,        0.00
  867,  16.428,        0.,        0.00,    0.08,        0.00
  868,  16.449,        0.,        0.00,    0.08,        0.00
  869,  16.469,        0.,        0.00,    0.08,        0.00
  870,  16.489,        0.,        0.00,    0.08,        0.00
  871,  16.509,        0.,        0.00,    0.08,        0.00
  872,  16.529,        0.,        0.00,    0.08,        0.00
  873,  16.549,        1.,        0.00,    0.08,        1.00
  874,  16.569,        0.,        0.00,    0.08,        0.00
  875,  16.589,        0.,        0.00,    0.08,        0.00
  876,  16.609,        0.,        0.00,    0.08,        0.00
  877,  16.629,        0.,        0.00,    0.08,        0.00
  878,  16.649,        0.,        0.00,    0.08,        0.00
  879,  16.669,        0.,        0.00,    0.08,        0.00
  880,  16.690,        0.,        0.00,   -0.08,        0.00
  881,  16.710,        0.,        0.00,   -0.08,        0.00
  882,  16.730,        0.,        0.00,   -0.08,        0.00
  883,  16.750,        0.,        0.00,   -0.08,        0.00
  884,  16.770,        0.,        0.00,   -0.08,        0.00
  885,  16.790,        0.,        0.00,   -0.08,        0.00
  886,  16.810,        0.,        0.00,    0.00,        0.00
  887,  16.830,        0.,        0.00,    0.00,        0.00
  888,  16.850,        0.,        0.00,    0.00,        0.00
  889,  16.870,        0.,        0.00,    0.00,        0.00
  890,  16.890,        0.,        0.00,    0.00,        0.00
  891,  16.910,        0.,        0.00,    0.00,        0.00
  892,  16.931,        0.,        0.00,    0.00,        0.00
  893,  16.951,        0.,        0.00,    0.00,        0.00
  894,  16.971,        0.,        0.00,    0.00,        0.00
  895,  16.991,        0.,        0.00,    0.00,        0.00
  896,  17.011,        0.,        0.00,    0.00,        0.00
  897,  17.031,        0.,        0.00,    0.00,        0.00
  898,  17.051,        0.,        0.00,    0.00,        0.00
  899,  17.071,        0.,        0.00,    0.00,        0.00
  900,  17.091,        0.,        0.00,    0.00,        0.00
  901,  17.111,        0.,        0.00,   -0.08,        0.00
  902,  17.131,        0.,        0.00,   -0.08,        0.00
  903,  17.152,        0.,        0.00,   -0.17,        0.00
  904,  17.172,        0.,        0.00,   -0.17,        0.00
  905,  17.192,        0.,        0.00,   -0.17,        0.00
  906,  17.212,        0.,        0.00,   -0.17,        0.00
  907,  17.232,        0.,        0.00,   -0.01,        0.00
  908,  17.252,        0.,        0.00,   -0.09,        0.00
  909,  17.272,        0.,        0.00,    0.07,        0.00
  910,  17.292,        0.,        0.00,    0.07,        0.00
  911,  17.312,        0.,        0.00,    0.07,        0.00
  912,  17.332,        0.,        0.00,   -0.10,        0.00
  913,  17.352,        1.,        0.00,   -0.18,        1.00
  914,  17.372,        0.,        0.00,   -0.10,        0.00
  915,  17.393,        1.,        0.00,   -0.10,        1.00
  916,  17.413,        0.,        0.00,   -0.10,        0.00
  917,  17.433,        0.,        0.00,   -0.10,        0.00
  918,  17.453,        0.,        0.00,    0.22,        0.00
  919,  17.473,        0.,        0.00,    0.38,        0.00
  920,  17.493,        1.,        0.00,    0.38,        1.00
  921,  17.513,        0.,        0.00,    0.38,        0.00
  922,  17.533,        0.,        0.00,    0.22,        0.00
  923,  17.553,        0.,        0.00,    0.22,        0.00
  924,  17.573,        2.,        0.00,    0.22,        2.00
  925,  17.593,        1.,        0.00,    0.22,        1.00
  926,  17.613,        1.,        0.00,    0.30,        1.00
  927,  17.634,        0.,        0.00,    0.14,        0.00
  928,  17.654,        0.,        0.00,    0.22,        0.00
  929,  17.674,        0.,        0.00,    0.22,        0.00
  930,  17.694,        0.,        0.00,    0.22,        0.00
  931,  17.714,        0.,        0.00,   -0.10,        0.00
  932,  17.734,        0.,        0.00,   -0.26,        0.00
  933,  17.754,        0.,        0.00,   -0.33,        0.00
  934,  17.774,        0.,        0.00,   -0.33,        0.00
  935,  17.794,        0.,        0.00,   -0.33,        0.00
  936,  17.814,        0.,        0.00,   -0.33,        0.00
  937,  17.834,        0.,        0.00,   -0.17,        0.00
  938,  17.854,        0.,        0.00,   -0.08,        0.00
  939,  17.875,        0.,        0.00,    0.00,        0.00
  940,  17.895,        0.,        0.00,    0.00,        0.00
  941,  17.915,        0.,        0.00,    0.00,        0.00
  942,  17.935,        0.,        0.00,    0.00,        0.00
  943,  17.955,        0.,        0.00,    0.00,        0.00
  944,  17.975,        0.,        0.00,    0.00,        0.00
  945,  17.995,        0.,        0.00,    0.00,        0.00
  946,  18.015,        0.,        0.00,    0.00,        0.00
  947,  18.035,        0.,        0.00,    0.00,        0.00
  948,  18.055,        0.,        0.00,    0.00,        0.00
  949,  18.075,        0.,        0.00,    0.00,        0.00
  950,  18.096,        0.,        0.00,    0.00,        0.00
  951,  18.116,        0.,        0.00,    0.00,        0.00
  952,  18.136,        0.,        0.00,    0.00,        0.00
  953,  18.156,        0.,        0.00,    0.00,        0.00
  954,  18.176,        0.,        0.00,    0.00,        0.00
  955,  18.196,        0.,        0.00,    0.00,        0.00
  956,  18.216,        0.,        0.00,    0.00,        0.00
  957,  18.236,        0.,        0.00,    0.00,        0.00
  958,  18.256,        0.,        0.00,    0.00,        0.00
  959,  18.276,        0.,        0.00,    0.00,        0.00
  960,  18.296,        0.,        0.00,    0.00,        0.00
  961,  18.316,        0.,        0.00,    0.00,        0.00
  962,  18.337,        0.,        0.00,    0.00,        0.00
  963,  18.357,        0.,        0.00,    0.00,        0.00
  964,  18.377,        0.,        0.00,    0.00,        0.00
  965,  18.397,        0.,        0.00,    0.00,        0.00
  966,  18.417,        0.,        0.00,    0.00,        0.00
  967,  18.437,        0.,        0.00,    0.00,        0.00
  968,  18.457,        0.,        0.00,    0.00,        0.00
  969,  18.477,        0.,        0.00,    0.00,        0.00
  970,  18.497,        0.,        0.00,    0.00,        0.00
  971,  18.517,        0.,        0.00,    0.00,        0.00
  972,  18.537,        0.,        0.00,    0.00,        0.00
  973,  18.557,        0.,        0.00,    0.00,        0.00
  974,  18.578,        0.,        0.00,    0.00,        0.00
  975,  18.598,        0.,        0.00,   -0.08,        0.00
  976,  18.618,        0.,        0.00,   -0.08,        0.00
  977,  18.638,        0.,        0.00,   -0.08,        0.00
  978,  18.658,        0.,        0.00,   -0.08,        0.00
  979,  18.678,        0.,        0.00,   -0.08,        0.00
  980,  18.698,        0.,        0.00,   -0.08,        0.00
  981,  18.718,        0.,        0.00,    0.08,        0.00
  982,  18.738,        0.,        0.00,    0.08,        0.00
  983,  18.758,        0.,        0.00,    0.08,        0.00
  984,  18.778,        0.,        0.00,    0.08,        0.00
  985,  18.799,        0.,        0.00,    0.08,        0.00
  986,  18.819,        0.,        0.00,    0.08,        0.00
  987,  18.839,        1.,        0.00,    0.08,        1.00
  988,  18.859,        0.,        0.00,    0.08,        0.00
  989,  18.879,        0.,        0.00,    0.08,        0.00
  990,  18.899,        0.,        0.00,    0.08,        0.00
  991,  18.919,        0.,        0.00,    0.08,        0.00
  992,  18.939,        0.,        0.00,    0.08,        0.00
  993,  18.959,        0.,        0.00,    0.08,        0.00
  994,  18.979,        0.,        0.00,   -0.08,        0.00
  995,  18.999,        0.,        0.00,   -0.08,        0.00
  996,  19.019,        0.,        0.00,   -0.08,        0.00
  997,  19.040,        0.,        0.00,   -0.08,        0.00
  998,  19.060,        0.,        0.00,   -0.08,        0.00
  999,  19.080,        0.,        0.00,   -0.08,        0.00
 1000,  19.100,        0.,        0.00,    0.00,        0.00
 1001,  19.120,        0.,        0.00,    0.00,        0.00
 1002,  19.140,        0.,        0.00,    0.00,        0.00
 1003,  19.160,        0.,        0.00,    0.00,        0.00
 1004,  19.180,        0.,        0.00,    0.00,        0.00
 1005,  19.200,        0.,        0.00,    0.00,        0.00
 1006,  19.220,        0.,        0.00,    0.00,        0.00
 1007,  19.240,        0.,        0.00,    0.00,        0.00
 1008,  19.260,        0.,        0.00,    0.00,        0.00
 1009,  19.281,        0.,        0.00,    0.00,        0.00
 1010,  19.301,        0.,        0.00,    0.00,        0.00
 1011,  19.321,        0.,        0.00,   -0.08,        0.00
 1012,  19.341,        0.,        0.00,   -0.08,        0.00
 1013,  19.361,        0.,        0.00,   -0.08,        0.00
 1014,  19.381,        0.,        0.00,   -0.08,        0.00
 1015,  19.401,        0.,        0.00,   -0.08,        0.00
 1016,  19.421,        0.,        0.00,   -0.08,        0.00
 1017,  19.441,        0.,        0.00,    0.08,        0.00
 1018,  19.461,        0.,        0.00,    0.08,        0.00
 1019,  19.481,        0.,        0.00,    0.08,        0.00
 1020,  19.501,        0.,        0.00,    0.08,        0.00
 1021,  19.522,        0.,        0.00,    0.08,        0.00
 1022,  19.542,        0.,        0.00,    0.08,        0.00
 1023,  19.562,        1.,        0.00,    0.08,        1.00
 1024,  19.582,        0.,        0.00,    0.08,        0.00
 1025,  19.602,        0.,        0.00,    0.08,        0.00
 1026,  19.622,        0.,        0.00,    0.08,        0.00
 1027,  19.642,        0.,        0.00,    0.08,        0.00
 1028,  19.662,        0.,        0.00,    0.08,        0.00
 1029,  19.682,        0.,        0.00,    0.08,        0.00
 1030,  19.702,        0.,        0.00,   -0.07,        0.00
 1031,  19.722,        0.,        0.00,   -0.07,        0.00
 1032,  19.743,        0.,        0.00,   -0.14,        0.00
 1033,  19.763,        0.,        0.00,   -0.14,        0.00
 1034,  19.783,        0.,        0.00,   -0.14,        0.00
 1035,  19.803,        0.,        0.00,   -0.14,        0.00
 1036,  19.823,        0.,        0.00,   -0.14,        0.00
 1037,  19.843,        0.,        0.00,   -0.07,        0.00
 1038,  19.863,        0.,        0.00,   -0.07,        0.00
 1039,  19.883,        0.,        0.00,    0.08,        0.00
 1040,  19.903,        0.,        0.00,    0.08,        0.00
 1041,  19.923,        0.,        0.00,    0.08,        0.00
 1042,  19.943,        0.,        0.00,    0.08,        0.00
 1043,  19.963,        0.,        0.00,    0.01,        0.00
 1044,  19.984,        0.,        0.00,    0.01,        0.00
 1045,  20.004,        1.,        0.00,    0.01,        1.00
 1046,  20.024,        0.,        0.00,    0.01,        0.00
 1047,  20.044,        0.,        0.00,    0.01,        0.00
 1048,  20.064,        0.,        0.00,    0.01,        0.00
 1049,  20.084,        0.,        0.00,    0.01,        0.00
 1050,  20.104,        0.,        0.00,    0.08,        0.00
 1051,  20.124,        0.,        0.00,    0.08,        0.00
 1052,  20.144,        0.,        0.00,   -0.07,        0.00
 1053,  20.164,        0.,        0.00,   -0.07,        0.00
 1054,  20.184,        0.,        0.00,   -0.07,        0.00
 1055,  20.204,        0.,        0.00,   -0.07,        0.00
 1056,  20.225,        1.,        0.00,   -0.07,        1.00
 1057,  20.245,        0.,        0.00,    0.08,        0.00
 1058,  20.265,        0.,        0.00,    0.08,        0.00
 1059,  20.285,        0.,        0.00,    0.15,        0.00
 1060,  20.305,        0.,        0.00,    0.15,        0.00
 1061,  20.325,        0.,        0.00,    0.15,        0.00
 1062,  20.345,        0.,        0.00,    0.15,        0.00
 1063,  20.365,        1.,        0.00,    0.01,        1.00
 1064,  20.385,        0.,        0.00,    0.01,        0.00
 1065,  20.405,        0.,        0.00,    0.01,        0.00
 1066,  20.425,        0.,        0.00,    0.01,        0.00
 1067,  20.446,        0.,        0.00,    0.01,        0.00
 1068,  20.466,        0.,        0.00,    0.01,        0.00
 1069,  20.486,        0.,        0.00,    0.01,        0.00
 1070,  20.506,        0.,        0.00,   -0.07,        0.00
 1071,  20.526,        0.,        0.00,   -0.07,        0.00
 1072,  20.546,        0.,        0.00,   -0.07,        0.00
 1073,  20.566,        0.,        0.00,   -0.07,        0.00
 1074,  20.586,        0.,        0.00,   -0.07,        0.00
 1075,  20.606,        0.,        0.00,   -0.07,        0.00
 1076,  20.626,        0.,        0.00,   -0.07,        0.00
 1077,  20.646,        0.,        0.00,    0.00,        0.00
 1078,  20.666,        0.,        0.00,    0.00,        0.00
 1079,  20.687,        0.,        0.00,   -0.07,        0.00
 1080,  20.707,        0.,        0.00,   -0.07,        0.00
 1081,  20.727,        0.,        0.00,   -0.07,        0.00
 1082,  20.747,        0.,        0.00,   -0.07,        0.00
 1083,  20.767,        0.,        0.00,   -0.07,        0.00
 1084,  20.787,        0.,        0.00,   -0.07,        0.00
 1085,  20.807,        0.,        0.00,   -0.07,        0.00
 1086,  20.827,        0.,        0.00,    0.08,        0.00
 1087,  20.847,        0.,        0.00,    0.08,        0.00
 1088,  20.867,        0.,        0.00,    0.08,        0.00
 1089,  20.887,        0.,        0.00,    0.08,        0.00
 1090,  20.907,        0.,        0.00,    0.08,        0.00
 1091,  20.928,        0.,        0.00,    0.08,        0.00
 1092,  20.948,        1.,        0.00,    0.08,        1.00
 1093,  20.968,        0.,        0.00,    0.08,        0.00
 1094,  20.988,        0.,        0.00,    0.08,        0.00
 1095,  21.008,        0.,        0.00,    0.08,        0.00
 1096,  21.028,        0.,        0.00,    0.08,        0.00
 1097,  21.048,        0.,        0.00,    0.08,        0.00
 1098,  21.068,        0.,        0.00,    0.08,        0.00
 1099,  21.088,        0.,        0.00,   -0.07,        0.00
 1100,  21.108,        0.,        0.00,   -0.07,        0.00
 1101,  21.128,        0.,        0.00,   -0.07,        0.00
 1102,  21.148,        0.,        0.00,   -0.07,        0.00
 1103,  21.169,        0.,        0.00,   -0.07,        0.00
 1104,  21.189,        0.,        0.00,   -0.07,        0.00
 1105,  21.209,        0.,        0.00,   -0.07,        0.00
 1106,  21.229,        0.,        0.00,    0.00,        0.00
 1107,  21.249,        0.,        0.00,    0.00,        0.00
 1108,  21.269,        0.,        0.00,    0.00,        0.00
 1109,  21.289,        0.,        0.00,    0.00,        0.00
 1110,  21.309,        0.,        0.00,    0.00,        0.00
 1111,  21.329,        0.,        0.00,    0.00,        0.00
 1112,  21.349,        0.,        0.00,    0.00,        0.00
 1113,  21.369,        0.,        0.00,    0.00,        0.00
 1114,  21.390,        0.,        0.00,    0.00,        0.00
 1115,  21.410,        0.,        0.00,    0.00,        0.00
 1116,  21.430,        0.,        0.00,    0.00,        0.00
 1117,  21.450,        0.,        0.00,    0.00,        0.00
 1118,  21.470,        0.,        0.00,    0.00,        0.00
 1119,  21.490,        0.,        0.00,    0.00,        0.00
 1120,  21.510,        0.,        0.00,    0.00,        0.00
 1121,  21.530,        0.,        0.00,    0.00,        0.00
 1122,  21.550,        0.,        0.00,    0.00,        0.00
 1123,  21.570,        0.,        0.00,    0.00,        0.00
 1124,  21.590,        0.,        0.00,    0.00,        0.00
 1125,  21.610,        0.,        0.00,    0.00,        0.00
 1126,  21.631,        0.,        0.00,    0.00,        0.00
 1127,  21.651,        0.,        0.00,    0.00,        0.00
 1128,  21.671,        0.,        0.00,    0.00,        0.00
 1129,  21.691,        0.,        0.00,    0.00,        0.00
 1130,  21.711,        0.,        0.00,    0.00,        0.00
 1131,  21.731,        0.,        0.00,    0.00,        0.00
 1132,  21.751,        0.,        0.00,    0.00,        0.00
 1133,  21.771,        0.,        0.00,    0.00,        0.00
 1134,  21.791,        0.,        0.00,    0.00,        0.00
 1135,  21.811,        0.,        0.00,    0.00,        0.00
 1136,  21.831,        0.,        0.00,    0.00,        0.00
 1137,  21.851,        0.,        0.00,    0.00,        0.00
 1138,  21.872,        0.,        0.00,    0.00,        0.00
 1139,  21.892,        0.,        0.00,    0.00,        0.00
 1140,  21.912,        0.,        0.00,    0.00,        0.00
 1141,  21.932,        0.,        0.00,    0.00,        0.00
 1142,  21.952,        0.,        0.00,    0.00,        0.00
 1143,  21.972,        0.,        0.00,    0.00,        0.00
 1144,  21.992,        0.,        0.00,    0.00,        0.00
 1145,  22.012,        0.,        0.00,    0.00,        0.00
 1146,  22.032,        0.,        0.00,    0.00,        0.00
 1147,  22.052,        0.,        0.00,    0.00,        0.00
 1148,  22.072,        0.,        0.00,    0.00,        0.00
 1149,  22.092,        0.,        0.00,    0.00,        0.00
 1150,  22.113,        0.,        0.00,    0.00,        0.00
 1151,  22.133,        0.,        0.00,    0.00,        0.00
 1152,  22.153,        0.,        0.00,    0.00,        0.00
 1153,  22.173,        0.,        0.00,    0.00,        0.00
 1154,  22.193,        0.,        0.00,    0.00,        0.00
 1155,  22.213,        0.,        0.00,    0.00,        0.00
 1156,  22.233,        0.,        0.00,    0.00,        0.00
 1157,  22.253,        0.,        0.00,    0.00,        0.00
 1158,  22.273,        0.,        0.00,    0.00,        0.00
 1159,  22.293,        0.,        0.00,    0.00,        0.00
 1160,  22.313,        0.,        0.00,    0.00,        0.00
 1161,  22.334,        0.,        0.00,    0.00,        0.00
 1162,  22.354,        0.,        0.00,    0.00,        0.00
 1163,  22.374,        0.,        0.00,    0.00,        0.00
 1164,  22.394,        0.,        0.00,    0.00,        0.00
 1165,  22.414,        0.,        0.00,    0.00,        0.00
 1166,  22.434,        0.,        0.00,    0.00,        0.00
 1167,  22.454,        0.,        0.00,    0.00,        0.00
 1168,  22.474,        0.,        0.00,    0.00,        0.00
 1169,  22.494,        0.,        0.00,    0.00,        0.00
 1170,  22.514,        0.,        0.00,    0.00,        0.00
 1171,  22.534,        0.,        0.00,    0.00,        0.00
 1172,  22.554,        0.,        0.00,    0.00,        0.00
 1173,  22.575,        0.,        0.00,    0.00,        0.00
 1174,  22.595,        0.,        0.00,    0.00,        0.00
 1175,  22.615,        0.,        0.00,    0.00,        0.00
 1176,  22.635,        0.,        0.00,    0.00,        0.00
 1177,  22.655,        0.,        0.00,    0.00,        0.00
 1178,  22.675,        0.,        0.00,    0.00,        0.00
 1179,  22.695,        0.,        0.00,    0.00,        0.00
 1180,  22.715,        0.,        0.00,    0.00,        0.00
 1181,  22.735,        0.,        0.00,    0.00,        0.00
 1182,  22.755,        0.,        0.00,    0.00,        0.00
 1183,  22.775,        0.,        0.00,    0.00,        0.00
 1184,  22.795,        0.,        0.00,    0.00,        0.00
 1185,  22.816,        0.,        0.00,    0.00,        0.00
 1186,  22.836,        0.,        0.00,    0.00,        0.00
 1187,  22.856,        0.,        0.00,    0.00,        0.00
 1188,  22.876,        0.,        0.00,    0.00,        0.00
 1189,  22.896,        0.,        0.00,    0.00,        0.00
 1190,  22.916,        0.,        0.00,    0.00,        0.00
 1191,  22.936,        0.,        0.00,    0.00,        0.00
 1192,  22.956,        0.,        0.00,    0.00,        0.00
 1193,  22.976,        0.,        0.00,    0.00,        0.00
 1194,  22.996,        0.,        0.00,    0.00,        0.00
 1195,  23.016,        0.,        0.00,    0.00,        0.00
 1196,  23.037,        0.,        0.00,    0.00,        0.00
 1197,  23.057,        0.,        0.00,    0.00,        0.00
 1198,  23.077,        0.,        0.00,    0.00,        0.00
 1199,  23.097,        0.,        0.00,    0.00,        0.00
 1200,  23.117,        0.,        0.00,    0.00,        0.00
 1201,  23.137,        0.,        0.00,    0.00,        0.00
 1202,  23.157,        0.,        0.00,    0.00,        0.00
 1203,  23.177,        0.,        0.00,    0.00,        0.00
 1204,  23.197,        0.,        0.00,    0.00,        0.00
 1205,  23.217,        0.,        0.00,    0.00,        0.00
 1206,  23.237,        0.,        0.00,    0.00,        0.00
 1207,  23.257,        0.,        0.00,    0.00,        0.00
 1208,  23.278,        0.,        0.00,    0.00,        0.00
 1209,  23.298,        0.,        0.00,    0.00,        0.00
 1210,  23.318,        0.,        0.00,    0.00,        0.00
 1211,  23.338,        0.,        0.00,    0.00,        0.00
 1212,  23.358,        0.,        0.00,    0.00,        0.00
 1213,  23.378,        0.,        0.00,    0.00,        0.00
 1214,  23.398,        0.,        0.00,    0.00,        0.00
 1215,  23.418,        0.,        0.00,    0.00,        0.00
 1216,  23.438,        0.,        0.00,    0.00,        0.00
 1217,  23.458,        0.,        0.00,    0.00,        0.00
 1218,  23.478,        0.,        0.00,    0.00,        0.00
 1219,  23.498,        0.,        0.00,    0.00,        0.00
 1220,  23.519,        0.,        0.00,    0.00,        0.00
 1221,  23.539,        0.,        0.00,    0.00,        0.00
 1222,  23.559,        0.,        0.00,    0.00,        0.00
 1223,  23.579,        0.,        0.00,    0.00,        0.00
 1224,  23.599,        0.,        0.00,    0.00,        0.00
 1225,  23.619,        0.,        0.00,    0.00,        0.00
 1226,  23.639,        0.,        0.00,    0.00,        0.00
 1227,  23.659,        0.,        0.00,    0.00,        0.00
 1228,  23.679,        0.,        0.00,    0.00,        0.00
 1229,  23.699,        0.,        0.00,    0.00,        0.00
 1230,  23.719,        0.,        0.00,    0.00,        0.00
 1231,  23.739,        0.,        0.00,    0.00,        0.00
 1232,  23.760,        0.,        0.00,    0.00,        0.00
 1233,  23.780,        0.,        0.00,    0.00,        0.00
 1234,  23.800,        0.,        0.00,    0.00,        0.00
 1235,  23.820,        0.,        0.00,    0.00,        0.00
 1236,  23.840,        0.,        0.00,    0.00,        0.00
 1237,  23.860,        0.,        0.00,    0.00,        0.00
 1238,  23.880,        0.,        0.00,    0.00,        0.00
 1239,  23.900,        0.,        0.00,    0.00,        0.00
 1240,  23.920,        0.,        0.00,    0.00,        0.00
 1241,  23.940,        0.,        0.00,    0.00,        0.00
 1242,  23.960,        0.,        0.00,    0.00,        0.00
 1243,  23.981,        0.,        0.00,    0.00,        0.00
 1244,  24.001,        0.,        0.00,    0.00,        0.00
 1245,  24.021,        0.,        0.00,    0.00,        0.00
 1246,  24.041,        0.,        0.00,    0.00,        0.00
 1247,  24.061,        0.,        0.00,    0.00,        0.00
 1248,  24.081,        0.,        0.00,    0.00,        0.00
 1249,  24.101,        0.,        0.00,    0.00,        0.00
 1250,  24.121,        0.,        0.00,    0.00,        0.00
 1251,  24.141,        0.,        0.00,    0.00,        0.00
 1252,  24.161,        0.,        0.00,    0.00,        0.00
 1253,  24.181,        0.,        0.00,    0.00,        0.00
 1254,  24.201,        0.,        0.00,    0.00,        0.00
 1255,  24.222,        0.,        0.00,    0.00,        0.00
 1256,  24.242,        0.,        0.00,    0.00,        0.00
 1257,  24.262,        0.,        0.00,    0.00,        0.00
 1258,  24.282,        0.,        0.00,    0.00,        0.00
 1259,  24.302,        0.,        0.00,    0.00,        0.00
 1260,  24.322,        0.,        0.00,    0.00,        0.00
 1261,  24.342,        0.,        0.00,    0.00,        0.00
 1262,  24.362,        0.,        0.00,    0.00,        0.00
 1263,  24.382,        0.,        0.00,   -0.07,        0.00
 1264,  24.402,        0.,        0.00,   -0.07,        0.00
 1265,  24.422,        0.,        0.00,   -0.07,        0.00
 1266,  24.442,        0.,        0.00,   -0.07,        0.00
 1267,  24.463,        0.,        0.00,   -0.07,        0.00
 1268,  24.483,        0.,        0.00,   -0.07,        0.00
 1269,  24.503,        0.,        0.00,   -0.07,        0.00
 1270,  24.523,        0.,        0.00,    0.07,        0.00
 1271,  24.543,        0.,        0.00,    0.07,        0.00
 1272,  24.563,        0.,        0.00,    0.07,        0.00
 1273,  24.583,        0.,        0.00,    0.07,        0.00
 1274,  24.603,        0.,        0.00,    0.07,        0.00
 1275,  24.623,        0.,        0.00,    0.07,        0.00
 1276,  24.643,        0.,        0.00,    0.07,        0.00
 1277,  24.663,        1.,        0.00,    0.07,        1.00
 1278,  24.684,        0.,        0.00,    0.07,        0.00
 1279,  24.704,        0.,        0.00,    0.07,        0.00
 1280,  24.724,        0.,        0.00,    0.07,        0.00
 1281,  24.744,        0.,        0.00,    0.07,        0.00
 1282,  24.764,        0.,        0.00,    0.07,        0.00
 1283,  24.784,        0.,        0.00,    0.07,        0.00
 1284,  24.804,        0.,        0.00,    0.07,        0.00
 1285,  24.824,        0.,        0.00,   -0.07,        0.00
 1286,  24.844,        0.,        0.00,   -0.07,        0.00
 1287,  24.864,        0.,        0.00,   -0.07,        0.00
 1288,  24.884,        0.,        0.00,   -0.07,        0.00
 1289,  24.904,        0.,        0.00,   -0.07,        0.00
 1290,  24.925,        0.,        0.00,   -0.07,        0.00
 1291,  24.945,        0.,        0.00,   -0.07,        0.00
 1292,  24.965,        0.,        0.00,    0.00,        0.00
 1293,  24.985,        0.,        0.00,    0.00,        0.00
 1294,  25.005,        0.,        0.00,    0.00,        0.00
 1295,  25.025,        0.,        0.00,    0.00,        0.00
 1296,  25.045,        0.,        0.00,    0.00,        0.00
 1297,  25.065,        0.,        0.00,    0.00,        0.00
 1298,  25.085,        0.,        0.00,    0.00,        0.00
 1299,  25.105,        0.,        0.00,    0.00,        0.00
 1300,  25.125,        0.,        0.00,    0.00,        0.00
