$SPEC_ID:
C:\Users\joseb\Desktop\BBB\espetros\672023P0
$DATE_MEA:
18-02-2010  03:14:00
$MEAS_TIM:
         0      2999
$DATA:
         0      2047
     329     127     122      53     152      62      82      33
     147      55      61      25      61      31      26      13
     133      47      68      32      70      26      45      22
      89      41      53      31      71      53      55      38
     256     214     133      97     219     122     101      53
     154     100      64      55      71      46      33      52
     166     119     135     115     135    1486    1790    1544
    1686    1592    1516    1503    1433    1387    1418    1423
    1459    1446    1449    1461    1617    1676    1785    1632
    1890    1938    2030    2009    2307    2291    2457    2509
    2555    2277    2359    2306    2313    2391    2539    2356
    2483    2696    2806    2987    3387    3555    3970    4521
    5219    5520    6357    6697    7600    8418    8909    8999
    9374   10250   10130   10388   10737   10872   11227   12312
   13219   13714   16228   17223   19910   22917   25158   26148
   28371   31328   31130   31462   32271   31286   30240   30082
   29922   26970   28474   27274   29743   32200   35194   37024
   42032   48105   51712   55526   60849   62643   64737   67595
   67789   62245   62930   58506   56990   57531   56225   54045
   58400   66263   73728   83584  100044  113607  128575  149705
  167549  172374  190816  192778  196666  197242  190767  171401
  162310  152690  132148  114699  100399   82604   67543   57009
   45470   34147   28437   21580   18030   15449   12797   10922
    9857    9738    8781    8504    8182    7682    7231    8061
    6375    5453    5061    4371    4028    3905    3455    3056
    2934    3041    3094    3350    3455    3884    4108    5672
    4969    5168    5646    5493    5546    5774    5637    5001
    4789    4667    4287    3819    3631    3234    3124    3347
    3213    3126    3624    3861    4312    5071    5824    6305
    7140    8078    8758    9498   10480   10646   10790   10965
   10905    9846    9642    8807    7974    7217    6151    5209
    4643    4100    3349    2990    2657    2365    1997    2091
    1840    1509    1440    1336    1322    1188    1058     926
     840     721     667     597     559     518     440     617
     416     410     449     408     391     472     470     531
     553     619     743     774    1016    1186    1347    1790
    1876    2201    2533    2822    2994    3420    3590    3601
    3729    3924    3635    3715    3469    3255    3026    2892
    2566    2052    1970    1627    1562    1427    1328    1306
    1438    1627    1833    2127    2790    3219    3788    4772
    5580    6223    7309    7951    8690    9621   10193   10102
   10479   11012   10388    9902    9633    8735    7970    7289
    6287    5157    4563    3526    3012    2378    1927    1519
    1369    1209    1075    1048    1099    1037    1095    1343
    1315    1325    1437    1470    1334    1409    1387    1244
    1269    1223    1036     946     874     709     612     635
     433     347     323     226     213     180     176     142
     125     135     123     143     187     177     236     319
     340     368     483     537     699     840     883     961
    1104    1187    1296    1389    1408    1463    1487    1543
    1373    1259    1251    1104     988     860     720     597
     543     482     413     345     293     239     219     266
     194     143     191     210     202     241     214     247
     272     273     286     301     349     336     363     413
     404     379     417     351     345     341     314     301
     259     232     224     196     204     176     172     213
     138     128     133     122     109     121     121     126
     112     110     115     119     113     144     131     204
     119     128     106     129     125     107      97     106
     116     119     110     115     121     130     123     161
     130     115     136     107     108     133     132     119
     143     171     164     161     229     258     325     446
     546     676     924    1073    1452    1849    2273    2648
    3280    3964    4536    5255    6221    6669    7242    8016
    8589    8478    9036    8694    8687    8623    8086    7127
    6732    6102    5377    4525    3974    3199    2666    2229
    1886    1350    1089     847     720     572     490     406
     386     440     492     519     735     802    1089    1478
    1835    2071    2631    3072    3756    4322    4892    5250
    5960    6674    6972    7448    7857    7794    7815    8080
    7714    7211    6985    6345    5866    5534    4739    3943
    3504    3027    2519    2151    1831    1394    1134     917
     738     538     503     296     290     215     185     132
     116     111      87      75      78      95      91     182
     134     125     165     162     202     204     293     313
     394     444     485     486     608     710     665     858
     839     849     937     932     939     938     939     871
     860     827     742     694     564     533     436     410
     340     243     210     172     151     133     118      79
      79      63      72      57      74      64      78     122
      91      97      97      99     109     111     112     129
     117     120     118     119      98     103      83     107
      90      67      52      63      56      60      49      36
      31      32      30      18      21      23      18      45
      17      19      16      10      20      17      13      14
      18      10      12      13      25      20      11      57
      15      12      18      22      21      25      26      28
      26      27      30      24      25      33      27      58
      25      26      21      13      17      30      23      26
      22      27      15      21      17      10      20      64
      11      16      15      10      12       9      14      10
       5       9       9      10       7      10       7      45
       8       5       5       9       7      12       9      11
       8       7       9       7       9      10      13      46
      11       4       3       6       9       5       7       8
       3       4       4       5       2       5       8      48
       6       5       1       4       3       2       2       3
       1       2       3       0       3       2       0      34
       2       2       3       3       1       2       2       2
       3       1       2       1       2       0       2      24
       3       3       1       0       4       2       0       0
       2       0       1       2       0       1       2      42
       0       3       3       0       1       2       2       3
       2       5       2       2       2       1       2      55
       4       1       2       2       0       1       1       1
       0       1       0       1       2       0       0      32
       0       0       1       5       3       1       0       0
       0       0       1       1       1       1       1      43
       0       0       3       0       0       2       1       2
       0       2       0       0       0       2       0      27
       0       0       1       0       0       0       3       2
       1       1       1       2       2       2       0      44
       1       2       4       0       0       7       1       3
       3       2       3       1       4       2       0      29
       1       2       3       1       3       1       1       3
       1       1       1       0       0       0       0      41
       0       1       1       1       0       0       0       1
       0       0       2       0       0       0       0      36
       0       0       1       2       1       0       2       1
       1       1       0       1       1       0       0      40
       0       0       1       1       0       0       1       0
       0       3       0       2       2       0       0      45
       0       1       0       1       1       0       1       0
       0       1       0       0       0       0       0      41
       1       0       2       0       0       1       0       0
       0       1       0       0       0       0       0      36
       1       1       0       0       1       3       2       1
       0       2       0       2       1       1       1      51
       0       0       0       0       0       1       0       0
       1       0       0       1       1       0       0      33
       1       2       1       2       0       0       1       2
       1       0       2       0       1       0       2      43
       1       0       0       0       0       1       0       0
       2       0       0       0       2       0       0      46
       0       0       1       0       1       0       1       1
       1       0       1       1       0       1       0      49
       1       0       1       0       1       1       0       1
       0       1       0       0       0       2       1      58
       1       1       0       0       0       0       0       0
       0       0       1       2       0       1       0      57
       0       0       0       0       0       2       0       0
       0       0       0       0       0       1       0      54
       0       0       1       0       0       0       1       0
       0       0       0       0       0       0       1      65
       1       0       0       0       0       0       0       0
       0       0       0       0       1       0       0      83
       2       0       3       8      17      58     216     454
     647     627     478     322     162      80      51      66
      29      30      31      45      24      15      14      10
      10       7      16       7      12      14       9     222
      15      16      13      13       3       2       1       0
       3       0       1       1       2       0       1     126
       0       0       1       0       0       1       0       1
       0       1       0       0       0       0       0       7
       0       0       0       0       0       0       0       0
       0       0       0       0       1       0       0       0
       0       0       0       0       0       0       0       0
       0       0       0       0       0       0       0       0
       0       0       0       0       1       0       0       0
       1       0       0       0       0       0       0       3
       0       0       0       0       0       0       0       0
       0       0       0       0       0       0       0       1
       1       0       0       0       0       0       0       0
       0       0       0       0       0       0       0       1
       0       0       0       1       1       0       0       0
       0       0       0       0       0       0       0       1
       1       0       0       0       0       0       0       1
       0       0       0       0       0       0       1       2
       0       0       1       1       0       0       0       0
       0       0       0       0       0       0       0       0
       1       0       0       0       0       0       0       0
       0       0       0       0       0       0       0       1
       0       1       0       0       0       0       0       0
       0       0       0       0       0       0       0       0
       0       1       0       0       0       0       0       0
       0       0       0       0       0       1       0       0
       0       0       0       0       0       0       0       1
       0       0       0       0       0       0       0       0
       0       0       0       0       0       0       0       0
       0       0       0       0       0       0       0       0
       0       0       0       0       0       0       0       0
       0       0       0       0       0       0       0       0
       0       0       0       0       0       0       0       0
       0       0       0       0       0       0       0       1
       0       0       1       0       0       0       0       1
       0       0       0       0       0       0       0       1
       0       0       0       0       0       0       0       0
       0       1       0       0       0       0       0       0
       0       0       0       0       0       0       0       0
       0       0       0       0       0       0       0       1
       0       0       0       0       0       0       0       0
       0       0       0       0       0       0       0       1
       0       0       0       0       0       0       1       0
       0       0       0       0       0       0       0       0
       0       0       0       0       0       0       0       0
       0       0       0       0       0       0       0       0
       0       0       0       0       0       0       0       0
       0       0       0       0       0       0       0       1
       0       0       0       0       0       0       0       0
       0       0       0       0       0       0       0       1
       0       0       0       0       0       0       0       0
       0       0       0       0       0       0       0       2
       0       0       0       0       0       0       0       0
       0       0       0       0       0       0       0       0
       0       0       0       0       0       0       0       0
       0       0       0       0       0       0       0       0
       0       0       0       0       0       0       0       0
       0       0       0       0       0       0       0       1
       0       0       0       0       0       0       0       0
       0       0       0       0       0       0       0       0
       0       0       0       0       0       0       0       0
       0       0       0       0       0       0       0       1
       0       0       0       0       0       0       0       0
       0       0       0       0       0       0       0       1
       0       0       0       0       0       0       0       1
       0       0       0       0       0       0       0       4
       0       0       0       0       0       0       0       0
       0       0       0       0       0       0       0       1
       0       0       0       0       0       0       0       0
       0       0       0       1       0       0       0       2
       0       0       0       0       0       0       0       0
       1       0       0       0       0       0       0       0
       0       0       0       0       0       0       0       0
       0       0       0       2       0       0       0       4
       1       0       0       0       0       0       0       0
       0       0       0       0       0       0       0       0
       0       0       0       0       0       0       0       0
       0       0       0       0       0       0       0       0
       0       0       0       0       0       0       0       0
       0       0       0       0       0       0       0       0
       0       0       0       0       0       0       0       0
       0       0       0       1       0       0       0       2
       0       0       0       0       0       0       0       0
       0       0       0       0       0       0       0       2
       0       0       0       0       0       0       0       0
       0       0       0       1       0       0       0       0
       0       0       0       0       0       0       0       0
       0       0       0       0       0       0       0       0
       0       0       0       0       0       0       0       0
       0       2       0       0       0       0       0      12
       0       0       0       0       0       0       0       0
       0       0       0       0       0       1       0       1
       0       0       0       0       0       0       0       0
       0       0       0       1       0       0       0       2
       0       0       1       0       0       0       0       1
       0       1       0       0       0       0       0       1
       0       0       0       0       0       0       0       1
       0       0       0       3       0       0       0      14
       0       0       0       0       0       0       0       0
       0       1       0       0       0       1       0       0
       0       0       0       0       0       0       0       0
       0       0       0       2       0       0       0       5
       0       0       0       0       0       0       0       0
       0       1       0       3       0       0       1       2
       0       0       0       0       0       0       0       4
       0       3       1      12       0       1       0  749817
