$SPEC_ID:
C:\Users\joseb\Desktop\BBB\espetros\672015R1
$DATE_MEA:
18-02-2010  01:07:00
$MEAS_TIM:
         0       637
$DATA:
         0      1023
      86      37      32      18      21      12      15      15
      25      20      19      18      19      15       9      10
      32      12      23      10      12      12      16      10
      18      10      22      14       8       6      10       4
      48      22      22      16      17      17      15       7
      24      18      16      19      22       8      14       4
      25      21      13       6      15       8      12      20
      32    1293    4244    4069    3671    3533    3426    3286
    3216    3037    3028    3036    3331    3135    2773    2304
    2330    2473    2549    2590    2786    2627    2538    2335
    2269    2167    2135    2117    2139    2079    2158    2119
    2002    1927    1958    1879    1875    1772    1823    1829
    1826    1894    1864    1800    1807    1735    1748    1757
    1721    1695    1838    1804    1754    1811    1858    1784
    1864    1810    1836    1735    1845    1740    1784    1807
    1761    1775    1844    1797    1790    1688    1784    1797
    1844    1744    1836    1761    1781    1765    1886    1814
    1887    1882    1816    1832    1821    1790    1782    1846
    1859    1941    1864    1837    1879    1917    1884    1924
    1855    1929    1898    1796    1857    1865    1896    1895
    1912    1889    1942    1861    1890    1794    1835    1939
    1951    1901    1839    1870    1920    1858    1934    1951
    1991    1997    1912    1920    1921    1915    1968    1856
    1923    1863    1946    1869    1898    1946    1950    2019
    1950    2006    1913    1889    1949    2007    1948    1918
    1988    1971    1925    1905    1876    1976    2014    1988
    2019    1930    2065    1955    1953    1982    1968    2077
    1959    1919    2055    2006    1994    1967    1923    2092
    2012    1990    1992    2013    2010    1970    2062    2058
    2067    2039    2060    1962    2058    2022    2039    1989
    2018    2056    2058    2048    2035    1970    1939    2044
    2030    2045    1998    1977    1960    1977    1932    2048
    1999    1992    2056    2000    1978    2020    1968    2019
    2033    2039    2136    1966    1986    1951    2005    1984
    2000    2033    2001    2033    2035    2010    2056    2071
    1995    2115    1989    1932    2004    1988    1931    2079
    2004    1995    2070    1951    2078    2018    2005    2077
    2004    1984    1978    1982    1971    1929    1977    1966
    1977    1960    2041    1930    1980    1977    1972    2053
    2004    1965    2035    1962    1948    2046    1973    2047
    1996    2021    1958    1918    2004    1906    1958    1999
    1950    1954    1967    1978    1879    1910    1980    1961
    2016    1903    1963    1868    1969    1839    1955    1923
    1874    1798    1859    1763    1797    1730    1816    1847
    1767    1666    1703    1779    1679    1664    1708    1653
    1637    1682    1747    1707    1596    1683    1563    1561
    1543    1535    1508    1411    1427    1383    1357    1376
    1345    1221    1303    1217    1190    1169    1199    1197
    1181    1129    1119    1155    1143    1116    1121    1214
    1127    1213    1169    1131    1197    1175    1191    1232
    1162    1158    1192    1134    1112    1144    1182    1102
    1113    1115    1088    1038    1013     949     999     956
     942     905     823     780     769     728     699     682
     627     622     606     523     442     486     433     351
     303     287     252     197     199     196     151     124
     117     101      92      74      78      63      42      35
      38      43      28      33      36      18      28      26
      17      20      11      10      13       6      12      12
      10      13      12      10      10      10       8       7
       9      16       7      12      12      10       4       8
      12      10       5       9       5       5       8       6
      10       5       4       5       4       4       8      10
       7       9       4      12       9       5      12       9
       6       9       8       2       7       5       7       5
       5       9       8       6      10       9       5       8
       4       3       7       6       5       7       3       7
       5      13       4       7       2       8       7       9
       6       7       9       7       7       5       5       4
       1       5       7       6       6       5       5       6
       1       4       6       4       4       2       6       6
       6       8       5       7       2       6       6       7
       5       2       4       6       2       3       7       6
       2       7       9       9       7       4       5       1
       6       9       3       3       4       5       4       4
       2       4       6       6       0       3       8       1
       3       2       2       1       2       3       3       7
       4       3       4       8       2       4       3       1
       4       0       7       3       0       1       3       1
       4       7       1       1       3       1       2       2
       2       3       0       3       3       2       1       1
       2       3       1       4       1       1       6       4
       0       1       3       1       0       1       0       1
       2       3       3       3       0       2       6       3
       3       1       2       3       0       0       0       3
       1       0       2       3       2       2       2       3
       1       1       3       3       2       2       2       1
       2       2       1       0       0       2       2       2
       1       0       1       2       0       3       1       4
       1       0       0       1       0       0       0       1
       2       1       3       1       0       0       0       0
       2       1       0       0       0       0       0       0
       0       0       0       1       0       2       2       0
       0       0       0       0       2       0       1       1
       0       0       2       0       0       0       0       0
       1       0       0       0       1       0       0       1
       0       0       0       0       0       1       0       0
       0       0       0       0       1       0       0       0
       1       0       0       0       1       0       0       0
       0       0       0       0       0       0       0       0
       1       0       0       0       0       0       0       0
       1       0       0       0       0       0       0       0
       0       0       0       1       0       1       0       0
       0       0       0       0       1       0       0       0
       0       0       0       0       0       0       0       0
       0       0       0       0       0       0       0       0
       0       0       0       0       0       0       0       0
       0       0       0       0       0       0       0       0
       0       0       0       0       0       0       0       0
       0       0       0       0       0       0       0       0
       0       0       0       0       0       0       0       0
       1       0       0       0       0       0       0       0
       0       0       0       0       0       0       0       0
       0       0       0       0       0       1       0       0
       0       0       0       0       0       0       0       0
       0       0       0       0       0       0       0       0
       0       0       0       0       0       0       0       0
       0       0       0       0       0       0       0       0
       0       0       0       0       0       0       0       0
       0       0       0       0       0       0       0       0
       0       0       0       0       0       0       0       0
       0       0       0       0       0       0       0       0
       0       0       0       1       0       0       0       0
       0       0       0       0       0       0       0       0
       0       0       0       0       0       0       0       0
       0       0       0       0       0       0       0       0
       0       0       0       0       0       0       0       0
       0       0       0       0       0       0       0       0
       0       0       0       0       0       0       0      26
