$SPEC_ID:
C:\Users\joseb\Desktop\BBB\espetros\672014R1
$DATE_MEA:
18-02-2010  00:48:00
$MEAS_TIM:
         0      1049
$DATA:
         0      1023
     153      51      63      48      52      23      19      17
      60      50      50      39      29      26      17      23
      71      40      39      36      26      18      27      15
      35      39      36      17      20      12      13      14
      90      37      40      32      34      25      14      16
      30      31      32      30      31      29      19      10
      59      39      40      22      35      15      28      20
      48    2251    8211    7889    7613    7340    7047    6732
    6654    6408    6326    6445    7050    6703    5724    5084
    4848    5180    5709    5770    6071    5729    5517    4927
    4769    4732    4790    4693    4887    4732    4870    4610
    4520    4471    4430    4238    4336    4213    4172    4266
    4178    4220    4240    4163    4104    3964    4088    4136
    4077    4088    4209    4180    4049    4047    4153    4143
    4185    4135    4183    4186    4252    4074    4140    4101
    4097    4149    4181    4216    4146    4101    4141    4048
    4131    4178    4268    4120    4219    4059    4268    4350
    4091    4263    4233    4158    4237    4160    4326    4235
    4192    4311    4311    4162    4250    4255    4360    4433
    4276    4334    4449    4300    4302    4274    4180    4445
    4369    4289    4311    4179    4332    4213    4347    4327
    4362    4306    4350    4381    4441    4179    4351    4426
    4397    4366    4337    4390    4410    4295    4286    4577
    4504    4424    4408    4326    4336    4430    4384    4505
    4460    4493    4459    4426    4321    4354    4480    4501
    4420    4368    4453    4454    4342    4318    4543    4611
    4571    4508    4528    4352    4403    4502    4459    4511
    4414    4564    4643    4410    4537    4295    4460    4554
    4529    4729    4486    4524    4508    4447    4507    4606
    4493    4539    4540    4472    4459    4319    4468    4585
    4415    4484    4584    4547    4411    4497    4480    4600
    4454    4588    4606    4571    4474    4508    4543    4701
    4623    4587    4661    4466    4515    4503    4631    4436
    4582    4579    4620    4478    4432    4499    4534    4594
    4609    4554    4566    4496    4400    4489    4556    4581
    4524    4590    4733    4603    4630    4539    4585    4498
    4473    4662    4822    4459    4583    4329    4475    4463
    4522    4529    4569    4468    4522    4492    4388    4630
    4460    4519    4611    4559    4599    4473    4624    4494
    4464    4561    4606    4445    4429    4289    4647    4532
    4485    4517    4623    4265    4513    4422    4536    4384
    4381    4374    4409    4379    4399    4388    4421    4408
    4211    4189    4129    3964    3843    3641    3582    3468
    3242    3027    2997    2939    2633    2422    2431    2499
    2366    2343    2264    2258    2145    2108    2071    2107
    2054    2149    2089    2077    2054    1979    1959    1937
    1985    1843    1780    1769    1685    1505    1580    1525
    1435    1339    1335    1341    1321    1232    1224    1334
    1276    1174    1235    1272    1182    1195    1305    1208
    1243    1161    1171    1152    1139    1237    1175    1155
    1194    1171    1172    1236    1147    1225    1147    1170
    1173    1156    1174    1191    1128    1123    1139    1103
    1098    1111    1057    1025    1005     962     938     915
     921     861     779     782     721     610     594     478
     422     381     286     269     232     183     134     120
     114     100      90      96      72      59      70      65
      57      57      38      47      44      39      43      48
      29      30      32      27      40      36      27      32
      36      27      27      29      24      23      16      24
      18      30      20      27      31      32      27      27
      23      29      28      22      21      23      22      17
      24      25      17      27      21      26      22      22
      23      24      21      20      18      18      28      25
      12      19      15      21      19      12      21      23
      11      22       9      16      13      21      16      24
      16      16      18      10      17      15      27      16
      16      18      15      16      13      18      13      21
      18       9      19      11      12      15      11      16
      17       8      16      11      17      15      15      12
      15      15      14       7      15      13      13      12
       8      14       9      12      13       6       9      13
      16      11      10       7       3       9       9       7
       9      14       9      13       8       8      14      11
       7      11       8       5       9      10       9       8
       7      10       9       8       8       6       7       6
       8      11       7       7      16      10       7       4
       9       6       9       4       4       8       9       7
       3       9       4       3       7       7       6       7
       3      15       5       6       3       4       5       5
       7       6       9       5       5       4       9       8
       3       5       3       2       4       4       5       7
       1       4       7       3       3       2       4       7
       3       4       4       4       5       9       6       2
       2       7       7       2       3       2       2       1
       7       6       7       4       3       5       1       3
       2       2       7       1       1       3       1       4
       5       6       2       3       5       4       2       3
       1       0       3       1       4       3       3       1
       0       1       4       1       2       5       0       2
       1       5       2       0       0       2       1       2
       1       5       0       1       0       1       1       1
       0       0       1       1       0       1       1       4
       0       0       2       0       0       2       2       0
       0       2       1       0       0       2       0       1
       0       1       0       0       1       0       0       0
       1       1       2       0       0       1       1       1
       0       1       0       0       0       0       1       1
       0       0       1       2       2       0       0       0
       0       0       0       0       0       0       0       1
       0       0       0       0       0       0       0       0
       0       0       1       0       0       0       0       0
       0       0       0       0       0       1       0       0
       0       0       0       0       0       0       0       1
       0       0       0       0       0       1       0       0
       1       0       0       0       0       0       0       0
       1       0       0       0       0       0       0       1
       0       0       0       0       0       0       0       0
       0       0       0       0       0       0       0       0
       0       0       0       0       0       0       0       0
       0       0       0       0       0       0       0       0
       0       0       0       0       0       0       0       1
       0       0       0       0       1       0       0       0
       0       0       0       0       0       0       0       0
       0       0       0       0       0       0       0       0
       0       0       0       0       0       0       0       0
       0       1       0       0       0       0       0       0
       0       0       0       0       0       0       0       0
       0       0       1       0       0       0       0       0
       0       0       0       0       0       0       0       0
       0       0       0       0       0       0       0       0
       0       0       0       0       0       0       0       0
       0       0       0       0       0       0       0       0
       0       0       0       0       0       0       0       0
       0       0       0       0       0       0       0       0
       0       0       0       0       0       0       0       0
       0       0       0       0       0       0       0       0
       0       0       0       0       0       0       0       0
       0       0       0       0       0       0       0      27
