$SPEC_ID:
C:\Users\joseb\Desktop\BBB\espetros\672019R1
$DATE_MEA:
18-02-2010  02:26:00
$MEAS_TIM:
         0       411
$DATA:
         0      1023
     117      49      69      41      57      28      35      20
      65      50      39      39      30      25      28      18
      67      52      59      24      28      20      26      21
      38      38      37      19      23      10      13      17
      69      37      41      40      30      20      25      16
      40      24      24      30      25      26      26      15
      56      28      37      19      26      16      17      17
      64    1466    3766    3836    3676    3694    3611    3710
    3758    3901    3754    3861    4186    3778    3355    3265
    3356    3632    3886    3990    4128    4012    3828    3623
    3401    3388    3403    3556    3585    3748    3779    3755
    3770    3730    3611    3485    3510    3520    3563    3680
    3668    3611    3817    3679    3634    3666    3676    3736
    3705    3631    3899    3707    3658    3753    3736    3717
    3866    3894    3865    3742    3755    3613    3789    3775
    3755    3716    3813    3765    3761    3504    3633    3929
    3761    3767    3717    3663    3718    3636    3872    3891
    3757    3858    3843    3846    3802    3787    3880    3894
    3827    3924    3870    3933    3935    3753    3867    3916
    3882    3823    3979    3877    3819    3717    3877    4157
    3846    3918    3972    3804    3859    3778    3872    4160
    3948    3961    4015    3901    3832    3858    3942    4052
    3825    3982    4018    3934    3804    3789    4032    4189
    3887    4037    3939    3962    4064    3820    3987    4080
    3939    3955    4065    3928    4105    3954    3951    4151
    3995    4137    4006    3939    3926    3960    3896    4166
    4097    4090    4083    3979    3965    3876    3981    4247
    4007    4047    4069    3925    4002    3932    4061    4182
    4010    4058    4114    4034    4180    4062    4042    4146
    3998    4000    4168    4036    4053    4008    4139    4235
    4151    4038    4047    4015    4050    3973    4063    4220
    4037    4113    4131    4007    4020    4048    4254    4287
    4088    4079    4126    4093    4149    4050    4015    4239
    4131    4140    4191    3999    4037    3975    4112    4325
    4119    4206    4197    4052    4084    3985    4021    4285
    4184    4050    4237    4012    4014    4029    4062    4227
    4120    4150    4187    4022    4139    4114    4221    4310
    4087    4164    4135    4088    4121    4024    4174    4284
    4158    4084    4106    4058    4039    3993    4163    4254
    4068    4113    4033    4055    4066    4026    4114    4227
    4140    4256    4212    4143    4082    4035    4216    4341
    4155    4141    4115    4057    4017    3951    4047    4335
    4123    4014    4149    4011    4084    3918    3997    4109
    3925    3870    4009    3971    3913    3804    3943    3975
    3796    3731    3767    3764    3704    3704    3772    3916
    3750    3742    3693    3643    3636    3670    3677    3621
    3463    3529    3435    3391    3361    3257    3289    3293
    3192    3089    3087    3048    2947    2884    2967    3068
    2797    2902    2909    2848    2867    2767    2837    2897
    2845    2876    2829    2786    2876    2838    2906    2864
    2807    2779    2727    2702    2643    2596    2723    2714
    2716    2656    2686    2468    2620    2471    2527    2566
    2511    2469    2479    2430    2321    2353    2448    2380
    2199    2301    2332    2208    2223    2188    2168    2213
    2100    2087    2019    1979    1955    1760    1726    1777
    1484    1418    1301    1128     959     872     760     712
     472     439     317     273     272     189     157     191
     161     151     125     144     118     112     117     134
     100     101     128      98     102      83      75      97
      84      76     100      72      70      77      83      92
      78      75      76      84      89      75      59      90
      63      88      89      69      91      75      74      77
      75      58      75      66      56      55      76      61
      66      70      57      81      55      58      70      63
      65      57      52      62      58      54      53      62
      52      59      50      44      63      64      43      66
      55      65      64      62      50      51      60      44
      53      57      51      44      46      53      43      48
      38      52      38      45      56      42      58      44
      44      48      38      49      48      56      55      64
      43      45      43      52      43      38      46      45
      47      35      46      42      38      47      33      46
      43      44      36      43      43      39      33      38
      37      38      44      29      37      48      31      47
      33      39      29      30      25      36      37      25
      35      36      36      34      35      23      38      30
      28      29      21      23      30      37      32      34
      24      29      32      30      28      31      21      19
      28      25      32      28      38      43      32      24
      19      20      25      22      29      21      20      30
      24      16      32      26      24      22      19      34
      34      13      40      20      12      26      19      27
      24      16      15      19      22      13      15      23
      13      21      22      18      13      17      23      15
      10      15      10      17      13      20      19      16
      16      20      26      20      16      14      16      14
      17      12      12      17       9      12      18       7
      11      14      19       7      11       6      18       9
       7      17      10      10       9      13      13      16
       8       8      11      13       9      10      16      13
      14      11       7       3       6       7      15       4
       6       8       7      11      11       7       3       8
       4      10       4       9       7       5      10      11
       7       6       9      12       4       7       5       7
       7       8       7       2       5       8       1       3
       3       7       1       6       5       3       6       6
       5       4       6       2       3       7       5       1
       4       2       3       4       3       4       3       4
       1       4       1       0       4       4       3       5
       5       4       2       2       1       3       5       3
       2       3       1       2       3       1       0       6
       1       1       3       2       1       3       4       1
       3       1       2       2       1       1       1       1
       4       0       0       1       1       0       2       3
       0       0       1       0       1       2       0       0
       1       0       1       0       0       0       0       2
       0       1       1       1       0       2       1       1
       1       0       0       1       0       0       0       1
       1       1       0       1       1       0       1       1
       0       0       0       1       0       0       1       0
       0       0       0       0       0       0       1       1
       0       1       0       0       0       0       0       0
       0       0       0       0       1       0       1       0
       0       0       1       0       0       0       0       0
       0       0       0       0       0       0       0       0
       0       0       0       0       0       0       0       0
       0       0       0       0       0       0       0       0
       0       0       1       0       0       1       0       0
       0       0       0       0       0       0       0       0
       0       0       0       0       0       0       0       0
       1       1       0       0       0       0       0       0
       0       0       1       0       0       0       0       0
       0       0       0       0       0       0       0       0
       0       1       0       0       0       0       0       0
       0       0       0       0       0       0       0       0
       1       0       1       0       0       0       0       0
       0       0       0       0       0       0       0       0
       0       0       0       0       0       0       0     150
