$SPEC_ID:
C:\Users\joseb\Desktop\BBB\espetros\672020P0
$DATE_MEA:
18-02-2010  02:40:00
$MEAS_TIM:
         0       686
$DATA:
         0      2047
      55      41      20      14      35      15      17      12
      32      15      15       6      24       4       4       2
      22      12       6       1      18       4      10       2
      16       7      11       6      20       8       8       7
      46      38      19      17      25      23      19      11
      19      13      10      10      10       7       1       4
      21      11      26       7      13     236     279     251
     263     245     238     221     245     231     189     234
     246     208     247     247     261     297     315     275
     298     357     311     301     362     405     411     434
     447     369     393     369     328     367     370     381
     381     409     432     464     495     506     558     636
     686     783     906     922    1084    1140    1225    1186
    1310    1471    1434    1403    1608    1644    1665    2011
    2187    2458    2838    3069    3574    4205    4659    4865
    5258    5933    5942    5956    6058    5749    5562    5554
    5484    4862    4870    4791    4653    5087    5612    5926
    6593    7486    7957    8694    9632    9862    9964   10228
   10397    9581    9599    8708    8224    8306    7486    7097
    7166    7829    8200    9079   10637   11750   13386   15201
   16858   17527   19011   19169   19878   20042   19328   17677
   16231   15568   13492   11765   10437    8636    6976    6115
    5027    3879    3331    2616    2338    2152    1919    1675
    1577    1657    1570    1495    1522    1421    1331    1394
    1171     983     946     813     731     651     576     539
     461     500     534     546     610     577     638     843
     773     720     807     795     862     867     813     683
     723     694     608     600     552     486     473     495
     459     446     521     487     593     707     829     874
     998    1181    1184    1297    1486    1453    1540    1525
    1513    1394    1349    1213    1100     973     880     731
     569     588     487     423     405     342     342     310
     301     233     253     204     218     189     182     177
     150     142     139     115     114     119     101     154
     103     102     100      90     124     101     108      95
     125     134     165     180     185     214     296     354
     391     407     463     530     562     606     642     636
     675     710     678     633     674     645     514     538
     492     475     445     423     464     527     615     689
     832    1147    1446    1829    2462    3043    3765    4788
    5881    6434    7950    8420    9478   10654   11300   11164
   11867   12222   11741   11354   10734    9904    8902    8230
    7087    5737    5102    4022    3342    2641    2107    1662
    1505    1252    1071    1053    1070    1141    1155    1343
    1446    1440    1481    1517    1448    1524    1381    1376
    1269    1173    1107     962     856     668     591     506
     399     291     238     180     149     110      80      48
      51      44      25      35      31      17      44      53
      39      44      67      67      73      95     138     119
     139     119     139     167     168     187     196     169
     179     157     141     129     115     103      79      72
      54      61      41      32      44      23      29      31
      30      25      20      32      26      32      30      39
      35      28      42      42      51      54      49      76
      49      62      48      63      48      47      51      36
      34      43      51      38      40      24      21      48
      20      28      28      20      17      13      17      16
      19      24      19      14      14      24      16      20
      21      25      22      14      20      17      15      20
      13      23      31      26      17      28      16      32
      13      23      17      15      19      17      20      14
      23      23      24      24      29      33      39      56
      65      73      94     124     166     217     251     285
     340     462     573     567     729     811     805     917
    1052     991    1019     981     999     989     974     825
     775     743     590     549     475     402     346     267
     221     149     122      98      81      79      57      58
      62      66      71      94     101     127     181     224
     251     342     422     504     576     734     839     854
     934    1099    1076    1200    1235    1225    1192    1294
    1289    1128    1100     971     908     820     711     632
     500     464     364     264     261     169     140     135
     108      63      56      37      43      35      29      14
      10      19      14      14      13      17       8      26
      16      13      27      21      33      46      39      42
      57      79      69      88     110     130     130     153
     125     148     141     167     136     164     158     133
     150     141     113     105      91      90      60      95
      58      45      37      31      24      24      21      13
       8      13      10       8       8       6       7      17
      14      13      10       9      13      14      20      14
      13      11      16      13      10      15       6      20
      11       5       9       9       6       1       6       4
       1       4       6       5       4       6       1       9
       4       2       4       0       0       3       0       0
       1       1       2       3       2       5       3       9
       2       0       0       0       3       4       3       4
       1       4       3       5       1       0       3      10
       2       2       2       2       2       3       2       2
       3       2       2       3       1       3       0       9
       1       3       0       2       1       1       1       2
       0       0       1       1       0       1       2       6
       0       5       0       0       2       2       0       2
       0       1       1       1       2       0       1       4
       0       2       1       2       0       3       0       1
       0       1       2       0       1       0       2       8
       0       0       1       1       0       0       0       1
       1       0       0       1       0       1       0       4
       0       1       0       0       1       0       1       2
       0       0       0       0       0       1       0       8
       0       0       0       0       1       0       0       1
       0       1       0       0       0       2       0       7
       0       0       1       0       1       0       2       0
       1       0       0       0       2       0       0       6
       0       0       1       0       0       1       1       1
       0       0       0       0       0       0       2       6
       0       0       0       0       1       0       0       1
       0       0       0       0       1       0       0       6
       1       0       0       0       0       0       0       1
       1       0       0       1       0       0       1       2
       0       0       0       0       0       0       0       0
       0       2       0       2       0       0       0       4
       0       0       0       0       0       0       2       1
       2       0       0       0       1       1       0       9
       1       0       0       1       0       0       1       0
       0       1       0       0       0       0       0       6
       0       0       0       0       0       0       0       0
       0       0       0       0       0       1       0       4
       0       0       0       0       0       0       0       0
       0       0       0       0       0       0       0       6
       0       0       0       0       0       0       0       0
       0       0       0       0       0       0       0       5
       0       0       0       0       0       0       0       0
       0       0       0       0       0       0       0       9
       0       0       0       0       0       0       0       0
       0       0       1       0       0       1       0       5
       0       0       0       0       0       0       0       0
       0       0       0       2       0       0       0      10
       0       0       0       0       0       0       0       0
       0       0       0       0       1       1       0      14
       0       0       1       2       0       0       0       0
       0       0       0       0       0       0       0       9
       0       0       0       0       0       0       0       0
       0       0       0       0       0       0       0       5
       0       0       0       0       0       1       0       0
       0       0       0       1       0       0       0       4
       0       0       0       0       0       1       0       0
       0       0       0       0       0       0       0       6
       1       0       0       0       0       0       0       0
       0       0       0       0       0       0       0       9
       0       0       0       0       0       0       0       0
       0       0       0       0       0       0       0       7
       0       0       0       1       0       0       0       0
       0       0       0       0       0       0       0      14
       0       0       0       0       0       0       0       0
       0       0       0       1       7      31      45      88
      76      56      56      37      22      21      23       6
      11      11      17      15      12       7       4       4
       1       2       1       0       3       3       2       1
       2       4       0       0       0       0       1      47
       0       0       1       0       0       0       0       0
       0       0       0       0       0       0       0       1
       0       0       0       0       0       0       0       0
       0       0       0       0       0       0       0       1
       0       0       0       0       0       0       0       0
       0       0       0       0       0       0       0       0
       0       0       0       0       0       0       0       0
       0       0       0       0       0       0       0       0
       0       0       1       0       0       0       0       0
       0       0       0       0       1       0       0       0
       0       0       0       0       0       0       1       0
       0       0       0       0       0       0       0       0
       0       0       0       0       0       0       0       0
       0       0       0       0       0       0       0       0
       0       0       0       0       0       0       0       0
       0       0       0       0       0       0       0       0
       0       0       0       0       0       0       0       0
       0       0       0       0       0       0       0       0
       0       0       0       0       0       0       0       0
       0       0       0       0       0       0       0       0
       0       0       0       0       0       0       0       0
       0       0       0       0       0       0       0       0
       0       0       0       0       0       0       0       0
       0       0       0       0       0       0       0       0
       0       0       0       0       0       0       0       0
       0       0       0       0       0       0       0       1
       0       0       0       0       0       0       0       0
       0       0       0       0       0       0       0       0
       0       0       0       0       0       0       0       0
       0       0       0       0       0       0       0       0
       0       0       0       0       0       0       0       0
       0       0       0       0       0       0       0       0
       0       0       0       0       0       0       0       0
       0       0       0       0       0       0       0       0
       0       0       0       0       0       0       0       0
       0       0       0       0       0       0       0       0
       0       0       0       0       0       0       0       0
       0       0       0       0       0       0       0       0
       0       0       0       0       0       0       0       0
       0       0       0       0       0       0       0       0
       0       0       0       0       0       0       0       0
       0       0       0       0       0       0       0       0
       0       0       0       0       0       0       0       0
       0       0       0       0       0       0       0       0
       0       0       0       0       0       0       0       0
       0       0       0       0       0       0       0       1
       1       0       0       0       0       0       0       0
       0       0       0       0       0       0       0       0
       0       0       0       0       0       0       0       0
       0       0       0       0       0       0       0       0
       0       0       0       0       0       0       0       0
       0       0       0       0       0       0       0       0
       0       0       0       0       0       0       0       0
       0       0       0       0       0       0       0       0
       0       0       0       1       0       0       0       0
       0       0       0       0       0       0       0       0
       0       0       0       0       0       0       0       0
       0       0       0       0       0       0       0       0
       1       0       0       0       0       0       0       0
       0       0       0       0       0       0       0       0
       0       0       0       0       0       0       0       0
       0       0       0       0       0       0       0       0
       0       0       0       0       0       0       0       0
       0       0       0       0       0       0       0       0
       0       0       0       0       0       0       0       1
       0       0       0       0       0       0       0       2
       0       0       0       0       0       0       0       0
       0       0       0       0       0       0       0       0
       0       0       0       0       0       0       0       0
       0       0       0       0       0       0       0       0
       0       0       0       0       0       0       0       0
       0       0       0       0       0       0       0       0
       0       0       0       0       0       0       0       0
       0       0       0       0       0       0       0       1
       0       0       0       0       0       0       0       0
       0       0       0       0       0       0       0       0
       0       0       0       0       0       0       0       0
       0       0       0       0       0       0       0       0
       0       0       0       0       0       0       0       0
       0       0       0       0       0       0       0       0
       0       0       0       0       0       0       0       0
       0       0       0       0       0       0       0       0
       0       0       0       1       0       0       0       0
       0       0       0       1       0       0       0       1
       0       0       0       0       0       0       0       0
       0       0       0       1       0       0       0       0
       0       0       0       0       0       0       0       0
       0       0       0       0       0       0       0       0
       0       0       0       0       0       0       0       0
       0       1       0       2       0       0       0       5
       0       0       0       0       0       0       0       0
       0       0       0       0       0       0       0       0
       0       0       0       0       0       0       0       0
       0       0       0       1       0       0       0       2
       0       1       0       0       0       0       0       0
       0       0       0       0       0       0       0       0
       0       0       0       0       0       0       0       0
       0       0       0       0       0       0       0       5
       0       0       0       0       0       0       0       0
       0       0       0       0       0       0       0       0
       0       0       0       0       0       0       0       1
       0       0       0       1       1       0       0       1
       0       0       0       0       0       0       0       0
       0       0       0       0       0       0       0       1
       0       0       0       0       0       0       0       2
       0       0       0       4       0       0       0  177852
