$SPEC_ID:
C:\Users\joseb\Desktop\BBB\espetros\672020R1
$DATE_MEA:
18-02-2010  02:40:00
$MEAS_TIM:
         0       686
$DATA:
         0      1023
     115      79      70      36      52      29      33      17
      64      34      41      32      34      26      26      17
      84      45      50      35      23      21      36      23
      35      40      28      23      17      16      17       9
      82      40      35      35      26      23      17      20
      42      34      27      26      24      17      16      16
      34      34      33      25      34      11      20      22
      52    1531    4172    3958    3941    3706    3782    3749
    3904    3906    3772    3971    4197    3760    3197    3144
    3299    3579    3941    4059    4211    4062    3804    3559
    3476    3451    3518    3568    3610    3672    3903    3889
    3788    3748    3707    3533    3544    3600    3579    3667
    3527    3669    3726    3623    3655    3686    3691    3812
    3777    3677    3836    3734    3699    3605    3852    3724
    3898    3792    3771    3834    3740    3690    3754    3798
    3625    3791    3728    3649    3538    3724    3787    3804
    3866    3830    3813    3674    3646    3857    3799    3875
    3839    3771    3871    3652    3819    3823    3717    3899
    3906    3841    3809    3832    3788    3806    3889    3927
    3852    3879    3875    3783    3771    3817    3918    4074
    3925    3888    3854    3823    3763    3829    3906    4008
    3900    3872    4021    3968    3882    3865    3965    3974
    3977    3959    3884    3927    3865    3804    4020    4118
    3963    3994    4087    3916    3873    3928    4080    4092
    4011    3863    3860    3908    3908    3947    3890    4089
    4019    3945    4096    4049    3942    3830    4057    4122
    3964    4037    4093    3976    4031    3956    3989    4039
    4026    4038    4108    4028    4000    3924    4108    4097
    4147    4024    4042    4043    3974    3998    4004    4184
    4205    4045    4106    3938    4157    3891    4101    4137
    4070    4050    4120    3994    4041    4033    4051    4200
    3989    4117    4032    3982    4041    4027    4043    4184
    4095    4055    4094    4105    3989    3996    4050    4252
    4037    4079    4154    4045    4012    3932    4117    4205
    4290    4123    4062    4062    4040    4014    4102    4060
    4118    4071    4191    3955    4047    4083    4014    4065
    4035    4101    4141    4056    4110    4007    4138    4137
    4072    4069    4135    4001    4004    4094    4072    4247
    4144    4050    3968    4127    3993    3969    4155    4126
    4159    4050    4184    3922    4109    4079    4012    4191
    4094    4082    4125    3992    4116    4061    3992    4110
    4109    3980    4060    3912    4009    3905    4040    4105
    3970    4011    3950    3948    3861    3850    3994    4095
    3711    3908    3776    3704    3810    3746    3683    3654
    3779    3679    3542    3687    3607    3586    3668    3632
    3540    3676    3634    3540    3485    3464    3489    3508
    3442    3395    3310    3215    3241    3149    3091    3071
    2958    2899    2860    2754    2720    2704    2632    2715
    2633    2570    2691    2501    2585    2511    2622    2599
    2515    2578    2590    2591    2430    2483    2602    2592
    2513    2430    2531    2484    2371    2478    2432    2416
    2462    2458    2331    2257    2320    2328    2281    2329
    2118    2246    2174    2029    2011    2054    1953    2009
    1988    1908    1919    1846    1733    1691    1613    1682
    1560    1554    1455    1442    1299    1240    1286    1145
     997     963     913     802     652     561     523     442
     344     311     234     159     174     136     107     120
      89      91      76      79      75      87      68      79
      56      58      67      73      54      69      52      53
      58      51      45      63      59      51      41      57
      37      57      46      41      46      36      37      61
      57      35      37      37      51      36      31      39
      42      33      51      47      34      35      45      38
      42      45      29      40      41      39      37      36
      34      32      38      31      29      30      34      32
      42      34      31      36      35      34      33      40
      29      27      20      28      26      21      31      34
      26      32      27      39      31      39      36      38
      30      31      30      28      27      36      27      33
      40      40      27      27      20      34      30      26
      27      28      31      33      23      25      32      39
      30      24      35      20      21      17      23      27
      40      32      24      20      13      23      29      14
      21      28      25      31      20      22      24      17
      21      25      21      17      23      22      19      15
      22      20      16      18       8      14      25      23
      22      25      15       9      16      15      13      18
      13      20      14      15      14      17      16      19
      18      16      18      17      15      16      15       8
      14       7      17      19      22      13      11      18
      13       9      13      11      13      12      10      16
      16      12      13      12      20      11      13      18
      16      17       7      17      18       9       8      10
       8      16       8      14       5      15       9       8
       8       8      12      12      10      10       8       9
       9       8      12       7       8       3       9      11
      13       6       7       8       4       5       6       7
      11      10       4       5       9       7       7       7
       5       3       9       3       2       7       3       2
       6      10       9       7       3       4       6       8
       6       5       2       6       6       3       4       4
       4      10       6       6       4       2       8       3
       6       2       6       3       4       4       3       5
       4       5       5       1       1       2       6       1
       2       5       7       1       2       6       3       0
       3       3       0       4       3       4       2       2
       2       3       2       2       0       0       1       4
       3       2       3       1       1       0       2       4
       0       1       1       1       0       3       2       0
       1       2       1       0       2       1       4       2
       0       0       1       2       0       1       0       2
       1       3       0       1       1       1       1       1
       0       2       0       0       3       0       2       1
       0       3       0       2       2       0       0       0
       0       0       0       0       0       2       0       0
       0       1       0       0       0       0       0       0
       0       1       0       0       0       0       0       1
       0       0       0       1       0       0       2       0
       1       0       0       0       0       1       0       0
       0       0       0       0       0       0       0       0
       0       0       0       0       0       0       1       0
       0       0       0       0       0       0       0       0
       0       0       0       0       0       0       0       1
       0       0       0       0       0       0       0       0
       0       0       0       0       0       0       0       0
       0       0       0       0       0       0       0       0
       1       0       1       0       0       0       0       0
       0       0       0       0       0       0       0       0
       0       0       0       0       0       0       0       0
       0       1       0       1       0       0       0       0
       0       0       0       0       0       0       0       0
       0       0       0       0       0       0       0       0
       0       0       0       0       0       0       0       0
       0       0       0       0       0       0       0       0
       0       0       0       0       0       0       0       0
       0       0       0       1       0       0       0       0
       0       0       0       0       0       0       0       0
       0       0       0       0       0       0       0     121
