$SPEC_ID:
C:\Users\joseb\Desktop\BBB\espetros\672015P0
$DATE_MEA:
18-02-2010  01:07:00
$MEAS_TIM:
         0       637
$DATA:
         0      2047
      47      30      29      10      32      17      13       7
      23      16      12       7       5       5       7       4
      17      10      13       4      14       4       8       4
      11       5       7       2      16      11      14      11
      34      29      15      17      23      15      11      15
      10      11       5       9       5       7       2       2
       8       5       5       5       4     132     218     159
     162     170     157     138     133     137     137     117
     203     148     174     150     188     167     177     165
     189     169     184     186     197     176     214     181
     225     192     188     181     209     175     218     170
     193     219     243     266     241     300     350     402
     488     518     604     595     681     730     786     791
     782     908     912     884     850     824     858     834
     866     837     896     851     935    1044    1112    1093
    1105    1220    1203    1209    1272    1282    1327    1342
    1374    1476    1497    1660    1745    2112    2421    2662
    3105    3528    3867    4190    4428    4768    4812    5032
    5084    4741    4647    4233    4111    3980    3781    3335
    3531    3578    3871    4250    4990    5577    6189    7155
    7999    8253    9003    9227    9283    9369    9260    8413
    7828    7369    6526    5682    4932    4305    3595    3148
    2567    1950    1623    1383    1124    1023     779     654
     613     556     457     452     395     356     323     367
     254     217     209     189     178     157     179     169
     176     146     159     159     179     176     235     304
     237     215     235     244     231     244     245     224
     183     217     164     166     175     133     148     146
     140     157     175     161     164     260     263     235
     266     350     356     349     404     372     401     429
     396     359     328     328     304     316     249     253
     216     201     160     164     163     152     142     149
     152     135     162     122     133     118     149     117
     140     142     125     112     129     113      96     121
     124     107     127     118     129     138     145     121
     144     167     182     198     215     190     225     273
     278     307     345     369     379     404     446     506
     451     480     489     474     444     476     449     431
     432     427     450     496     631     755     952    1217
    1531    2219    2756    3602    4655    5993    7341    9297
   11464   12874   15427   16928   19106   21220   22645   22626
   23376   24469   23213   22626   21752   19781   18227   16354
   14566   11660   10477    8305    6774    5375    4493    3373
    2887    2508    2201    2114    2163    2237    2303    2562
    2805    2774    3039    3027    2960    2902    2890    2718
    2492    2368    2025    1819    1594    1343    1099    1022
     737     575     482     330     254     203     141      93
      65      63      50      32      16      16      20      44
      10      17       8       7      14      13      10      16
      16      16      11      14      18      18      13      23
      16      17      19      11      10       9      14       7
      19      13      10       6       9      13       9      11
       8       6       4       8       8       9      11      11
       9       9       9       5       9      10      12       8
       7      14      15       5      10      16       7      11
      12       7       5      10      11       9      13      11
      10       7      12       8      12       7      10       6
       7       7       4       8      11      15      11      16
       6       4       6       6       6      10       6       8
       2      14       9       7       8       7       6      16
       6       6       7       3       3       5       1       3
       3       3       4       8       2       3       1       9
       1       2       2       1       4       4       1       3
       6       3       2       3       0       3       5       5
       3       4       0       2       2       3       1       4
       2       0       4       3       3       3       4      10
       6       6       2       2       2       0       5       6
       4       5       3       4       5       6       9      19
      12      22       8      17      16      21      28      14
      23      27      36      25      34      33      36      40
      33      41      28      28      20      15      16      16
      17      14       8       9       4       4       5      13
       7       1       4       1       4       2       1       2
       3       4       4       2       1       0       5      13
       1       2       1       3       2       5       4       4
       5       6       2       7       9       8       4       9
       6       7       8       6       7       6      13      12
       4       7       4       8       4      12       3      12
       4       3       4       7       6       7       5       2
       3       9       2      10       6       7       5       5
       5       6       2       4       6       4       5       5
       0       4       4       2       2       2       4       7
       0       1       1       2       0       2       1       1
       4       2       0       1       0       0       2       9
       0       1       1       1       2       0       0       0
       1       0       0       0       0       0       1       2
       0       0       0       1       0       0       0       0
       0       0       0       0       1       1       0       7
       0       0       1       2       1       0       0       0
       0       0       0       0       0       0       0       5
       0       0       0       0       0       0       0       0
       0       0       0       0       0       0       0       6
       0       0       0       0       0       0       0       0
       0       0       0       0       1       0       0       3
       0       0       0       0       0       0       0       0
       0       0       0       1       0       0       0       2
       0       0       0       0       0       0       0       0
       0       0       0       0       0       1       0       4
       1       0       0       0       0       0       0       0
       0       0       0       0       0       0       0       4
       0       0       0       0       0       0       0       0
       0       0       0       0       0       0       0       4
       0       0       0       0       0       0       0       0
       0       0       0       0       0       0       0       7
       0       0       0       0       0       0       0       0
       0       0       0       0       0       0       0       4
       0       0       0       0       0       0       1       1
       0       0       0       0       1       0       0       3
       0       0       0       0       0       0       0       0
       0       0       0       0       0       0       0       2
       0       0       0       0       0       0       0       0
       0       0       0       0       1       0       0       9
       1       0       0       0       0       0       0       0
       0       0       0       0       0       0       0       5
       0       0       0       0       0       1       0       0
       0       0       0       0       0       0       0       7
       0       0       0       0       0       0       0       0
       0       0       0       0       0       0       0       6
       0       0       0       0       0       0       0       0
       0       0       0       0       0       0       0       8
       0       0       0       0       0       0       0       0
       0       0       0       0       0       0       0       5
       0       0       0       0       0       0       0       0
       0       0       0       0       0       0       0       1
       0       0       0       0       0       0       0       0
       0       0       0       0       0       0       0       7
       0       0       0       0       0       0       0       0
       0       0       1       1       0       0       0       9
       0       0       0       0       0       0       0       0
       0       0       0       0       0       0       0       7
       0       0       0       0       0       0       0       0
       0       0       0       0       0       0       0       5
       0       0       0       0       0       0       0       0
       0       0       0       0       0       0       0       3
       0       0       0       0       0       0       0       0
       0       0       0       0       0       0       0       9
       0       0       0       0       0       0       0       0
       0       0       0       0       0       0       0       7
       0       0       0       0       0       0       0       0
       0       0       0       0       0       0       0       4
       0       0       0       0       0       0       0       0
       0       0       0       0       0       0       0      10
       0       2       4       8      16      21      30      24
      45      43      34      29      28      23      24      25
      25      25      11      11       6       7       0       0
       0       0       0       1       0       1       0      25
       0       1       0       0       0       0       0       0
       0       0       0       0       0       0       0      12
       0       0       0       0       0       0       0       0
       0       0       0       0       0       0       0       0
       0       0       0       0       0       0       0       0
       0       0       0       0       0       0       0       0
       0       0       0       0       0       1       0       0
       0       0       0       0       0       0       0       0
       0       0       0       0       0       0       0       0
       0       0       0       0       0       0       0       0
       0       0       0       0       0       0       0       0
       0       0       0       0       0       0       0       0
       0       0       0       0       0       0       0       0
       0       0       0       0       0       0       0       0
       0       0       0       0       0       1       0       0
       0       0       0       0       0       0       0       1
       0       0       0       0       0       0       0       0
       0       0       0       0       0       0       0       0
       0       0       0       0       0       0       0       0
       0       0       0       0       0       0       0       0
       0       0       0       0       0       0       0       0
       0       0       0       1       0       0       0       0
       0       0       0       0       0       0       0       0
       0       0       0       0       0       0       0       0
       0       0       0       0       0       0       0       0
       0       0       0       0       0       0       0       0
       0       0       0       0       0       0       0       0
       0       0       0       0       0       0       0       0
       0       0       0       0       0       0       0       0
       0       0       0       0       0       0       0       0
       0       0       0       0       0       0       0       0
       0       0       0       0       0       0       0       1
       0       0       0       0       0       0       0       0
       0       0       0       1       0       0       0       0
       0       0       0       0       0       0       0       0
       0       0       0       0       0       0       0       0
       0       0       0       0       0       0       0       0
       0       0       0       0       0       0       0       0
       0       0       0       0       0       0       0       0
       0       0       0       0       0       0       0       0
       0       0       0       0       0       0       0       0
       0       0       0       0       0       0       0       0
       0       0       1       0       0       0       0       0
       0       0       0       0       0       0       0       0
       0       0       0       0       0       0       0       1
       0       0       0       0       0       0       0       0
       0       0       0       0       0       0       0       0
       0       0       0       0       0       0       1       0
       0       0       0       0       0       0       0       0
       0       0       0       0       0       0       0       0
       0       0       0       0       0       0       0       0
       0       0       0       0       0       0       0       0
       0       0       0       0       0       0       0       0
       0       0       0       0       0       0       0       0
       0       0       0       0       0       0       0       0
       0       0       0       0       0       0       0       0
       0       0       0       0       0       0       0       0
       0       0       0       0       0       0       0       0
       0       0       0       0       0       0       0       0
       0       0       0       0       0       0       0       0
       0       0       0       0       0       0       0       0
       0       0       0       0       0       0       0       0
       0       0       0       0       0       0       0       0
       1       0       0       0       0       0       0       0
       0       0       0       0       0       0       0       0
       0       0       0       0       0       0       0       1
       0       0       0       0       0       0       0       0
       0       0       0       0       1       0       0       0
       0       0       0       0       0       0       0       0
       0       0       0       0       0       0       0       0
       0       0       0       0       0       0       0       0
       0       0       0       0       0       0       0       0
       0       0       0       0       0       0       0       0
       0       0       0       0       0       0       0       0
       0       0       0       0       0       0       0       0
       0       0       0       0       0       0       0       0
       0       0       0       0       0       0       0       0
       0       0       0       0       0       0       0       0
       0       0       0       0       0       0       0       0
       0       0       0       0       0       0       0       0
       0       0       0       0       0       0       0       0
       0       0       0       0       0       0       0       0
       0       0       0       0       0       0       0       0
       0       0       0       0       0       0       0       0
       0       0       0       0       0       0       0       0
       0       0       0       0       0       0       0       0
       0       0       0       0       0       0       0       0
       0       0       0       0       0       0       0       0
       0       0       0       0       0       0       0       0
       0       0       1       2       0       0       0       0
       0       0       0       0       0       0       0       0
       0       0       0       1       0       0       0       0
       0       0       0       0       0       0       0       0
       0       0       0       2       0       0       1       4
       0       0       0       0       0       0       0       0
       0       0       0       0       0       0       0       0
       0       0       0       0       0       0       0       0
       0       0       0       0       0       0       0       1
       0       1       0       0       0       0       0       0
       0       0       0       0       0       2       0       0
       0       0       0       0       0       0       0       1
       0       0       0       0       0       0       0       3
       0       0       0       0       0       0       0       0
       0       0       0       0       0       0       0       1
       0       0       0       0       0       0       0       0
       0       0       0       1       0       0       0       0
       0       0       0       0       0       0       0       0
       0       0       0       0       0       0       0       0
       0       0       0       1       0       0       0       1
       0       1       0       1       0       3       0  164992
