$SPEC_ID:
C:\Users\joseb\Desktop\BBB\espetros\672023R1
$DATE_MEA:
18-02-2010  03:14:00
$MEAS_TIM:
         0      2999
$DATA:
         0      1023
     630     302     386     226     253     135     153      89
     306     238     222     179     157     114     104      89
     339     194     265     158     193     146     134      81
     201     163     140     127     107      76      67      86
     319     209     243     147     190     101     121      70
     216     155     148     155     112     113     101      80
     217     128     185     110     127      65     105     134
     299    8990   23995   23208   22658   22168   22171   21886
   22264   22412   22512   23018   25109   21172   18742   18266
   19314   20615   22917   23825   24235   22964   21770   20583
   19743   19857   20565   20312   21344   21417   22024   21931
   21189   20849   20888   20142   20058   20015   20666   21171
   21379   21287   21490   21134   20696   20425   20802   21327
   20649   21160   21397   21053   20702   20708   21182   21618
   21389   21240   21533   20921   20846   20688   21028   21643
   21107   21207   21236   20918   20745   20721   20936   21822
   21312   20790   21343   21149   21253   20960   21277   21665
   21288   21487   21317   20961   21305   21134   21480   22219
   21557   21474   21972   21184   21439   21070   21637   22159
   21532   21347   22223   21193   21581   21178   21615   22057
   21708   21808   21634   21224   21441   21193   21669   22320
   21698   22002   21678   21540   21524   21335   21739   22340
   21913   21737   21739   21516   21755   21598   21898   22453
   21857   21761   21772   21551   21794   21378   21616   22476
   22129   21830   22038   21612   21915   21734   21863   22558
   21956   22193   21973   21581   21979   21622   22096   22433
   22017   22050   22360   21588   22116   21709   22325   22873
   22163   22054   22483   21779   21833   21686   22077   22750
   22014   22142   22091   21695   21733   21825   22236   22367
   22024   22282   22326   21625   21902   21660   22147   22718
   22124   22064   22068   21817   22243   21746   21904   22904
   22160   22304   22317   21813   21928   21721   22404   22753
   22338   22178   22521   21579   21879   21697   22051   22403
   22232   22437   22239   21869   22157   21836   22138   22787
   22065   21953   22401   21924   22048   21529   22053   22653
   21849   22018   22540   21527   21784   21600   21786   22575
   21908   22100   22081   21611   22171   21453   21972   22452
   21990   22337   22089   21796   21784   21651   22056   22477
   21886   21879   22075   21626   21678   21555   21724   22338
   21606   21815   22094   21663   21585   21309   21762   22242
   21472   21631   22038   21238   21644   21433   21785   21960
   21606   21389   21629   21269   21443   21286   21592   21923
   21297   21344   21589   21097   20799   20535   20868   21175
   20626   20588   20515   20068   19821   19607   20086   20102
   19622   19817   19740   19612   19309   19087   19329   19815
   19480   19375   19528   19038   18848   18803   18810   19015
   18273   18181   17781   17221   17211   16514   16324   16673
   15585   15500   15541   15082   15018   14613   14597   14605
   14225   14316   14318   14116   14285   13922   14336   14377
   13994   14172   13995   13763   13799   13808   13778   14053
   13529   13569   13556   13378   13220   13025   13149   13245
   12986   12676   12676   12253   12181   11879   11874   11797
   11420   11191   11249   10724   10687   10373   10527   10527
   10349   10191   10065    9673    9747    9512    9372    9361
    8978    8952    9054    8420    8149    7535    7568    7144
    6774    6193    5610    4877    4430    3735    3256    2794
    2236    1862    1446    1226    1017     864     776     774
     648     589     559     525     487     490     466     499
     440     404     392     367     372     363     356     335
     344     337     348     313     325     286     313     369
     308     296     263     301     291     286     280     326
     304     293     287     252     290     265     264     305
     265     274     261     245     251     271     237     268
     232     226     232     244     231     257     233     241
     233     230     242     239     224     245     246     248
     216     228     212     193     219     194     215     250
     188     206     190     221     186     194     214     185
     207     188     185     193     210     166     179     186
     169     177     195     168     179     171     187     178
     192     170     171     193     148     161     140     148
     151     173     148     168     162     151     159     159
     157     158     141     128     165     163     143     147
     143     147     146     120     137     146     146     152
     136     129     149     153     139     122     142     155
     129     131     122     145     137     124     134     103
     132     119     133     118     110     114     123     129
     107     101     118     128     105     103     100     106
      89      87     113     103      97     116     111      95
      96     102     104      93      98      90     100      97
      96      77      94      82      89      92      84      97
      84      93      74      92      85      79      94      81
      71      83      78      72      64      91      87      70
      75      78      75      68      67      75      69      73
      64      64      69      51      72      60      65      72
      54      69      47      57      59      58      67      47
      47      50      57      60      47      58      61      63
      59      53      46      63      46      45      63      45
      53      53      46      47      47      60      49      38
      34      49      42      51      28      38      39      40
      31      41      38      31      34      32      37      38
      41      38      35      33      34      41      24      27
      28      19      37      27      25      32      25      25
      30      25      27      25      32      16      32      21
      24      27      21      23      20      23      20      21
      23      13      25      25      26      24      16      16
      13      12      19      23      15      22      18      18
      15      20       9      12      16       8      15      19
      16       9      11      13      13      10      18      13
      14      14      19      12      11       8       9       8
      10       7       8      14       7      11      11       4
      12       8       8       5       6      10       5       6
      10       9       5       4       1       5       9       1
       8       5       7       3       4       1       8       1
       2       5       4       6       7       1       6       4
       4       4       5       3       5       3       1       1
       9       6       2       5       4       1       2       3
       2       2       2       0       2       1       2       1
       1       3       3       1       0       2       2       1
       2       2       0       1       2       1       3       0
       1       3       3       1       0       1       1       1
       1       0       2       1       0       0       0       0
       1       0       0       0       1       2       0       0
       0       0       2       1       2       0       1       0
       0       1       0       1       0       1       0       0
       1       0       2       1       0       0       0       1
       1       1       1       0       2       2       1       0
       0       0       2       0       0       0       0       0
       0       0       1       1       1       0       0       0
       0       2       1       0       1       1       1       2
       2       0       1       1       1       1       1       0
       1       0       1       1       1       0       1       1
       0       0       0       0       0       2       0       0
       0       0       1       0       0       0       0       2
       1       0       0       0       0       0       0       0
       1       0       1       1       0       0       0       1
       0       0       0       1       0       0       0       1
       2       0       0       0       0       1       1       0
       0       2       1       0       1       0       0     718
