$SPEC_ID:
C:\Users\joseb\Desktop\BBB\espetros\672017R1
$DATE_MEA:
18-02-2010  01:49:00
$MEAS_TIM:
         0      1116
$DATA:
         0      1023
     253     111     131      78     111      52      47      44
     105      66      85      76      55      44      54      31
     134      70      95      62      58      39      45      23
      80      53      69      49      36      32      27      19
     158      76      88      71      70      38      38      28
      80      65      57      77      39      35      36      33
      96      48      71      42      41      33      31      34
      74    2713    8273    8252    8013    7774    7815    7653
    7869    7887    8110    8128    8912    8163    6965    6686
    6921    7601    8211    8437    8703    8258    7908    7526
    7340    7184    7390    7451    7699    7681    7882    7974
    7570    7656    7568    7339    7388    7423    7719    7796
    7764    7726    7657    7594    7607    7546    7669    7786
    7589    7589    7877    7573    7696    7749    7869    7941
    7788    7891    7941    7760    7701    7667    7710    7980
    7810    7746    7730    7612    7585    7528    7683    7912
    8120    7828    7743    7680    7935    7681    7909    7997
    7882    8017    7817    7786    7728    7638    7927    8029
    8049    8053    7925    7587    7856    7720    8000    8090
    8063    7909    8152    7682    7874    7744    7897    8046
    8093    7994    8146    7834    8023    7713    8037    8250
    8031    8175    8070    7902    7947    7974    8118    8032
    7943    7981    8003    7873    7983    8010    8080    8133
    8010    8161    8167    8091    7939    8084    8114    8257
    8249    8097    8217    8024    8050    8005    8123    8350
    8018    8111    8269    8070    8173    8029    8027    8330
    7944    8393    8096    8053    8057    8055    8213    8293
    8138    8263    8066    8006    8101    7938    8201    8197
    8046    8133    8290    8165    8121    7977    8255    8401
    8229    8314    8367    8027    8010    8053    8092    8154
    8202    8238    8193    8060    7988    8072    8383    8377
    8239    8274    8224    7980    8046    8124    8135    8355
    8174    8196    8217    8033    8028    7935    8037    8330
    8093    8128    8258    8051    8012    7877    8262    8240
    8094    8019    8161    8184    8014    7985    7972    8261
    8153    7984    8185    8003    7982    7969    8006    8200
    8074    8092    8165    7940    8004    8020    8199    8221
    8037    7969    8176    7914    8063    7878    7989    8325
    7930    8042    7919    8092    7827    7790    8050    8076
    7959    7937    8053    7805    7974    7782    7986    8241
    8158    7855    8124    7917    7884    7747    8143    8144
    7959    8009    8103    7905    7843    7766    7866    8250
    7907    8069    8089    7654    7770    7666    7798    7709
    7574    7657    7541    7167    7112    7012    7210    7167
    6986    6779    6771    6739    6762    6632    6798    6941
    6749    6543    6813    6635    6577    6363    6305    6420
    6171    6111    6049    5742    5571    5395    5446    5316
    4992    4941    4798    4669    4637    4491    4429    4563
    4516    4449    4441    4487    4459    4424    4384    4608
    4394    4262    4413    4186    4312    4428    4395    4474
    4526    4336    4373    4306    4384    4217    4415    4253
    4323    4379    4257    4161    4305    4080    4196    4173
    4152    4012    4083    3922    3889    3883    3842    3849
    3612    3518    3342    3164    2805    2625    2256    1973
    1663    1391    1166     887     771     528     439     403
     290     250     231     213     179     152     155     159
     140     151     131     114     116     134     117     130
     100     118     109      99     112     112     114     118
      97     102     101      88      89      91      80     105
      80      97      87      74     108      85     100      91
      86      84      85      75      68      83      81      85
      66      66      77      65      76      76      67      62
      79      78      66      61      67      68      64      71
      63      78      82      61      77      78      57      65
      73      57      54      56      49      63      64      66
      69      58      77      59      68      43      51      67
      57      46      46      68      63      47      56      53
      52      50      58      52      44      43      48      49
      52      41      52      49      52      51      51      43
      48      56      43      40      56      49      48      38
      48      40      49      33      49      31      44      35
      39      40      47      43      51      52      39      42
      44      50      36      40      39      40      32      40
      42      38      33      38      46      39      30      40
      27      32      32      29      34      34      30      33
      37      26      32      36      29      28      37      23
      33      31      31      30      22      29      26      28
      25      32      24      17      21      26      32      19
      27      17      27      25      29      31      21      15
      21      18      30      30      29      22      12      21
      18      24      29      22      17      16      26      17
      18      29      29      24      24      12      19      21
      20      23      16      12      28      17      18      12
      19      26      24      20      20      19      18      14
      19      13      19      17      21      22       6      12
      10      18      18      18      15      12      17      10
      15      12      11      13       8       7      10      12
      11      17      14       7       8      12      11      13
       8      11      11       6       8       8      10      12
      12       8       6       8       7       6       6       8
       6       8       9       9       5       1       7       5
       9       5       1       3       7       3       6       9
       1       5      10       8      10       6       1       4
       9       2       6       4       7       2       5       7
       2       2       7       6       1       2       1       5
       3       4       2       5       2       5       3       4
       2       1       2       2       1       3       3       1
       6       5       1       2       3       2       2       1
       3       3       1       0       0       0       2       2
       2       0       1       0       0       1       1       1
       0       3       3       2       1       0       2       2
       1       1       0       2       0       3       1       2
       3       1       1       1       1       0       0       1
       0       0       2       2       1       0       0       2
       0       1       0       1       0       1       1       0
       1       0       0       0       0       0       0       0
       0       0       0       0       1       0       0       1
       0       1       1       1       1       0       0       0
       0       0       1       0       0       0       0       0
       0       0       0       0       1       0       0       0
       0       0       0       2       0       0       1       0
       0       0       1       0       0       0       1       0
       0       0       1       0       0       0       1       0
       1       0       0       0       1       0       0       0
       0       0       0       0       0       0       0       0
       0       0       0       0       0       0       0       0
       0       0       0       0       0       0       0       1
       0       0       0       0       0       0       0       0
       0       0       0       0       0       0       0       0
       0       0       0       0       0       0       0       0
       0       0       0       0       0       1       0       0
       0       0       0       0       0       0       0       0
       0       0       0       0       0       0       0       0
       0       0       0       0       0       0       0       0
       0       0       0       0       0       0       1       0
       0       0       0       0       0       0       0       0
       0       0       0       0       0       0       0       0
       0       1       0       0       0       0       0      63
