$SPEC_ID:
C:\Users\joseb\Desktop\BBB\espetros\672024R1
$DATE_MEA:
18-02-2010  04:05:00
$MEAS_TIM:
         0       868
$DATA:
         0      1023
     332     126     160     102     150      73      76      58
     129     100      94      83      73      67      57      40
     160      94     121      77      74      56      59      52
      88      67      72      63      68      40      36      29
     189      86     117      82      95      43      51      41
     107      83      86      67      59      51      45      34
     116      68      83      57      70      38      44      59
     145    3996    9569    9150    8956    8920    8895    8677
    9137    8997    9244    9268   10183    8884    7733    7581
    7850    8296    9208    9510    9848    9239    9191    8717
    8115    7991    8197    8321    8738    8755    8923    9088
    8779    8502    8428    8216    8216    8362    8574    8590
    8778    8627    8749    8555    8624    8252    8482    8876
    8601    8473    8767    8516    8710    8581    8637    8844
    8678    8637    8758    8501    8529    8473    8644    8937
    8641    8555    8724    8463    8587    8500    8696    8932
    8692    8566    8780    8581    8548    8536    8595    8954
    8661    8643    8740    8636    8758    8470    8768    8930
    8785    8670    8755    8607    8662    8562    8692    9102
    8735    9121    8963    8708    8657    8646    8754    9231
    8800    8786    8737    8526    8730    8672    8841    9216
    8786    8884    8755    8653    8896    8573    8862    9279
    8904    8872    8911    8729    8623    8741    8856    9060
    8903    8851    9054    8762    9036    8637    8885    9315
    8815    8864    9161    8805    8794    8631    9043    9467
    8985    8886    9039    8686    8840    8858    8798    9372
    8995    9133    8995    8839    8806    8977    8929    9381
    8954    9094    8973    8889    8775    8783    9177    9405
    8784    9091    9066    8882    8886    8681    9024    9159
    8933    9041    9095    8815    8896    8642    8945    9256
    9005    8924    8969    8825    9050    8875    8996    9282
    9011    8937    9168    8833    8826    9026    8854    9409
    9292    8946    9123    8961    8847    8843    9030    9262
    8928    9050    9190    8813    8966    9039    9064    9271
    9042    8830    9004    8809    8929    8788    9043    9282
    8930    9000    8910    8792    8943    8974    8829    9143
    9072    8828    8968    8894    8818    8645    8940    9318
    8989    9002    9190    8850    8873    8609    8808    9237
    8841    8829    8791    8911    8754    8650    8807    9157
    8768    8786    8747    8748    8629    8776    8757    9030
    8955    8608    8899    8608    8850    8617    8875    9172
    8695    8765    8920    8677    8787    8551    8686    8930
    8470    8655    8673    8614    8504    8515    8492    8819
    8435    8590    8368    8285    8175    7955    8145    8355
    8006    7811    8060    8058    8040    7896    8094    8188
    8014    7886    7770    7704    7569    7685    7654    7680
    7487    7573    7354    7199    7166    7032    6822    6979
    6758    6591    6597    6449    6315    6136    6338    6365
    6247    6233    6096    6120    6173    6079    6159    6204
    6104    6110    5971    5805    5950    6023    6042    6106
    5930    6074    5772    5802    5845    5634    5651    5908
    5577    5624    5745    5398    5488    5348    5427    5627
    5278    5151    5239    5133    5084    4967    4936    5047
    4971    4812    4873    4673    4664    4699    4715    4686
    4446    4291    4341    4139    3970    3888    3840    3722
    3301    3028    2855    2457    2101    1867    1597    1372
    1087     930     704     596     546     406     347     376
     304     277     267     263     232     244     244     262
     215     203     213     211     198     192     197     217
     180     148     188     155     168     199     168     181
     157     154     155     170     154     160     171     173
     161     156     150     158     151     126     166     164
     183     138     141     134     137     151     144     140
     147     134     128     150     118     136     121     135
     147     119     139     114     130     150     130     134
     128     108     144     116     136     117     111     141
      98     115     122     110     122     109     113      93
     132      98     117     108      83     119     108      98
     108     119     110      97      96     106      96      94
      79      89     109      95      96      79      92      82
      78      99      89      99      90      83      79      87
      77      79      82      88     105      80      99      96
      82      81      73      78      75      54      99      85
      78      78      63      75      69      70      75      81
      77      77      53      68      65      54      65      80
      71      65      71      71      81      59      57      56
      67      64      61      63      66      50      59      65
      62      63      60      66      40      51      67      58
      44      63      48      64      41      54      69      55
      46      42      49      40      41      46      46      64
      51      43      39      53      45      39      36      38
      46      54      42      65      41      36      33      52
      53      38      36      48      34      39      43      30
      43      26      33      29      31      44      38      37
      32      31      36      22      31      37      30      32
      35      21      29      27      30      29      22      23
      26      20      31      24      30      19      37      35
      20      28      29      19      27      26      25      20
      26      18      22      19      21      24      21      26
      21      22      23      25      22      16      22      18
      19      24      22      14      16      20      20      23
      18      17      16      13       9      23      19      19
      13      10      13      14      18      20      17      11
      12      15      14      12      12      11      13      12
      14      10      15      11      11       9      16      13
       7      15      11       4      12      11      10       9
      11      10       7       5      10       7       7      10
       8       8       9       7       9       5       3       6
      11       6       6       7       8       8       4       6
       5       7       3       4       5      12       3       5
       8       3       5       5       4       7       2       1
       6       6       4       2       3       5       2       1
       6       6       1       7       4       3       0       2
       2       4       3       2       0       1       2       5
       0       2       0       3       2       3       2       3
       2       1       0       2       1       2       2       4
       0       2       1       1       1       2       1       1
       1       2       0       0       1       1       1       1
       0       0       2       1       3       0       0       1
       1       0       1       2       0       0       0       1
       0       0       0       0       0       0       0       0
       0       1       0       0       0       0       0       0
       0       1       0       0       0       0       0       0
       0       0       0       2       0       0       0       1
       1       0       0       0       1       0       0       0
       1       0       0       0       0       0       0       1
       0       0       0       0       0       0       0       0
       1       0       0       0       2       0       0       0
       0       0       1       0       0       0       0       0
       0       0       0       1       0       0       0       0
       0       0       0       0       2       1       0       0
       0       0       0       0       0       0       0       0
       0       0       0       0       1       0       0       1
       0       0       0       1       0       0       1       0
       1       0       0       0       0       0       0       0
       0       0       0       0       0       0       1       0
       0       0       0       0       1       0       0       0
       0       0       0       0       2       1       0     310
