$SPEC_ID:
C:\Users\joseb\Desktop\BBB\espetros\672022R1
$DATE_MEA:
18-02-2010  02:59:00
$MEAS_TIM:
         0       726
$DATA:
         0      1023
     257     104     146      69     110      48      66      41
     132      81      72      77      63      43      56      35
     155      75      99      78      80      44      41      29
      76      50      54      59      44      29      31      23
     142      76      85      65      65      29      58      35
      89      70      65      58      47      48      37      21
     101      51      86      52      64      23      29      39
     116    2835    6992    7005    6805    6679    6768    6509
    6907    6847    6897    6978    7670    6645    5755    5759
    5974    6340    6966    7111    7393    7238    6777    6467
    6293    6209    6321    6273    6529    6611    6626    6932
    6606    6671    6608    6251    6282    6307    6365    6669
    6669    6573    6685    6545    6524    6453    6652    6708
    6522    6615    6698    6523    6654    6477    6752    7010
    6809    6706    6739    6743    6634    6609    6724    6886
    6533    6766    6809    6587    6568    6620    6687    7085
    6748    6539    6697    6565    6808    6564    6623    6878
    6775    6848    6952    6691    6863    6807    6839    7131
    6831    6805    6821    6659    6828    6842    6859    7008
    6980    7065    7058    6980    6705    6731    6892    7162
    6832    6927    6995    6742    7071    6826    6874    7400
    7019    7147    7187    6782    6962    6831    6965    7271
    7005    7041    6973    7087    6831    6927    6922    7283
    7127    7067    7113    6865    7118    6865    6967    7203
    7063    7006    7143    6996    7131    6881    7168    7381
    7269    7164    7132    7070    7183    7085    7021    7347
    7171    7230    7155    7291    7207    6998    7107    7370
    7126    7198    7361    7037    7211    6987    7190    7535
    7308    7185    7045    7220    7330    7196    7226    7480
    7116    7331    7409    7178    7305    7144    7255    7618
    7305    7308    7171    7205    7221    7159    7118    7583
    7322    7367    7457    7135    7116    7261    7192    7737
    7405    7334    7445    7082    7123    7211    7431    7565
    7294    7344    7420    6979    7185    7308    7269    7557
    7389    7225    7266    7161    7340    7176    7296    7583
    7395    7296    7298    7156    7240    7194    7285    7671
    7486    7361    7594    7100    7339    7289    7325    7594
    7439    7334    7377    7213    7407    7315    7507    7574
    7325    7275    7498    7440    7547    7300    7400    7483
    7483    7353    7604    7330    7284    7248    7456    7748
    7408    7323    7484    7385    7415    7283    7389    7680
    7435    7404    7474    7318    7353    7397    7381    7580
    7621    7362    7275    7245    7255    7087    7247    7313
    7106    7070    7173    6957    6959    6702    6812    7222
    6739    6659    6833    6789    6665    6762    6809    6963
    6447    6607    6731    6536    6568    6591    6663    6581
    6544    6479    6322    6101    6120    5766    5836    6035
    5667    5611    5595    5514    5365    5291    5286    5409
    5292    5174    5242    5028    5315    5069    5226    5342
    5128    5166    5193    4971    5098    4912    5030    5235
    4930    4935    4931    4689    4879    4801    4806    4942
    4730    4692    4646    4623    4712    4454    4548    4419
    4372    4471    4341    4120    4108    4057    4141    4225
    4166    4179    4167    3896    3911    3862    3871    3782
    3737    3607    3673    3573    3381    3285    3152    2938
    2882    2596    2405    2044    1809    1541    1320    1215
     936     759     663     513     440     391     341     388
     294     286     277     250     200     194     195     247
     189     194     191     155     169     151     136     187
     158     151     167     124     137     138     131     150
     138     128     140     122     136     114     113     131
     127     114     118     137     124     123     133     126
     119     121     106     115     116     115     113     129
     125     100     113      89     128     115     119     103
      99     101     118     101      97      95     100      99
      89      99     110      90     103      95      86     110
      89     112      92      86      89      86      84      86
      91      98      89      99     100      88      83      91
      74      67      66      93      78      88      81      61
      91      95      81      74      71      78      77      78
      60      56      83      88      85      81      77      82
      73      72      74      81      67      83      83      71
      78      69      61      66      73      60      47      62
      60      52      59      58      68      52      60      59
      62      59      57      60      47      57      68      59
      63      58      47      63      57      46      52      55
      60      49      57      45      57      56      54      59
      51      57      52      49      54      44      46      53
      54      42      48      43      42      54      38      47
      46      53      44      38      52      42      48      35
      54      38      50      44      37      33      36      46
      36      48      39      41      29      41      31      34
      32      39      37      39      38      33      32      34
      29      46      44      25      35      38      21      33
      33      26      26      34      35      25      37      19
      24      21      29      22      23      22      27      28
      30      23      29      24      27      20      24      27
      21      22      20       9      17      25      26      19
      20      27      23      19      23      25      22      13
      13      21      19      10      19      10      22      26
      14      16      17      11      20       9      11      18
      16      12      17       8      10      10      18      15
      15      16      16      17      16      17      11      14
       8       5      12      12       7      13       9       8
       8       9      11      11      10      12      10      13
      16      12      15       2       7       7       7       9
       6       9       8       3       8      10       4       7
       3       7       5      12       7       9       5       7
       9       6       6       4       7       4       4       6
       6       4       3       5       9       4       8       6
      10       3       2       7       0       4       3       2
       3       2       3       4       6       3       3       6
       3       2       4       2       0       5       1       5
       3       4       2       3       1       4       5       2
       4       0       0       4       4       2       0       1
       3       3       1       1       1       0       0       1
       0       2       0       3       3       0       1       2
       0       3       2       0       0       0       3       0
       0       0       0       0       0       2       0       0
       0       0       2       1       0       0       2       0
       0       0       1       0       0       0       0       0
       0       0       0       0       0       0       0       1
       0       0       0       1       0       1       1       0
       1       0       0       1       0       0       0       1
       2       0       0       0       1       0       1       0
       2       1       0       0       0       0       0       0
       1       0       0       0       0       0       0       0
       0       0       1       0       0       1       0       0
       0       0       0       1       0       0       0       0
       0       0       0       0       0       0       0       0
       0       0       0       0       1       0       0       0
       0       0       0       1       0       0       0       0
       0       1       1       0       0       0       0       0
       0       0       0       0       0       1       0       0
       0       0       0       0       0       0       0       0
       0       0       0       0       0       0       0       0
       0       0       0       0       0       1       0       1
       0       0       0       0       0       0       0     289
