$SPEC_ID:
C:\Users\joseb\Desktop\BBB\espetros\672021R1
$DATE_MEA:
18-02-2010  02:53:00
$MEAS_TIM:
         0       351
$DATA:
         0      1023
      55      34      42      21      30      23      18      14
      34      22      23      22      22      16      11      11
      37      24      32      14      19      12      12       7
      21      14      14      16      12      10       9       5
      42      23      14      21      23      11      11       6
      30      15      25      16      16      10      12      10
      30      11      21      15      21      11      10       6
      19     788    1907    1957    1965    1864    1811    1756
    1916    1874    1835    1910    2131    1887    1663    1565
    1573    1760    1829    2021    2009    2010    1853    1767
    1702    1717    1800    1778    1843    1810    1904    1895
    1875    1753    1805    1742    1805    1769    1821    1840
    1852    1771    1910    1810    1794    1833    1786    1901
    1893    1781    1890    1797    1811    1861    1812    1837
    1899    1868    1991    1838    1906    1830    1897    1857
    1940    1873    1922    1865    1827    1821    1953    1885
    1912    1959    1950    1891    1910    1863    1896    2005
    1857    1868    1902    1931    1947    1910    1963    2015
    1954    1951    1960    1920    1884    1868    2028    1975
    1983    1911    2001    1969    1968    2019    2030    2110
    2006    2005    1988    2005    1980    1958    2054    2078
    2057    2038    2059    1998    1989    1960    1995    2055
    2005    1993    2138    2008    2052    1971    2028    2032
    2022    2078    2084    1957    2087    2011    2138    2151
    2040    2146    2072    2083    2059    2002    2010    2167
    2100    2127    2084    2068    2096    2072    2168    2217
    2149    2094    2090    1974    1998    2047    2143    2184
    2102    2090    2152    2062    2152    2133    2155    2228
    2135    2184    2147    2033    2097    2096    2119    2227
    2095    2171    2157    2061    2116    2072    2198    2272
    2081    2157    2161    2140    2122    2137    2124    2284
    2153    2141    2120    2079    2109    2032    2209    2244
    2242    2179    2192    2109    2147    2117    2129    2236
    2237    2307    2135    2149    2240    2164    2201    2168
    2191    2163    2200    2195    2197    2140    2170    2228
    2228    2166    2082    2150    2194    2111    2104    2181
    2178    2243    2262    2163    2120    2139    2095    2259
    2248    2151    2123    2169    2130    2039    2212    2208
    2167    2172    2197    2143    2180    2205    2174    2234
    2190    2237    2221    2186    2091    2114    2160    2242
    2235    2153    2137    2175    2193    2083    2199    2199
    2151    2137    2207    2172    2093    2198    2179    2154
    2176    2112    2120    2108    2043    2008    2219    2144
    2106    2027    1994    2042    2028    1948    1957    2018
    1906    1937    1959    1894    1883    1920    1900    1925
    1906    1871    1958    1838    1915    1784    1895    1820
    1806    1738    1776    1654    1667    1639    1583    1508
    1561    1465    1436    1359    1345    1306    1337    1313
    1352    1250    1212    1285    1312    1153    1209    1253
    1239    1273    1303    1235    1264    1252    1270    1257
    1274    1197    1230    1230    1232    1218    1230    1260
    1309    1309    1234    1164    1201    1161    1195    1202
    1123    1105    1129    1124    1091    1083     988    1055
    1002    1019     924     894     876     857     827     689
     645     600     519     491     418     346     400     347
     299     292     246     209     200     197     150     159
      95      89      83      84      53      52      38      59
      37      51      27      33      22      34      29      37
      30      22      21      17      33      26      20      31
      24      21      11      13      16      19      19      29
      17      16      11      25      13      16      20      35
      16      19      23      19      17      25      22      15
      15      17      15      11      11      13      19      18
      21      16      11      17      13      17      13      19
      16      10      26      21       7      17      13      11
      18      16       9      17      26      12       9      12
       8       9      14      18      14       9      14      16
      17      14      18      14       8      15      16      16
      14      13      15       9      11      11      11      19
      20      10      10      12       6      11      13       3
      12      14      10      12      11      12       9       9
      10      14       9       7       9       7       9      10
       4       8      11       6      10       4      16      11
      11      11      10       8       8       8      14      16
       5       7       9       5       4       7      12       7
       5       7       7      11       4       6       9       7
      10       8       7       9       6       2       7       8
       5       5       4       6      10       6       6       6
      11       3       6       5       4       6       9       6
       8      11      11       7       9       4       1      11
       7       7       9       5       7       1      12       4
       7       8       2       3       5       3       7       7
       8       8       6       3       5       3       8       2
       2       5       5       2       4       0       5       3
       4       3       7       4       5       3       3       3
       2       5       2       5       2       6       5       5
       2       3       2       2       4       4       2       3
       1       1       4       0       4       3       3       4
       2       4       4       6       2       7       4       1
       5       4       4       4       2       2       3       2
       1       1       1       7       3       1       4       5
       4       3       1       0       1       0       0       3
       3       0       2       0       1       2       1       5
       0       5       3       0       1       0       0       0
       1       3       0       1       0       0       1       3
       0       0       0       1       1       1       0       1
       2       1       0       1       0       0       0       0
       0       1       0       0       1       0       0       0
       0       3       0       2       2       1       1       0
       0       1       0       2       1       0       2       0
       0       0       2       1       0       0       1       0
       1       0       1       0       0       0       0       0
       0       0       0       0       0       1       0       0
       0       0       0       0       0       0       0       1
       0       0       0       0       0       1       0       0
       0       0       1       0       0       0       0       0
       0       0       1       0       0       1       0       1
       0       0       0       0       0       0       0       0
       0       0       0       1       0       0       0       0
       0       0       0       0       0       0       0       0
       0       0       0       0       0       0       0       0
       0       0       0       0       0       0       0       0
       0       0       0       0       0       0       0       0
       0       0       0       0       0       0       0       0
       0       0       0       0       0       0       0       1
       0       0       0       0       0       0       0       0
       0       0       0       0       0       0       0       0
       0       0       0       0       0       0       0       0
       0       0       0       0       0       0       0       0
       0       0       0       0       0       0       0       0
       0       0       0       0       0       0       0       0
       0       0       0       0       0       0       0       0
       0       0       0       0       0       0       0       0
       0       0       0       0       0       0       0       0
       0       0       0       0       0       0       0       0
       0       0       0       0       0       0       0       0
       0       0       0       0       0       0       0       0
       0       0       0       0       0       0       0      34
