$SPEC_ID:
C:\Users\joseb\Desktop\BBB\espetros\672013P0
$DATE_MEA:
18-02-2010  00:24:00
$MEAS_TIM:
         0       183
$DATA:
         0      2047
       0       0       1       0       0       0       0       0
       0       1       0       0       1       0       0       1
       0       0       0       0       1       0       0       0
       0       0       1       3       1       4       4       2
       4       9       3       7       1       0       2       2
       0       1       1       0       0       0       0       0
       0       0       0       0       0       5       3       6
       4       3       9       5       4       3       4       3
      12       8       7       4      12      12       4       9
      10       7       8       7      14      12       9      17
      14      16      19       5      21      19      27      25
      25      32      34      43      39      49      35      51
      45      54      78      77      74      73      76      92
      70      92     101      93     108      85      81      84
      92      86      81      82      71      98      81      63
      79      72      83      80      79      74      76      67
      69      64      69      69      75      65      88      88
      86     115     113     113     116     125     116     124
     121     105     100     118      96     100     103      82
      80      92      88     104     105     125     129     123
     148     135     183     182     188     178     182     146
     120     156     116     121     113     106      85      77
      72      55      47      43      37      44      43      26
      21      26      19      24      13      10      19      20
      18       9      20      17      14      17      10      12
      19      21      25      23      22      24      38      37
      42      38      50      44      56      61      39      48
      39      31      33      37      38      19      19      32
      21      17      23      29      30      34      34      27
      39      55      50      55      51      45      56      68
      59      55      47      39      42      27      27      22
      26      16      18      10      15      13      14       7
      13       8       9      10       6       8       2       4
       8       8       1       4       6       3       5       8
       7       6       1       1       3       1       5       1
       3       3       1       4       9       7      14      10
      12      10      17      19      10      22      15      16
      15      26      13       9       9      19      19      25
      12      14      14      13      16      13      22      28
      47      55      62      77      93     121     144     177
     245     274     295     351     379     452     448     429
     502     462     454     433     487     424     347     333
     282     272     224     164     135     109     109      81
      58      57      64      48      63      47      36      45
      43      58      64      56      51      57      58      52
      59      48      42      34      32      30      24      16
      15       7       9       1       3       5       1       2
       3       2       1       1       0       0       1       1
       0       1       0       0       0       2       2       1
       0       1       1       0       1       0       0       0
       1       1       0       1       0       1       0       0
       0       1       0       0       0       0       0       1
       0       0       0       1       1       0       0       2
       0       0       0       0       1       0       0       1
       0       0       1       0       0       0       0       0
       0       0       0       0       0       0       0       0
       1       0       1       0       0       0       1       0
       0       0       0       0       0       0       1       0
       0       0       0       0       0       0       0       0
       0       1       1       0       0       0       0       0
       1       0       0       0       0       0       0       1
       0       0       0       0       0       0       0       0
       1       0       0       0       0       1       0       0
       0       1       0       0       0       0       0       1
       0       0       0       0       1       0       0       0
       0       1       0       0       0       0       0       0
       1       0       0       0       0       0       0       1
       0       0       0       0       0       0       0       0
       0       0       0       0       0       0       1       1
       0       0       0       0       0       1       1       1
       0       0       0       1       1       0       0       2
       0       0       0       1       0       0       0       0
       0       0       0       1       0       0       1       1
       0       0       0       0       0       0       0       0
       0       1       0       1       0       0       0       1
       0       0       0       0       1       0       0       0
       1       0       1       0       0       1       0       0
       0       0       0       1       0       0       1       1
       0       3       0       0       0       1       0       1
       0       0       0       1       0       0       1       1
       0       0       0       0       0       0       0       1
       0       1       1       0       0       0       0       0
       0       0       0       0       0       0       0       0
       0       0       0       0       0       0       0       0
       0       0       0       0       0       0       1       1
       0       0       0       0       0       0       0       0
       0       0       0       0       0       0       0       0
       0       0       0       0       0       1       0       0
       0       0       0       0       0       0       0       0
       0       0       0       0       0       0       0       0
       0       0       0       0       0       0       0       0
       0       0       0       0       0       0       0       0
       0       0       0       0       0       0       0       1
       0       0       0       0       0       0       0       1
       0       0       0       0       0       0       0       0
       0       0       0       0       0       0       0       0
       0       0       0       0       0       0       0       0
       0       0       0       0       0       0       0       0
       0       0       0       0       0       0       0       0
       0       0       0       0       0       0       0       0
       0       0       0       0       0       0       0       0
       0       0       0       0       0       0       0       0
       0       0       0       0       0       0       0       0
       0       0       0       0       0       0       0       0
       0       0       0       0       0       0       0       0
       0       0       0       0       0       0       0       0
       0       0       0       0       0       0       0       0
       0       0       0       0       0       0       0       0
       0       0       0       0       0       0       0       0
       0       0       0       0       0       0       0       0
       0       0       0       0       0       0       0       0
       0       0       0       0       0       0       0       0
       0       0       0       0       0       0       0       0
       0       0       0       0       0       0       0       0
       0       0       0       0       0       0       0       0
       1       0       0       0       0       0       0       0
       0       0       0       0       0       0       0       0
       0       0       0       0       0       0       0       0
       0       0       0       0       0       0       0       0
       0       0       0       0       0       0       0       0
       0       0       0       0       0       0       0       0
       0       0       0       0       0       0       0       0
       0       0       0       0       0       0       0       0
       0       0       0       0       0       0       0       0
       0       0       0       0       0       0       0       0
       0       0       0       0       0       0       0       0
       0       0       0       0       0       0       0       0
       0       0       0       0       0       0       0       0
       0       0       0       0       0       0       0       0
       0       0       0       0       0       0       0       0
       0       0       0       0       0       0       0       0
       0       0       0       0       0       0       0       0
       0       0       0       0       0       0       0       0
       0       0       0       0       0       0       0       0
       0       0       0       2       0       1       0       0
       3       0       3       1       1       0       0       1
       1       1       1       0       0       1       1       0
       0       0       0       0       0       0       0       2
       0       0       0       0       0       0       0       0
       0       0       0       0       0       0       0       0
       0       0       0       0       0       0       0       0
       0       0       0       0       0       0       0       0
       0       0       0       0       0       0       0       0
       0       0       0       0       0       0       0       0
       0       0       0       0       0       0       0       0
       0       0       0       0       0       0       0       0
       0       0       0       0       0       0       0       0
       0       0       0       0       0       0       0       0
       0       0       0       0       0       0       0       0
       0       0       0       0       0       0       0       0
       0       0       0       0       0       0       0       0
       0       0       0       0       0       0       0       0
       0       0       0       0       0       0       0       0
       0       0       0       0       0       0       0       0
       0       0       0       0       0       0       0       0
       0       0       0       0       0       0       0       0
       0       0       0       0       0       0       0       0
       0       0       0       0       0       0       0       0
       0       0       0       0       0       0       0       0
       0       0       0       0       0       0       0       0
       0       0       0       0       0       0       0       0
       0       0       0       0       0       0       0       0
       0       0       0       0       0       0       0       0
       0       0       0       0       0       0       0       0
       0       0       0       0       0       0       0       0
       0       0       0       0       0       0       0       0
       0       0       0       0       0       0       0       0
       0       0       0       0       0       0       0       0
       1       0       0       0       0       0       0       0
       0       0       0       0       0       0       0       0
       0       0       0       0       0       0       0       0
       0       0       0       0       1       0       0       0
       0       0       0       0       0       0       0       0
       0       0       0       0       0       0       0       0
       0       0       0       0       0       0       0       0
       0       0       0       0       0       0       0       0
       0       0       0       0       0       0       0       0
       0       0       0       0       0       0       0       0
       0       0       0       0       0       0       0       0
       0       0       0       0       0       0       0       0
       0       0       0       0       0       0       0       0
       0       0       0       0       0       0       0       0
       0       0       0       0       0       0       0       0
       0       0       0       0       0       0       0       0
       0       0       0       0       0       0       0       0
       0       0       0       0       0       0       0       0
       0       0       0       0       0       0       0       0
       0       0       0       0       0       0       0       0
       0       0       0       0       0       0       0       0
       0       0       0       0       0       0       0       0
       0       0       0       0       0       0       0       0
       0       0       0       0       0       0       0       0
       0       0       0       0       0       0       0       0
       0       0       0       0       0       0       0       0
       0       0       0       0       0       0       0       0
       0       0       0       0       0       0       0       0
       0       0       0       0       0       0       0       0
       0       0       0       0       0       0       0       0
       0       0       0       0       0       0       0       0
       0       0       0       0       0       0       0       0
       0       0       0       0       0       0       0       0
       0       0       0       0       0       0       0       0
       0       0       0       0       0       0       0       0
       0       0       0       0       0       0       0       0
       0       0       0       0       0       0       0       0
       0       0       0       0       0       0       0       0
       0       0       0       0       0       0       0       0
       0       0       0       0       0       0       0       0
       0       0       0       0       0       0       0       0
       0       0       0       0       0       0       0       0
       0       0       0       0       0       0       0       0
       0       0       0       0       0       0       0       0
       0       0       0       0       0       0       0       0
       0       0       0       0       0       0       0       0
       0       0       0       0       0       0       0       0
       0       0       0       0       0       0       0       0
       0       0       0       0       0       0       0       0
       0       0       0       0       0       0       0       0
       0       0       0       0       0       0       0       0
       0       0       0       0       0       0       0       0
       0       0       0       0       0       0       0       0
       0       0       0       0       0       0       0       1
       0       0       0       0       0       0       0       0
       0       0       0       0       0       0       0       3
       0       0       0       0       0       0       0       0
       0       0       0       0       0       0       0       0
       0       0       0       0       0       0       0       0
       0       0       0       0       0       0       0       0
       0       0       0       0       0       0       0       0
       0       0       0       0       0       0       0       0
       0       0       0       0       0       0       0       0
       0       0       0       0       0       0       0       0
       0       0       0       0       0       0       0       0
       0       0       0       0       0       0       0       0
       0       0       0       0       0       0       0       1
       0       0       0       0       0       0       0       0
       0       0       0       0       0       0       0       0
       0       0       0       0       0       0       0       0
       0       0       0       0       0       0       0       0
       0       0       0       0       0       0       0       1
       0       0       0       0       0       0       0       0
       0       0       0       0       0       0       0       0
       0       0       0       0       0       0       0       0
       0       0       0       0       0       0       0       0
       0       0       0       0       0       0       0       0
       0       0       0       0       0       0       0       0
       0       0       0       0       0       0       0       1
       0       0       0       0       0       0       0       1
       0       0       0       0       0       0       0       0
       0       0       0       0       0       0       0       0
       0       0       0       0       0       0       0       0
       0       0       0       0       0       0       0       0
       0       0       0       0       0       0       0       0
       0       0       0       0       0       0       0       0
       0       0       0       0       0       0       0       1
       0       0       0       0       0       0       0   42795
