$SPEC_ID:
C:\Users\joseb\Desktop\BBB\espetros\672016R1
$DATE_MEA:
18-02-2010  01:20:00
$MEAS_TIM:
         0      1637
$DATA:
         0      1023
     221     105     147      84     106      56      68      37
      95      98      74      65      53      46      43      25
     120      54      95      55      77      34      38      27
      73      53      49      40      53      28      28      28
     170      74      86      61      78      47      39      33
      75      65      68      57      42      31      37      30
      95      50      84      44      44      30      28      32
      85    1789    6423    6256    6330    6240    6087    6160
    6009    6088    6245    6256    7152    6621    5571    5249
    5402    6026    6488    6865    7059    6669    6233    5914
    5667    5724    5983    6023    6404    6396    6340    6376
    6344    6143    6159    5916    6103    6074    6348    6223
    6432    6233    6269    6396    6270    6172    6189    6213
    6225    6180    6419    6384    6230    6178    6137    6540
    6432    6442    6576    6331    6472    6374    6499    6517
    6463    6597    6564    6322    6421    6343    6567    6668
    6605    6623    6594    6541    6529    6554    6495    6651
    6547    6783    6524    6398    6457    6693    6692    6662
    6754    6593    6798    6570    6552    6639    6631    6994
    6737    6782    6873    6614    6725    6644    6667    6792
    6873    6841    6973    6841    6685    6590    6708    6874
    6776    6882    6919    6797    6843    6922    6757    7058
    7041    6944    6953    6870    7020    6928    6886    6851
    6965    7185    7164    6711    6907    6804    7059    7088
    7305    6880    7040    6952    7168    6945    7173    7218
    6958    7281    7223    7030    7168    7085    7100    7158
    7125    7390    7326    7051    6957    7009    7141    7214
    7167    7266    7206    7018    7076    6957    7170    7378
    7212    7300    7304    7231    7272    7300    7355    7330
    7270    7400    7263    7013    7127    7015    7272    7314
    7181    7303    7272    7134    7246    7077    7278    7282
    7423    7354    7372    7187    7323    7252    7187    7416
    7513    7373    7425    7143    7171    7122    7311    7362
    7252    7263    7399    7320    7281    7280    7379    7333
    7207    7283    7347    7245    7282    7239    7379    7290
    7201    7253    7465    7239    7217    7103    7314    7550
    7364    7216    7363    7177    7228    7036    7539    7404
    7309    7456    7331    7126    7295    7209    7240    7456
    7091    7272    7405    7175    7033    7075    7341    7163
    7235    7168    7381    7122    7114    7193    7112    7389
    7301    7165    7327    6977    7028    7086    7318    7125
    7092    7035    7111    7153    7162    7043    7160    7133
    7212    6997    7304    7085    7061    6968    6977    7021
    6999    7020    6896    6760    6555    6402    6512    6543
    6449    6434    6247    6228    6219    6094    6185    6294
    6115    6164    6171    6078    6080    5891    5990    5771
    5985    5607    5393    5318    5149    5038    4931    4742
    4600    4590    4467    4415    4241    4093    4168    4253
    4058    4220    4292    4194    4006    4042    4071    4338
    4235    4197    4195    4252    4195    4165    4180    4297
    4139    4184    4297    4231    4287    4118    4256    4314
    4179    3997    4002    3908    3831    3658    3703    3533
    3360    3253    3201    2956    2940    2723    2604    2533
    2438    2218    2081    1889    1792    1533    1347    1295
    1085     956     800     620     575     507     489     424
     382     336     267     239     224     179     153     143
     136     106     113      75      81      74      64      83
      54      67      59      59      46      72      50      56
      40      51      58      53      52      51      42      49
      58      54      36      41      42      49      37      48
      54      44      53      56      52      34      39      45
      44      54      43      37      47      38      31      41
      44      37      33      47      35      47      37      45
      25      39      35      29      40      28      29      35
      51      31      36      23      31      30      37      32
      22      39      32      32      36      34      33      34
      30      29      36      20      30      27      33      31
      35      34      37      32      30      31      35      45
      28      25      34      19      23      22      21      28
      33      27      26      29      25      33      21      24
      28      21      27      17      25      22      28      34
      29      34      24      23      26      25      13      19
      22      16      12      16      14      17      20      24
      28      11      20      18      21      18      21      19
      19      12      23      17      16      23      17      11
      21      18      20      21      17      20      18      20
      19      14      24      16      21      13      21       9
      15      15      14      13      16      11      20      11
      10      21      19      15       8       9      12      12
       8       9      15      14      18       8       8      11
      12      12      12      12      15      13       6      13
      12      12       6       9       7       9      14      10
       9      14      13       8      14      10      11      15
       8       7       5       9       9      13       7       4
       4       8       8      11       5       8       3       8
      10       8       4       9       7       6       8       6
       8       6       2       3       6       5      12       8
       7       3       7       9       2       2       7       9
       6       4       3       4       4       2       3       4
       2       2       6       5       1       3       3       3
       3       8       3       8       7       2       3       0
       4       6       2       2       2       4       2       0
       4       4       4       5       3       6       4       4
       4       3       2       5       1       2       1       6
       1       2       3       2       2       3       0       4
       2       3       0       2       2       1       2       3
       2       1       1       1       1       2       1       0
       1       2       3       3       1       1       1       1
       0       1       1       1       0       1       0       0
       0       1       1       0       1       1       0       3
       1       0       2       1       0       0       3       0
       1       1       0       3       2       0       0       1
       0       1       0       1       1       1       0       0
       0       0       0       0       1       0       0       0
       1       0       0       1       0       0       0       0
       0       0       0       1       0       0       1       0
       0       0       0       0       0       0       0       0
       0       0       0       0       0       0       0       0
       0       0       0       0       0       0       0       0
       0       0       0       0       0       0       0       0
       0       0       0       0       0       0       0       1
       0       0       0       0       0       0       0       0
       0       0       0       0       0       0       0       0
       0       0       0       0       0       0       0       0
       0       0       0       0       0       0       0       0
       0       0       0       0       0       0       0       0
       0       0       0       0       0       0       0       0
       0       0       0       0       1       0       0       0
       0       0       0       0       0       0       0       0
       0       0       0       0       0       0       0       0
       0       0       0       0       0       0       0       0
       0       0       0       0       1       0       0       0
       0       0       0       0       0       0       0       0
       0       0       0       0       0       0       0       0
       0       0       0       0       0       0       0       0
       0       0       0       0       0       0       0       0
       0       0       0       0       0       0       0       0
       0       0       0       0       0       0       0      98
