$SPEC_ID:
C:\Users\joseb\Desktop\BBB\espetros\672018R1
$DATE_MEA:
18-02-2010  02:10:00
$MEAS_TIM:
         0       664
$DATA:
         0      1023
     141      45      79      31      49      30      26      18
      50      26      26      31      29      21      15      18
      73      30      40      24      34      19      22      10
      32      28      24      22      12      13      15      14
      91      41      37      31      47      17      22      16
      43      31      36      22      26      15      11      18
      49      24      29      25      25       5      19      11
      47    1259    3514    3372    3337    3262    3277    3360
    3317    3375    3432    3367    3735    3611    2985    2880
    3010    3128    3530    3697    3778    3619    3404    3312
    3086    3136    3115    3084    3211    3331    3330    3473
    3239    3303    3280    3154    3228    3158    3312    3347
    3323    3317    3319    3407    3324    3274    3375    3358
    3344    3332    3427    3407    3326    3369    3322    3446
    3347    3411    3479    3421    3386    3358    3497    3499
    3458    3478    3447    3294    3381    3314    3382    3465
    3476    3405    3624    3508    3417    3354    3544    3479
    3512    3538    3567    3505    3480    3497    3443    3588
    3504    3465    3511    3518    3599    3512    3590    3563
    3538    3485    3629    3581    3545    3546    3571    3774
    3628    3594    3660    3591    3612    3561    3645    3730
    3534    3622    3734    3623    3665    3516    3636    3788
    3670    3583    3650    3568    3682    3694    3676    3729
    3727    3707    3669    3646    3608    3726    3767    3769
    3753    3775    3682    3681    3702    3669    3740    3815
    3771    3843    3851    3779    3760    3709    3658    3766
    3830    3760    3870    3696    3771    3721    3770    3730
    3782    3905    3893    3643    3780    3839    3867    3946
    3870    3921    3881    3752    3798    3808    3800    3840
    3845    3811    3685    3789    3768    3792    3854    3965
    3802    3861    3911    3854    3903    3849    3758    4081
    3896    3847    3871    3738    3890    3757    3758    3942
    3980    3822    3991    3857    3857    3788    3949    3975
    3858    3965    3755    3642    3926    3728    3783    3868
    3905    3858    3790    3881    3812    3825    3859    3844
    3721    3898    3876    3908    3855    3803    3862    3905
    3805    3864    3883    3803    3833    3727    3953    3852
    3902    3849    3897    3910    3858    3807    3796    3866
    3927    3789    3747    3717    3836    3842    3791    3856
    3772    3773    3871    3708    3814    3695    3692    3918
    3635    3863    3888    3729    3802    3668    3794    3798
    3717    3676    3825    3702    3713    3681    3890    3742
    3815    3920    3731    3736    3686    3718    3715    3672
    3589    3601    3537    3470    3451    3388    3294    3552
    3327    3336    3344    3272    3163    3079    3272    3247
    3117    3167    3149    3137    3072    2998    3055    3165
    3062    2819    2948    2761    2663    2523    2605    2493
    2355    2437    2266    2206    2187    2074    2134    2158
    2056    2136    2112    2034    1970    2079    2049    2161
    2059    2171    2161    2053    2030    1933    2143    2142
    2047    2175    2033    2144    2036    1921    2046    2017
    2011    2173    2099    1964    1996    1993    1958    1970
    1951    1864    1927    1943    1835    1848    1914    1717
    1730    1658    1638    1510    1356    1218    1112     957
     805     680     560     456     363     256     242     182
     146     107     106      85      66      71      65      62
      48      50      69      48      52      42      46      49
      39      42      43      45      41      43      29      47
      30      24      37      34      30      33      29      43
      35      37      32      23      38      38      35      39
      30      20      29      31      32      34      35      34
      27      29      29      22      16      30      32      25
      29      37      26      25      33      33      27      36
      19      24      28      28      33      20      30      21
      28      13      23      24      15      24      22      27
      24      19      19      17      13      22      22      20
      28      23      21      19      26      22      23      25
      11      20      22      30       8      18      21      19
      16      25      18      31      23      17      15      25
      19      12      21      27      25      18      16      18
      12      19      20      13      21      19      20       9
      18      14      10      14      10      10      12      21
      10      18      13      20      16      14      17      19
      15      14      15      13      19       9      10      22
      12      12       7       9      11      12      12       9
       7      11      13      15      13      10      14       7
       5       7      15      14      19      14      11      13
      14       8      11      10       9      12      10      13
       9      12       8      11       7       7       7      10
       8       8       9      19       4       6       9      11
      10       5       6       5       6       7      11       7
       7       6       7       4       6       8       7       8
       2      11       6       8       6       4       4       5
       4       8       5       5       5       1       3       7
      10       4       3       2       4       5       4       7
       6       8      10       5       1       4       5       4
       7       8       2       2       5       5       4       3
       1       1       4       6       1       3       3       3
       2       2       2       2       4       8       4       1
       4       2       4       5       3       5       0       0
       0       3       0       3       5       1       4       3
       4       2       1       4       1       2       1       2
       2       3       2       5       4       1       0       0
       1       4       1       2       0       2       2       2
       2       1       3       0       3       4       1       1
       0       0       2       1       1       1       1       1
       1       1       1       1       2       0       0       1
       1       0       1       0       0       0       0       0
       0       1       0       0       1       0       0       0
       2       0       0       0       2       0       1       0
       1       0       2       0       0       0       0       0
       1       0       0       1       0       1       0       0
       0       1       0       0       0       0       0       0
       0       0       1       0       0       0       1       0
       0       0       2       0       0       0       0       1
       0       0       0       0       0       0       0       0
       0       1       0       0       0       0       0       0
       0       0       0       0       0       0       0       0
       0       0       0       0       0       0       0       0
       0       0       1       0       0       0       0       1
       0       0       0       0       0       0       0       0
       0       0       0       0       0       0       0       0
       0       0       0       0       0       0       0       0
       0       0       0       0       0       0       0       0
       0       0       0       0       0       0       0       0
       0       0       0       0       0       0       0       0
       0       0       0       0       0       0       0       0
       0       0       0       0       0       0       0       0
       0       1       0       0       0       0       0       0
       0       0       0       0       0       0       0       1
       0       0       0       0       0       0       0       0
       0       0       0       0       0       0       0       0
       0       0       0       0       1       0       0       0
       0       0       0       0       0       1       0       0
       0       0       0       0       0       0       0       0
       0       0       0       0       0       0       0       0
       0       0       0       0       0       0       0       0
       0       0       0       0       0       0       0      37
