$SPEC_ID:
C:\Users\joseb\Desktop\BBB\espetros\672022P0
$DATE_MEA:
18-02-2010  02:59:00
$MEAS_TIM:
         0       726
$DATA:
         0      2047
     144      66      43      25      84      44      44      10
      58      42      26      16      31      19      18       6
      64      23      34      17      28      12      15      10
      31      12      11      14      16       3      15       8
      95      70      38      28      36      30      32      18
      39      38      22      25      21      11       8      17
      44      48      43      29      40     374     488     410
     452     407     419     393     378     356     383     388
     396     394     443     440     468     503     518     482
     584     618     609     568     686     753     773     800
     842     687     772     719     740     776     770     723
     772     860     868     959    1055    1165    1238    1461
    1658    1745    2019    2144    2392    2656    2814    2964
    2992    3256    3233    3295    3491    3562    3736    4092
    4598    4850    5875    6426    7102    8333    9324    9529
   10531   11319   11424   11777   12102   11158   10826   10644
   10437    9305    9334    8703    9091    9648   10273   10542
   11777   13252   14057   15080   16571   16902   17474   18075
   18155   16544   16474   14716   13880   13347   12135   10743
   10501   10886   11035   11943   13418   14640   16024   18360
   20568   20986   23113   23305   23805   23677   23003   21024
   19634   18698   16492   14242   12582   10561    8714    7894
    6298    5155    4655    4009    3771    3755    3517    3253
    3266    3477    3362    3472    3284    3242    3050    3030
    2758    2391    2182    1838    1700    1607    1539    1244
    1257    1315    1319    1380    1564    1674    1823    2231
    2216    2163    2433    2448    2492    2500    2463    2196
    2066    2074    1831    1731    1639    1476    1380    1339
    1339    1367    1508    1615    1899    2322    2550    2852
    3161    3788    3975    4257    4663    4712    4846    5011
    5018    4516    4366    3908    3589    3236    2760    2357
    2036    1755    1479    1214    1092    1040     850     810
     721     586     584     520     506     442     423     312
     321     244     219     216     175     157     143     184
     112     102      84      84      97     103     119     119
     118     148     168     206     234     257     299     417
     462     502     634     656     733     818     866     848
     860     895     863     818     846     745     734     649
     554     489     437     386     334     350     327     336
     384     423     476     577     666     845    1019    1218
    1504    1699    2041    2227    2431    2563    2792    2769
    2866    3004    2899    2704    2736    2430    2252    1961
    1770    1449    1281     943     849     677     524     437
     355     310     320     338     290     304     304     400
     400     349     356     398     405     415     366     399
     320     357     283     258     239     224     177     202
     164     103     109      75      61      65      67      52
      51      49      47      56      59      76      68      96
     104     120     149     160     200     250     245     244
     302     337     362     403     348     380     357     408
     363     330     307     285     250     205     199     161
     157     141     112      91     111     106      67     101
      90      67      77      79      75     114     108      95
      98     124     113     115     119     125     118     167
     136     117     121     106     123      99      98      93
      76     101      86      94      89      72      64      76
      64      51      60      63      51      53      45      56
      62      53      57      65      50      41      52      87
      53      44      44      56      46      52      47      38
      51      47      49      55      47      52      67      69
      55      60      47      52      50      68      55      57
      57      75      85      79     106     129     172     224
     234     296     411     471     637     865    1029    1162
    1479    1766    2163    2501    2755    3130    3310    3653
    4025    3940    4135    3986    3976    3978    3797    3244
    3227    2877    2468    2104    1817    1513    1248    1054
     806     636     498     425     325     275     224     192
     156     199     187     216     273     375     430     605
     750     817    1146    1252    1501    1812    1984    2180
    2497    2828    2860    2989    3350    3280    3272    3336
    3316    2977    2929    2661    2377    2342    1975    1697
    1467    1291    1050     929     790     588     493     413
     339     233     208     169     103      92      76      62
      52      45      39      40      43      53      47      62
      51      60      94      89     103     117     104     154
     149     196     223     203     274     300     295     361
     395     337     424     359     399     414     414     358
     334     357     296     258     256     187     168     176
     141     121      93      75      52      40      38      42
      19      22      28      21      14      16      26      34
      35      31      37      33      48      45      49      35
      46      41      39      33      49      31      29      48
      32      21      25      30      18      26      18      17
      20      15      15      15       7      13       8      19
       7       7      10      12       6       4       7       0
       9       5       5       7       5       6       4      19
       6       7       6      10       8      11       5       4
       9       2       9      10      10       6       6      15
      10       7       5       8       6       4       7       6
       8       4       1       6       8       8       4      12
      10       5       3       9       7       7       3       2
       7       5       4       2       5       2       4      12
       3       2       5       1       3       2       6       3
       3       7       2       4       2       3       7       8
       2       7       3       2       1       1       2       1
       1       1       0       1       3       4       0      10
       0       1       2       0       1       2       1       0
       2       1       1       1       0       1       0      10
       1       0       2       0       2       1       1       0
       2       1       0       0       2       0       0       7
       0       0       0       0       0       1       1       0
       0       0       0       2       1       1       0       9
       0       2       1       1       2       0       0       0
       2       0       1       0       1       0       0       9
       0       2       2       3       0       2       1       2
       0       0       0       0       0       0       0       5
       0       0       0       0       0       0       0       0
       1       0       0       2       1       1       1      11
       0       1       2       2       1       1       1       0
       0       0       0       0       0       1       0       8
       0       0       0       1       0       0       0       0
       0       1       1       3       2       0       1       9
       2       0       0       1       0       0       0       2
       1       0       0       2       2       1       1       6
       1       1       0       2       1       0       0       0
       0       0       1       3       1       0       0       5
       0       1       0       0       0       0       0       0
       0       0       0       1       0       0       0      13
       1       1       0       0       0       0       2       0
       1       0       1       0       1       1       0      14
       0       0       1       0       0       0       0       0
       0       0       1       0       0       0       1       7
       0       0       0       0       0       0       0       0
       0       0       0       0       1       0       2      15
       1       0       0       1       0       0       1       0
       0       0       1       1       1       0       0      10
       0       2       0       0       0       0       0       0
       0       0       1       1       0       0       1      13
       1       0       0       0       0       0       1       0
       1       0       0       0       0       0       0      14
       0       2       0       0       1       0       1       0
       1       0       0       0       0       0       0       5
       0       0       0       0       0       0       0       0
       0       1       0       0       0       0       0      15
       0       0       0       0       0       1       0       0
       0       0       1       0       0       0       0       9
       1       0       0       0       1       1       0       0
       0       0       0       0       0       0       0      14
       1       0       1       0       0       0       0       0
       0       0       0       0       0       0       0      15
       0       0       0       0       0       0       0       0
       0       0       0       0       0       0       0      19
       0       0       0       0       0       0       0       0
       0       0       0       0       0       0       0      14
       0       0       0       0       0       0       0       0
       0       0       0       0       0       0       0      22
       4      17      42      82     122     129      80      71
      39      27      21      16      27      15       6      10
       8       5       6       4       7       5       4       3
       2       1       3       5       8       5       2      88
       3       1       0       1       1       0       0       0
       0       0       0       0       0       1       0       3
       1       0       0       1       0       0       1       0
       0       0       0       0       0       0       0       0
       0       0       0       0       0       0       0       0
       0       0       0       0       0       0       0       0
       0       0       0       0       0       0       0       0
       0       0       0       0       0       0       0       2
       0       0       0       0       0       0       0       1
       0       1       0       0       0       0       0       0
       0       0       0       0       0       0       0       0
       0       0       0       0       0       0       0       0
       0       0       0       1       0       0       0       0
       0       0       0       0       0       0       0       0
       0       0       0       0       0       0       0       0
       0       0       0       1       0       0       0       0
       0       0       0       0       0       0       0       0
       0       0       0       0       0       0       0       0
       0       0       0       0       0       0       0       0
       0       1       0       0       0       0       0       0
       0       0       0       0       0       0       0       0
       0       0       0       0       0       0       0       0
       0       0       0       0       0       0       0       0
       0       0       0       0       0       0       0       0
       1       0       0       0       0       0       0       0
       0       0       0       0       0       0       0       0
       0       0       0       0       0       0       0       0
       0       0       0       0       0       0       0       0
       0       0       0       0       0       0       0       0
       0       0       0       0       0       0       0       1
       0       0       0       0       0       0       0       0
       0       0       0       0       0       0       0       0
       0       0       0       0       0       0       0       0
       0       0       0       0       0       0       0       1
       0       0       0       0       0       0       0       0
       0       0       0       1       0       0       0       0
       0       0       0       0       0       0       0       0
       0       0       0       0       0       0       0       0
       0       0       0       0       0       0       0       0
       0       0       0       0       0       0       0       0
       0       0       0       0       0       0       0       0
       0       0       0       0       0       0       0       0
       0       0       0       0       0       0       0       0
       0       0       0       0       0       0       0       0
       0       0       0       0       0       0       0       0
       0       0       0       0       0       0       0       0
       0       0       0       0       0       0       0       0
       0       0       0       0       0       0       0       0
       0       0       0       0       0       0       0       0
       0       0       0       0       0       0       0       1
       0       0       0       0       0       0       0       0
       0       0       0       0       0       0       0       0
       0       0       0       0       0       0       0       0
       0       0       0       0       0       0       0       0
       0       0       0       0       0       0       0       0
       0       0       0       0       0       0       0       0
       0       0       0       0       0       0       0       0
       0       0       0       0       0       0       0       0
       0       0       0       0       0       0       0       0
       0       0       0       0       0       0       0       0
       0       0       0       0       0       0       0       0
       0       0       0       0       0       0       0       0
       0       0       0       0       0       0       0       0
       0       0       0       0       0       0       0       0
       0       0       0       0       0       0       0       1
       0       0       0       0       0       0       0       2
       0       0       0       0       0       0       0       0
       0       0       0       0       0       0       0       1
       0       0       0       0       0       0       0       0
       0       0       0       0       0       0       0       0
       0       0       0       0       0       0       0       0
       0       0       0       0       0       0       0       0
       0       0       0       0       0       0       0       0
       0       0       0       0       0       0       0       1
       0       0       0       0       0       0       0       0
       0       0       0       0       0       0       0       0
       0       0       0       0       0       0       0       0
       0       0       0       0       0       0       0       0
       0       0       0       0       0       0       0       0
       0       0       0       0       0       0       0       0
       0       0       0       0       0       0       0       0
       0       0       0       0       0       0       0       0
       0       0       0       0       0       0       0       0
       0       0       0       0       0       0       0       1
       0       0       0       0       0       0       0       0
       0       0       0       0       0       0       0       0
       0       0       0       0       0       0       0       0
       0       0       0       0       0       1       0       0
       0       0       0       0       0       0       0       0
       0       0       0       3       0       0       1       5
       0       0       0       0       0       1       0       0
       0       0       0       0       0       0       0       0
       0       0       0       0       0       0       0       0
       0       0       0       0       0       0       0       1
       0       0       0       0       0       0       0       0
       0       0       0       0       0       0       0       0
       0       0       0       0       0       0       0       1
       0       0       0       0       0       1       0       2
       0       0       0       0       0       0       0       0
       0       0       0       0       0       0       0       0
       0       0       0       0       0       0       0       0
       0       0       0       1       0       0       0       1
       0       0       0       0       0       0       0       0
       0       0       0       0       0       0       0       0
       0       0       0       1       0       0       0       0
       0       1       0       7       0       0       0  173979
