$SPEC_ID:
C:\Users\joseb\Desktop\BBB\espetros\672017P0
$DATE_MEA:
18-02-2010  01:49:00
$MEAS_TIM:
         0      1116
$DATA:
         0      2047
      75      35      36      17      40      28      32      10
      28      18      10       3      25       4       7       4
      35      14      13       7      15       8       9       3
       5       2      11       6      20      24      24      23
      26      19      18      10      19      11       7       9
      14       6       5       8       3       2       3       0
      10       8       8       4      14     231     322     280
     260     289     242     243     234     257     225     248
     410     309     351     317     373     347     342     285
     432     339     364     277     363     318     341     329
     393     311     335     282     334     332     344     299
     332     347     363     421     421     480     557     529
     633     571     767     730     858     902     962     969
    1012    1069     987    1007    1038    1042     965     969
     984     909     909     863     890     875     864     821
     836     881     891     864     889     859     828     832
     814     744     764     675     695     675     715     686
     669     723     728     724     787     745     796     810
     849     777     810     788     801     800     904     813
     880    1064    1162    1338    1528    1695    1970    2287
    2456    2463    2859    2927    2980    3006    3071    2789
    2685    2751    2580    2414    2273    2061    1912    1959
    1770    1680    1686    1492    1490    1419    1366    1221
    1174    1201    1091    1089     941     844     773     761
     602     553     525     411     410     395     423     344
     385     395     370     425     456     411     473     519
     521     471     493     525     502     525     520     421
     422     410     386     358     361     311     301     308
     312     282     301     293     284     350     339     316
     349     382     368     421     412     439     415     435
     440     409     459     386     358     379     380     340
     312     297     299     312     291     288     294     314
     375     338     350     299     322     383     327     288
     318     296     322     293     317     300     290     349
     346     316     329     356     341     341     366     337
     381     387     387     383     422     411     422     435
     461     433     429     454     460     488     519     472
     514     533     500     499     533     632     560     676
     764     856    1046    1240    1466    1957    2742    3346
    4492    6337    8131   10339   14041   17425   21911   27086
   33718   37315   45487   49933   56258   62280   66122   65640
   68786   70711   68693   65516   63636   57441   52278   47355
   41991   33655   29740   24014   19794   16057   12713   10036
    8318    7472    6447    6321    6428    6446    6717    7581
    8040    8016    8643    8743    8778    8697    8401    7647
    7156    6888    6084    5172    4819    3807    3198    2907
    2098    1592    1272     987     751     576     416     283
     224     167     103      70      60      52      38      85
      34      33      23      24      26      29      24      30
      15      28      18      26      28      23      29      64
      16      25      21      22      21      29      15      15
      13      19      15      15      18      21      15      23
      28      15       9       9      21      18      20      12
      22      19      11      13      18      18       6      18
      16      15      10      15       9      19      13      18
      18      15      11      13      15      12      16      19
      12      12      13      17      21      15      13      14
      18      10      11      13       9      19      11      26
      11      12      17      14       8      14      10      10
       8      11      11      14       8      14      12      24
       7      17      10      13       8      11      11      14
      17      12       7      15      11       6      12      27
       9       8       9       9      15       5      11       9
      18       7      14      12      13      10       9      26
      13       9       9      10      12      12       8      11
      16      11      13       8       8      10       6      11
       6      10       7      11      15      12       6      10
      10      12      10       9      14       8       8      18
      15      12      11       7      12      14      16      11
      13      19      13      21      16      10      21      24
      16      10      13       9      15      15      13      15
      10      10      20      10      20      16      11      21
      21      14      13       8      15      13      14      11
       8      13      13      12      23      12      16      17
      19      15       6      12       9      16      10      12
       8      13      15      15      25      16      10      24
      17      13      14       9      24      24      20      14
      15      22      13      12      18      11      21      39
      25      25      21      23      26      16      25      29
      20      27      32      34      23      25      25      38
      23      27      21      13      14      13      18      16
      16      16      12       5       5       9      11      20
       4       7       9       4       4       4       5       4
       6      10       7       4       3       7       2      14
       2       1       1       3       2       2       3       4
       4       1       1       1       1       1       1      12
       0       0       1       0       1       1       1       0
       0       0       0       0       0       0       0      16
       0       0       0       0       0       0       0       0
       0       2       1       0       0       0       1       8
       1       0       0       0       0       0       0       0
       1       1       0       1       0       0       1      14
       0       0       0       0       0       0       1       0
       1       0       0       0       0       2       0       8
       0       0       0       0       0       1       0       1
       0       0       0       0       0       0       0      15
       0       0       0       0       0       0       0       1
       0       0       2       0       0       0       0      11
       0       0       0       0       1       0       0       0
       0       0       0       1       0       0       0      11
       1       0       0       0       0       0       0       0
       1       0       0       0       0       0       0       7
       0       0       0       0       0       0       0       0
       0       0       0       0       0       0       0       7
       1       0       0       0       0       1       0       1
       1       0       0       0       0       0       0      16
       0       0       0       0       0       0       0       1
       0       0       0       1       0       0       0      12
       1       0       0       0       0       0       0       1
       0       0       0       0       0       0       0      11
       1       0       0       0       0       0       0       0
       0       0       1       3       2       0       0      12
       0       0       0       0       0       0       0       0
       0       0       0       0       0       0       0      12
       0       0       0       0       0       0       0       0
       0       0       0       0       0       0       0       9
       0       0       1       0       0       0       0       0
       0       0       0       0       0       0       0      10
       0       0       0       0       0       0       0       1
       0       0       0       0       0       0       0      16
       0       0       1       0       0       0       0       0
       0       0       0       0       0       0       0      13
       0       0       0       0       0       0       0       0
       0       0       0       0       0       0       0      11
       0       0       1       0       0       1       0       1
       0       0       0       0       1       0       0       5
       0       0       0       0       0       0       0       0
       0       0       0       0       0       0       0       9
       0       0       0       0       0       0       0       0
       0       0       0       0       0       0       1      13
       0       0       0       0       1       0       0       0
       0       0       0       0       0       0       0      13
       0       0       0       0       0       0       0       0
       0       0       0       0       0       0       0      19
       0       0       0       0       0       0       0       0
       0       0       0       0       0       0       0       8
       0       0       0       0       0       0       0       0
       0       0       0       0       0       0       0       7
       0       0       0       0       0       0       0       0
       0       0       0       0       0       0       0      13
       0       0       0       0       0       0       0       0
       0       0       0       0       0       0       0      20
       0       0       0       0       0       0       0       0
       0       0       0       0       0       0       0      20
       1       0       1       2       6      12      27      36
      52      48      61      55      56      51      55     102
      77      75      80      56      39      13       2       2
       1       0       2       1       1       1       0      41
       0       0       1       0       0       0       0       1
       0       0       0       0       0       0       0      19
       0       0       1       0       0       0       0       0
       1       1       0       0       0       0       1       2
       0       0       0       0       0       0       0       0
       0       0       0       0       0       0       0       0
       0       0       0       0       0       0       0       0
       0       0       0       0       0       0       0       0
       0       0       0       0       0       0       0       0
       0       0       0       0       0       0       0       0
       0       0       0       0       0       0       0       0
       0       0       0       0       0       0       0       1
       0       0       0       0       0       0       0       0
       0       0       0       0       0       0       0       0
       0       0       0       0       0       0       0       0
       0       0       0       0       0       0       0       0
       0       0       0       0       0       0       0       0
       0       0       0       0       0       0       0       0
       0       0       0       0       0       0       0       0
       0       0       0       0       0       0       0       0
       0       0       0       0       0       0       0       0
       0       0       0       0       0       0       0       0
       0       0       0       0       1       0       0       0
       0       0       0       0       0       0       0       1
       0       0       0       0       0       0       0       0
       0       0       0       0       0       0       0       0
       0       0       0       0       0       0       0       0
       0       0       0       0       0       0       0       0
       0       0       0       0       0       0       0       0
       0       0       0       0       0       0       0       0
       0       0       0       0       0       0       0       0
       0       0       0       0       0       0       0       0
       0       0       0       0       0       0       0       0
       0       0       0       0       0       0       0       0
       0       0       0       0       0       1       0       0
       0       0       0       0       0       0       0       0
       0       0       0       0       0       0       0       0
       0       0       0       0       0       0       0       0
       1       0       0       0       0       0       0       0
       0       0       0       0       0       0       0       1
       0       0       0       0       0       0       0       0
       0       0       0       0       0       0       0       0
       0       0       0       0       0       0       0       0
       0       0       0       0       0       0       0       0
       0       0       0       0       0       0       0       0
       0       0       0       0       0       0       0       0
       0       0       0       0       0       0       0       0
       0       0       0       0       0       0       0       0
       0       0       0       0       0       0       0       0
       0       0       0       0       0       0       0       0
       0       0       0       0       0       0       0       0
       0       1       0       0       0       0       0       0
       0       0       0       0       0       0       0       0
       0       0       0       0       0       0       0       0
       0       0       0       0       0       0       0       0
       0       0       0       0       0       0       0       0
       0       0       0       0       0       0       0       0
       0       0       0       0       0       0       0       0
       0       0       0       0       0       0       0       0
       0       0       0       0       0       0       0       0
       0       0       0       0       0       0       0       0
       0       0       0       0       0       0       0       0
       0       0       0       0       0       0       0       0
       0       0       0       0       0       0       0       0
       0       0       0       0       0       0       0       0
       0       0       0       0       0       0       0       0
       0       0       0       0       0       0       0       0
       0       0       0       1       0       0       0       2
       0       0       0       0       0       0       0       0
       0       0       0       0       0       0       0       0
       0       0       0       0       0       0       0       0
       0       0       0       0       0       1       0       2
       0       0       0       0       0       0       0       0
       0       0       0       0       0       0       0       0
       0       0       0       0       0       0       0       0
       0       0       0       1       0       0       0       1
       0       0       0       0       0       0       0       0
       0       0       0       0       0       0       0       0
       0       0       0       0       0       0       0       0
       0       0       0       0       0       0       0       1
       0       0       0       0       0       0       0       0
       0       0       0       0       0       0       0       2
       0       0       0       0       0       0       0       0
       0       0       0       0       0       0       0       0
       0       0       0       0       0       0       0       0
       0       0       0       0       0       0       0       0
       0       0       0       0       0       0       0       0
       0       0       0       1       0       0       0       0
       0       0       0       0       0       0       0       0
       0       0       0       0       0       0       0       2
       0       0       0       0       0       0       0       0
       0       0       0       2       0       0       0       9
       0       0       0       0       0       0       0       0
       0       0       1       0       0       0       0       1
       0       0       0       0       0       0       0       0
       0       0       0       0       0       0       0       0
       0       0       0       0       0       0       0       0
       0       0       0       0       0       0       0       0
       0       0       0       0       0       0       0       1
       0       0       0       0       0       0       0       4
       0       0       0       0       0       0       0       0
       0       0       0       0       0       0       0       0
       0       0       0       0       0       0       0       0
       0       0       0       0       0       0       0       1
       0       0       0       0       0       0       0       0
       0       0       0       0       0       0       0       3
       0       0       0       0       0       0       0       0
       0       0       0       7       0       0       0  284964
