$SPEC_ID:
C:\Users\joseb\Desktop\BBB\espetros\672013R1
$DATE_MEA:
18-02-2010  00:24:00
$MEAS_TIM:
         0       183
$DATA:
         0      1023
      31      12      11       7      10       5       7       8
      20      12      14       8      11       6       4       4
      16       6       8       6       9       4       7       2
       8       4       8      12      10       3       2       3
       8       9       6       5       9       6       7       3
       7       7       4       3       8       2       5       2
      10       6      10       5       7       1       5       2
       9     339    1172    1169    1170    1137    1042    1035
    1095    1007    1057     951    1114    1093     917     868
     830     845     961     942     968     999     914     881
     827     778     825     763     784     741     846     748
     731     747     750     728     718     719     705     716
     732     662     722     709     687     687     671     728
     721     710     764     724     692     683     701     711
     665     681     781     725     708     670     688     761
     720     703     753     736     689     728     712     760
     773     707     734     734     718     729     775     731
     741     687     724     771     768     763     764     806
     818     774     757     737     695     770     803     744
     769     777     833     732     746     714     738     784
     780     787     758     768     782     731     770     746
     783     792     831     804     792     777     746     786
     803     750     843     810     845     770     780     827
     779     755     809     802     784     799     802     849
     819     793     842     833     820     848     809     862
     849     864     805     821     753     888     834     883
     851     851     857     809     844     848     848     842
     837     841     818     840     825     813     824     847
     840     852     867     832     820     838     881     868
     814     875     857     877     850     858     889     895
     851     876     852     899     898     933     852     900
     889     913     925     802     877     842     884     943
     887     864     911     837     978     814     906     916
     926     866     904     855     906     927     856     948
     899     899     857     859     952     832     854     991
     865     897     971     890     942     876     933     916
     945     903     884     928     923     916     834     931
     923     963     943     900     844     927     888     973
     866     930     931     895     900     859     937     914
     885     927     920     922     869     865     963     911
     903     887     886     898     894     876     931     855
     898     889     916     909     836     834     911     871
     784     822     756     733     697     709     706     616
     561     478     483     408     394     361     340     327
     272     302     259     268     261     224     232     227
     252     241     216     202     160     229     231     218
     185     183     167     166     155     133     129     118
     105      84     100      70      71      61      63      53
      56      48      55      62      41      47      65      65
      43      52      48      59      56      60      39      57
      40      55      49      57      51      51      61      56
      55      53      46      38      56      53      57      50
      51      51      38      53      45      44      40      39
      41      38      42      36      35      26      23      30
      20      27      17      17      22      26      17      15
      12      13      15      15      11      18       4       9
      12       9       6      16       8       8       7      14
       9       6      12      12      14      10       8       6
      12       9       7       8       7       7       7      11
       5      10       9       9      11       9       9       9
       4       8       6       4       9       6      11       8
       6       7      11       9       7       6      10       6
       8       7       9       7       5       4       5       8
       6       2       7       5      11       9       1       6
       5       3       6       9       4       9       3       4
       8       5       8       2       5       5       8       5
       4       3       8       5       1       4       3       5
       1       5       7       4       4       8       2       5
       4       4       7       5       8       4       4       8
       7       6       5       7       4       4       4       2
       7       3       4       6       0       3       4       2
       3       2       2       5       2       1       3       4
       3       1       7       3       3       3       4       2
       1       2       1       2       5       1       3       1
       2       4       2       3       3       4       5       2
       3       0       1       0       3       1       2       3
       1       7       2       0       3       1       4       4
       2       4       1       3       1       3       3       1
       4       1       0       3       1       0       1       0
       0       1       1       0       0       0       1       3
       1       1       0       1       1       0       1       0
       0       1       0       0       0       2       0       3
       0       1       0       0       1       3       0       1
       1       2       0       0       1       1       1       0
       1       0       0       1       1       0       0       0
       1       0       1       0       0       0       0       2
       0       1       2       1       0       0       0       0
       0       0       0       1       0       1       1       0
       0       0       1       0       0       0       0       0
       0       0       0       1       0       0       1       0
       0       0       0       0       0       1       0       0
       0       0       0       0       0       0       0       0
       0       0       0       0       0       0       1       0
       0       1       0       1       0       0       0       0
       0       0       1       0       1       0       0       0
       0       1       0       0       0       1       0       0
       0       0       0       0       1       0       0       0
       0       0       1       0       0       0       0       0
       0       0       0       0       0       0       0       0
       0       0       0       0       0       0       0       0
       2       0       0       0       0       0       0       0
       0       0       0       0       1       0       0       0
       0       0       0       0       0       0       0       0
       0       0       1       0       0       0       1       0
       0       0       0       0       0       0       0       0
       0       0       0       0       0       0       0       0
       0       0       0       0       0       0       0       1
       0       0       0       0       0       0       0       0
       0       0       0       0       0       0       0       0
       0       0       0       0       0       0       1       0
       0       0       0       0       0       0       0       0
       0       0       0       0       0       0       0       0
       0       0       0       0       0       0       0       0
       0       0       1       0       0       0       0       0
       0       0       0       0       0       0       0       0
       0       0       0       0       0       0       0       0
       0       0       0       0       0       0       0       0
       0       0       0       0       0       0       0       0
       0       0       0       0       0       0       0       0
       0       0       0       0       0       0       0       0
       0       0       0       0       0       0       0       0
       0       0       0       0       0       0       0       0
       0       0       0       0       0       0       0       0
       0       0       0       0       0       0       0       0
       0       0       0       0       0       0       0       0
       0       0       0       0       0       0       0       0
       0       0       0       0       0       0       0       0
       0       0       0       0       0       0       0       3
