           0
 F
           0
 F
           4
  3.0000001E-07
  0.0000000E+00
   1.900000    
  0.2000000    
   1.200000    
           2
   1000.000    
  0.0000000E+00
 F
  0.0000000E+00
   31.00000    
        1024
  0.0000000E+00   3.517200       95.18100    
  0.0000000E+00  0.0000000E+00  0.0000000E+00  0.3100000E+02  0.3100000E+02
 -0.8628843E-01  0.0000000E+00 -0.8628843E-01  0.1108629E+02  0.1108629E+02
  0.0000000E+00  0.0000000E+00  0.0000000E+00  0.1400000E+02  0.1400000E+02
  0.0000000E+00  0.0000000E+00  0.0000000E+00  0.7000000E+01  0.7000000E+01
 -0.8628843E-01  0.0000000E+00 -0.8628843E-01  0.1108629E+02  0.1108629E+02
 -0.8628843E-01  0.0000000E+00 -0.8628843E-01  0.1108629E+02  0.1108629E+02
 -0.8596811E-01  0.0000000E+00 -0.8702954E-01  0.7085968E+01  0.7085968E+01
 -0.8532746E-01  0.0000000E+00 -0.8851176E-01  0.2085327E+01  0.2085327E+01
 -0.8468682E-01  0.8491456E-02 -0.8999398E-01  0.1108469E+02  0.1108469E+02
 -0.8404617E-01  0.8491456E-02 -0.9147619E-01  0.1008405E+02  0.1008405E+02
 -0.7636538E-01  0.9581267E-02 -0.8594665E-01  0.7076365E+01  0.7076365E+01
 -0.6164445E-01  0.1176089E-01 -0.7340534E-01  0.5061645E+01  0.5061645E+01
 -0.4692352E-01  0.1394051E-01 -0.6086404E-01  0.6046924E+01  0.6046924E+01
 -0.3220259E-01  0.1612014E-01 -0.4832273E-01  0.2032202E+01  0.2032202E+01
 -0.2570939E-01  0.1741078E-01 -0.4312016E-01  0.2025709E+01  0.2025709E+01
 -0.2744390E-01  0.1781244E-01 -0.4525634E-01  0.5027444E+01  0.5027444E+01
 -0.2917842E-01  0.1821410E-01 -0.4739252E-01  0.1002918E+02  0.1002918E+02
 -0.3091294E-01  0.1861576E-01 -0.4952870E-01  0.4030913E+01  0.4030913E+01
 -0.3269336E-01  0.1897413E-01 -0.5166750E-01  0.3032693E+01  0.3032693E+01
 -0.3451970E-01  0.1928922E-01 -0.5380892E-01  0.1034520E+01  0.1034520E+01
 -0.3634603E-01  0.1960430E-01 -0.5595033E-01  0.9036346E+01  0.9036346E+01
 -0.3817237E-01  0.1991938E-01 -0.5809175E-01  0.3038172E+01  0.3038172E+01
 -0.3563166E-01  0.2036920E-01 -0.5600087E-01  0.5035632E+01  0.5035632E+01
 -0.2872391E-01  0.2095376E-01 -0.4967767E-01  0.4028724E+01  0.4028724E+01
 -0.2181616E-01  0.2153832E-01 -0.4335449E-01  0.5021816E+01  0.5021816E+01
 -0.1490841E-01  0.2212288E-01 -0.3703130E-01  0.3014908E+01  0.3014908E+01
 -0.1080524E-01  0.2236476E-01 -0.3317000E-01  0.1010805E+01  0.1010805E+01
 -0.9506644E-02  0.2226395E-01 -0.3177059E-01  0.3009507E+01  0.3009507E+01
 -0.8208048E-02  0.2216314E-01 -0.3037119E-01  0.1008208E+01  0.1008208E+01
 -0.6909452E-02  0.2206234E-01 -0.2897179E-01  0.6006909E+01  0.6006909E+01
 -0.1772078E-01  0.2188112E-01 -0.3960190E-01  0.1017721E+01  0.1017721E+01
 -0.4064205E-01  0.2161949E-01 -0.6226154E-01  0.2040642E+01  0.2040642E+01
 -0.6356331E-01  0.2135786E-01 -0.8492117E-01  0.1106356E+02  0.1106356E+02
 -0.8648457E-01  0.2109623E-01 -0.1075808E+00  0.1108648E+02  0.1108648E+02
 -0.8833135E-01  0.2209336E-01 -0.1104247E+00  0.1508833E+02  0.1508833E+02
 -0.6910362E-01  0.2434924E-01 -0.9345286E-01  0.5069104E+01  0.5069104E+01
 -0.4987591E-01  0.2660512E-01 -0.7648102E-01  0.1204988E+02  0.1204988E+02
 -0.3064818E-01  0.2886100E-01 -0.5950919E-01  0.1030648E+01  0.1030648E+01
 -0.2446233E-01  0.3011494E-01 -0.5457726E-01  0.2024462E+01  0.2024462E+01
 -0.3131833E-01  0.3036693E-01 -0.6168526E-01  0.3031318E+01  0.3031318E+01
 -0.3817432E-01  0.3061892E-01 -0.6879324E-01  0.5038174E+01  0.5038174E+01
 -0.4503032E-01  0.3087091E-01 -0.7590123E-01  0.7045030E+01  0.7045030E+01
 -0.4455888E-01  0.3135526E-01 -0.7591414E-01  0.1204456E+02  0.1204456E+02
 -0.3676001E-01  0.3207196E-01 -0.6883197E-01  0.4036760E+01  0.4036760E+01
 -0.2896114E-01  0.3278866E-01 -0.6174980E-01  0.9028961E+01  0.9028961E+01
 -0.2116226E-01  0.3350537E-01 -0.5466763E-01  0.4021162E+01  0.4021162E+01
 -0.2155087E-01  0.3384525E-01 -0.5539612E-01  0.3021551E+01  0.3021551E+01
 -0.3012695E-01  0.3380831E-01 -0.6393526E-01  0.2030127E+01  0.2030127E+01
 -0.3870304E-01  0.3377137E-01 -0.7247440E-01  0.1103870E+02  0.1103870E+02
 -0.4727912E-01  0.3373443E-01 -0.8101355E-01  0.8047279E+01  0.8047279E+01
 -0.4934924E-01  0.3416355E-01 -0.8351279E-01  0.7049349E+01  0.7049349E+01
 -0.4491341E-01  0.3505873E-01 -0.7997215E-01  0.4044913E+01  0.4044913E+01
 -0.4047759E-01  0.3595391E-01 -0.7643150E-01  0.1104048E+02  0.1104048E+02
 -0.3604176E-01  0.3684910E-01 -0.7289086E-01  0.1036042E+01  0.1036042E+01
 -0.2802124E+01  0.3751599E-01 -0.2839640E+01  0.5802124E+01  0.5802124E+01
 -0.8338724E+01  0.3795458E-01 -0.8376678E+01  0.1833872E+02  0.1833872E+02
 -0.1387532E+02  0.3839317E-01 -0.1391372E+02  0.3687532E+02  0.3687532E+02
 -0.1941192E+02  0.3883176E-01 -0.1945075E+02  0.1383412E+04  0.1383412E+04
 -0.2319648E+02  0.3505783E+00 -0.2354706E+02  0.3377197E+04  0.3377197E+04
 -0.2522901E+02  0.9736328E+00 -0.2620264E+02  0.3089229E+04  0.3089229E+04
 -0.2726153E+02  0.1596687E+01 -0.2885821E+02  0.3098261E+04  0.3098261E+04
 -0.2929405E+02  0.2219742E+01 -0.3151379E+02  0.2960294E+04  0.2960294E+04
 -0.2892130E+02  0.2941964E+01 -0.3186326E+02  0.2902921E+04  0.2902921E+04
 -0.2614327E+02  0.3763355E+01 -0.2990662E+02  0.2680143E+04  0.2680143E+04
 -0.2336524E+02  0.4584746E+01 -0.2794999E+02  0.2551365E+04  0.2551365E+04
 -0.2058721E+02  0.5406137E+01 -0.2599335E+02  0.2208587E+04  0.2208587E+04
 -0.1831109E+02  0.6013268E+01 -0.2432436E+02  0.2063311E+04  0.2063311E+04
 -0.1653688E+02  0.6406137E+01 -0.2294302E+02  0.2032537E+04  0.2032537E+04
 -0.1476267E+02  0.6799006E+01 -0.2156167E+02  0.2095763E+04  0.2095763E+04
 -0.1298846E+02  0.7191875E+01 -0.2018033E+02  0.1938988E+04  0.1938988E+04
 -0.1103004E+02  0.7446590E+01 -0.1847663E+02  0.1566030E+04  0.1566030E+04
 -0.8887410E+01  0.7563150E+01 -0.1645056E+02  0.1281887E+04  0.1281887E+04
 -0.6744785E+01  0.7679710E+01 -0.1442449E+02  0.1053745E+04  0.1053745E+04
 -0.4602160E+01  0.7796270E+01 -0.1239843E+02  0.1046602E+04  0.1046602E+04
 -0.3349603E+01  0.7792348E+01 -0.1114195E+02  0.9643496E+03  0.9643496E+03
 -0.2987114E+01  0.7667944E+01 -0.1065506E+02  0.9439871E+03  0.9439871E+03
 -0.2624624E+01  0.7543541E+01 -0.1016817E+02  0.9146246E+03  0.9146246E+03
 -0.2262136E+01  0.7419137E+01 -0.9681273E+01  0.7922621E+03  0.7922621E+03
 -0.1967493E+01  0.7294448E+01 -0.9261941E+01  0.8149675E+03  0.8149675E+03
 -0.1740698E+01  0.7169473E+01 -0.8910170E+01  0.7937407E+03  0.7937407E+03
 -0.1513902E+01  0.7044497E+01 -0.8558399E+01  0.7395139E+03  0.7395139E+03
 -0.1287107E+01  0.6919522E+01 -0.8206628E+01  0.7282871E+03  0.7282871E+03
 -0.1200785E+01  0.6807457E+01 -0.8008242E+01  0.6962008E+03  0.6962008E+03
 -0.1254936E+01  0.6708303E+01 -0.7963239E+01  0.6542549E+03  0.6542549E+03
 -0.1309087E+01  0.6609149E+01 -0.7918236E+01  0.6993091E+03  0.6993091E+03
 -0.1363238E+01  0.6509995E+01 -0.7873233E+01  0.6893632E+03  0.6893632E+03
 -0.1392895E+01  0.6431795E+01 -0.7824690E+01  0.7053929E+03  0.7053929E+03
 -0.1398059E+01  0.6374548E+01 -0.7772607E+01  0.6603981E+03  0.6603981E+03
 -0.1403222E+01  0.6317302E+01 -0.7720524E+01  0.6764032E+03  0.6764032E+03
 -0.1408386E+01  0.6260055E+01 -0.7668441E+01  0.6164084E+03  0.6164084E+03
 -0.1446353E+01  0.6214832E+01 -0.7661185E+01  0.6894464E+03  0.6894464E+03
 -0.1517123E+01  0.6181633E+01 -0.7698757E+01  0.6985172E+03  0.6985172E+03
 -0.1587894E+01  0.6148434E+01 -0.7736329E+01  0.6505879E+03  0.6505879E+03
 -0.1658665E+01  0.6115235E+01 -0.7773900E+01  0.6866587E+03  0.6866587E+03
 -0.1620307E+01  0.6093397E+01 -0.7713704E+01  0.7136203E+03  0.7136203E+03
 -0.1472820E+01  0.6082920E+01 -0.7555740E+01  0.6824728E+03  0.6824728E+03
 -0.1325332E+01  0.6072443E+01 -0.7397776E+01  0.6853253E+03  0.6853253E+03
 -0.1177845E+01  0.6061967E+01 -0.7239812E+01  0.6471779E+03  0.6471779E+03
 -0.1104101E+01  0.6047074E+01 -0.6936654E+01  0.5891041E+03  0.5891041E+03
 -0.1104101E+01  0.6027764E+01 -0.6488302E+01  0.5881041E+03  0.5881041E+03
  0.6120695E+00  0.6008455E+01 -0.6039949E+01  0.5073879E+03  0.5073879E+03
  0.6120695E+00  0.5989145E+01 -0.5591597E+01  0.4523879E+03  0.4523879E+03
  0.6080909E+00  0.5947367E+01 -0.5339276E+01  0.4713919E+03  0.4713919E+03
  0.6001337E+00  0.5883119E+01 -0.5282986E+01  0.4403999E+03  0.4403999E+03
  0.5921764E+00  0.5818872E+01 -0.5226695E+01  0.4354078E+03  0.4354078E+03
  0.5842192E+00  0.5754624E+01 -0.5170405E+01  0.4254158E+03  0.4254158E+03
  0.5824388E+00  0.5696787E+01 -0.5114348E+01  0.4824176E+03  0.4824176E+03
  0.5868353E+00  0.5645361E+01 -0.5058526E+01  0.4284132E+03  0.4284132E+03
  0.5912319E+00  0.5593935E+01 -0.5002703E+01  0.4024088E+03  0.4024088E+03
  0.5956284E+00  0.5542510E+01 -0.4946881E+01  0.4084044E+03  0.4084044E+03
  0.5451821E+00  0.5497920E+01 -0.4952737E+01  0.4414548E+03  0.4414548E+03
  0.4398930E+00  0.5460166E+01 -0.5020272E+01  0.4345601E+03  0.4345601E+03
  0.3346040E+00  0.5422412E+01 -0.5087808E+01  0.4516654E+03  0.4516654E+03
  0.2293149E+00  0.5384658E+01 -0.5155343E+01  0.4387707E+03  0.4387707E+03
  0.1851000E+00  0.5358460E+01 -0.5173359E+01  0.4428149E+03  0.4428149E+03
  0.2019594E+00  0.5343817E+01 -0.5141858E+01  0.4477980E+03  0.4477980E+03
  0.2188188E+00  0.5329175E+01 -0.5110356E+01  0.4487812E+03  0.4487812E+03
  0.2356782E+00  0.5314533E+01 -0.5078855E+01  0.4177643E+03  0.4177643E+03
  0.2312745E+00  0.5301941E+01 -0.5070666E+01  0.4107687E+03  0.4107687E+03
  0.2056077E+00  0.5291399E+01 -0.5085791E+01  0.4607944E+03  0.4607944E+03
  0.1799410E+00  0.5280857E+01 -0.5100916E+01  0.4818201E+03  0.4818201E+03
  0.1542742E+00  0.5270315E+01 -0.5116041E+01  0.4468457E+03  0.4468457E+03
  0.1414408E+00  0.5263631E+01 -0.5145088E+01  0.4258586E+03  0.4258586E+03
  0.1414408E+00  0.5260805E+01 -0.5188057E+01  0.4048586E+03  0.4048586E+03
 -0.4174115E-01  0.5257979E+01 -0.5231027E+01  0.4470417E+03  0.4470417E+03
 -0.4174115E-01  0.5255153E+01 -0.5273997E+01  0.4500417E+03  0.4500417E+03
 -0.4907299E-01  0.5257398E+01 -0.5306471E+01  0.4390491E+03  0.4390491E+03
 -0.6373667E-01  0.5264713E+01 -0.5328450E+01  0.4800638E+03  0.4800638E+03
 -0.7840036E-01  0.5272029E+01 -0.5350429E+01  0.4670784E+03  0.4670784E+03
 -0.9306405E-01  0.5279344E+01 -0.5372408E+01  0.4300931E+03  0.4300931E+03
 -0.1003959E+00  0.5288775E+01 -0.5364478E+01  0.4631004E+03  0.4631004E+03
 -0.1003959E+00  0.5300322E+01 -0.5326639E+01  0.4651004E+03  0.4651004E+03
  0.9714676E-01  0.5311868E+01 -0.5288800E+01  0.4639029E+03  0.4639029E+03
  0.9714676E-01  0.5323415E+01 -0.5250960E+01  0.4559029E+03  0.4559029E+03
  0.1095452E+00  0.5334692E+01 -0.5225146E+01  0.4138904E+03  0.4138904E+03
  0.1343422E+00  0.5345699E+01 -0.5211357E+01  0.4368657E+03  0.4368657E+03
  0.1591391E+00  0.5356707E+01 -0.5197567E+01  0.4598409E+03  0.4598409E+03
  0.1839361E+00  0.5367714E+01 -0.5183778E+01  0.4358161E+03  0.4358161E+03
  0.1963346E+00  0.5384764E+01 -0.5227213E+01  0.4348037E+03  0.4348037E+03
  0.1963346E+00  0.5407856E+01 -0.5327874E+01  0.4218037E+03  0.4218037E+03
 -0.1139362E+00  0.5430949E+01 -0.5428534E+01  0.4491139E+03  0.4491139E+03
 -0.1139362E+00  0.5454042E+01 -0.5529194E+01  0.4981139E+03  0.4981139E+03
 -0.1139362E+00  0.5485227E+01 -0.5551988E+01  0.4981139E+03  0.4981139E+03
 -0.1139362E+00  0.5524504E+01 -0.5496916E+01  0.4451139E+03  0.4451139E+03
  0.2634585E+00  0.5563780E+01 -0.5441845E+01  0.4527365E+03  0.4527365E+03
  0.2634585E+00  0.5603057E+01 -0.5386773E+01  0.4517365E+03  0.4517365E+03
  0.2377363E+00  0.5628407E+01 -0.5390671E+01  0.4687623E+03  0.4687623E+03
  0.1862918E+00  0.5639829E+01 -0.5453537E+01  0.4418137E+03  0.4418137E+03
  0.1348474E+00  0.5651252E+01 -0.5516404E+01  0.4408651E+03  0.4408651E+03
  0.8340291E-01  0.5662674E+01 -0.5579271E+01  0.5029166E+03  0.5029166E+03
  0.5768067E-01  0.5668430E+01 -0.5646757E+01  0.4669423E+03  0.4669423E+03
  0.5768067E-01  0.5668519E+01 -0.5718862E+01  0.4859423E+03  0.4859423E+03
 -0.2303799E+00  0.5668609E+01 -0.5790966E+01  0.5332304E+03  0.5332304E+03
 -0.2303799E+00  0.5668698E+01 -0.5863071E+01  0.4642304E+03  0.4642304E+03
 -0.2106350E+00  0.5666100E+01 -0.5876735E+01  0.4702106E+03  0.4702106E+03
 -0.1711452E+00  0.5660815E+01 -0.5831960E+01  0.5111711E+03  0.5111711E+03
 -0.1316555E+00  0.5655529E+01 -0.5787184E+01  0.4461317E+03  0.4461317E+03
 -0.9216567E-01  0.5650243E+01 -0.5742409E+01  0.4940922E+03  0.4940922E+03
 -0.1154030E+00  0.5639728E+01 -0.5755130E+01  0.5141154E+03  0.5141154E+03
 -0.2013675E+00  0.5623982E+01 -0.5825349E+01  0.4612014E+03  0.4612014E+03
 -0.2873320E+00  0.5608236E+01 -0.5895568E+01  0.4742873E+03  0.4742873E+03
 -0.3732965E+00  0.5592491E+01 -0.5965787E+01  0.5133733E+03  0.5133733E+03
 -0.4162788E+00  0.5583507E+01 -0.5943854E+01  0.5384163E+03  0.5384163E+03
 -0.4162788E+00  0.5581284E+01 -0.5829769E+01  0.4854163E+03  0.4854163E+03
  0.3117247E-01  0.5579062E+01 -0.5715683E+01  0.4569688E+03  0.4569688E+03
  0.3117247E-01  0.5576839E+01 -0.5601598E+01  0.4319688E+03  0.4319688E+03
  0.3117247E-01  0.5568735E+01 -0.5579297E+01  0.4849688E+03  0.4849688E+03
  0.3117247E-01  0.5554748E+01 -0.5648778E+01  0.4839688E+03  0.4839688E+03
 -0.3027006E+00  0.5540761E+01 -0.5718259E+01  0.5023027E+03  0.5023027E+03
 -0.3027006E+00  0.5526774E+01 -0.5787741E+01  0.4853027E+03  0.4853027E+03
 -0.3395953E+00  0.5520155E+01 -0.5859751E+01  0.4583396E+03  0.4583396E+03
 -0.4133847E+00  0.5520904E+01 -0.5934289E+01  0.5074134E+03  0.5074134E+03
 -0.4871741E+00  0.5521653E+01 -0.6008827E+01  0.4974872E+03  0.4974872E+03
 -0.5609635E+00  0.5522401E+01 -0.6083365E+01  0.5125610E+03  0.5125610E+03
 -0.5980204E+00  0.5528226E+01 -0.6126247E+01  0.4965980E+03  0.4965980E+03
 -0.5983449E+00  0.5539127E+01 -0.6137473E+01  0.5375983E+03  0.5375983E+03
 -0.5986694E+00  0.5550028E+01 -0.6148698E+01  0.5225987E+03  0.5225987E+03
 -0.5989938E+00  0.5560929E+01 -0.6159924E+01  0.5215990E+03  0.5215990E+03
 -0.5813650E+00  0.5570295E+01 -0.6151660E+01  0.5145814E+03  0.5145814E+03
 -0.5457828E+00  0.5578125E+01 -0.6123909E+01  0.4925458E+03  0.4925458E+03
 -0.5102007E+00  0.5585956E+01 -0.6096157E+01  0.5025102E+03  0.5025102E+03
 -0.4746185E+00  0.5593786E+01 -0.6068405E+01  0.5384746E+03  0.5384746E+03
 -0.5118216E+00  0.5597564E+01 -0.6109386E+01  0.4695118E+03  0.4695118E+03
 -0.6218100E+00  0.5597291E+01 -0.6219101E+01  0.5016218E+03  0.5016218E+03
 -0.7317985E+00  0.5597018E+01 -0.6328816E+01  0.5357318E+03  0.5357318E+03
 -0.8417869E+00  0.5596745E+01 -0.6438531E+01  0.5738418E+03  0.5738418E+03
 -0.8418697E+00  0.5603695E+01 -0.6445565E+01  0.5508419E+03  0.5508419E+03
 -0.7320467E+00  0.5617870E+01 -0.6349917E+01  0.4987321E+03  0.4987321E+03
 -0.6222238E+00  0.5632046E+01 -0.6254270E+01  0.4626222E+03  0.4626222E+03
 -0.5124009E+00  0.5646221E+01 -0.6158622E+01  0.5315124E+03  0.5315124E+03
 -0.4635785E+00  0.5653243E+01 -0.6116821E+01  0.5334636E+03  0.5334636E+03
 -0.4757565E+00  0.5653111E+01 -0.6128867E+01  0.5044758E+03  0.5044758E+03
 -0.4879346E+00  0.5652978E+01 -0.6140913E+01  0.5324879E+03  0.5324879E+03
 -0.5001127E+00  0.5652846E+01 -0.6152959E+01  0.4915001E+03  0.4915001E+03
 -0.5271588E+00  0.5654632E+01 -0.6181791E+01  0.5155272E+03  0.5155272E+03
 -0.5690729E+00  0.5658335E+01 -0.6227408E+01  0.5095691E+03  0.5095691E+03
 -0.6109871E+00  0.5662039E+01 -0.6273026E+01  0.5426110E+03  0.5426110E+03
 -0.6529012E+00  0.5665742E+01 -0.6318644E+01  0.5046529E+03  0.5046529E+03
 -0.6715392E+00  0.5672835E+01 -0.6344375E+01  0.5046715E+03  0.5046715E+03
 -0.6669009E+00  0.5683319E+01 -0.6350220E+01  0.5436669E+03  0.5436669E+03
 -0.6622626E+00  0.5693801E+01 -0.6356064E+01  0.5166623E+03  0.5166623E+03
 -0.6576242E+00  0.5704285E+01 -0.6361909E+01  0.5316577E+03  0.5316577E+03
 -0.6866706E+00  0.5714739E+01 -0.6401410E+01  0.5746866E+03  0.5746866E+03
 -0.7494017E+00  0.5725165E+01 -0.6474567E+01  0.4797494E+03  0.4797494E+03
 -0.8121328E+00  0.5735590E+01 -0.6547723E+01  0.5258121E+03  0.5258121E+03
 -0.8748639E+00  0.5746016E+01 -0.6620880E+01  0.5258749E+03  0.5258749E+03
 -0.8505563E+00  0.5760664E+01 -0.6611221E+01  0.5728506E+03  0.5728506E+03
 -0.7392099E+00  0.5779536E+01 -0.6518745E+01  0.5727392E+03  0.5727392E+03
 -0.6278636E+00  0.5798407E+01 -0.6426270E+01  0.5246279E+03  0.5246279E+03
 -0.5165173E+00  0.5817278E+01 -0.6333795E+01  0.5175165E+03  0.5175165E+03
 -0.5031232E+00  0.5828265E+01 -0.6331388E+01  0.5295031E+03  0.5295031E+03
 -0.5876814E+00  0.5831368E+01 -0.6419050E+01  0.5005877E+03  0.5005877E+03
 -0.6722396E+00  0.5834471E+01 -0.6506711E+01  0.5336722E+03  0.5336722E+03
 -0.7567977E+00  0.5837574E+01 -0.6594372E+01  0.5487568E+03  0.5487568E+03
 -0.7373817E+00  0.5846751E+01 -0.6584133E+01  0.5427374E+03  0.5427374E+03
 -0.6139914E+00  0.5862001E+01 -0.6475993E+01  0.5616140E+03  0.5616140E+03
 -0.4906012E+00  0.5877252E+01 -0.6367853E+01  0.5234906E+03  0.5234906E+03
 -0.3672109E+00  0.5892502E+01 -0.6259713E+01  0.4853672E+03  0.4853672E+03
 -0.3363598E+00  0.5899745E+01 -0.6236105E+01  0.5253364E+03  0.5253364E+03
 -0.3980480E+00  0.5898982E+01 -0.6297029E+01  0.5083980E+03  0.5083980E+03
 -0.4597362E+00  0.5898218E+01 -0.6357954E+01  0.5214597E+03  0.5214597E+03
 -0.5214243E+00  0.5897454E+01 -0.6418879E+01  0.5395214E+03  0.5395214E+03
 -0.5672104E+00  0.5901214E+01 -0.6468424E+01  0.5485672E+03  0.5485672E+03
 -0.5970944E+00  0.5909496E+01 -0.6506591E+01  0.4985971E+03  0.4985971E+03
 -0.6269783E+00  0.5917779E+01 -0.6544758E+01  0.5346270E+03  0.5346270E+03
 -0.6568623E+00  0.5926062E+01 -0.6582924E+01  0.5686569E+03  0.5686569E+03
 -0.6550897E+00  0.5936965E+01 -0.6592055E+01  0.5236551E+03  0.5236551E+03
 -0.6216604E+00  0.5950490E+01 -0.6572150E+01  0.5286216E+03  0.5286216E+03
 -0.5882311E+00  0.5964014E+01 -0.6552245E+01  0.4985882E+03  0.4985882E+03
 -0.5548018E+00  0.5977538E+01 -0.6532340E+01  0.5345548E+03  0.5345548E+03
 -0.5485272E+00  0.5988724E+01 -0.6537251E+01  0.5395485E+03  0.5395485E+03
 -0.5694073E+00  0.5997572E+01 -0.6566979E+01  0.5555694E+03  0.5555694E+03
 -0.5902873E+00  0.6006420E+01 -0.6596707E+01  0.5575903E+03  0.5575903E+03
 -0.6111674E+00  0.6015268E+01 -0.6626435E+01  0.5086112E+03  0.5086112E+03
 -0.6471074E+00  0.6025758E+01 -0.6672866E+01  0.5396471E+03  0.5396471E+03
 -0.6981075E+00  0.6037891E+01 -0.6735999E+01  0.5596981E+03  0.5596981E+03
 -0.7491075E+00  0.6050025E+01 -0.6799132E+01  0.5867491E+03  0.5867491E+03
 -0.8001075E+00  0.6062158E+01 -0.6862265E+01  0.5878001E+03  0.5878001E+03
 -0.7647766E+00  0.6077428E+01 -0.6842205E+01  0.5287648E+03  0.5287648E+03
 -0.6431149E+00  0.6095836E+01 -0.6738951E+01  0.5406431E+03  0.5406431E+03
 -0.5214530E+00  0.6114244E+01 -0.6635697E+01  0.5185214E+03  0.5185214E+03
 -0.3997912E+00  0.6132652E+01 -0.6532443E+01  0.5203998E+03  0.5203998E+03
 -0.3758970E+00  0.6142273E+01 -0.6518170E+01  0.5173759E+03  0.5173759E+03
 -0.4497703E+00  0.6143107E+01 -0.6592877E+01  0.5474498E+03  0.5474498E+03
 -0.5236436E+00  0.6143941E+01 -0.6667585E+01  0.5355236E+03  0.5355236E+03
 -0.5975169E+00  0.6144775E+01 -0.6742292E+01  0.5345975E+03  0.5345975E+03
 -0.6245304E+00  0.6150692E+01 -0.6775223E+01  0.5916245E+03  0.5916245E+03
 -0.6046842E+00  0.6161693E+01 -0.6766377E+01  0.5296047E+03  0.5296047E+03
 -0.5848379E+00  0.6172692E+01 -0.6757530E+01  0.5585848E+03  0.5585848E+03
 -0.5649917E+00  0.6183692E+01 -0.6748684E+01  0.5515650E+03  0.5515650E+03
 -0.4986914E+00  0.6193748E+01 -0.6692440E+01  0.5384987E+03  0.5384987E+03
 -0.3859371E+00  0.6202861E+01 -0.6588798E+01  0.5283859E+03  0.5283859E+03
 -0.2731827E+00  0.6211974E+01 -0.6485156E+01  0.5272732E+03  0.5272732E+03
 -0.1604284E+00  0.6221086E+01 -0.6381514E+01  0.5051604E+03  0.5051604E+03
 -0.1130917E+00  0.6223096E+01 -0.6336188E+01  0.5301131E+03  0.5301131E+03
 -0.1311726E+00  0.6218006E+01 -0.6349178E+01  0.4781312E+03  0.4781312E+03
 -0.1492535E+00  0.6212914E+01 -0.6362168E+01  0.5211492E+03  0.5211492E+03
 -0.1673344E+00  0.6207823E+01 -0.6375157E+01  0.5301674E+03  0.5301674E+03
 -0.1569595E+00  0.6205428E+01 -0.6362387E+01  0.5231570E+03  0.5231570E+03
 -0.1181288E+00  0.6205728E+01 -0.6323857E+01  0.4821181E+03  0.4821181E+03
 -0.7929813E-01  0.6206029E+01 -0.6285327E+01  0.5010793E+03  0.5010793E+03
 -0.4046745E-01  0.6206329E+01 -0.6246797E+01  0.5130405E+03  0.5130405E+03
 -0.2105211E-01  0.6205141E+01 -0.6202523E+01  0.5130211E+03  0.5130211E+03
 -0.2105211E-01  0.6202462E+01 -0.6152504E+01  0.4770211E+03  0.4770211E+03
  0.1683066E+00  0.6199784E+01 -0.6102487E+01  0.4798317E+03  0.4798317E+03
  0.1683066E+00  0.6197106E+01 -0.6052469E+01  0.4988317E+03  0.4988317E+03
  0.1610100E+00  0.6191909E+01 -0.6030899E+01  0.4778390E+03  0.4778390E+03
  0.1464168E+00  0.6184194E+01 -0.6037777E+01  0.4728536E+03  0.4728536E+03
  0.1318235E+00  0.6176478E+01 -0.6044654E+01  0.4938682E+03  0.4938682E+03
  0.1172303E+00  0.6168763E+01 -0.6051532E+01  0.4548828E+03  0.4548828E+03
  0.1018355E+00  0.6163216E+01 -0.6061380E+01  0.4888982E+03  0.4888982E+03
  0.8563916E-01  0.6159837E+01 -0.6074197E+01  0.4979144E+03  0.4979144E+03
  0.6944285E-01  0.6156457E+01 -0.6087015E+01  0.4819305E+03  0.4819305E+03
  0.5324655E-01  0.6153079E+01 -0.6099832E+01  0.4649467E+03  0.4649467E+03
  0.7433732E-01  0.6151600E+01 -0.6077262E+01  0.4929257E+03  0.4929257E+03
  0.1327152E+00  0.6152021E+01 -0.6019306E+01  0.5108673E+03  0.5108673E+03
  0.1910931E+00  0.6152442E+01 -0.5961349E+01  0.4248089E+03  0.4248089E+03
  0.2494709E+00  0.6152864E+01 -0.5903393E+01  0.4997505E+03  0.4997505E+03
  0.2655974E+00  0.6149900E+01 -0.5884303E+01  0.4807344E+03  0.4807344E+03
  0.2394725E+00  0.6143551E+01 -0.5904079E+01  0.4697605E+03  0.4697605E+03
  0.2133476E+00  0.6137203E+01 -0.5923855E+01  0.4747867E+03  0.4747867E+03
  0.1872227E+00  0.6130854E+01 -0.5943631E+01  0.4508128E+03  0.4508128E+03
  0.2345656E+00  0.6127099E+01 -0.5892533E+01  0.4897654E+03  0.4897654E+03
  0.3553762E+00  0.6125937E+01 -0.5770561E+01  0.4836446E+03  0.4836446E+03
  0.4761868E+00  0.6124776E+01 -0.5648589E+01  0.4445238E+03  0.4445238E+03
  0.5969974E+00  0.6123615E+01 -0.5526617E+01  0.4294030E+03  0.4294030E+03
  0.6085789E+00  0.6115128E+01 -0.5506549E+01  0.4373914E+03  0.4373914E+03
  0.5109313E+00  0.6099317E+01 -0.5588385E+01  0.4294891E+03  0.4294891E+03
  0.4132837E+00  0.6083505E+01 -0.5670221E+01  0.4885867E+03  0.4885867E+03
  0.3156361E+00  0.6067694E+01 -0.5752058E+01  0.4396844E+03  0.4396844E+03
  0.2727355E+00  0.6059379E+01 -0.5786643E+01  0.4387273E+03  0.4387273E+03
  0.2845818E+00  0.6058560E+01 -0.5773979E+01  0.4707154E+03  0.4707154E+03
  0.2964280E+00  0.6057742E+01 -0.5761314E+01  0.4697036E+03  0.4697036E+03
  0.3082743E+00  0.6056924E+01 -0.5748650E+01  0.4586917E+03  0.4586917E+03
  0.2990565E+00  0.6055708E+01 -0.5756652E+01  0.4377010E+03  0.4377010E+03
  0.2687746E+00  0.6054096E+01 -0.5785321E+01  0.4527312E+03  0.4527312E+03
  0.2384927E+00  0.6052484E+01 -0.5813991E+01  0.4567615E+03  0.4567615E+03
  0.2082108E+00  0.6050871E+01 -0.5842660E+01  0.4657918E+03  0.4657918E+03
  0.1837211E+00  0.6051091E+01 -0.5867370E+01  0.4638163E+03  0.4638163E+03
  0.1650237E+00  0.6053143E+01 -0.5888119E+01  0.4678350E+03  0.4678350E+03
  0.1463263E+00  0.6055195E+01 -0.5908869E+01  0.4258537E+03  0.4258537E+03
  0.1276290E+00  0.6057247E+01 -0.5929618E+01  0.4538724E+03  0.4538724E+03
  0.1203172E+00  0.6060337E+01 -0.5940020E+01  0.4928797E+03  0.4928797E+03
  0.1243909E+00  0.6064464E+01 -0.5940073E+01  0.5068756E+03  0.5068756E+03
  0.1284647E+00  0.6068591E+01 -0.5940126E+01  0.4728715E+03  0.4728715E+03
  0.1325385E+00  0.6072718E+01 -0.5940179E+01  0.4628675E+03  0.4628675E+03
  0.1465107E+00  0.6076321E+01 -0.5929811E+01  0.4868535E+03  0.4868535E+03
  0.1703814E+00  0.6079402E+01 -0.5909021E+01  0.4558296E+03  0.4558296E+03
  0.1942522E+00  0.6082483E+01 -0.5888231E+01  0.4858058E+03  0.4858058E+03
  0.2181229E+00  0.6085564E+01 -0.5867441E+01  0.4147819E+03  0.4147819E+03
  0.2300582E+00  0.6086810E+01 -0.5913147E+01  0.4767699E+03  0.4767699E+03
  0.2300582E+00  0.6086222E+01 -0.6025349E+01  0.4737699E+03  0.4737699E+03
 -0.2211028E+00  0.6085633E+01 -0.6137551E+01  0.4692211E+03  0.4692211E+03
 -0.2211028E+00  0.6085045E+01 -0.6249753E+01  0.4902211E+03  0.4902211E+03
 -0.2211028E+00  0.6091695E+01 -0.6277005E+01  0.5392211E+03  0.5392211E+03
 -0.2211028E+00  0.6105585E+01 -0.6219308E+01  0.4872211E+03  0.4872211E+03
  0.6524221E-01  0.6119474E+01 -0.6161612E+01  0.4549348E+03  0.4549348E+03
  0.6524221E-01  0.6133364E+01 -0.6103915E+01  0.4689348E+03  0.4689348E+03
  0.5860807E-01  0.6141572E+01 -0.6082964E+01  0.4819414E+03  0.4819414E+03
  0.4533978E-01  0.6144099E+01 -0.6098760E+01  0.5059547E+03  0.5059547E+03
  0.3207149E-01  0.6146626E+01 -0.6114555E+01  0.4539679E+03  0.4539679E+03
  0.1880321E-01  0.6149153E+01 -0.6130350E+01  0.4709812E+03  0.4709812E+03
  0.1216907E-01  0.6151961E+01 -0.6152145E+01  0.4909878E+03  0.4909878E+03
  0.1216907E-01  0.6155049E+01 -0.6179940E+01  0.5139879E+03  0.5139879E+03
 -0.8665654E-01  0.6158138E+01 -0.6207735E+01  0.4580867E+03  0.4580867E+03
 -0.8665654E-01  0.6161226E+01 -0.6235529E+01  0.5080867E+03  0.5080867E+03
 -0.8574405E-01  0.6165947E+01 -0.6251692E+01  0.4990858E+03  0.4990858E+03
 -0.8391907E-01  0.6172303E+01 -0.6256222E+01  0.4990839E+03  0.4990839E+03
 -0.8209410E-01  0.6178657E+01 -0.6260751E+01  0.4860821E+03  0.4860821E+03
 -0.8026911E-01  0.6185012E+01 -0.6265281E+01  0.4900803E+03  0.4900803E+03
 -0.7935663E-01  0.6190837E+01 -0.6258088E+01  0.5150793E+03  0.5150793E+03
 -0.7935663E-01  0.6196132E+01 -0.6239171E+01  0.4780793E+03  0.4780793E+03
  0.1749275E-01  0.6201428E+01 -0.6220253E+01  0.4969825E+03  0.4969825E+03
  0.1749275E-01  0.6206723E+01 -0.6201336E+01  0.4779825E+03  0.4779825E+03
  0.4425108E-01  0.6209512E+01 -0.6165261E+01  0.4789557E+03  0.4789557E+03
  0.9776774E-01  0.6209794E+01 -0.6112027E+01  0.4839022E+03  0.4839022E+03
  0.1512844E+00  0.6210077E+01 -0.6058792E+01  0.4788487E+03  0.4788487E+03
  0.2048011E+00  0.6210359E+01 -0.6005558E+01  0.4497952E+03  0.4497952E+03
  0.2124786E+00  0.6207165E+01 -0.5994687E+01  0.4777875E+03  0.4777875E+03
  0.1743169E+00  0.6200494E+01 -0.6026178E+01  0.4618257E+03  0.4618257E+03
  0.1361553E+00  0.6193824E+01 -0.6057669E+01  0.4788638E+03  0.4788638E+03
  0.9799366E-01  0.6187153E+01 -0.6089160E+01  0.4739020E+03  0.4739020E+03
  0.7891285E-01  0.6183803E+01 -0.6114821E+01  0.4969211E+03  0.4969211E+03
  0.7891285E-01  0.6183772E+01 -0.6134653E+01  0.4569211E+03  0.4569211E+03
 -0.5378291E-03  0.6183741E+01 -0.6154484E+01  0.4700005E+03  0.4700005E+03
 -0.5378291E-03  0.6183710E+01 -0.6174316E+01  0.5020005E+03  0.5020005E+03
 -0.1460254E-01  0.6185248E+01 -0.6199851E+01  0.4860146E+03  0.4860146E+03
 -0.4273197E-01  0.6188355E+01 -0.6231088E+01  0.4730427E+03  0.4730427E+03
 -0.7086140E-01  0.6191463E+01 -0.6262325E+01  0.4840709E+03  0.4840709E+03
 -0.9899084E-01  0.6194571E+01 -0.6293562E+01  0.5280990E+03  0.5280990E+03
 -0.1289531E+00  0.6199336E+01 -0.6328289E+01  0.4871290E+03  0.4871290E+03
 -0.1607482E+00  0.6205758E+01 -0.6366506E+01  0.4701607E+03  0.4701607E+03
 -0.1925433E+00  0.6212180E+01 -0.6404723E+01  0.5501926E+03  0.5501926E+03
 -0.2243385E+00  0.6218602E+01 -0.6442940E+01  0.4772243E+03  0.4772243E+03
 -0.2331202E+00  0.6226692E+01 -0.6459812E+01  0.5032331E+03  0.5032331E+03
 -0.2188885E+00  0.6236452E+01 -0.6455340E+01  0.4862189E+03  0.4862189E+03
 -0.2046568E+00  0.6246211E+01 -0.6450867E+01  0.5082047E+03  0.5082047E+03
 -0.1904251E+00  0.6255970E+01 -0.6446395E+01  0.4641904E+03  0.4641904E+03
 -0.2027958E+00  0.6263701E+01 -0.6466497E+01  0.5312028E+03  0.5312028E+03
 -0.2417689E+00  0.6269405E+01 -0.6511174E+01  0.5012418E+03  0.5012418E+03
 -0.2807420E+00  0.6275109E+01 -0.6555851E+01  0.5402808E+03  0.5402808E+03
 -0.3197151E+00  0.6280813E+01 -0.6600528E+01  0.4913197E+03  0.4913197E+03
 -0.3392017E+00  0.6288636E+01 -0.6579702E+01  0.5053392E+03  0.5053392E+03
 -0.3392017E+00  0.6298579E+01 -0.6493373E+01  0.5213392E+03  0.5213392E+03
  0.4588486E-01  0.6308521E+01 -0.6407043E+01  0.4679541E+03  0.4679541E+03
  0.4588486E-01  0.6318464E+01 -0.6320714E+01  0.4549541E+03  0.4549541E+03
  0.4588486E-01  0.6321498E+01 -0.6320323E+01  0.4959541E+03  0.4959541E+03
  0.4588486E-01  0.6317624E+01 -0.6405867E+01  0.5299541E+03  0.5299541E+03
 -0.3117916E+00  0.6313750E+01 -0.6491413E+01  0.5033118E+03  0.5033118E+03
 -0.3117916E+00  0.6309875E+01 -0.6576957E+01  0.5223118E+03  0.5223118E+03
 -0.3117916E+00  0.6312573E+01 -0.6563370E+01  0.5513118E+03  0.5513118E+03
 -0.3117916E+00  0.6321842E+01 -0.6450651E+01  0.4783118E+03  0.4783118E+03
  0.1761623E+00  0.6331111E+01 -0.6337932E+01  0.4768239E+03  0.4768239E+03
  0.1761623E+00  0.6340380E+01 -0.6225212E+01  0.4568239E+03  0.4568239E+03
  0.1761623E+00  0.6341671E+01 -0.6203217E+01  0.4718239E+03  0.4718239E+03
  0.1761623E+00  0.6334982E+01 -0.6271945E+01  0.5068239E+03  0.5068239E+03
 -0.1255053E+00  0.6328294E+01 -0.6340674E+01  0.5211255E+03  0.5211255E+03
 -0.1255053E+00  0.6321605E+01 -0.6409402E+01  0.4911255E+03  0.4911255E+03
 -0.1241272E+00  0.6320715E+01 -0.6444842E+01  0.4621241E+03  0.4621241E+03
 -0.1213710E+00  0.6325623E+01 -0.6446994E+01  0.5231214E+03  0.5231214E+03
 -0.1186148E+00  0.6330530E+01 -0.6449145E+01  0.5061186E+03  0.5061186E+03
 -0.1158586E+00  0.6335438E+01 -0.6451296E+01  0.5011158E+03  0.5011158E+03
 -0.1144806E+00  0.6340314E+01 -0.6436669E+01  0.4861145E+03  0.4861145E+03
 -0.1144806E+00  0.6345160E+01 -0.6405263E+01  0.5011145E+03  0.5011145E+03
  0.3052384E-01  0.6350005E+01 -0.6373857E+01  0.4799695E+03  0.4799695E+03
  0.3052384E-01  0.6354850E+01 -0.6342452E+01  0.4839695E+03  0.4839695E+03
  0.8098241E-01  0.6356997E+01 -0.6276015E+01  0.5099190E+03  0.5099190E+03
  0.1818996E+00  0.6356447E+01 -0.6174547E+01  0.4788181E+03  0.4788181E+03
  0.2828167E+00  0.6355896E+01 -0.6073079E+01  0.5187172E+03  0.5187172E+03
  0.3837339E+00  0.6355345E+01 -0.5971611E+01  0.4346163E+03  0.4346163E+03
  0.4789204E+00  0.6348577E+01 -0.5869657E+01  0.4575211E+03  0.4575211E+03
  0.5683764E+00  0.6335592E+01 -0.5767216E+01  0.4144316E+03  0.4144316E+03
  0.6578323E+00  0.6322607E+01 -0.5664774E+01  0.4363422E+03  0.4363422E+03
  0.7472883E+00  0.6309622E+01 -0.5562334E+01  0.4372527E+03  0.4372527E+03
  0.7998635E+00  0.6292470E+01 -0.5492607E+01  0.4112001E+03  0.4112001E+03
  0.8155578E+00  0.6271152E+01 -0.5455594E+01  0.4121844E+03  0.4121844E+03
  0.8312522E+00  0.6249833E+01 -0.5418581E+01  0.4351688E+03  0.4351688E+03
  0.8469464E+00  0.6228515E+01 -0.5381568E+01  0.4271530E+03  0.4271530E+03
  0.8604446E+00  0.6208521E+01 -0.5348077E+01  0.4021396E+03  0.4021396E+03
  0.8717466E+00  0.6189854E+01 -0.5318107E+01  0.3851283E+03  0.3851283E+03
  0.8830487E+00  0.6171186E+01 -0.5288138E+01  0.3891169E+03  0.3891169E+03
  0.8943506E+00  0.6152519E+01 -0.5258168E+01  0.3851057E+03  0.3851057E+03
  0.8745062E+00  0.6134905E+01 -0.5260399E+01  0.4181255E+03  0.4181255E+03
  0.8235153E+00  0.6118347E+01 -0.5294832E+01  0.4171765E+03  0.4171765E+03
  0.7725244E+00  0.6101789E+01 -0.5329264E+01  0.4472275E+03  0.4472275E+03
  0.7215335E+00  0.6085230E+01 -0.5363697E+01  0.3732785E+03  0.3732785E+03
  0.6565154E+00  0.6073330E+01 -0.5416815E+01  0.3973435E+03  0.3973435E+03
  0.5774702E+00  0.6066089E+01 -0.5488619E+01  0.4324225E+03  0.4324225E+03
  0.4984251E+00  0.6058848E+01 -0.5560423E+01  0.4455016E+03  0.4455016E+03
  0.4193799E+00  0.6051607E+01 -0.5632227E+01  0.4455806E+03  0.4455806E+03
  0.4387635E+00  0.6049831E+01 -0.5611067E+01  0.4505612E+03  0.4505612E+03
  0.5565757E+00  0.6053519E+01 -0.5496943E+01  0.3964434E+03  0.3964434E+03
  0.6743880E+00  0.6057208E+01 -0.5382819E+01  0.4173256E+03  0.4173256E+03
  0.7922003E+00  0.6060895E+01 -0.5268695E+01  0.3992078E+03  0.3992078E+03
  0.9609357E+00  0.6055929E+01 -0.5094993E+01  0.3880391E+03  0.3880391E+03
  0.1180594E+01  0.6042307E+01 -0.4861712E+01  0.3908194E+03  0.3908194E+03
  0.1400253E+01  0.6028685E+01 -0.4628432E+01  0.3365998E+03  0.3365998E+03
  0.1619912E+01  0.6015063E+01 -0.4395151E+01  0.3403801E+03  0.3403801E+03
  0.1853474E+01  0.5987492E+01 -0.4134018E+01  0.3251465E+03  0.3251465E+03
  0.2100939E+01  0.5945971E+01 -0.3845032E+01  0.3028990E+03  0.3028990E+03
  0.2348405E+01  0.5904451E+01 -0.3556046E+01  0.2896516E+03  0.2896516E+03
  0.2595870E+01  0.5862930E+01 -0.3267061E+01  0.2504041E+03  0.2504041E+03
  0.2770093E+01  0.5808809E+01 -0.3038716E+01  0.2122299E+03  0.2122299E+03
  0.2871074E+01  0.5742086E+01 -0.2871012E+01  0.1941289E+03  0.1941289E+03
  0.2972055E+01  0.5675364E+01 -0.2703309E+01  0.2000279E+03  0.2000279E+03
  0.3073036E+01  0.5608641E+01 -0.2535605E+01  0.1769270E+03  0.1769270E+03
  0.3123618E+01  0.5541319E+01 -0.2417700E+01  0.1898764E+03  0.1898764E+03
  0.3123803E+01  0.5473397E+01 -0.2349594E+01  0.1708762E+03  0.1708762E+03
  0.3123987E+01  0.5405475E+01 -0.2281488E+01  0.1858760E+03  0.1858760E+03
  0.3124171E+01  0.5337553E+01 -0.2213382E+01  0.1578758E+03  0.1578758E+03
  0.3102954E+01  0.5275520E+01 -0.2172566E+01  0.1438970E+03  0.1438970E+03
  0.3060334E+01  0.5219375E+01 -0.2159041E+01  0.1659397E+03  0.1659397E+03
  0.3017715E+01  0.5163231E+01 -0.2145516E+01  0.1659823E+03  0.1659823E+03
  0.2975095E+01  0.5107086E+01 -0.2131991E+01  0.1440249E+03  0.1440249E+03
  0.2926094E+01  0.5057659E+01 -0.2131564E+01  0.1610739E+03  0.1610739E+03
  0.2870713E+01  0.5014948E+01 -0.2144236E+01  0.1661293E+03  0.1661293E+03
  0.2815332E+01  0.4972239E+01 -0.2156907E+01  0.1781847E+03  0.1781847E+03
  0.2759950E+01  0.4929528E+01 -0.2169578E+01  0.1532401E+03  0.1532401E+03
  0.2717070E+01  0.4892247E+01 -0.2175177E+01  0.1602829E+03  0.1602829E+03
  0.2686689E+01  0.4860393E+01 -0.2173704E+01  0.1613133E+03  0.1613133E+03
  0.2656309E+01  0.4828540E+01 -0.2172231E+01  0.1683437E+03  0.1683437E+03
  0.2625929E+01  0.4796687E+01 -0.2170758E+01  0.1503741E+03  0.1503741E+03
  0.2599988E+01  0.4767254E+01 -0.2167266E+01  0.1824000E+03  0.1824000E+03
  0.2578487E+01  0.4740241E+01 -0.2161754E+01  0.1504215E+03  0.1504215E+03
  0.2556985E+01  0.4713228E+01 -0.2156242E+01  0.1624430E+03  0.1624430E+03
  0.2535484E+01  0.4686214E+01 -0.2150731E+01  0.1594645E+03  0.1594645E+03
  0.2525258E+01  0.4660279E+01 -0.2135021E+01  0.1594747E+03  0.1594747E+03
  0.2526307E+01  0.4635421E+01 -0.2109114E+01  0.1634737E+03  0.1634737E+03
  0.2527356E+01  0.4610564E+01 -0.2083207E+01  0.1594726E+03  0.1594726E+03
  0.2528406E+01  0.4585706E+01 -0.2057300E+01  0.1514716E+03  0.1514716E+03
  0.2516673E+01  0.4560388E+01 -0.2043715E+01  0.1634833E+03  0.1634833E+03
  0.2492158E+01  0.4534609E+01 -0.2042451E+01  0.1375078E+03  0.1375078E+03
  0.2467643E+01  0.4508831E+01 -0.2041188E+01  0.1645324E+03  0.1645324E+03
  0.2443128E+01  0.4483052E+01 -0.2039925E+01  0.1455569E+03  0.1455569E+03
  0.2419979E+01  0.4458585E+01 -0.2038606E+01  0.1435800E+03  0.1435800E+03
  0.2398196E+01  0.4435428E+01 -0.2037232E+01  0.1566018E+03  0.1566018E+03
  0.2376414E+01  0.4412272E+01 -0.2035858E+01  0.1466236E+03  0.1466236E+03
  0.2354631E+01  0.4389115E+01 -0.2034484E+01  0.1386454E+03  0.1386454E+03
  0.2333077E+01  0.4367050E+01 -0.2033973E+01  0.1686669E+03  0.1686669E+03
  0.2311753E+01  0.4346076E+01 -0.2034324E+01  0.1546882E+03  0.1546882E+03
  0.2290427E+01  0.4325103E+01 -0.2034675E+01  0.1457096E+03  0.1457096E+03
  0.2269103E+01  0.4304129E+01 -0.2035027E+01  0.1417309E+03  0.1417309E+03
  0.2245816E+01  0.4284041E+01 -0.2038226E+01  0.1557542E+03  0.1557542E+03
  0.2220567E+01  0.4264840E+01 -0.2044274E+01  0.1657794E+03  0.1657794E+03
  0.2195317E+01  0.4245639E+01 -0.2050322E+01  0.1618047E+03  0.1618047E+03
  0.2170068E+01  0.4226438E+01 -0.2056370E+01  0.1598299E+03  0.1598299E+03
  0.2158961E+01  0.4208025E+01 -0.2049065E+01  0.1528410E+03  0.1528410E+03
  0.2161994E+01  0.4190400E+01 -0.2028406E+01  0.1418380E+03  0.1418380E+03
  0.2165027E+01  0.4172776E+01 -0.2007748E+01  0.1638350E+03  0.1638350E+03
  0.2168061E+01  0.4155151E+01 -0.1987090E+01  0.1388319E+03  0.1388319E+03
  0.2176539E+01  0.4136258E+01 -0.1959719E+01  0.1478235E+03  0.1478235E+03
  0.2190462E+01  0.4116097E+01 -0.1925635E+01  0.1398095E+03  0.1398095E+03
  0.2204385E+01  0.4095937E+01 -0.1891552E+01  0.1287956E+03  0.1287956E+03
  0.2218308E+01  0.4075776E+01 -0.1857468E+01  0.1327817E+03  0.1327817E+03
  0.2235164E+01  0.4053854E+01 -0.1818690E+01  0.1377648E+03  0.1377648E+03
  0.2254951E+01  0.4030169E+01 -0.1775218E+01  0.1487451E+03  0.1487451E+03
  0.2274739E+01  0.4006485E+01 -0.1731746E+01  0.1327253E+03  0.1327253E+03
  0.2294526E+01  0.3982801E+01 -0.1688275E+01  0.1157055E+03  0.1157055E+03
  0.2361267E+01  0.3957616E+01 -0.1596348E+01  0.1246387E+03  0.1246387E+03
  0.2474962E+01  0.3930929E+01 -0.1455968E+01  0.1215250E+03  0.1215250E+03
  0.2588656E+01  0.3904243E+01 -0.1315587E+01  0.9041135E+02  0.9041135E+02
  0.2702351E+01  0.3877557E+01 -0.1175206E+01  0.1032976E+03  0.1032976E+03
  0.2816435E+01  0.3843737E+01 -0.1027302E+01  0.6418356E+02  0.6418356E+02
  0.2930909E+01  0.3802785E+01 -0.8718758E+00  0.6506909E+02  0.6506909E+02
  0.3045383E+01  0.3761832E+01 -0.7164491E+00  0.5195462E+02  0.5195462E+02
  0.3159857E+01  0.3720880E+01 -0.5610224E+00  0.4084014E+02  0.4084014E+02
  0.3231276E+01  0.3674043E+01 -0.4427668E+00  0.1576872E+02  0.1576872E+02
  0.3259640E+01  0.3621322E+01 -0.3616824E+00  0.2474036E+02  0.2474036E+02
  0.3288003E+01  0.3568601E+01 -0.2805979E+00  0.1671200E+02  0.1671200E+02
  0.3316367E+01  0.3515880E+01 -0.1995135E+00  0.1268363E+02  0.1268363E+02
  0.3319146E+01  0.3464051E+01 -0.1449046E+00  0.6808536E+00  0.6808536E+00
  0.3296342E+01  0.3413114E+01 -0.1167714E+00  0.4703658E+01  0.4703658E+01
  0.3273538E+01  0.3362176E+01 -0.8863822E-01 -0.2735381E+00  0.0000000E+00
  0.3250734E+01  0.3311239E+01 -0.6050502E-01  0.3749266E+01  0.3749266E+01
  0.3216138E+01  0.3263828E+01 -0.4768989E-01 -0.2161381E+00  0.0000000E+00
  0.3169751E+01  0.3219944E+01 -0.5019283E-01 -0.2169751E+01  0.0000000E+00
  0.3123364E+01  0.3176060E+01 -0.5269577E-01 -0.1233642E+00  0.0000000E+00
  0.3076977E+01  0.3132176E+01 -0.5519871E-01  0.2923023E+01  0.2923023E+01
  0.3037512E+01  0.3091890E+01 -0.5437753E-01 -0.2037512E+01  0.0000000E+00
  0.3004970E+01  0.3055202E+01 -0.5023222E-01  0.3995030E+01  0.3995030E+01
  0.2972427E+01  0.3018514E+01 -0.4608691E-01  0.2757335E-01  0.2757335E-01
  0.2939884E+01  0.2981826E+01 -0.4194161E-01  0.1060116E+01  0.1060116E+01
  0.2909009E+01  0.2946803E+01 -0.3779394E-01  0.9099126E-01  0.9099126E-01
  0.2879801E+01  0.2913445E+01 -0.3364391E-01 -0.8798008E+00  0.0000000E+00
  0.2850593E+01  0.2880087E+01 -0.2949388E-01 -0.1850593E+01  0.0000000E+00
  0.2821385E+01  0.2846729E+01 -0.2534384E-01 -0.1821385E+01  0.0000000E+00
  0.2791078E+01  0.2814765E+01 -0.2368693E-01 -0.7910779E+00  0.0000000E+00
  0.2759671E+01  0.2784194E+01 -0.2452313E-01  0.2403288E+00  0.2403288E+00
  0.2728265E+01  0.2753624E+01 -0.2535933E-01 -0.7282646E+00  0.0000000E+00
  0.2696858E+01  0.2723054E+01 -0.2619554E-01 -0.1696858E+01  0.0000000E+00
  0.2666468E+01  0.2694331E+01 -0.2786289E-01 -0.6664679E+00  0.0000000E+00
  0.2637094E+01  0.2667455E+01 -0.3036140E-01  0.3629060E+00  0.3629060E+00
  0.2607720E+01  0.2640580E+01 -0.3285991E-01 -0.1607720E+01  0.0000000E+00
  0.2578346E+01  0.2613705E+01 -0.3535842E-01  0.2421654E+01  0.2421654E+01
  0.2553231E+01  0.2588596E+01 -0.3536479E-01 -0.5532315E+00  0.0000000E+00
  0.2532376E+01  0.2565255E+01 -0.3287904E-01  0.4676244E+00  0.4676244E+00
  0.2511519E+01  0.2541913E+01 -0.3039328E-01 -0.5115194E+00  0.0000000E+00
  0.2490664E+01  0.2518571E+01 -0.2790752E-01 -0.4906635E+00  0.0000000E+00
  0.2469628E+01  0.2496296E+01 -0.2666751E-01 -0.1469628E+01  0.0000000E+00
  0.2448413E+01  0.2475086E+01 -0.2667326E-01  0.5515873E+00  0.5515873E+00
  0.2427198E+01  0.2453877E+01 -0.2667901E-01 -0.1427198E+01  0.0000000E+00
  0.2405982E+01  0.2432667E+01 -0.2668476E-01  0.1594018E+01  0.1594018E+01
  0.2387317E+01  0.2412338E+01 -0.2502092E-01 -0.1387317E+01  0.0000000E+00
  0.2371203E+01  0.2392890E+01 -0.2168749E-01 -0.3712027E+00  0.0000000E+00
  0.2355088E+01  0.2373442E+01 -0.1835405E-01  0.6449120E+00  0.6449120E+00
  0.2338973E+01  0.2353994E+01 -0.1502062E-01 -0.2338973E+01  0.0000000E+00
  0.2320336E+01  0.2334944E+01 -0.1460765E-01 -0.2320336E+01  0.0000000E+00
  0.2299176E+01  0.2316291E+01 -0.1711515E-01 -0.1299176E+01  0.0000000E+00
  0.2278016E+01  0.2297639E+01 -0.1962266E-01 -0.2278016E+01  0.0000000E+00
  0.2256856E+01  0.2278986E+01 -0.2213016E-01  0.7431438E+00  0.7431438E+00
  0.2236745E+01  0.2260967E+01 -0.2422129E-01 -0.1236745E+01  0.0000000E+00
  0.2217684E+01  0.2243580E+01 -0.2589605E-01  0.7823162E+00  0.7823162E+00
  0.2198622E+01  0.2226193E+01 -0.2757081E-01  0.1801378E+01  0.1801378E+01
  0.2179561E+01  0.2208806E+01 -0.2924556E-01 -0.1179561E+01  0.0000000E+00
  0.2161821E+01  0.2191907E+01 -0.3008560E-01 -0.1618214E+00  0.0000000E+00
  0.2145405E+01  0.2175495E+01 -0.3009091E-01 -0.1454046E+00  0.0000000E+00
  0.2128988E+01  0.2159084E+01 -0.3009622E-01 -0.1128988E+01  0.0000000E+00
  0.2112571E+01  0.2142672E+01 -0.3010153E-01  0.2887429E+01  0.2887429E+01
  0.2097723E+01  0.2126576E+01 -0.2885335E-01  0.9022772E+00  0.9022772E+00
  0.2084444E+01  0.2110795E+01 -0.2635167E-01 -0.2084444E+01  0.0000000E+00
  0.2071165E+01  0.2095015E+01 -0.2384999E-01 -0.1071165E+01  0.0000000E+00
  0.2057886E+01  0.2079234E+01 -0.2134832E-01 -0.5788612E-01  0.0000000E+00
  0.2042229E+01  0.2063586E+01 -0.2135701E-01 -0.1042229E+01  0.0000000E+00
  0.2024194E+01  0.2048070E+01 -0.2387608E-01 -0.2419376E-01  0.0000000E+00
  0.2006159E+01  0.2032554E+01 -0.2639515E-01  0.2993841E+01  0.2993841E+01
  0.1988123E+01  0.2017037E+01 -0.2891422E-01  0.1011877E+01  0.1011877E+01
  0.1974734E+01  0.2001974E+01 -0.2724064E-01 -0.9747339E+00  0.0000000E+00
  0.1965990E+01  0.1987365E+01 -0.2137442E-01 -0.1965990E+01  0.0000000E+00
  0.1957247E+01  0.1972755E+01 -0.1550819E-01  0.4275334E-01  0.4275334E-01
  0.1948503E+01  0.1958145E+01 -0.9641971E-02 -0.1948503E+01  0.0000000E+00
  0.1936166E+01  0.1943295E+01 -0.7128708E-02 -0.1936166E+01  0.0000000E+00
  0.1920236E+01  0.1928205E+01 -0.7968402E-02 -0.1920236E+01  0.0000000E+00
  0.1904306E+01  0.1913114E+01 -0.8808098E-02 -0.9043063E+00  0.0000000E+00
  0.1888376E+01  0.1898024E+01 -0.9647793E-02 -0.1888376E+01  0.0000000E+00
  0.1871352E+01  0.1883100E+01 -0.1174776E-01 -0.8713518E+00  0.0000000E+00
  0.1853233E+01  0.1868341E+01 -0.1510798E-01 -0.8532327E+00  0.0000000E+00
  0.1835114E+01  0.1853582E+01 -0.1846821E-01  0.1164886E+01  0.1164886E+01
  0.1816995E+01  0.1838823E+01 -0.2182844E-01  0.1830052E+00  0.1830052E+00
  0.1800837E+01  0.1824348E+01 -0.2351142E-01 -0.8008366E+00  0.0000000E+00
  0.1786639E+01  0.1810156E+01 -0.2351714E-01 -0.7866390E+00  0.0000000E+00
  0.1772441E+01  0.1795964E+01 -0.2352287E-01 -0.7724413E+00  0.0000000E+00
  0.1758244E+01  0.1781772E+01 -0.2352860E-01 -0.7582437E+00  0.0000000E+00
  0.1745603E+01  0.1767455E+01 -0.2185182E-01  0.2543966E+00  0.2543966E+00
  0.1734521E+01  0.1753013E+01 -0.1849253E-01  0.1265479E+01  0.1265479E+01
  0.1723438E+01  0.1738571E+01 -0.1513324E-01  0.2765621E+00  0.2765621E+00
  0.1712355E+01  0.1724129E+01 -0.1177395E-01 -0.1712355E+01  0.0000000E+00
  0.1699732E+01  0.1709406E+01 -0.9674481E-02 -0.6997321E+00  0.0000000E+00
  0.1685569E+01  0.1694404E+01 -0.8834830E-02 -0.1685569E+01  0.0000000E+00
  0.1671405E+01  0.1679401E+01 -0.7995179E-02 -0.6714054E+00  0.0000000E+00
  0.1657242E+01  0.1664398E+01 -0.7155529E-02 -0.1657242E+01  0.0000000E+00
  0.1641248E+01  0.1649668E+01 -0.8420291E-02 -0.6412480E+00  0.0000000E+00
  0.1623423E+01  0.1635212E+01 -0.1178947E-01 -0.1623423E+01  0.0000000E+00
  0.1605598E+01  0.1620757E+01 -0.1515864E-01  0.1394402E+01  0.1394402E+01
  0.1587773E+01  0.1606301E+01 -0.1852782E-01 -0.1587773E+01  0.0000000E+00
  0.1572825E+01  0.1592618E+01 -0.1979310E-01 -0.5728252E+00  0.0000000E+00
  0.1560754E+01  0.1579709E+01 -0.1895448E-01  0.4392458E+00  0.4392458E+00
  0.1548683E+01  0.1566799E+01 -0.1811585E-01 -0.1548683E+01  0.0000000E+00
  0.1536612E+01  0.1553890E+01 -0.1727723E-01 -0.5366122E+00  0.0000000E+00
  0.1524570E+01  0.1541429E+01 -0.1685924E-01  0.1475430E+01  0.1475430E+01
  0.1512557E+01  0.1529419E+01 -0.1686186E-01 -0.5125568E+00  0.0000000E+00
  0.1500543E+01  0.1517408E+01 -0.1686449E-01  0.4994565E+00  0.4994565E+00
  0.1488530E+01  0.1505397E+01 -0.1686712E-01 -0.4885302E+00  0.0000000E+00
  0.1476485E+01  0.1493778E+01 -0.1729224E-01 -0.1476485E+01  0.0000000E+00
  0.1464409E+01  0.1482549E+01 -0.1813985E-01  0.5355908E+00  0.5355908E+00
  0.1452333E+01  0.1471320E+01 -0.1898747E-01  0.1547667E+01  0.1547667E+01
  0.1440257E+01  0.1460092E+01 -0.1983508E-01  0.5597433E+00  0.5597433E+00
  0.1429361E+01  0.1449199E+01 -0.1983883E-01 -0.4293605E+00  0.0000000E+00
  0.1419645E+01  0.1438643E+01 -0.1899871E-01 -0.1419645E+01  0.0000000E+00
  0.1409929E+01  0.1428087E+01 -0.1815860E-01 -0.4099287E+00  0.0000000E+00
  0.1400213E+01  0.1417531E+01 -0.1731848E-01 -0.4002129E+00  0.0000000E+00
  0.1390214E+01  0.1407114E+01 -0.1690024E-01 -0.3902142E+00  0.0000000E+00
  0.1379933E+01  0.1396837E+01 -0.1690385E-01  0.6200671E+00  0.6200671E+00
  0.1369652E+01  0.1386559E+01 -0.1690747E-01  0.6303484E+00  0.6303484E+00
  0.1359370E+01  0.1376281E+01 -0.1691109E-01 -0.1359370E+01  0.0000000E+00
  0.1349692E+01  0.1366183E+01 -0.1649115E-01  0.6503081E+00  0.6503081E+00
  0.1340616E+01  0.1356264E+01 -0.1564764E-01 -0.3406165E+00  0.0000000E+00
  0.1331541E+01  0.1346345E+01 -0.1480414E-01 -0.3315412E+00  0.0000000E+00
  0.1322466E+01  0.1336426E+01 -0.1396063E-01 -0.3224658E+00  0.0000000E+00
  0.1313923E+01  0.1326616E+01 -0.1269324E-01  0.6860775E+00  0.6860775E+00
  0.1305911E+01  0.1316913E+01 -0.1100196E-01 -0.1305911E+01  0.0000000E+00
  0.1297900E+01  0.1307211E+01 -0.9310682E-02 -0.2979004E+00  0.0000000E+00
  0.1289889E+01  0.1297509E+01 -0.7619403E-02 -0.2898893E+00  0.0000000E+00
  0.1280247E+01  0.1287868E+01 -0.7621218E-02 -0.1280247E+01  0.0000000E+00
  0.1268972E+01  0.1278288E+01 -0.9316127E-02 -0.1268972E+01  0.0000000E+00
  0.1257698E+01  0.1268709E+01 -0.1101104E-01 -0.2576978E+00  0.0000000E+00
  0.1246423E+01  0.1259129E+01 -0.1270594E-01 -0.2464235E+00  0.0000000E+00
  0.1236729E+01  0.1249860E+01 -0.1313128E-01 -0.1236729E+01  0.0000000E+00
  0.1228614E+01  0.1240901E+01 -0.1228704E-01  0.7713861E+00  0.7713861E+00
  0.1220499E+01  0.1231942E+01 -0.1144280E-01 -0.1220499E+01  0.0000000E+00
  0.1212384E+01  0.1222983E+01 -0.1059856E-01 -0.2123840E+00  0.0000000E+00
  0.1203932E+01  0.1214109E+01 -0.1017747E-01 -0.2039316E+00  0.0000000E+00
  0.1195142E+01  0.1205321E+01 -0.1017954E-01 -0.1951417E+00  0.0000000E+00
  0.1186352E+01  0.1196533E+01 -0.1018160E-01 -0.1863519E+00  0.0000000E+00
  0.1177562E+01  0.1187746E+01 -0.1018367E-01 -0.1775620E+00  0.0000000E+00
  0.1168896E+01  0.1179082E+01 -0.1018556E-01 -0.1688962E+00  0.0000000E+00
  0.1160354E+01  0.1170542E+01 -0.1018728E-01 -0.1160354E+01  0.0000000E+00
  0.1151813E+01  0.1162002E+01 -0.1018900E-01 -0.1151813E+01  0.0000000E+00
  0.1143271E+01  0.1153462E+01 -0.1019072E-01  0.8567291E+00  0.8567291E+00
  0.1134830E+01  0.1145022E+01 -0.1019248E-01 -0.1134830E+01  0.0000000E+00
  0.1126490E+01  0.1136684E+01 -0.1019430E-01 -0.1264900E+00  0.0000000E+00
  0.1118150E+01  0.1128346E+01 -0.1019612E-01  0.8818500E+00  0.8818500E+00
  0.1109810E+01  0.1120008E+01 -0.1019794E-01 -0.1098100E+00  0.0000000E+00
  0.1101556E+01  0.1111756E+01 -0.1019954E-01 -0.1101556E+01  0.0000000E+00
  0.1093389E+01  0.1103590E+01 -0.1020092E-01 -0.1093389E+01  0.0000000E+00
  0.1085222E+01  0.1095424E+01 -0.1020230E-01 -0.8522165E-01  0.0000000E+00
  0.1077054E+01  0.1087258E+01 -0.1020368E-01 -0.1077054E+01  0.0000000E+00
  0.1069830E+01  0.1079185E+01 -0.9354354E-02 -0.6983018E-01  0.0000000E+00
  0.1063549E+01  0.1071204E+01 -0.7654328E-02 -0.6354928E-01  0.0000000E+00
  0.1057269E+01  0.1063223E+01 -0.5954302E-02 -0.1057269E+01  0.0000000E+00
  0.1050988E+01  0.1055242E+01 -0.4254276E-02 -0.1050988E+01  0.0000000E+00
  0.1041701E+01  0.1047236E+01 -0.5534484E-02 -0.1041701E+01  0.0000000E+00
  0.1029409E+01  0.1039204E+01 -0.9794924E-02 -0.2940893E-01  0.0000000E+00
  0.1017117E+01  0.1031172E+01 -0.1405537E-01  0.9828831E+00  0.9828831E+00
  0.1004825E+01  0.1023141E+01 -0.1831581E-01 -0.1004825E+01  0.0000000E+00
  0.9963248E+00  0.1015494E+01 -0.1916880E-01  0.1003675E+01  0.1003675E+01
  0.9916171E+00  0.1008231E+01 -0.1661434E-01  0.1008383E+01  0.1008383E+01
  0.9869093E+00  0.1000969E+01 -0.1405989E-01  0.1309073E-01  0.1309073E-01
  0.9822015E+00  0.9937069E+00 -0.1150543E-01  0.1779848E-01  0.1779848E-01
  0.9761007E+00  0.9863302E+00 -0.1022942E-01  0.2389926E-01  0.2389926E-01
  0.9686071E+00  0.9788389E+00 -0.1023184E-01 -0.9686071E+00  0.0000000E+00
  0.9611134E+00  0.9713477E+00 -0.1023425E-01 -0.9611134E+00  0.0000000E+00
  0.9536198E+00  0.9638564E+00 -0.1023667E-01  0.4638022E-01  0.4638022E-01
  0.9474733E+00  0.9564314E+00 -0.1023788E-01  0.1052527E+01  0.1052527E+01
  0.9426742E+00  0.9490728E+00 -0.1023788E-01 -0.9426742E+00  0.0000000E+00
  0.9378750E+00  0.9417142E+00  0.0000000E+00 -0.9378750E+00  0.0000000E+00
  0.9330758E+00  0.9343556E+00  0.0000000E+00 -0.9330758E+00  0.0000000E+00
  0.9260688E+00  0.9269229E+00  0.0000000E+00 -0.9260688E+00  0.0000000E+00
  0.9168540E+00  0.9194161E+00  0.0000000E+00 -0.9168540E+00  0.0000000E+00
  0.9076391E+00  0.9119093E+00 -0.6832273E-02  0.9236091E-01  0.9236091E-01
  0.8984242E+00  0.9044025E+00 -0.6832273E-02 -0.8984242E+00  0.0000000E+00
  0.8907220E+00  0.8971277E+00 -0.6405590E-02  0.1092780E+00  0.1092780E+00
  0.8845326E+00  0.8900848E+00 -0.5552225E-02 -0.8845326E+00  0.0000000E+00
  0.8783432E+00  0.8830420E+00 -0.4698859E-02  0.1216568E+00  0.1216568E+00
  0.8721537E+00  0.8759992E+00 -0.3845494E-02 -0.8721537E+00  0.0000000E+00
  0.8638719E+00  0.8690021E+00 -0.5130191E-02 -0.8638719E+00  0.0000000E+00
  0.8534978E+00  0.8620507E+00 -0.8552949E-02 -0.8534978E+00  0.0000000E+00
  0.8431236E+00  0.8550994E+00 -0.1197571E-01  0.1568764E+00  0.1568764E+00
  0.8327495E+00  0.8481480E+00 -0.1539847E-01 -0.8327495E+00  0.0000000E+00
  0.8256715E+00  0.8414989E+00 -0.1582733E-01  0.2174329E+01  0.2174329E+01
  0.8218896E+00  0.8351519E+00 -0.1326229E-01  0.1781104E+00  0.1781104E+00
  0.8181077E+00  0.8288050E+00 -0.1069725E-01 -0.8181077E+00  0.0000000E+00
  0.8143259E+00  0.8224581E+00 -0.8132212E-02  0.1856741E+00  0.1856741E+00
  0.8086995E+00  0.8159783E+00 -0.7278760E-02 -0.8086995E+00  0.0000000E+00
  0.8012289E+00  0.8093658E+00 -0.8136892E-02  0.1987711E+00  0.1987711E+00
  0.7937582E+00  0.8027533E+00 -0.8995025E-02 -0.7937582E+00  0.0000000E+00
  0.7862876E+00  0.7961407E+00 -0.9853157E-02  0.1213712E+01  0.1213712E+01
  0.7785108E+00  0.7896507E+00 -0.1113996E-01 -0.7785108E+00  0.0000000E+00
  0.7704279E+00  0.7832834E+00 -0.1285545E-01  0.2295721E+00  0.2295721E+00
  0.7623450E+00  0.7769160E+00 -0.1457093E-01  0.2376550E+00  0.2376550E+00
  0.7542621E+00  0.7705486E+00 -0.1628640E-01  0.2245738E+01  0.2245738E+01
  0.7480754E+00  0.7643632E+00 -0.1628788E-01 -0.7480754E+00  0.0000000E+00
  0.7437846E+00  0.7583600E+00 -0.1457535E-01  0.2562154E+00  0.2562154E+00
  0.7394938E+00  0.7523566E+00 -0.1286282E-01 -0.7394938E+00  0.0000000E+00
  0.7352031E+00  0.7463534E+00 -0.1115029E-01 -0.7352031E+00  0.0000000E+00
  0.7295531E+00  0.7402773E+00 -0.1072428E-01 -0.7295531E+00  0.0000000E+00
  0.7225438E+00  0.7341287E+00 -0.1158478E-01  0.2277456E+01  0.2277456E+01
  0.7155346E+00  0.7279798E+00 -0.1244528E-01 -0.7155346E+00  0.0000000E+00
  0.7085254E+00  0.7218311E+00 -0.1330579E-01  0.2914746E+00  0.2914746E+00
  0.7033498E+00  0.7157984E+00 -0.1244862E-01  0.2966502E+00  0.2966502E+00
  0.7000079E+00  0.7098817E+00 -0.9873799E-02  0.1299992E+01  0.1299992E+01
  0.6966659E+00  0.7039649E+00 -0.7298975E-02  0.3033341E+00  0.3033341E+00
  0.6933240E+00  0.6980482E+00 -0.4724150E-02 -0.6933240E+00  0.0000000E+00
  0.6873115E+00  0.6920384E+00 -0.4726903E-02 -0.6873115E+00  0.0000000E+00
  0.6786284E+00  0.6859356E+00 -0.7307230E-02 -0.6786284E+00  0.0000000E+00
  0.6699452E+00  0.6798328E+00 -0.9887558E-02  0.1330055E+01  0.1330055E+01
  0.6612621E+00  0.6737300E+00 -0.1246789E-01  0.3387379E+00  0.3387379E+00
  0.6554261E+00  0.6678946E+00 -0.1246845E-01 -0.6554261E+00  0.0000000E+00
  0.6524373E+00  0.6623266E+00 -0.9889252E-02  0.3475627E+00  0.3475627E+00
  0.6494485E+00  0.6567585E+00 -0.7310055E-02 -0.6494485E+00  0.0000000E+00
  0.6464596E+00  0.6511905E+00 -0.4730857E-02 -0.6464596E+00  0.0000000E+00
  0.6420894E+00  0.6455311E+00 -0.3441616E-02  0.3579106E+00  0.3579106E+00
  0.6363378E+00  0.6397802E+00 -0.3442332E-02 -0.6363378E+00  0.0000000E+00
  0.6305862E+00  0.6340293E+00 -0.3443049E-02  0.3694138E+00  0.3694138E+00
  0.6248346E+00  0.6282784E+00 -0.3443765E-02 -0.6248346E+00  0.0000000E+00
  0.6187419E+00  0.6226171E+00 -0.3875190E-02 -0.6187419E+00  0.0000000E+00
  0.6123081E+00  0.6170455E+00 -0.4737324E-02 -0.6123081E+00  0.0000000E+00
  0.6058744E+00  0.6114739E+00 -0.5599457E-02  0.3941256E+00  0.3941256E+00
  0.5994406E+00  0.6059022E+00 -0.6461591E-02 -0.5994406E+00  0.0000000E+00
  0.5944610E+00  0.6004921E+00 -0.6892658E-02 -0.5944610E+00  0.0000000E+00
  0.5909356E+00  0.5952435E+00 -0.6892658E-02  0.4090644E+00  0.4090644E+00
  0.5874102E+00  0.5899949E+00  0.0000000E+00 -0.5874102E+00  0.0000000E+00
  0.5838847E+00  0.5847463E+00  0.0000000E+00 -0.5838847E+00  0.0000000E+00
  0.5790232E+00  0.5794547E+00  0.0000000E+00 -0.5790232E+00  0.0000000E+00
  0.5728257E+00  0.5741200E+00  0.0000000E+00 -0.5728257E+00  0.0000000E+00
  0.5666282E+00  0.5687853E+00 -0.3451317E-02 -0.5666282E+00  0.0000000E+00
  0.5604307E+00  0.5634506E+00 -0.3451317E-02 -0.5604307E+00  0.0000000E+00
  0.5552373E+00  0.5582572E+00 -0.3451317E-02  0.4447627E+00  0.4447627E+00
  0.5510480E+00  0.5532051E+00 -0.3451317E-02 -0.5510480E+00  0.0000000E+00
  0.5468587E+00  0.5481529E+00  0.0000000E+00 -0.5468587E+00  0.0000000E+00
  0.5426694E+00  0.5431008E+00  0.0000000E+00 -0.5426694E+00  0.0000000E+00
  0.5376303E+00  0.5380623E+00  0.0000000E+00 -0.5376303E+00  0.0000000E+00
  0.5317413E+00  0.5330372E+00  0.0000000E+00 -0.5317413E+00  0.0000000E+00
  0.5258524E+00  0.5280122E+00 -0.3455744E-02 -0.5258524E+00  0.0000000E+00
  0.5199634E+00  0.5229872E+00 -0.3455744E-02 -0.5199634E+00  0.0000000E+00
  0.5150701E+00  0.5180939E+00 -0.3455744E-02  0.4849299E+00  0.4849299E+00
  0.5111727E+00  0.5133325E+00 -0.3455744E-02 -0.5111727E+00  0.0000000E+00
  0.5072751E+00  0.5085710E+00  0.0000000E+00 -0.5072751E+00  0.0000000E+00
  0.5033776E+00  0.5038096E+00  0.0000000E+00 -0.5033776E+00  0.0000000E+00
  0.4990514E+00  0.4990514E+00  0.0000000E+00 -0.4990514E+00  0.0000000E+00
  0.4942965E+00  0.4942965E+00  0.0000000E+00 -0.4942965E+00  0.0000000E+00
  0.4895416E+00  0.4895416E+00  0.0000000E+00 -0.4895416E+00  0.0000000E+00
  0.4847867E+00  0.4847867E+00  0.0000000E+00 -0.4847867E+00  0.0000000E+00
  0.4796596E+00  0.4800925E+00  0.0000000E+00 -0.4796596E+00  0.0000000E+00
  0.4741602E+00  0.4754589E+00  0.0000000E+00 -0.4741602E+00  0.0000000E+00
  0.4686607E+00  0.4708252E+00 -0.3463184E-02 -0.4686607E+00  0.0000000E+00
  0.4631613E+00  0.4661916E+00 -0.3463184E-02 -0.4631613E+00  0.0000000E+00
  0.4582145E+00  0.4616780E+00 -0.3463534E-02  0.5417855E+00  0.5417855E+00
  0.4538202E+00  0.4572844E+00 -0.3464234E-02 -0.4538202E+00  0.0000000E+00
  0.4494259E+00  0.4528908E+00 -0.3464933E-02 -0.4494259E+00  0.0000000E+00
  0.4450316E+00  0.4484972E+00 -0.3465633E-02  0.5549684E+00  0.5549684E+00
  0.4411135E+00  0.4441463E+00 -0.3465982E-02 -0.4411135E+00  0.0000000E+00
  0.4376717E+00  0.4398379E+00 -0.3465982E-02 -0.4376717E+00  0.0000000E+00
  0.4342298E+00  0.4355296E+00  0.0000000E+00 -0.4342298E+00  0.0000000E+00
  0.4307880E+00  0.4312212E+00  0.0000000E+00 -0.4307880E+00  0.0000000E+00
  0.4268990E+00  0.4268990E+00  0.0000000E+00 -0.4268990E+00  0.0000000E+00
  0.4225629E+00  0.4225629E+00  0.0000000E+00 -0.4225629E+00  0.0000000E+00
  0.4182269E+00  0.4182269E+00  0.0000000E+00 -0.4182269E+00  0.0000000E+00
  0.4138908E+00  0.4138908E+00  0.0000000E+00 -0.4138908E+00  0.0000000E+00
  0.4091780E+00  0.4096121E+00  0.0000000E+00 -0.4091780E+00  0.0000000E+00
  0.4040886E+00  0.4053909E+00  0.0000000E+00 -0.4040886E+00  0.0000000E+00
  0.3989992E+00  0.4011697E+00 -0.3472871E-02 -0.3989992E+00  0.0000000E+00
  0.3939097E+00  0.3969485E+00 -0.3472871E-02  0.6060903E+00  0.6060903E+00
  0.3893645E+00  0.3928376E+00 -0.3473098E-02 -0.3893645E+00  0.0000000E+00
  0.3853635E+00  0.3888371E+00 -0.3473552E-02 -0.3853635E+00  0.0000000E+00
  0.3813626E+00  0.3848366E+00 -0.3474006E-02 -0.3813626E+00  0.0000000E+00
  0.3773616E+00  0.3808360E+00 -0.3474460E-02 -0.3773616E+00  0.0000000E+00
  0.3729632E+00  0.3768729E+00 -0.3909661E-02 -0.3729632E+00  0.0000000E+00
  0.3681676E+00  0.3729472E+00 -0.4779611E-02  0.6318324E+00  0.6318324E+00
  0.3633719E+00  0.3690215E+00 -0.5649561E-02  0.1636628E+01  0.1636628E+01
  0.3585763E+00  0.3650958E+00 -0.6519510E-02 -0.3585763E+00  0.0000000E+00
  0.3551771E+00  0.3612623E+00 -0.6954485E-02 -0.3551771E+00  0.0000000E+00
  0.3531743E+00  0.3575209E+00 -0.6954485E-02 -0.3531743E+00  0.0000000E+00
  0.3511716E+00  0.3537795E+00  0.0000000E+00 -0.3511716E+00  0.0000000E+00
  0.3491688E+00  0.3500381E+00  0.0000000E+00 -0.3491688E+00  0.0000000E+00
  0.3457785E+00  0.3462138E+00  0.0000000E+00 -0.3457785E+00  0.0000000E+00
  0.3410006E+00  0.3423065E+00  0.0000000E+00 -0.3410006E+00  0.0000000E+00
  0.3362228E+00  0.3383992E+00 -0.3482343E-02 -0.3362228E+00  0.0000000E+00
  0.3314449E+00  0.3344919E+00 -0.3482343E-02  0.6685551E+00  0.6685551E+00
  0.3276487E+00  0.3306957E+00 -0.3482343E-02 -0.3276487E+00  0.0000000E+00
  0.3248340E+00  0.3270105E+00 -0.3482343E-02 -0.3248340E+00  0.0000000E+00
  0.3220195E+00  0.3233253E+00  0.0000000E+00 -0.3220195E+00  0.0000000E+00
  0.3192048E+00  0.3196401E+00  0.0000000E+00 -0.3192048E+00  0.0000000E+00
  0.3159548E+00  0.3159548E+00  0.0000000E+00 -0.3159548E+00  0.0000000E+00
  0.3122695E+00  0.3122695E+00  0.0000000E+00 -0.3122695E+00  0.0000000E+00
  0.3085841E+00  0.3085841E+00  0.0000000E+00 -0.3085841E+00  0.0000000E+00
  0.3048987E+00  0.3048987E+00  0.0000000E+00 -0.3048987E+00  0.0000000E+00
  0.3012682E+00  0.3012682E+00  0.0000000E+00 -0.3012682E+00  0.0000000E+00
  0.2976926E+00  0.2976926E+00  0.0000000E+00 -0.2976926E+00  0.0000000E+00
  0.2941170E+00  0.2941170E+00  0.0000000E+00 -0.2941170E+00  0.0000000E+00
  0.2905414E+00  0.2905414E+00  0.0000000E+00 -0.2905414E+00  0.0000000E+00
  0.2861551E+00  0.2870279E+00  0.0000000E+00 -0.2861551E+00  0.0000000E+00
  0.2809579E+00  0.2835765E+00  0.0000000E+00 -0.2809579E+00  0.0000000E+00
  0.2757608E+00  0.2801250E+00 -0.6982674E-02 -0.2757608E+00  0.0000000E+00
  0.2705637E+00  0.2766735E+00 -0.6982674E-02  0.7294363E+00  0.7294363E+00
  0.2663998E+00  0.2733831E+00 -0.6983258E-02 -0.2663998E+00  0.0000000E+00
  0.2632692E+00  0.2702537E+00 -0.6984427E-02  0.7367308E+00  0.7367308E+00
  0.2601387E+00  0.2671243E+00 -0.6985595E-02 -0.2601387E+00  0.0000000E+00
  0.2570081E+00  0.2639949E+00 -0.6986764E-02 -0.2570081E+00  0.0000000E+00
  0.2543419E+00  0.2608929E+00 -0.6550996E-02  0.7456580E+00  0.7456580E+00
  0.2521402E+00  0.2578185E+00 -0.5678292E-02  0.7478598E+00  0.7478598E+00
  0.2499385E+00  0.2547441E+00 -0.4805589E-02  0.7500615E+00  0.7500615E+00
  0.2477367E+00  0.2516696E+00 -0.3932885E-02 -0.2477367E+00  0.0000000E+00
  0.2454991E+00  0.2485586E+00 -0.3496534E-02 -0.2454991E+00  0.0000000E+00
  0.2432256E+00  0.2454110E+00 -0.3496534E-02 -0.2432256E+00  0.0000000E+00
  0.2409521E+00  0.2422633E+00  0.0000000E+00 -0.2409521E+00  0.0000000E+00
  0.2386786E+00  0.2391157E+00  0.0000000E+00 -0.2386786E+00  0.0000000E+00
  0.2355220E+00  0.2359595E+00  0.0000000E+00 -0.2355220E+00  0.0000000E+00
  0.2314820E+00  0.2327947E+00  0.0000000E+00 -0.2314820E+00  0.0000000E+00
  0.2274422E+00  0.2296298E+00 -0.3500298E-02 -0.2274422E+00  0.0000000E+00
  0.2234022E+00  0.2264650E+00 -0.3500298E-02 -0.2234022E+00  0.0000000E+00
  0.2203556E+00  0.2234184E+00 -0.3500298E-02 -0.2203556E+00  0.0000000E+00
  0.2183023E+00  0.2204900E+00 -0.3500298E-02  0.7816977E+00  0.7816977E+00
  0.2162490E+00  0.2175616E+00  0.0000000E+00 -0.2162490E+00  0.0000000E+00
  0.2141957E+00  0.2146332E+00  0.0000000E+00 -0.2141957E+00  0.0000000E+00
  0.2116939E+00  0.2116939E+00  0.0000000E+00 -0.2116939E+00  0.0000000E+00
  0.2087435E+00  0.2087435E+00  0.0000000E+00 -0.2087435E+00  0.0000000E+00
  0.2057931E+00  0.2057931E+00  0.0000000E+00 -0.2057931E+00  0.0000000E+00
  0.2028427E+00  0.2028427E+00  0.0000000E+00 -0.2028427E+00  0.0000000E+00
  0.1999394E+00  0.1999394E+00  0.0000000E+00 -0.1999394E+00  0.0000000E+00
  0.1970832E+00  0.1970832E+00  0.0000000E+00 -0.1970832E+00  0.0000000E+00
  0.1942270E+00  0.1942270E+00  0.0000000E+00 -0.1942270E+00  0.0000000E+00
  0.1913707E+00  0.1913707E+00  0.0000000E+00 -0.1913707E+00  0.0000000E+00
  0.1885706E+00  0.1885706E+00  0.0000000E+00 -0.1885706E+00  0.0000000E+00
  0.1858265E+00  0.1858265E+00  0.0000000E+00 -0.1858265E+00  0.0000000E+00
  0.1830825E+00  0.1830825E+00  0.0000000E+00 -0.1830825E+00  0.0000000E+00
  0.1803384E+00  0.1803384E+00  0.0000000E+00 -0.1803384E+00  0.0000000E+00
  0.1776462E+00  0.1776462E+00  0.0000000E+00 -0.1776462E+00  0.0000000E+00
  0.1750060E+00  0.1750060E+00  0.0000000E+00 -0.1750060E+00  0.0000000E+00
  0.1723658E+00  0.1723658E+00  0.0000000E+00 -0.1723658E+00  0.0000000E+00
  0.1697255E+00  0.1697255E+00  0.0000000E+00 -0.1697255E+00  0.0000000E+00
  0.1662568E+00  0.1671353E+00  0.0000000E+00 -0.1662568E+00  0.0000000E+00
  0.1619596E+00  0.1645952E+00  0.0000000E+00 -0.1619596E+00  0.0000000E+00
  0.1576624E+00  0.1620551E+00 -0.7028249E-02 -0.1576624E+00  0.0000000E+00
  0.1533652E+00  0.1595149E+00 -0.7028249E-02 -0.1533652E+00  0.0000000E+00
  0.1505396E+00  0.1571289E+00 -0.6589258E-02 -0.1505396E+00  0.0000000E+00
  0.1491856E+00  0.1548968E+00 -0.5711276E-02  0.1850814E+01  0.1850814E+01
  0.1478315E+00  0.1526648E+00 -0.4833293E-02 -0.1478315E+00  0.0000000E+00
  0.1464775E+00  0.1504328E+00 -0.3955311E-02 -0.1464775E+00  0.0000000E+00
  0.1450859E+00  0.1481626E+00 -0.3516320E-02 -0.1450859E+00  0.0000000E+00
  0.1436567E+00  0.1458544E+00 -0.3516320E-02  0.8563433E+00  0.8563433E+00
  0.1422275E+00  0.1435461E+00  0.0000000E+00 -0.1422275E+00  0.0000000E+00
  0.1407983E+00  0.1412378E+00  0.0000000E+00 -0.1407983E+00  0.0000000E+00
  0.1384650E+00  0.1389052E+00  0.0000000E+00 -0.1384650E+00  0.0000000E+00
  0.1352276E+00  0.1365481E+00  0.0000000E+00 -0.1352276E+00  0.0000000E+00
  0.1319902E+00  0.1341910E+00 -0.3521301E-02 -0.1319902E+00  0.0000000E+00
  0.1287528E+00  0.1318340E+00 -0.3521301E-02 -0.1287528E+00  0.0000000E+00
  0.1265158E+00  0.1295969E+00 -0.3521301E-02  0.8734842E+00  0.8734842E+00
  0.1252792E+00  0.1274800E+00 -0.3521301E-02 -0.1252792E+00  0.0000000E+00
  0.1240426E+00  0.1253631E+00  0.0000000E+00 -0.1240426E+00  0.0000000E+00
  0.1228060E+00  0.1232461E+00  0.0000000E+00 -0.1228060E+00  0.0000000E+00
  0.1211295E+00  0.1211295E+00  0.0000000E+00 -0.1211295E+00  0.0000000E+00
  0.1190130E+00  0.1190130E+00  0.0000000E+00 -0.1190130E+00  0.0000000E+00
  0.1168966E+00  0.1168966E+00  0.0000000E+00 -0.1168966E+00  0.0000000E+00
  0.1147801E+00  0.1147801E+00  0.0000000E+00 -0.1147801E+00  0.0000000E+00
  0.1127198E+00  0.1127198E+00  0.0000000E+00 -0.1127198E+00  0.0000000E+00
  0.1107154E+00  0.1107154E+00  0.0000000E+00 -0.1107154E+00  0.0000000E+00
  0.1087111E+00  0.1087111E+00  0.0000000E+00 -0.1087111E+00  0.0000000E+00
  0.1067068E+00  0.1067068E+00  0.0000000E+00 -0.1067068E+00  0.0000000E+00
  0.1047646E+00  0.1047646E+00  0.0000000E+00 -0.1047646E+00  0.0000000E+00
  0.1028844E+00  0.1028844E+00  0.0000000E+00 -0.1028844E+00  0.0000000E+00
  0.1010042E+00  0.1010042E+00  0.0000000E+00 -0.1010042E+00  0.0000000E+00
  0.9912398E-01  0.9912398E-01  0.0000000E+00 -0.9912398E-01  0.0000000E+00
  0.9729431E-01  0.9729431E-01  0.0000000E+00 -0.9729431E-01  0.0000000E+00
  0.9551514E-01  0.9551514E-01  0.0000000E+00 -0.9551514E-01  0.0000000E+00
  0.9373599E-01  0.9373599E-01  0.0000000E+00 -0.9373599E-01  0.0000000E+00
  0.9195682E-01  0.9195682E-01  0.0000000E+00 -0.9195682E-01  0.0000000E+00
  0.9021890E-01  0.9021890E-01  0.0000000E+00 -0.9021890E-01  0.0000000E+00
  0.8852223E-01  0.8852223E-01  0.0000000E+00 -0.8852223E-01  0.0000000E+00
  0.8682556E-01  0.8682556E-01  0.0000000E+00 -0.8682556E-01  0.0000000E+00
  0.8512889E-01  0.8512889E-01  0.0000000E+00 -0.8512889E-01  0.0000000E+00
  0.8303043E-01  0.8347246E-01  0.0000000E+00 -0.8303043E-01  0.0000000E+00
  0.8053017E-01  0.8185628E-01  0.0000000E+00 -0.8053017E-01  0.0000000E+00
  0.7802992E-01  0.8024010E-01 -0.3536282E-02 -0.7802992E-01  0.0000000E+00
  0.7552967E-01  0.7862392E-01 -0.3536282E-02 -0.7552967E-01  0.0000000E+00
  0.7401215E-01  0.7710639E-01 -0.3536282E-02 -0.7401215E-01  0.0000000E+00
  0.7347734E-01  0.7568752E-01 -0.3536282E-02  0.9265227E+00  0.9265227E+00
  0.7294255E-01  0.7426865E-01  0.0000000E+00 -0.7294255E-01  0.0000000E+00
  0.7240774E-01  0.7284978E-01  0.0000000E+00 -0.7240774E-01  0.0000000E+00
  0.7141200E-01  0.7141200E-01  0.0000000E+00 -0.7141200E-01  0.0000000E+00
  0.6995533E-01  0.6995533E-01  0.0000000E+00 -0.6995533E-01  0.0000000E+00
  0.6849864E-01  0.6849864E-01  0.0000000E+00 -0.6849864E-01  0.0000000E+00
  0.6704196E-01  0.6704196E-01  0.0000000E+00 -0.6704196E-01  0.0000000E+00
  0.6563161E-01  0.6563161E-01  0.0000000E+00 -0.6563161E-01  0.0000000E+00
  0.6426757E-01  0.6426757E-01  0.0000000E+00 -0.6426757E-01  0.0000000E+00
  0.6290354E-01  0.6290354E-01  0.0000000E+00 -0.6290354E-01  0.0000000E+00
  0.6153950E-01  0.6153950E-01  0.0000000E+00 -0.6153950E-01  0.0000000E+00
  0.6022883E-01  0.6022883E-01  0.0000000E+00 -0.6022883E-01  0.0000000E+00
  0.5897151E-01  0.5897151E-01  0.0000000E+00 -0.5897151E-01  0.0000000E+00
  0.5771420E-01  0.5771420E-01  0.0000000E+00 -0.5771420E-01  0.0000000E+00
  0.5645689E-01  0.5645689E-01  0.0000000E+00 -0.5645689E-01  0.0000000E+00
  0.5524410E-01  0.5524410E-01  0.0000000E+00 -0.5524410E-01  0.0000000E+00
  0.5407585E-01  0.5407585E-01  0.0000000E+00 -0.5407585E-01  0.0000000E+00
  0.5290760E-01  0.5290760E-01  0.0000000E+00 -0.5290760E-01  0.0000000E+00
  0.5173935E-01  0.5173935E-01  0.0000000E+00 -0.5173935E-01  0.0000000E+00
  0.5060569E-01  0.5060569E-01  0.0000000E+00 -0.5060569E-01  0.0000000E+00
  0.4950661E-01  0.4950661E-01  0.0000000E+00 -0.4950661E-01  0.0000000E+00
  0.4840753E-01  0.4840753E-01  0.0000000E+00 -0.4840753E-01  0.0000000E+00
  0.4730846E-01  0.4730846E-01  0.0000000E+00 -0.4730846E-01  0.0000000E+00
  0.4623995E-01  0.4623995E-01  0.0000000E+00 -0.4623995E-01  0.0000000E+00
  0.4520202E-01  0.4520202E-01  0.0000000E+00 -0.4520202E-01  0.0000000E+00
  0.4416409E-01  0.4416409E-01  0.0000000E+00 -0.4416409E-01  0.0000000E+00
  0.4312615E-01  0.4312615E-01  0.0000000E+00 -0.4312615E-01  0.0000000E+00
  0.4211772E-01  0.4211772E-01  0.0000000E+00 -0.4211772E-01  0.0000000E+00
  0.4113878E-01  0.4113878E-01  0.0000000E+00 -0.4113878E-01  0.0000000E+00
  0.4015983E-01  0.4015983E-01  0.0000000E+00 -0.4015983E-01  0.0000000E+00
  0.3918089E-01  0.3918089E-01  0.0000000E+00 -0.3918089E-01  0.0000000E+00
  0.3823159E-01  0.3823159E-01  0.0000000E+00 -0.3823159E-01  0.0000000E+00
  0.3731192E-01  0.3731192E-01  0.0000000E+00 -0.3731192E-01  0.0000000E+00
  0.3639225E-01  0.3639225E-01  0.0000000E+00 -0.3639225E-01  0.0000000E+00
  0.3547258E-01  0.3547258E-01  0.0000000E+00 -0.3547258E-01  0.0000000E+00
  0.3458462E-01  0.3458462E-01  0.0000000E+00 -0.3458462E-01  0.0000000E+00
  0.3372838E-01  0.3372838E-01  0.0000000E+00 -0.3372838E-01  0.0000000E+00
  0.3287213E-01  0.3287213E-01  0.0000000E+00 -0.3287213E-01  0.0000000E+00
  0.3201589E-01  0.3201589E-01  0.0000000E+00 -0.3201589E-01  0.0000000E+00
  0.3119383E-01  0.3119383E-01  0.0000000E+00 -0.3119383E-01  0.0000000E+00
  0.3040596E-01  0.3040596E-01  0.0000000E+00 -0.3040596E-01  0.0000000E+00
  0.2961809E-01  0.2961809E-01  0.0000000E+00 -0.2961809E-01  0.0000000E+00
  0.2883022E-01  0.2883022E-01  0.0000000E+00 -0.2883022E-01  0.0000000E+00
  0.2807170E-01  0.2807170E-01  0.0000000E+00 -0.2807170E-01  0.0000000E+00
  0.2734251E-01  0.2734251E-01  0.0000000E+00 -0.2734251E-01  0.0000000E+00
  0.2661332E-01  0.2661332E-01  0.0000000E+00 -0.2661332E-01  0.0000000E+00
  0.2588413E-01  0.2588413E-01  0.0000000E+00 -0.2588413E-01  0.0000000E+00
  0.2518010E-01  0.2518010E-01  0.0000000E+00 -0.2518010E-01  0.0000000E+00
  0.2450124E-01  0.2450124E-01  0.0000000E+00 -0.2450124E-01  0.0000000E+00
  0.2382238E-01  0.2382238E-01  0.0000000E+00 -0.2382238E-01  0.0000000E+00
  0.2314352E-01  0.2314352E-01  0.0000000E+00 -0.2314352E-01  0.0000000E+00
  0.2249142E-01  0.2249142E-01  0.0000000E+00 -0.2249142E-01  0.0000000E+00
  0.2186606E-01  0.2186606E-01  0.0000000E+00 -0.2186606E-01  0.0000000E+00
  0.2124070E-01  0.2124070E-01  0.0000000E+00 -0.2124070E-01  0.0000000E+00
  0.2061534E-01  0.2061534E-01  0.0000000E+00 -0.2061534E-01  0.0000000E+00
  0.2001439E-01  0.2001439E-01  0.0000000E+00 -0.2001439E-01  0.0000000E+00
  0.1943785E-01  0.1943785E-01  0.0000000E+00 -0.1943785E-01  0.0000000E+00
  0.1886131E-01  0.1886131E-01  0.0000000E+00 -0.1886131E-01  0.0000000E+00
  0.1828477E-01  0.1828477E-01  0.0000000E+00 -0.1828477E-01  0.0000000E+00
  0.1773447E-01  0.1773447E-01  0.0000000E+00 -0.1773447E-01  0.0000000E+00
  0.1721042E-01  0.1721042E-01  0.0000000E+00 -0.1721042E-01  0.0000000E+00
  0.1668637E-01  0.1668637E-01  0.0000000E+00 -0.1668637E-01  0.0000000E+00
  0.1616231E-01  0.1616231E-01  0.0000000E+00 -0.1616231E-01  0.0000000E+00
  0.1566892E-01  0.1566892E-01  0.0000000E+00 -0.1566892E-01  0.0000000E+00
  0.1520620E-01  0.1520620E-01  0.0000000E+00 -0.1520620E-01  0.0000000E+00
  0.1474348E-01  0.1474348E-01  0.0000000E+00 -0.1474348E-01  0.0000000E+00
  0.1428076E-01  0.1428076E-01  0.0000000E+00 -0.1428076E-01  0.0000000E+00
  0.1385183E-01  0.1385183E-01  0.0000000E+00 -0.1385183E-01  0.0000000E+00
  0.1345669E-01  0.1345669E-01  0.0000000E+00 -0.1345669E-01  0.0000000E+00
  0.1306155E-01  0.1306155E-01  0.0000000E+00 -0.1306155E-01  0.0000000E+00
  0.1266641E-01  0.1266641E-01  0.0000000E+00 -0.1266641E-01  0.0000000E+00
  0.1230467E-01  0.1230467E-01  0.0000000E+00 -0.1230467E-01  0.0000000E+00
  0.1197633E-01  0.1197633E-01  0.0000000E+00 -0.1197633E-01  0.0000000E+00
  0.1164800E-01  0.1164800E-01  0.0000000E+00 -0.1164800E-01  0.0000000E+00
  0.1131966E-01  0.1131966E-01  0.0000000E+00 -0.1131966E-01  0.0000000E+00
  0.1101867E-01  0.1101867E-01  0.0000000E+00 -0.1101867E-01  0.0000000E+00
  0.1074504E-01  0.1074504E-01  0.0000000E+00 -0.1074504E-01  0.0000000E+00
  0.1047140E-01  0.1047140E-01  0.0000000E+00 -0.1047140E-01  0.0000000E+00
  0.1019777E-01  0.1019777E-01  0.0000000E+00 -0.1019777E-01  0.0000000E+00
  0.9943502E-02  0.9943502E-02  0.0000000E+00 -0.9943502E-02  0.0000000E+00
  0.9708609E-02  0.9708609E-02  0.0000000E+00 -0.9708609E-02  0.0000000E+00
  0.9473716E-02  0.9473716E-02  0.0000000E+00 -0.9473716E-02  0.0000000E+00
  0.9238822E-02  0.9238822E-02  0.0000000E+00 -0.9238822E-02  0.0000000E+00
  0.9014191E-02  0.9014191E-02  0.0000000E+00 -0.9014191E-02  0.0000000E+00
  0.8799821E-02  0.8799821E-02  0.0000000E+00 -0.8799821E-02  0.0000000E+00
  0.8585451E-02  0.8585451E-02  0.0000000E+00 -0.8585451E-02  0.0000000E+00
  0.8371081E-02  0.8371081E-02  0.0000000E+00 -0.8371081E-02  0.0000000E+00
  0.8163215E-02  0.8163215E-02  0.0000000E+00 -0.8163215E-02  0.0000000E+00
  0.7961852E-02  0.7961852E-02  0.0000000E+00 -0.7961852E-02  0.0000000E+00
  0.7760490E-02  0.7760490E-02  0.0000000E+00 -0.7760490E-02  0.0000000E+00
  0.7559128E-02  0.7559128E-02  0.0000000E+00 -0.7559128E-02  0.0000000E+00
  0.7364356E-02  0.7364356E-02  0.0000000E+00 -0.7364356E-02  0.0000000E+00
  0.7176177E-02  0.7176177E-02  0.0000000E+00 -0.7176177E-02  0.0000000E+00
  0.6987998E-02  0.6987998E-02  0.0000000E+00 -0.6987998E-02  0.0000000E+00
  0.6799818E-02  0.6799818E-02  0.0000000E+00 -0.6799818E-02  0.0000000E+00
  0.6168869E-02  0.6617687E-02  0.0000000E+00 -0.6168869E-02  0.0000000E+00
  0.5095150E-02  0.6441603E-02  0.0000000E+00 -0.5095150E-02  0.0000000E+00
  0.4021430E-02  0.6265520E-02 -0.3590543E-02 -0.4021430E-02  0.0000000E+00
  0.2947711E-02  0.6089436E-02 -0.3590543E-02 -0.2947711E-02  0.0000000E+00
  0.2832804E-02  0.5974529E-02 -0.3590543E-02  0.9971672E+00  0.9971672E+00
  0.3676709E-02  0.5920798E-02 -0.3590543E-02 -0.3676709E-02  0.0000000E+00
  0.4520613E-02  0.5867067E-02  0.0000000E+00 -0.4520613E-02  0.0000000E+00
  0.5364518E-02  0.5813336E-02  0.0000000E+00 -0.5364518E-02  0.0000000E+00
  0.5698119E-02  0.5698119E-02  0.0000000E+00 -0.5698119E-02  0.0000000E+00
  0.5521418E-02  0.5521418E-02  0.0000000E+00 -0.5521418E-02  0.0000000E+00
  0.5344716E-02  0.5344716E-02  0.0000000E+00 -0.5344716E-02  0.0000000E+00
  0.5168015E-02  0.5168015E-02  0.0000000E+00 -0.5168015E-02  0.0000000E+00
  0.4995041E-02  0.4995041E-02  0.0000000E+00 -0.4995041E-02  0.0000000E+00
  0.4825796E-02  0.4825796E-02  0.0000000E+00 -0.4825796E-02  0.0000000E+00
  0.4656549E-02  0.4656549E-02  0.0000000E+00 -0.4656549E-02  0.0000000E+00
  0.4487304E-02  0.4487304E-02  0.0000000E+00 -0.4487304E-02  0.0000000E+00
  0.4332359E-02  0.4332359E-02  0.0000000E+00 -0.4332359E-02  0.0000000E+00
  0.4191716E-02  0.4191716E-02  0.0000000E+00 -0.4191716E-02  0.0000000E+00
  0.4051073E-02  0.4051073E-02  0.0000000E+00 -0.4051073E-02  0.0000000E+00
  0.3910430E-02  0.3910430E-02  0.0000000E+00 -0.3910430E-02  0.0000000E+00
  0.3778775E-02  0.3778775E-02  0.0000000E+00 -0.3778775E-02  0.0000000E+00
  0.3656109E-02  0.3656109E-02  0.0000000E+00 -0.3656109E-02  0.0000000E+00
  0.3533443E-02  0.3533443E-02  0.0000000E+00 -0.3533443E-02  0.0000000E+00
  0.3410777E-02  0.3410777E-02  0.0000000E+00 -0.3410777E-02  0.0000000E+00
  0.3295980E-02  0.3295980E-02  0.0000000E+00 -0.3295980E-02  0.0000000E+00
  0.3189053E-02  0.3189053E-02  0.0000000E+00 -0.3189053E-02  0.0000000E+00
  0.3082125E-02  0.3082125E-02  0.0000000E+00 -0.3082125E-02  0.0000000E+00
  0.2975198E-02  0.2975198E-02  0.0000000E+00 -0.2975198E-02  0.0000000E+00
  0.2876342E-02  0.2876342E-02  0.0000000E+00 -0.2876342E-02  0.0000000E+00
  0.2785557E-02  0.2785557E-02  0.0000000E+00 -0.2785557E-02  0.0000000E+00
  0.2694772E-02  0.2694772E-02  0.0000000E+00 -0.2694772E-02  0.0000000E+00
  0.2603987E-02  0.2603987E-02  0.0000000E+00 -0.2603987E-02  0.0000000E+00
  0.2521445E-02  0.2521445E-02  0.0000000E+00 -0.2521445E-02  0.0000000E+00
  0.2447145E-02  0.2447145E-02  0.0000000E+00 -0.2447145E-02  0.0000000E+00
  0.2372845E-02  0.2372845E-02  0.0000000E+00 -0.2372845E-02  0.0000000E+00
  0.2298545E-02  0.2298545E-02  0.0000000E+00 -0.2298545E-02  0.0000000E+00
  0.2232639E-02  0.2232639E-02  0.0000000E+00 -0.2232639E-02  0.0000000E+00
  0.2175129E-02  0.2175129E-02  0.0000000E+00 -0.2175129E-02  0.0000000E+00
  0.2117618E-02  0.2117618E-02  0.0000000E+00 -0.2117618E-02  0.0000000E+00
  0.2060107E-02  0.2060107E-02  0.0000000E+00 -0.2060107E-02  0.0000000E+00
  0.2010400E-02  0.2010400E-02  0.0000000E+00 -0.2010400E-02  0.0000000E+00
  0.1968497E-02  0.1968497E-02  0.0000000E+00 -0.1968497E-02  0.0000000E+00
  0.1926594E-02  0.1926594E-02  0.0000000E+00 -0.1926594E-02  0.0000000E+00
  0.1884690E-02  0.1884690E-02  0.0000000E+00 -0.1884690E-02  0.0000000E+00
  0.1848649E-02  0.1848649E-02  0.0000000E+00 -0.1848649E-02  0.0000000E+00
  0.1818470E-02  0.1818470E-02  0.0000000E+00 -0.1818470E-02  0.0000000E+00
  0.1788290E-02  0.1788290E-02  0.0000000E+00 -0.1788290E-02  0.0000000E+00
  0.1758111E-02  0.1758111E-02  0.0000000E+00 -0.1758111E-02  0.0000000E+00
  0.1731570E-02  0.1731570E-02  0.0000000E+00 -0.1731570E-02  0.0000000E+00
  0.1708669E-02  0.1708669E-02  0.0000000E+00 -0.1708669E-02  0.0000000E+00
  0.1685768E-02  0.1685768E-02  0.0000000E+00 -0.1685768E-02  0.0000000E+00
  0.1662867E-02  0.1662867E-02  0.0000000E+00 -0.1662867E-02  0.0000000E+00
  0.1641616E-02  0.1641616E-02  0.0000000E+00 -0.1641616E-02  0.0000000E+00
  0.1622014E-02  0.1622014E-02  0.0000000E+00 -0.1622014E-02  0.0000000E+00
  0.1602413E-02  0.1602413E-02  0.0000000E+00 -0.1602413E-02  0.0000000E+00
  0.1582811E-02  0.1582811E-02  0.0000000E+00 -0.1582811E-02  0.0000000E+00
  0.1564212E-02  0.1564212E-02  0.0000000E+00 -0.1564212E-02  0.0000000E+00
  0.1546613E-02  0.1546613E-02  0.0000000E+00 -0.1546613E-02  0.0000000E+00
  0.1529015E-02  0.1529015E-02  0.0000000E+00 -0.1529015E-02  0.0000000E+00
  0.1511416E-02  0.1511416E-02  0.0000000E+00 -0.1511416E-02  0.0000000E+00
  0.1494471E-02  0.1494471E-02  0.0000000E+00 -0.1494471E-02  0.0000000E+00
  0.1478179E-02  0.1478179E-02  0.0000000E+00 -0.1478179E-02  0.0000000E+00
  0.1461887E-02  0.1461887E-02  0.0000000E+00 -0.1461887E-02  0.0000000E+00
  0.1445594E-02  0.1445594E-02  0.0000000E+00 -0.1445594E-02  0.0000000E+00
  0.1429601E-02  0.1429601E-02  0.0000000E+00 -0.1429601E-02  0.0000000E+00
  0.1413906E-02  0.1413906E-02  0.0000000E+00 -0.1413906E-02  0.0000000E+00
  0.1398211E-02  0.1398211E-02  0.0000000E+00 -0.1398211E-02  0.0000000E+00
  0.1382516E-02  0.1382516E-02  0.0000000E+00 -0.1382516E-02  0.0000000E+00
  0.1374669E-02  0.1367152E-02  0.0000000E+00 -0.1374669E-02  0.0000000E+00
  0.1374669E-02  0.1352119E-02  0.0000000E+00 -0.1374669E-02  0.0000000E+00
 -0.9566841E-02  0.1337085E-02 -0.1088138E-01  0.9566841E-02  0.9566841E-02
 -0.9566841E-02  0.1322052E-02 -0.1088138E-01  0.9566841E-02  0.9566841E-02
 -0.9566841E-02  0.1314535E-02 -0.1088138E-01  0.9566841E-02  0.9566841E-02
 -0.9566841E-02  0.1314535E-02 -0.1088138E-01  0.3009567E+01  0.3009567E+01
