 File:672022.spo  Solution Type:Thick  fitting  891 channels ( 110-1000)
 Channel#, E(keV),   Data,        Fit, Residual,    Data-Fit
  110,   0.612,      507.,       34.18,   -2.94,      472.82
  111,   0.622,      519.,       30.48,   -1.95,      488.52
  112,   0.632,      578.,       26.59,   -0.68,      551.41
  113,   0.642,      620.,       22.91,    0.63,      597.09
  114,   0.653,      602.,       19.52,    1.85,      582.48
  115,   0.663,      666.,       16.52,    2.87,      649.48
  116,   0.673,      692.,       14.03,    4.20,      677.97
  117,   0.683,      679.,       12.16,    5.12,      666.84
  118,   0.693,      695.,       10.92,    7.04,      684.08
  119,   0.703,      717.,       10.38,    8.14,      706.62
  120,   0.713,      733.,       10.43,    8.33,      722.57
  121,   0.723,      730.,       11.01,    8.31,      718.99
  122,   0.733,      732.,       12.52,    8.64,      719.48
  123,   0.743,      731.,       14.80,    8.29,      716.20
  124,   0.753,      728.,       17.91,    6.97,      710.09
  125,   0.763,      719.,       22.02,    5.93,      696.98
  126,   0.773,      694.,       27.11,    4.26,      666.89
  127,   0.783,      697.,       33.31,    2.96,      663.69
  128,   0.793,      719.,       40.75,    1.80,      678.25
  129,   0.803,      722.,       49.62,    0.63,      672.38
  130,   0.813,      750.,       60.07,   -0.64,      689.93
  131,   0.823,      702.,       72.45,   -1.87,      629.55
  132,   0.833,      750.,       87.39,   -2.24,      662.61
  133,   0.844,      775.,      105.81,   -2.18,      669.19
  134,   0.854,      830.,      129.15,   -1.23,      700.85
  135,   0.864,      865.,      159.49,   -0.93,      705.51
  136,   0.874,      881.,      199.52,   -0.31,      681.48
  137,   0.884,      908.,      252.62,    0.18,      655.38
  138,   0.894,      985.,      322.59,   -0.17,      662.41
  139,   0.904,     1052.,      413.91,    2.28,      638.09
  140,   0.914,     1226.,      530.53,    2.05,      695.47
  141,   0.924,     1370.,      675.95,    2.33,      694.05
  142,   0.934,     1527.,      852.36,    1.55,      674.64
  143,   0.944,     1758.,     1059.94,    1.65,      698.06
  144,   0.954,     2009.,     1296.21,    1.91,      712.79
  145,   0.964,     2225.,     1555.99,    2.55,      669.01
  146,   0.974,     2596.,     1830.61,    3.75,      765.39
  147,   0.984,     2717.,     2108.74,    2.36,      608.26
  148,   0.994,     3044.,     2377.00,    2.39,      667.00
  149,   1.004,     3186.,     2621.16,    2.37,      564.84
  150,   1.014,     3504.,     2827.67,    1.93,      676.33
  151,   1.024,     3622.,     2985.36,    1.56,      636.64
  152,   1.035,     3783.,     3087.22,    0.56,      695.78
  153,   1.045,     3888.,     3131.75,    0.38,      756.25
  154,   1.055,     3544.,     3124.46,   -1.04,      419.54
  155,   1.065,     3716.,     3077.43,   -1.52,      638.57
  156,   1.075,     3621.,     3010.06,   -1.46,      610.94
  157,   1.085,     3518.,     2947.66,   -1.15,      570.34
  158,   1.095,     3486.,     2920.12,   -1.20,      565.88
  159,   1.105,     3468.,     2959.82,   -0.86,      508.18
  160,   1.115,     3668.,     3099.18,   -0.65,      568.82
  161,   1.125,     3899.,     3367.69,   -1.00,      531.31
  162,   1.135,     4340.,     3789.08,    0.67,      550.92
  163,   1.145,     4894.,     4378.02,    1.67,      515.98
  164,   1.155,     5622.,     5137.56,    1.07,      484.44
  165,   1.165,     6656.,     6056.82,    0.71,      599.18
  166,   1.175,     7640.,     7109.89,    1.52,      530.11
  167,   1.185,     8832.,     8255.72,    1.44,      576.28
  168,   1.195,     9944.,     9439.86,    1.35,      504.14
  169,   1.205,    11288.,    10597.99,    1.36,      690.01
  170,   1.215,    12380.,    11660.73,    1.55,      719.27
  171,   1.226,    12944.,    12559.70,    1.23,      384.30
  172,   1.236,    13656.,    13234.43,    1.71,      421.57
  173,   1.246,    14192.,    13638.75,    1.71,      553.25
  174,   1.256,    14092.,    13746.15,    1.25,      345.85
  175,   1.266,    13936.,    13553.52,    0.71,      382.48
  176,   1.276,    13404.,    13081.74,    0.18,      322.26
  177,   1.286,    12908.,    12374.97,   -0.86,      533.03
  178,   1.296,    11772.,    11496.90,   -1.85,      275.10
  179,   1.306,    11012.,    10525.51,   -1.74,      486.49
  180,   1.316,     9976.,     9546.93,   -1.58,      429.07
  181,   1.326,     8876.,     8648.98,   -2.00,      227.02
  182,   1.336,     8252.,     7914.88,   -1.99,      337.12
  183,   1.346,     7768.,     7418.16,   -1.78,      349.84
  184,   1.356,     7528.,     7217.75,   -0.10,      310.25
  185,   1.366,     7632.,     7354.67,    0.32,      277.33
  186,   1.376,     8154.,     7849.07,    1.22,      304.93
  187,   1.386,     9044.,     8698.27,    1.73,      345.73
  188,   1.396,    10084.,     9875.68,    2.12,      208.32
  189,   1.406,    11516.,    11330.62,    2.81,      185.38
  190,   1.416,    13296.,    12989.93,    3.01,      306.07
  191,   1.427,    15312.,    14760.88,    3.79,      551.12
  192,   1.437,    16896.,    16536.64,    2.94,      359.36
  193,   1.447,    18448.,    18203.44,    2.90,      244.56
  194,   1.457,    19952.,    19649.24,    2.29,      302.76
  195,   1.467,    21024.,    20773.25,    0.83,      250.75
  196,   1.477,    21664.,    21495.23,    0.16,      168.77
  197,   1.487,    21976.,    21763.11,   -0.25,      212.89
  198,   1.497,    21864.,    21558.75,   -0.69,      305.25
  199,   1.507,    20768.,    20898.65,   -3.02,     -130.65
  200,   1.517,    19888.,    19833.61,   -4.00,       54.39
  201,   1.527,    18488.,    18443.48,   -4.06,       44.52
  202,   1.537,    16480.,    16829.78,   -4.37,     -349.78
  203,   1.547,    14888.,    15107.22,   -4.92,     -219.22
  204,   1.557,    13356.,    13394.68,   -5.39,      -38.68
  205,   1.567,    11760.,    11807.49,   -5.93,      -47.49
  206,   1.577,    10216.,    10450.59,   -6.91,     -234.59
  207,   1.587,     9412.,     9414.19,   -5.16,       -2.19
  208,   1.597,     8868.,     8769.54,   -4.65,       98.46
  209,   1.607,     8724.,     8567.87,   -4.80,      156.13
  210,   1.618,     8880.,     8838.46,   -2.86,       41.54
  211,   1.628,     9584.,     9587.52,   -1.58,       -3.52
  212,   1.638,    10840.,    10797.11,   -1.01,       42.89
  213,   1.648,    12332.,    12423.83,   -0.62,      -91.83
  214,   1.658,    14724.,    14398.66,    0.76,      325.34
  215,   1.668,    16888.,    16627.64,    0.69,      260.36
  216,   1.678,    19040.,    18994.89,    0.99,       45.11
  217,   1.688,    21624.,    21367.60,    0.91,      256.40
  218,   1.698,    23952.,    23604.25,   -0.12,      347.75
  219,   1.708,    25808.,    25564.34,    0.04,      243.66
  220,   1.718,    27400.,    27119.70,   -0.24,      280.30
  221,   1.728,    28440.,    28165.52,    0.69,      274.48
  222,   1.738,    28864.,    28629.86,   -0.55,      234.14
  223,   1.748,    28912.,    28481.12,   -0.93,      430.88
  224,   1.758,    28120.,    27729.04,   -0.29,      390.96
  225,   1.768,    26504.,    26423.92,   -0.01,       80.08
  226,   1.778,    25088.,    24650.50,   -0.26,      437.50
  227,   1.788,    22832.,    22518.75,    0.03,      313.25
  228,   1.798,    20736.,    20152.01,    0.77,      583.99
  229,   1.809,    17960.,    17676.06,    1.00,      283.94
  230,   1.819,    15620.,    15208.42,    2.06,      411.58
  231,   1.829,    13368.,    12850.19,    2.35,      517.81
  232,   1.839,    11272.,    10680.89,    2.52,      591.11
  233,   1.849,     9276.,     8755.94,    3.98,      520.06
  234,   1.859,     7682.,     7107.39,    4.39,      574.61
  235,   1.869,     6476.,     5746.67,    4.64,      729.33
  236,   1.879,     5316.,     4668.31,    4.15,      647.69
  237,   1.889,     4470.,     3854.28,    4.82,      615.72
  238,   1.899,     3869.,     3278.33,    4.44,      590.67
  239,   1.909,     3509.,     2909.09,    4.29,      599.91
  240,   1.919,     3352.,     2712.97,    4.45,      639.03
  241,   1.929,     3236.,     2655.75,    4.09,      580.25
  242,   1.939,     3169.,     2703.73,    3.33,      465.27
  243,   1.949,     3263.,     2824.47,    2.80,      438.53
  244,   1.959,     3509.,     2987.31,    1.63,      521.69
  245,   1.969,     3537.,     3164.00,    0.88,      373.00
  246,   1.979,     3743.,     3329.36,   -0.30,      413.64
  247,   1.989,     3858.,     3462.26,   -1.20,      395.74
  248,   1.999,     4029.,     3546.02,   -1.81,      482.98
  249,   2.010,     4016.,     3569.36,   -2.56,      446.64
  250,   2.020,     4014.,     3526.80,   -2.57,      487.20
  251,   2.030,     3790.,     3418.47,   -2.44,      371.53
  252,   2.040,     3718.,     3249.68,   -1.38,      468.32
  253,   2.050,     3405.,     3029.92,   -0.92,      375.08
  254,   2.060,     3159.,     2771.92,   -0.13,      387.08
  255,   2.070,     2872.,     2489.96,    0.31,      382.04
  256,   2.080,     2583.,     2198.61,    0.78,      384.39
  257,   2.090,     2310.,     1911.62,    1.01,      398.38
  258,   2.100,     2113.,     1640.99,    1.04,      472.01
  259,   2.110,     1761.,     1396.11,    0.66,      364.89
  260,   2.120,     1553.,     1184.53,    0.31,      368.47
  261,   2.130,     1406.,     1011.08,   -0.34,      394.92
  262,   2.140,     1184.,      878.61,   -0.96,      305.39
  263,   2.150,     1112.,      788.67,   -0.99,      323.33
  264,   2.160,     1030.,      741.61,   -1.62,      288.39
  265,   2.170,     1078.,      737.04,   -1.47,      340.96
  266,   2.180,     1053.,      774.09,   -1.90,      278.91
  267,   2.190,     1165.,      851.04,   -2.92,      313.96
  268,   2.201,     1226.,      965.37,   -2.79,      260.63
  269,   2.211,     1374.,     1113.40,   -2.88,      260.60
  270,   2.221,     1544.,     1289.76,   -3.66,      254.24
  271,   2.231,     1779.,     1487.52,   -3.97,      291.48
  272,   2.241,     1959.,     1697.97,   -3.67,      261.03
  273,   2.251,     2212.,     1910.88,   -3.18,      301.12
  274,   2.261,     2361.,     2114.97,   -3.58,      246.03
  275,   2.271,     2535.,     2298.64,   -2.80,      236.36
  276,   2.281,     2770.,     2450.84,   -3.21,      319.16
  277,   2.291,     2860.,     2562.07,   -2.15,      297.93
  278,   2.301,     2932.,     2625.16,   -0.72,      306.84
  279,   2.311,     2871.,     2635.98,    0.07,      235.02
  280,   2.321,     2926.,     2594.05,    0.60,      331.95
  281,   2.331,     2780.,     2502.34,    0.64,      277.66
  282,   2.341,     2627.,     2367.02,    1.56,      259.98
  283,   2.351,     2492.,     2196.80,    2.43,      295.20
  284,   2.361,     2241.,     2002.19,    3.57,      238.81
  285,   2.371,     2140.,     1794.49,    3.49,      345.51
  286,   2.381,     1978.,     1584.98,    4.03,      393.02
  287,   2.392,     1699.,     1383.96,    4.02,      315.04
  288,   2.402,     1513.,     1200.67,    4.25,      312.33
  289,   2.412,     1275.,     1042.53,    3.88,      232.47
  290,   2.422,     1247.,      915.67,    3.96,      331.33
  291,   2.432,     1131.,      824.84,    3.50,      306.16
  292,   2.442,     1087.,      774.00,    2.56,      313.00
  293,   2.452,     1044.,      766.62,    3.01,      277.38
  294,   2.462,     1119.,      806.06,    1.99,      312.94
  295,   2.472,     1133.,      895.75,   -0.11,      237.25
  296,   2.482,     1278.,     1038.80,   -0.84,      239.20
  297,   2.492,     1460.,     1237.83,   -1.51,      222.17
  298,   2.502,     1674.,     1494.47,   -2.39,      179.53
  299,   2.512,     1990.,     1808.16,   -3.25,      181.84
  300,   2.522,     2354.,     2175.68,   -3.07,      178.32
  301,   2.532,     2776.,     2590.06,   -4.61,      185.94
  302,   2.542,     3180.,     3040.30,   -4.55,      139.70
  303,   2.552,     3616.,     3511.30,   -3.52,      104.70
  304,   2.562,     4204.,     3984.17,   -2.79,      219.83
  305,   2.572,     4560.,     4437.25,   -2.59,      122.75
  306,   2.583,     4916.,     4847.64,   -2.24,       68.36
  307,   2.593,     5392.,     5192.61,   -0.99,      199.39
  308,   2.603,     5708.,     5452.34,   -0.66,      255.66
  309,   2.613,     5686.,     5610.97,    0.52,       75.03
  310,   2.623,     5840.,     5658.83,    0.92,      181.17
  311,   2.633,     5958.,     5593.28,    1.80,      364.72
  312,   2.643,     5688.,     5418.62,    2.46,      269.38
  313,   2.653,     5316.,     5146.12,    2.24,      169.88
  314,   2.663,     5028.,     4792.93,    2.69,      235.07
  315,   2.673,     4658.,     4380.01,    3.20,      277.99
  316,   2.683,     4077.,     3930.45,    2.93,      146.55
  317,   2.693,     3732.,     3467.35,    2.14,      264.65
  318,   2.703,     3155.,     3011.96,    2.46,      143.04
  319,   2.713,     2753.,     2582.17,    1.96,      170.83
  320,   2.723,     2341.,     2191.51,    0.34,      149.49
  321,   2.733,     1964.,     1848.88,   -0.30,      115.12
  322,   2.743,     1705.,     1558.21,   -0.79,      146.79
  323,   2.753,     1448.,     1319.47,   -1.67,      128.53
  324,   2.763,     1260.,     1128.92,   -2.46,      131.08
  325,   2.773,     1090.,      980.59,   -2.07,      109.41
  326,   2.784,      936.,      867.02,   -3.61,       68.98
  327,   2.794,      878.,      780.25,   -3.51,       97.75
  328,   2.804,      830.,      712.64,   -2.99,      117.36
  329,   2.814,      764.,      657.42,   -2.84,      106.58
  330,   2.824,      737.,      609.05,   -1.97,      127.95
  331,   2.834,      705.,      563.61,   -1.44,      141.39
  332,   2.844,      657.,      518.37,   -0.41,      138.63
  333,   2.854,      614.,      472.01,   -0.12,      141.99
  334,   2.864,      507.,      424.25,    0.89,       82.75
  335,   2.874,      512.,      375.58,    2.02,      136.42
  336,   2.884,      444.,      327.00,    2.94,      117.00
  337,   2.894,      371.,      279.69,    3.34,       91.31
  338,   2.904,      416.,      234.85,    3.71,      181.15
  339,   2.914,      320.,      193.51,    3.80,      126.49
  340,   2.924,      285.,      156.41,    3.47,      128.59
  341,   2.934,      244.,      124.01,    3.07,      119.99
  342,   2.944,      183.,       96.35,    2.21,       86.65
  343,   2.954,      180.,       73.40,    1.85,      106.60
  344,   2.964,      155.,       54.94,    0.94,      100.06
  345,   2.975,      129.,       40.35,    0.69,       88.65
  346,   2.985,      114.,       29.08,    0.43,       84.92
  347,   2.995,       92.,       20.62,   -1.61,       71.38
  348,   3.005,       89.,       14.41,   -1.90,       74.59
  349,   3.015,       82.,        9.97,   -2.46,       72.03
  350,   3.025,       67.,        6.85,   -2.82,       60.15
  351,   3.035,       62.,        4.89,   -3.04,       57.11
  352,   3.045,       69.,        3.78,   -2.72,       65.22
  353,   3.055,       69.,        3.48,   -2.64,       65.52
  354,   3.065,       55.,        3.85,   -2.84,       51.15
  355,   3.075,       56.,        5.03,   -2.29,       50.97
  356,   3.085,       64.,        7.20,   -2.13,       56.80
  357,   3.095,       73.,       10.71,   -1.55,       62.29
  358,   3.105,       68.,       15.87,   -1.75,       52.13
  359,   3.115,       87.,       23.31,   -1.39,       63.69
  360,   3.125,       86.,       33.86,   -1.72,       52.14
  361,   3.135,       92.,       48.28,   -1.65,       43.72
  362,   3.145,      121.,       67.51,   -1.95,       53.49
  363,   3.155,      139.,       92.59,   -0.88,       46.41
  364,   3.166,      149.,      124.56,   -1.05,       24.44
  365,   3.176,      212.,      164.35,   -1.47,       47.65
  366,   3.186,      245.,      212.67,   -0.93,       32.33
  367,   3.196,      321.,      269.89,   -0.90,       51.11
  368,   3.206,      340.,      335.87,   -1.30,        4.13
  369,   3.216,      411.,      409.89,   -2.89,        1.11
  370,   3.226,      531.,      490.53,   -2.39,       40.47
  371,   3.236,      645.,      575.64,   -3.22,       69.36
  372,   3.246,      691.,      662.41,   -3.12,       28.59
  373,   3.256,      783.,      747.44,   -2.28,       35.56
  374,   3.266,      893.,      826.99,   -2.94,       66.01
  375,   3.276,      942.,      897.21,   -2.66,       44.79
  376,   3.286,      995.,      954.46,   -2.55,       40.54
  377,   3.296,      971.,      995.60,   -0.83,      -24.60
  378,   3.306,     1097.,     1018.37,    0.19,       78.63
  379,   3.316,     1036.,     1021.35,    0.90,       14.65
  380,   3.326,     1055.,     1004.47,    0.54,       50.53
  381,   3.336,     1054.,      968.66,    0.97,       85.34
  382,   3.346,      936.,      916.05,    1.89,       19.95
  383,   3.357,      895.,      849.61,    1.35,       45.39
  384,   3.367,      837.,      772.90,    1.95,       64.10
  385,   3.377,      809.,      689.82,    1.90,      119.18
  386,   3.387,      680.,      604.35,    2.82,       75.65
  387,   3.397,      607.,      520.13,    2.66,       86.87
  388,   3.407,      491.,      440.39,    3.65,       50.61
  389,   3.417,      435.,      367.79,    3.74,       67.21
  390,   3.427,      402.,      304.39,    2.96,       97.61
  391,   3.437,      294.,      251.56,    4.54,       42.44
  392,   3.447,      286.,      210.25,    4.75,       75.75
  393,   3.457,      227.,      181.23,    5.06,       45.77
  394,   3.467,      217.,      164.87,    3.72,       52.13
  395,   3.477,      209.,      161.83,    2.82,       47.17
  396,   3.487,      231.,      172.75,    2.09,       58.25
  397,   3.497,      240.,      198.71,    1.40,       41.29
  398,   3.507,      284.,      241.16,    1.33,       42.84
  399,   3.517,      360.,      301.94,   -0.92,       58.06
  400,   3.527,      412.,      383.23,   -1.89,       28.77
  401,   3.537,      506.,      487.37,   -3.24,       18.63
  402,   3.547,      637.,      616.59,   -3.18,       20.41
  403,   3.558,      771.,      772.71,   -3.19,       -1.71
  404,   3.568,      966.,      956.73,   -3.53,        9.27
  405,   3.578,     1159.,     1168.40,   -4.15,       -9.40
  406,   3.588,     1464.,     1405.85,   -4.15,       58.15
  407,   3.598,     1562.,     1665.27,   -3.87,     -103.27
  408,   3.608,     1906.,     1940.69,   -3.56,      -34.69
  409,   3.618,     2110.,     2224.01,   -3.61,     -114.01
  410,   3.628,     2480.,     2505.30,   -4.20,      -25.30
  411,   3.638,     2832.,     2773.26,   -3.52,       58.74
  412,   3.648,     2990.,     3015.77,   -3.17,      -25.77
  413,   3.658,     3264.,     3220.97,   -2.00,       43.03
  414,   3.668,     3451.,     3378.08,   -0.56,       72.92
  415,   3.678,     3528.,     3478.39,   -0.61,       49.61
  416,   3.688,     3609.,     3516.06,    0.59,       92.94
  417,   3.698,     3471.,     3488.66,    0.97,      -17.66
  418,   3.708,     3385.,     3397.41,    2.76,      -12.41
  419,   3.718,     3354.,     3247.07,    3.47,      106.93
  420,   3.728,     3082.,     3045.52,    3.46,       36.48
  421,   3.738,     2981.,     2803.19,    4.05,      177.81
  422,   3.749,     2677.,     2531.91,    4.42,      145.09
  423,   3.759,     2305.,     2244.32,    3.75,       60.68
  424,   3.769,     2000.,     1952.48,    4.15,       47.52
  425,   3.779,     1674.,     1667.36,    3.32,        6.64
  426,   3.789,     1510.,     1398.19,    3.88,      111.81
  427,   3.799,     1224.,     1152.06,    3.74,       71.94
  428,   3.809,      990.,      933.78,    3.20,       56.22
  429,   3.819,      789.,      746.03,    3.35,       42.97
  430,   3.829,      676.,      589.64,    1.68,       86.36
  431,   3.839,      460.,      463.80,    0.65,       -3.80
  432,   3.849,      426.,      366.56,    0.59,       59.44
  433,   3.859,      327.,      295.32,    0.30,       31.68
  434,   3.869,      291.,      247.05,    0.51,       43.95
  435,   3.879,      235.,      218.82,   -1.35,       16.18
  436,   3.889,      241.,      207.38,   -2.27,       33.62
  437,   3.899,      230.,      209.86,   -2.85,       20.14
  438,   3.909,      215.,      223.52,   -3.28,       -8.52
  439,   3.919,      255.,      245.94,   -3.71,        9.06
  440,   3.929,      292.,      274.51,   -2.94,       17.49
  441,   3.940,      293.,      307.02,   -3.71,      -14.02
  442,   3.950,      336.,      341.24,   -4.54,       -5.24
  443,   3.960,      339.,      375.04,   -5.17,      -36.04
  444,   3.970,      404.,      406.33,   -4.65,       -2.33
  445,   3.980,      404.,      433.30,   -5.32,      -29.30
  446,   3.990,      463.,      454.36,   -5.53,        8.64
  447,   4.000,      460.,      468.27,   -5.17,       -8.27
  448,   4.010,      475.,      474.22,   -4.49,        0.78
  449,   4.020,      472.,      471.81,   -5.05,        0.19
  450,   4.030,      449.,      461.21,   -3.94,      -12.21
  451,   4.040,      472.,      443.06,   -2.98,       28.94
  452,   4.050,      452.,      418.26,   -1.48,       33.74
  453,   4.060,      377.,      388.13,   -0.30,      -11.13
  454,   4.070,      365.,      354.15,    1.14,       10.85
  455,   4.080,      330.,      317.87,    1.86,       12.13
  456,   4.090,      303.,      280.81,    2.32,       22.19
  457,   4.100,      255.,      244.32,    2.74,       10.68
  458,   4.110,      235.,      209.53,    3.47,       25.47
  459,   4.120,      221.,      177.31,    3.69,       43.69
  460,   4.130,      178.,      148.23,    3.39,       29.77
  461,   4.141,      180.,      122.60,    2.50,       57.40
  462,   4.151,      138.,      100.48,    2.89,       37.52
  463,   4.161,      123.,       81.74,    2.76,       41.26
  464,   4.171,       95.,       66.12,    2.69,       28.88
  465,   4.181,       80.,       53.26,    2.59,       26.74
  466,   4.191,       76.,       42.74,    2.66,       33.26
  467,   4.201,       50.,       34.38,    2.17,       15.62
  468,   4.211,       55.,       27.63,    1.17,       27.37
  469,   4.221,       46.,       22.34,    0.75,       23.66
  470,   4.231,       37.,       18.10,   -0.17,       18.90
  471,   4.241,       42.,       14.77,   -1.03,       27.23
  472,   4.251,       30.,       12.28,   -2.41,       17.72
  473,   4.261,       36.,       10.69,   -2.84,       25.31
  474,   4.271,       35.,        9.85,   -3.91,       25.15
  475,   4.281,       32.,        9.85,   -3.79,       22.15
  476,   4.291,       39.,       10.99,   -3.01,       28.01
  477,   4.301,       39.,       13.08,   -2.49,       25.92
  478,   4.311,       45.,       16.63,   -1.42,       28.37
  479,   4.321,       53.,       21.62,   -0.40,       31.38
  480,   4.332,       51.,       28.61,   -0.13,       22.39
  481,   4.342,       71.,       37.99,    0.98,       33.01
  482,   4.352,       63.,       50.04,    1.82,       12.96
  483,   4.362,       97.,       65.12,    3.23,       31.88
  484,   4.372,      120.,       83.45,    3.26,       36.55
  485,   4.382,      137.,      105.37,    3.48,       31.63
  486,   4.392,      184.,      130.80,    3.72,       53.20
  487,   4.402,      197.,      159.59,    3.86,       37.41
  488,   4.412,      224.,      191.32,    3.73,       32.68
  489,   4.422,      287.,      225.34,    4.25,       61.66
  490,   4.432,      309.,      260.83,    4.61,       48.17
  491,   4.442,      362.,      296.49,    4.81,       65.51
  492,   4.452,      333.,      331.09,    4.19,        1.91
  493,   4.462,      384.,      363.20,    3.01,       20.80
  494,   4.472,      412.,      391.35,    1.98,       20.65
  495,   4.482,      434.,      414.23,    0.74,       19.77
  496,   4.492,      455.,      430.71,   -0.17,       24.29
  497,   4.502,      469.,      439.95,   -0.59,       29.05
  498,   4.512,      487.,      441.49,   -2.22,       45.51
  499,   4.523,      441.,      435.28,   -3.02,        5.72
  500,   4.533,      411.,      421.68,   -4.85,      -10.68
  501,   4.543,      384.,      401.43,   -5.13,      -17.43
  502,   4.553,      351.,      375.63,   -5.06,      -24.63
  503,   4.563,      334.,      345.57,   -5.35,      -11.57
  504,   4.573,      300.,      312.60,   -5.47,      -12.60
  505,   4.583,      288.,      278.17,   -5.95,        9.83
  506,   4.593,      231.,      243.62,   -6.33,      -12.62
  507,   4.603,      215.,      210.12,   -6.84,        4.88
  508,   4.613,      165.,      178.61,   -6.61,      -13.61
  509,   4.623,      144.,      149.79,   -5.81,       -5.79
  510,   4.633,      146.,      124.08,   -5.33,       21.92
  511,   4.643,      112.,      101.68,   -4.73,       10.32
  512,   4.653,       96.,       82.71,   -4.47,       13.29
  513,   4.663,       81.,       66.83,   -3.91,       14.17
  514,   4.673,       80.,       53.88,   -3.48,       26.12
  515,   4.683,       73.,       43.44,   -2.46,       29.56
  516,   4.693,       57.,       35.19,   -1.30,       21.81
  517,   4.703,       58.,       28.78,   -0.47,       29.22
  518,   4.714,       66.,       23.88,    0.27,       42.12
  519,   4.724,       49.,       20.23,    0.20,       28.77
  520,   4.734,       53.,       17.61,    0.05,       35.39
  521,   4.744,       63.,       15.85,    0.96,       47.15
  522,   4.754,       72.,       14.85,    2.14,       57.15
  523,   4.764,       70.,       14.51,    2.82,       55.49
  524,   4.774,       82.,       14.87,    3.39,       67.13
  525,   4.784,       66.,       15.80,    4.24,       50.20
  526,   4.794,       82.,       17.31,    4.73,       64.69
  527,   4.804,       92.,       19.35,    4.90,       72.65
  528,   4.814,       92.,       22.02,    6.52,       69.98
  529,   4.824,      111.,       25.14,    8.67,       85.86
  530,   4.834,      117.,       28.75,    9.25,       88.25
  531,   4.844,      111.,       32.70,    8.84,       78.30
  532,   4.854,      120.,       36.90,    9.25,       83.10
  533,   4.864,      122.,       41.12,    8.69,       80.88
  534,   4.874,      120.,       45.33,    9.31,       74.67
  535,   4.884,      131.,       49.27,    8.61,       81.73
  536,   4.894,      145.,       52.76,    8.43,       92.24
  537,   4.904,      164.,       55.57,    7.61,      108.43
  538,   4.915,      136.,       57.68,    5.69,       78.32
  539,   4.925,      125.,       58.89,    4.26,       66.11
  540,   4.935,      136.,       59.12,    3.85,       76.88
  541,   4.945,      123.,       58.35,    2.85,       64.65
  542,   4.955,      133.,       56.70,    2.55,       76.30
  543,   4.965,      106.,       54.18,    1.34,       51.82
  544,   4.975,      117.,       50.91,    0.33,       66.09
  545,   4.985,      103.,       47.04,   -1.12,       55.96
  546,   4.995,       75.,       42.74,   -2.87,       32.26
  547,   5.005,       81.,       38.20,   -3.41,       42.80
  548,   5.015,       90.,       33.59,   -3.65,       56.41
  549,   5.025,       74.,       29.07,   -4.54,       44.93
  550,   5.035,       82.,       24.69,   -4.79,       57.31
  551,   5.045,       58.,       20.72,   -5.64,       37.28
  552,   5.055,       62.,       17.14,   -5.12,       44.86
  553,   5.065,       54.,       13.99,   -5.11,       40.01
  554,   5.075,       60.,       11.28,   -4.63,       48.72
  555,   5.085,       51.,        9.00,   -2.87,       42.00
  556,   5.095,       48.,        7.12,   -2.34,       40.88
  557,   5.106,       44.,        5.62,   -2.12,       38.38
  558,   5.116,       42.,        4.44,   -1.16,       37.56
  559,   5.126,       41.,        3.56,   -1.69,       37.44
  560,   5.136,       49.,        2.88,   -0.46,       46.12
  561,   5.146,       51.,        2.39,   -0.86,       48.61
  562,   5.156,       52.,        1.98,   -0.11,       50.02
  563,   5.166,       50.,        1.76,    0.35,       48.24
  564,   5.176,       42.,        1.63,    0.78,       40.37
  565,   5.186,       49.,        1.57,    1.13,       47.43
  566,   5.196,       48.,        1.50,    1.59,       46.50
  567,   5.206,       39.,        1.47,    1.69,       37.53
  568,   5.216,       45.,        1.55,    2.87,       43.45
  569,   5.226,       32.,        1.62,    2.26,       30.38
  570,   5.236,       42.,        1.71,    2.07,       40.29
  571,   5.246,       52.,        1.79,    1.31,       50.21
  572,   5.256,       49.,        1.87,    0.91,       47.13
  573,   5.266,       46.,        1.95,    0.11,       44.05
  574,   5.276,       37.,        2.02,   -0.79,       34.98
  575,   5.286,       34.,        2.08,   -1.64,       31.92
  576,   5.297,       50.,        2.13,   -1.93,       47.87
  577,   5.307,       33.,        2.16,   -2.64,       30.84
  578,   5.317,       42.,        2.18,   -2.38,       39.82
  579,   5.327,       35.,        2.17,   -2.30,       32.83
  580,   5.337,       41.,        2.15,   -3.08,       38.85
  581,   5.347,       27.,        2.11,   -3.06,       24.89
  582,   5.357,       37.,        2.14,   -3.10,       34.86
  583,   5.367,       33.,        2.08,   -1.97,       30.92
  584,   5.377,       32.,        2.01,   -1.02,       29.99
  585,   5.387,       34.,        1.94,   -2.11,       32.06
  586,   5.397,       33.,        1.86,   -1.29,       31.14
  587,   5.407,       37.,        1.78,   -1.70,       35.22
  588,   5.417,       37.,        1.71,   -2.01,       35.29
  589,   5.427,       47.,        1.64,   -1.74,       45.36
  590,   5.437,       43.,        1.58,   -0.80,       41.42
  591,   5.447,       52.,        1.53,   -0.85,       50.47
  592,   5.457,       41.,        1.58,   -0.73,       39.42
  593,   5.467,       35.,        1.55,   -1.07,       33.45
  594,   5.477,       43.,        1.53,   -0.99,       41.47
  595,   5.487,       39.,        1.52,   -0.58,       37.48
  596,   5.498,       36.,        1.51,   -0.35,       34.49
  597,   5.508,       51.,        1.50,    0.88,       49.50
  598,   5.518,       45.,        1.48,    0.81,       43.52
  599,   5.528,       38.,        1.59,    0.94,       36.41
  600,   5.538,       37.,        1.69,    0.87,       35.31
  601,   5.548,       27.,        1.84,    1.04,       25.16
  602,   5.558,       52.,        2.07,    1.09,       49.93
  603,   5.568,       36.,        2.50,    1.13,       33.50
  604,   5.578,       45.,        3.13,    1.05,       41.87
  605,   5.588,       60.,        4.13,    2.28,       55.87
  606,   5.598,       68.,        5.70,    2.32,       62.30
  607,   5.608,       57.,        8.12,    2.45,       48.88
  608,   5.618,       61.,       11.83,    2.16,       49.17
  609,   5.628,       57.,       17.39,    1.60,       39.61
  610,   5.638,       71.,       25.62,    1.00,       45.38
  611,   5.648,       79.,       37.59,    1.31,       41.41
  612,   5.658,       91.,       54.70,    1.07,       36.30
  613,   5.668,      130.,       78.72,    1.13,       51.28
  614,   5.678,      182.,      111.86,    1.07,       70.14
  615,   5.689,      195.,      156.76,    0.12,       38.24
  616,   5.699,      277.,      216.49,   -0.46,       60.51
  617,   5.709,      332.,      294.49,   -0.36,       37.51
  618,   5.719,      416.,      394.42,   -0.51,       21.58
  619,   5.729,      531.,      520.11,   -0.57,       10.89
  620,   5.739,      701.,      674.89,   -1.11,       26.11
  621,   5.749,      888.,      861.85,   -1.08,       26.15
  622,   5.759,     1132.,     1083.04,   -0.87,       48.96
  623,   5.769,     1321.,     1339.19,   -1.83,      -18.19
  624,   5.779,     1647.,     1629.35,   -1.21,       17.65
  625,   5.789,     1972.,     1950.46,   -0.99,       21.54
  626,   5.799,     2338.,     2297.22,   -1.32,       40.78
  627,   5.809,     2721.,     2661.97,   -0.52,       59.03
  628,   5.819,     3101.,     3034.80,   -0.17,       66.20
  629,   5.829,     3388.,     3404.00,    0.29,      -16.00
  630,   5.839,     3767.,     3756.25,    0.19,       10.75
  631,   5.849,     4126.,     4077.90,    0.03,       48.10
  632,   5.859,     4274.,     4355.42,    0.25,      -81.42
  633,   5.869,     4710.,     4576.52,    0.68,      133.48
  634,   5.880,     4818.,     4730.95,    1.17,       87.05
  635,   5.890,     4824.,     4811.36,    1.45,       12.64
  636,   5.900,     4906.,     4813.89,    0.71,       92.11
  637,   5.910,     4846.,     4738.43,    0.97,      107.57
  638,   5.920,     4632.,     4588.59,    0.26,       43.41
  639,   5.930,     4362.,     4371.54,    0.30,       -9.54
  640,   5.940,     4108.,     4097.36,    0.63,       10.64
  641,   5.950,     3822.,     3778.26,    0.18,       43.74
  642,   5.960,     3449.,     3427.72,    0.70,       21.28
  643,   5.970,     3162.,     3059.51,    0.22,      102.49
  644,   5.980,     2739.,     2686.86,   -0.09,       52.14
  645,   5.990,     2254.,     2321.68,    0.21,      -67.68
  646,   6.000,     2080.,     1974.01,   -0.05,      105.99
  647,   6.010,     1628.,     1651.68,   -0.33,      -23.68
  648,   6.020,     1361.,     1360.15,   -0.41,        0.85
  649,   6.030,     1156.,     1102.68,   -0.30,       53.32
  650,   6.040,      856.,      880.24,    0.12,      -24.24
  651,   6.050,      713.,      692.27,   -0.42,       20.73
  652,   6.060,      597.,      536.72,   -0.06,       60.28
  653,   6.071,      447.,      410.80,   -0.77,       36.20
  654,   6.081,      357.,      311.08,   -1.13,       45.92
  655,   6.091,      268.,      233.81,   -0.38,       34.19
  656,   6.101,      220.,      175.49,   -0.75,       44.51
  657,   6.111,      182.,      132.94,   -0.17,       49.06
  658,   6.121,      116.,      103.29,    0.08,       12.71
  659,   6.131,      125.,       84.31,   -0.70,       40.69
  660,   6.141,      104.,       74.37,   -0.31,       29.63
  661,   6.151,       86.,       72.47,   -0.72,       13.53
  662,   6.161,       91.,       78.18,   -0.23,       12.82
  663,   6.171,      112.,       91.70,   -0.24,       20.30
  664,   6.181,      132.,      113.65,   -0.47,       18.35
  665,   6.191,      165.,      145.36,   -0.39,       19.64
  666,   6.201,      205.,      188.55,   -1.01,       16.45
  667,   6.211,      268.,      245.34,   -1.54,       22.66
  668,   6.221,      315.,      318.10,   -1.04,       -3.10
  669,   6.231,      435.,      409.32,   -0.89,       25.68
  670,   6.241,      550.,      521.44,   -0.39,       28.56
  671,   6.251,      734.,      656.56,    0.22,       77.44
  672,   6.261,      842.,      816.36,    0.40,       25.64
  673,   6.272,     1090.,     1001.50,    0.90,       88.50
  674,   6.282,     1225.,     1211.83,    1.19,       13.17
  675,   6.292,     1444.,     1445.65,    1.69,       -1.65
  676,   6.302,     1683.,     1699.79,    1.88,      -16.79
  677,   6.312,     2019.,     1969.58,    2.28,       49.42
  678,   6.322,     2316.,     2249.01,    2.72,       66.99
  679,   6.332,     2641.,     2530.53,    3.46,      110.47
  680,   6.342,     2852.,     2805.71,    3.23,       46.29
  681,   6.352,     3098.,     3065.25,    2.87,       32.75
  682,   6.362,     3360.,     3300.03,    2.84,       59.97
  683,   6.372,     3551.,     3501.32,    2.54,       49.68
  684,   6.382,     3672.,     3661.23,    1.70,       10.77
  685,   6.392,     3759.,     3774.03,    1.24,      -15.03
  686,   6.402,     3866.,     3835.07,    0.91,       30.93
  687,   6.412,     3844.,     3842.85,    0.12,        1.15
  688,   6.422,     3872.,     3797.55,   -0.83,       74.45
  689,   6.432,     3688.,     3701.79,   -1.66,      -13.79
  690,   6.442,     3593.,     3560.33,   -1.64,       32.67
  691,   6.452,     3380.,     3379.28,   -1.95,        0.72
  692,   6.463,     3186.,     3166.19,   -2.35,       19.81
  693,   6.473,     2826.,     2929.19,   -2.63,     -103.19
  694,   6.483,     2609.,     2676.55,   -2.70,      -67.55
  695,   6.493,     2336.,     2416.26,   -2.82,      -80.26
  696,   6.503,     2084.,     2155.58,   -3.11,      -71.58
  697,   6.513,     1823.,     1901.02,   -2.94,      -78.02
  698,   6.523,     1641.,     1657.68,   -3.13,      -16.68
  699,   6.533,     1446.,     1429.60,   -2.84,       16.40
  700,   6.543,     1196.,     1219.58,   -3.08,      -23.58
  701,   6.553,      990.,     1029.31,   -2.99,      -39.31
  702,   6.563,      878.,      859.63,   -2.90,       18.37
  703,   6.573,      722.,      710.43,   -2.02,       11.57
  704,   6.583,      570.,      581.01,   -1.49,      -11.01
  705,   6.593,      444.,      470.21,   -0.69,      -26.21
  706,   6.603,      381.,      376.56,    0.04,        4.44
  707,   6.613,      304.,      298.37,    1.24,        5.63
  708,   6.623,      247.,      233.90,    1.36,       13.10
  709,   6.633,      179.,      181.34,    1.28,       -2.34
  710,   6.643,      139.,      139.10,    1.66,       -0.10
  711,   6.654,      129.,      105.56,    2.33,       23.44
  712,   6.664,       93.,       79.25,    1.42,       13.75
  713,   6.674,       74.,       58.93,    0.72,       15.07
  714,   6.684,       49.,       43.40,    0.15,        5.60
  715,   6.694,       49.,       31.72,   -0.18,       17.28
  716,   6.704,       36.,       23.07,   -1.13,       12.93
  717,   6.714,       29.,       16.77,   -1.46,       12.23
  718,   6.724,       17.,       12.33,   -1.56,        4.67
  719,   6.734,       27.,        9.31,   -2.05,       17.69
  720,   6.744,       24.,        7.30,   -2.30,       16.70
  721,   6.754,       28.,        6.07,   -2.38,       21.93
  722,   6.764,       22.,        5.55,   -2.33,       16.45
  723,   6.774,       29.,        5.49,   -2.44,       23.51
  724,   6.784,       31.,        5.93,   -1.88,       25.07
  725,   6.794,       36.,        6.82,   -1.85,       29.18
  726,   6.804,       42.,        8.26,   -1.20,       33.74
  727,   6.814,       46.,       10.21,   -0.74,       35.79
  728,   6.824,       49.,       12.89,    1.03,       36.11
  729,   6.834,       64.,       16.32,    1.40,       47.68
  730,   6.845,       70.,       20.82,    2.56,       49.18
  731,   6.855,       71.,       26.53,    2.97,       44.47
  732,   6.865,       94.,       33.76,    4.55,       60.24
  733,   6.875,      109.,       42.75,    5.68,       66.25
  734,   6.885,      119.,       53.73,    7.50,       65.27
  735,   6.895,      127.,       67.03,    7.61,       59.97
  736,   6.905,      142.,       82.86,    8.36,       59.14
  737,   6.915,      183.,      101.42,    8.08,       81.58
  738,   6.925,      185.,      122.78,    8.86,       62.22
  739,   6.935,      211.,      146.94,    8.32,       64.06
  740,   6.945,      233.,      173.69,    8.73,       59.31
  741,   6.955,      282.,      202.72,    8.48,       79.28
  742,   6.965,      286.,      233.48,    6.68,       52.52
  743,   6.975,      361.,      265.29,    5.42,       95.71
  744,   6.985,      353.,      297.28,    5.01,       55.72
  745,   6.995,      404.,      328.46,    4.31,       75.54
  746,   7.005,      388.,      357.76,    3.43,       30.24
  747,   7.015,      443.,      384.08,    1.71,       58.92
  748,   7.025,      436.,      406.36,    1.37,       29.64
  749,   7.035,      474.,      423.66,    0.20,       50.34
  750,   7.046,      446.,      435.21,   -1.31,       10.79
  751,   7.056,      404.,      440.49,   -2.61,      -36.49
  752,   7.066,      435.,      439.23,   -2.92,       -4.23
  753,   7.076,      469.,      431.49,   -4.06,       37.51
  754,   7.086,      431.,      417.57,   -4.38,       13.43
  755,   7.096,      399.,      398.08,   -5.25,        0.92
  756,   7.106,      354.,      373.85,   -5.06,      -19.85
  757,   7.116,      361.,      345.85,   -5.87,       15.15
  758,   7.126,      292.,      315.16,   -6.07,      -23.16
  759,   7.136,      248.,      282.91,   -6.46,      -34.91
  760,   7.146,      245.,      250.16,   -5.50,       -5.16
  761,   7.156,      219.,      217.90,   -4.30,        1.10
  762,   7.166,      198.,      187.06,   -3.10,       10.94
  763,   7.176,      166.,      158.06,   -3.51,        7.94
  764,   7.186,      137.,      131.72,   -2.95,        5.28
  765,   7.196,      111.,      108.13,   -2.71,        2.87
  766,   7.206,       76.,       87.49,   -1.66,      -11.49
  767,   7.216,       62.,       69.81,   -1.61,       -7.81
  768,   7.226,       60.,       54.98,   -0.59,        5.02
  769,   7.237,       63.,       42.79,    0.40,       20.21
  770,   7.247,       28.,       33.00,   -0.10,       -5.00
  771,   7.257,       33.,       25.43,   -0.12,        7.57
  772,   7.267,       15.,       19.61,    0.07,       -4.61
  773,   7.277,       17.,       15.37,   -0.13,        1.63
  774,   7.287,       19.,       12.44,    0.34,        6.56
  775,   7.297,        7.,       10.63,   -0.14,       -3.63
  776,   7.307,       14.,        9.74,    0.70,        4.26
  777,   7.317,       10.,        9.63,    0.97,        0.37
  778,   7.327,       14.,       10.16,    0.37,        3.84
  779,   7.337,       12.,       11.17,   -0.49,        0.83
  780,   7.347,       20.,       12.65,   -0.09,        7.35
  781,   7.357,       18.,       14.59,    0.12,        3.41
  782,   7.367,       16.,       16.82,    0.70,       -0.82
  783,   7.377,       35.,       19.20,    0.34,       15.80
  784,   7.387,       24.,       21.78,    0.28,        2.22
  785,   7.397,       25.,       24.35,   -0.57,        0.65
  786,   7.407,       44.,       26.94,   -0.38,       17.06
  787,   7.417,       44.,       29.38,   -0.18,       14.62
  788,   7.428,       42.,       31.57,   -0.01,       10.43
  789,   7.438,       42.,       33.44,    0.95,        8.56
  790,   7.448,       46.,       34.90,    0.70,       11.10
  791,   7.458,       44.,       35.90,    1.00,        8.10
  792,   7.468,       31.,       36.38,    0.85,       -5.38
  793,   7.478,       42.,       36.34,    0.01,        5.66
  794,   7.488,       32.,       35.76,    0.92,       -3.76
  795,   7.498,       49.,       34.68,    1.57,       14.32
  796,   7.508,       46.,       33.14,    1.19,       12.86
  797,   7.518,       45.,       31.21,    0.89,       13.79
  798,   7.528,       39.,       28.96,    1.37,       10.04
  799,   7.538,       36.,       26.47,    0.91,        9.53
  800,   7.548,       35.,       23.85,    0.75,       11.15
  801,   7.558,       27.,       21.17,    1.04,        5.83
  802,   7.568,       22.,       18.51,    2.09,        3.49
  803,   7.578,       33.,       15.96,    2.35,       17.04
  804,   7.588,       28.,       13.54,    3.07,       14.46
  805,   7.598,       23.,       11.33,    2.32,       11.67
  806,   7.608,       20.,        9.34,    2.22,       10.66
  807,   7.618,       27.,        7.59,    1.91,       19.41
  808,   7.629,       12.,        6.07,    2.04,        5.93
  809,   7.639,       13.,        4.78,    2.38,        8.22
  810,   7.649,       17.,        3.71,    2.35,       13.29
  811,   7.659,       17.,        2.84,    2.65,       14.16
  812,   7.669,        7.,        2.15,    2.47,        4.85
  813,   7.679,        8.,        1.59,    1.92,        6.41
  814,   7.689,        4.,        1.17,    0.66,        2.83
  815,   7.699,        7.,        0.84,    0.33,        6.16
  816,   7.709,        3.,        0.60,    0.44,        2.40
  817,   7.719,        7.,        0.42,   -0.63,        6.58
  818,   7.729,       11.,        0.23,   -0.90,       10.77
  819,   7.739,        7.,        0.16,   -1.24,        6.84
  820,   7.749,        5.,        0.11,   -1.70,        4.89
  821,   7.759,        5.,        0.07,   -2.91,        4.93
  822,   7.769,        7.,        0.00,   -2.92,        7.00
  823,   7.779,        1.,        0.00,   -2.97,        1.00
  824,   7.789,        2.,        0.00,   -2.59,        2.00
  825,   7.799,        8.,        0.00,   -2.53,        8.00
  826,   7.809,        2.,        0.00,   -1.98,        2.00
  827,   7.820,        1.,        0.00,   -1.93,        1.00
  828,   7.830,        3.,        0.00,   -2.57,        3.00
  829,   7.840,        5.,        0.00,   -2.60,        5.00
  830,   7.850,        0.,        0.00,   -2.62,        0.00
  831,   7.860,        4.,        0.00,   -2.51,        4.00
  832,   7.870,        1.,        0.00,   -2.96,        1.00
  833,   7.880,        1.,        0.00,   -2.46,        1.00
  834,   7.890,        3.,        0.00,   -2.54,        3.00
  835,   7.900,        5.,        0.00,   -2.81,        5.00
  836,   7.910,        2.,        0.00,   -2.64,        2.00
  837,   7.920,        5.,        0.00,   -1.59,        5.00
  838,   7.930,        5.,        0.00,   -1.09,        5.00
  839,   7.940,        3.,        0.00,   -0.93,        3.00
  840,   7.950,        1.,        0.00,    0.17,        1.00
  841,   7.960,        2.,        0.00,    0.20,        2.00
  842,   7.970,        7.,        0.00,    0.90,        7.00
  843,   7.980,        3.,        0.00,    1.67,        3.00
  844,   7.990,        4.,        0.00,    1.89,        4.00
  845,   8.000,        5.,        0.00,    1.89,        5.00
  846,   8.011,        9.,        0.00,    2.37,        9.00
  847,   8.021,        7.,        0.05,    2.07,        6.95
  848,   8.031,        5.,        0.07,    2.38,        4.93
  849,   8.041,       10.,        0.10,    2.71,        9.90
  850,   8.051,        4.,        0.21,    3.04,        3.79
  851,   8.061,        4.,        0.28,    3.28,        3.72
  852,   8.071,        9.,        0.37,    2.52,        8.63
  853,   8.081,        7.,        0.49,    2.03,        6.51
  854,   8.091,        4.,        0.62,    2.41,        3.38
  855,   8.101,        6.,        0.79,    2.60,        5.21
  856,   8.111,        3.,        0.99,    1.46,        2.01
  857,   8.121,       10.,        1.22,    1.25,        8.78
  858,   8.131,        5.,        1.47,    1.30,        3.53
  859,   8.141,        5.,        1.76,    0.35,        3.24
  860,   8.151,        6.,        2.08,   -0.12,        3.92
  861,   8.161,        1.,        2.42,   -0.30,       -1.42
  862,   8.171,        4.,        2.78,   -0.96,        1.22
  863,   8.181,        8.,        3.14,   -0.80,        4.86
  864,   8.191,        8.,        3.49,   -1.45,        4.51
  865,   8.202,        3.,        3.84,   -1.63,       -0.84
  866,   8.212,        5.,        4.16,   -1.11,        0.84
  867,   8.222,        9.,        4.44,   -2.19,        4.56
  868,   8.232,        4.,        4.67,   -2.10,       -0.67
  869,   8.242,        3.,        4.84,   -1.91,       -1.84
  870,   8.252,        8.,        4.95,   -2.32,        3.05
  871,   8.262,        4.,        5.00,   -1.64,       -1.00
  872,   8.272,       12.,        4.97,   -1.31,        7.03
  873,   8.282,        2.,        4.87,   -1.44,       -2.87
  874,   8.292,        5.,        4.70,   -1.40,        0.30
  875,   8.302,        9.,        4.48,   -1.35,        4.52
  876,   8.312,        1.,        4.20,   -1.01,       -3.20
  877,   8.322,        7.,        3.89,   -0.68,        3.11
  878,   8.332,        4.,        3.55,   -0.41,        0.45
  879,   8.342,        2.,        3.19,   -0.02,       -1.19
  880,   8.352,        7.,        2.83,    0.02,        4.17
  881,   8.362,        3.,        2.47,    0.06,        0.53
  882,   8.372,        3.,        2.13,   -0.68,        0.87
  883,   8.382,        6.,        1.81,   -0.15,        4.19
  884,   8.392,        0.,        1.52,    0.09,       -1.52
  885,   8.403,        5.,        1.25,   -0.32,        3.75
  886,   8.413,        5.,        1.02,    0.00,        3.98
  887,   8.423,        3.,        0.82,   -0.08,        2.18
  888,   8.433,        1.,        0.65,    0.05,        0.35
  889,   8.443,        2.,        0.51,   -0.02,        1.49
  890,   8.453,        2.,        0.39,   -0.40,        1.61
  891,   8.463,        1.,        0.29,   -0.34,        0.71
  892,   8.473,        1.,        0.15,    0.03,        0.85
  893,   8.483,        2.,        0.11,   -0.49,        1.89
  894,   8.493,        3.,        0.08,   -0.21,        2.92
  895,   8.503,        1.,        0.00,   -0.11,        1.00
  896,   8.513,        1.,        0.00,   -0.37,        1.00
  897,   8.523,        4.,        0.00,   -0.33,        4.00
  898,   8.533,        0.,        0.00,    0.06,        0.00
  899,   8.543,        0.,        0.00,    0.00,        0.00
  900,   8.553,        3.,        0.00,    0.20,        3.00
  901,   8.563,        3.,        0.00,    0.46,        3.00
  902,   8.573,        2.,        0.00,    0.78,        2.00
  903,   8.583,        3.,        0.00,    1.05,        3.00
  904,   8.594,        4.,        0.00,    0.99,        4.00
  905,   8.604,        3.,        0.00,    1.33,        3.00
  906,   8.614,        2.,        0.00,    1.43,        2.00
  907,   8.624,        4.,        0.00,    1.28,        4.00
  908,   8.634,        2.,        0.00,    1.30,        2.00
  909,   8.644,        2.,        0.00,    1.48,        2.00
  910,   8.654,        3.,        0.00,    1.35,        3.00
  911,   8.664,        4.,        0.00,    1.03,        4.00
  912,   8.674,        3.,        0.00,    0.92,        3.00
  913,   8.684,        4.,        0.00,    0.76,        4.00
  914,   8.694,        3.,        0.00,    0.65,        3.00
  915,   8.704,        0.,        0.00,    0.44,        0.00
  916,   8.714,        2.,        0.00,    0.24,        2.00
  917,   8.724,        0.,        0.00,    0.13,        0.00
  918,   8.734,        1.,        0.00,   -0.17,        1.00
  919,   8.744,        1.,        0.00,   -0.43,        1.00
  920,   8.754,        0.,        0.00,   -0.59,        0.00
  921,   8.764,        1.,        0.00,   -0.74,        1.00
  922,   8.774,        1.,        0.00,   -0.85,        1.00
  923,   8.785,        2.,        0.00,   -1.06,        2.00
  924,   8.795,        1.,        0.00,   -1.11,        1.00
  925,   8.805,        0.,        0.00,   -0.86,        0.00
  926,   8.815,        1.,        0.00,   -0.86,        1.00
  927,   8.825,        0.,        0.00,   -0.71,        0.00
  928,   8.835,        0.,        0.00,   -0.56,        0.00
  929,   8.845,        0.,        0.00,   -0.46,        0.00
  930,   8.855,        1.,        0.00,   -0.36,        1.00
  931,   8.865,        1.,        0.00,   -0.26,        1.00
  932,   8.875,        1.,        0.00,   -0.22,        1.00
  933,   8.885,        1.,        0.00,   -0.12,        1.00
  934,   8.895,        1.,        0.00,    0.03,        1.00
  935,   8.905,        1.,        0.00,    0.03,        1.00
  936,   8.915,        0.,        0.00,   -0.02,        0.00
  937,   8.925,        2.,        0.00,    0.08,        2.00
  938,   8.935,        1.,        0.00,    0.23,        1.00
  939,   8.945,        0.,        0.00,    0.28,        0.00
  940,   8.955,        0.,        0.00,    0.28,        0.00
  941,   8.965,        0.,        0.00,    0.23,        0.00
  942,   8.975,        1.,        0.00,    0.18,        1.00
  943,   8.986,        1.,        0.00,    0.18,        1.00
  944,   8.996,        0.,        0.00,    0.07,        0.00
  945,   9.006,        0.,        0.00,   -0.03,        0.00
  946,   9.016,        1.,        0.00,    0.12,        1.00
  947,   9.026,        1.,        0.00,   -0.08,        1.00
  948,   9.036,        0.,        0.00,   -0.18,        0.00
  949,   9.046,        1.,        0.00,   -0.18,        1.00
  950,   9.056,        0.,        0.00,   -0.13,        0.00
  951,   9.066,        0.,        0.00,   -0.08,        0.00
  952,   9.076,        0.,        0.00,   -0.14,        0.00
  953,   9.086,        0.,        0.00,   -0.19,        0.00
  954,   9.096,        0.,        0.00,   -0.04,        0.00
  955,   9.106,        1.,        0.00,   -0.04,        1.00
  956,   9.116,        0.,        0.00,   -0.19,        0.00
  957,   9.126,        0.,        0.00,   -0.19,        0.00
  958,   9.136,        0.,        0.00,   -0.14,        0.00
  959,   9.146,        0.,        0.00,   -0.24,        0.00
  960,   9.156,        0.,        0.00,   -0.24,        0.00
  961,   9.166,        0.,        0.00,   -0.24,        0.00
  962,   9.177,        0.,        0.00,   -0.19,        0.00
  963,   9.187,        1.,        0.00,   -0.14,        1.00
  964,   9.197,        0.,        0.00,   -0.14,        0.00
  965,   9.207,        0.,        0.00,   -0.14,        0.00
  966,   9.217,        0.,        0.00,    0.01,        0.00
  967,   9.227,        0.,        0.00,    0.06,        0.00
  968,   9.237,        0.,        0.00,    0.01,        0.00
  969,   9.247,        0.,        0.00,    0.06,        0.00
  970,   9.257,        0.,        0.00,    0.06,        0.00
  971,   9.267,        0.,        0.00,    0.06,        0.00
  972,   9.277,        0.,        0.00,    0.01,        0.00
  973,   9.287,        0.,        0.00,   -0.09,        0.00
  974,   9.297,        1.,        0.00,   -0.09,        1.00
  975,   9.307,        1.,        0.00,   -0.04,        1.00
  976,   9.317,        0.,        0.00,   -0.04,        0.00
  977,   9.327,        0.,        0.00,   -0.09,        0.00
  978,   9.337,        0.,        0.00,   -0.04,        0.00
  979,   9.347,        0.,        0.00,   -0.04,        0.00
  980,   9.357,        0.,        0.00,   -0.09,        0.00
  981,   9.368,        0.,        0.00,   -0.09,        0.00
  982,   9.378,        0.,        0.00,   -0.02,        0.00
  983,   9.388,        0.,        0.00,    0.01,        0.00
  984,   9.398,        0.,        0.00,   -0.12,        0.00
  985,   9.408,        0.,        0.00,   -0.26,        0.00
  986,   9.418,        0.,        0.00,   -0.29,        0.00
  987,   9.428,        1.,        0.00,   -0.22,        1.00
  988,   9.438,        0.,        0.00,   -0.15,        0.00
  989,   9.448,        0.,        0.00,   -0.15,        0.00
  990,   9.458,        0.,        0.00,   -0.18,        0.00
  991,   9.468,        1.,        0.00,   -0.17,        1.00
  992,   9.478,        0.,        0.00,   -0.16,        0.00
  993,   9.488,        0.,        0.00,   -0.14,        0.00
  994,   9.498,        0.,        0.00,   -0.13,        0.00
  995,   9.508,        0.,        0.00,   -0.06,        0.00
  996,   9.518,        1.,        0.00,    0.01,        1.00
  997,   9.528,        1.,        0.00,    0.03,        1.00
  998,   9.538,        0.,        0.00,   -0.05,        0.00
  999,   9.548,        1.,        0.00,   -0.03,        1.00
 1000,   9.559,        0.,        0.00,   -0.01,        0.00
