           0
 F
           0
 F
           4
  6.9999999E-07
  0.0000000E+00
   1.900000    
  0.2000000    
   1.200000    
           2
   1000.000    
  0.0000000E+00
 F
  0.0000000E+00
   179.0000    
        1024
  0.0000000E+00   3.643000       32.26400    
  0.0000000E+00  0.0000000E+00  0.0000000E+00  0.1790000E+03  0.1790000E+03
 -0.4946282E+00  0.0000000E+00 -0.4946282E+00  0.4449463E+02  0.4449463E+02
  0.0000000E+00  0.0000000E+00  0.0000000E+00  0.4000000E+02  0.4000000E+02
  0.0000000E+00  0.0000000E+00  0.0000000E+00  0.2000000E+02  0.2000000E+02
 -0.4946282E+00  0.0000000E+00 -0.4946282E+00  0.4749463E+02  0.4749463E+02
 -0.4946282E+00  0.0000000E+00 -0.4946282E+00  0.1649463E+02  0.1649463E+02
 -0.5078748E+00  0.0000000E+00 -0.5121915E+00  0.2450788E+02  0.2450788E+02
 -0.5343681E+00  0.0000000E+00 -0.5473180E+00  0.2353437E+02  0.2353437E+02
 -0.5608614E+00  0.3453326E-01 -0.5824447E+00  0.4456086E+02  0.4456086E+02
 -0.5873547E+00  0.3453326E-01 -0.6175713E+00  0.3258736E+02  0.3258736E+02
 -0.5563295E+00  0.4106807E-01 -0.5973976E+00  0.2855633E+02  0.2855633E+02
 -0.4677860E+00  0.5413769E-01 -0.5219237E+00  0.3646778E+02  0.3646778E+02
 -0.3792424E+00  0.6720730E-01 -0.4464497E+00  0.2837924E+02  0.2837924E+02
 -0.2906988E+00  0.8027692E-01 -0.3709757E+00  0.1429070E+02  0.1429070E+02
 -0.2799424E+00  0.8962777E-01 -0.3695701E+00  0.1527994E+02  0.1527994E+02
 -0.3469730E+00  0.9525985E-01 -0.4422329E+00  0.1634697E+02  0.1634697E+02
 -0.4140037E+00  0.1008919E+00 -0.5148956E+00  0.3841401E+02  0.3841401E+02
 -0.4810344E+00  0.1065240E+00 -0.5875583E+00  0.3048104E+02  0.3048104E+02
 -0.5328690E+00  0.1127106E+00 -0.6455795E+00  0.3253287E+02  0.3253287E+02
 -0.5695075E+00  0.1194515E+00 -0.6889591E+00  0.3056951E+02  0.3056951E+02
 -0.6061461E+00  0.1261925E+00 -0.7323387E+00  0.4760615E+02  0.4760615E+02
 -0.6427847E+00  0.1329335E+00 -0.7757182E+00  0.5064278E+02  0.5064278E+02
 -0.6307099E+00  0.1414934E+00 -0.7722034E+00  0.4563071E+02  0.4563071E+02
 -0.5699219E+00  0.1518722E+00 -0.7217941E+00  0.2156992E+02  0.2156992E+02
 -0.5091339E+00  0.1622510E+00 -0.6713849E+00  0.4150913E+02  0.4150913E+02
 -0.4483458E+00  0.1726298E+00 -0.6209757E+00  0.2644835E+02  0.2644835E+02
 -0.4087714E+00  0.1807998E+00 -0.5895712E+00  0.2440877E+02  0.2440877E+02
 -0.3904105E+00  0.1867611E+00 -0.5771716E+00  0.3139041E+02  0.3139041E+02
 -0.3720497E+00  0.1927223E+00 -0.5647720E+00  0.2137205E+02  0.2137205E+02
 -0.3536888E+00  0.1986836E+00 -0.5523724E+00  0.2435369E+02  0.2435369E+02
 -0.3552294E+00  0.2030450E+00 -0.5582744E+00  0.2035523E+02  0.2035523E+02
 -0.3766714E+00  0.2058067E+00 -0.5824780E+00  0.4737667E+02  0.4737667E+02
 -0.3981134E+00  0.2085683E+00 -0.6066817E+00  0.4939811E+02  0.4939811E+02
 -0.4195555E+00  0.2113299E+00 -0.6308854E+00  0.2541956E+02  0.2541956E+02
 -0.3925504E+00  0.2148424E+00 -0.6073927E+00  0.3039255E+02  0.3039255E+02
 -0.3170983E+00  0.2191056E+00 -0.5362039E+00  0.2831710E+02  0.2831710E+02
 -0.2416462E+00  0.2233688E+00 -0.4650150E+00  0.2224165E+02  0.2224165E+02
 -0.1661941E+00  0.2276320E+00 -0.3938261E+00  0.2116619E+02  0.2116619E+02
 -0.1466902E+00  0.2293049E+00 -0.3759952E+00  0.1514669E+02  0.1514669E+02
 -0.1831345E+00  0.2283876E+00 -0.4115222E+00  0.1518313E+02  0.1518313E+02
 -0.2195788E+00  0.2274703E+00 -0.4470492E+00  0.2321958E+02  0.2321958E+02
 -0.2560231E+00  0.2265530E+00 -0.4825762E+00  0.2825602E+02  0.2825602E+02
 -0.2472658E+00  0.2264331E+00 -0.4736989E+00  0.2324726E+02  0.2324726E+02
 -0.1933068E+00  0.2271105E+00 -0.4204172E+00  0.2619331E+02  0.2619331E+02
 -0.1393478E+00  0.2277878E+00 -0.3671356E+00  0.1213935E+02  0.1213935E+02
 -0.8538880E-01  0.2284652E+00 -0.3138540E+00  0.1308539E+02  0.1308539E+02
 -0.8014759E-01  0.2277227E+00 -0.3078702E+00  0.1708015E+02  0.1708015E+02
 -0.1236241E+00  0.2255601E+00 -0.3491843E+00  0.1512362E+02  0.1512362E+02
 -0.1671007E+00  0.2233976E+00 -0.3904983E+00  0.3916710E+02  0.3916710E+02
 -0.2105773E+00  0.2212351E+00 -0.4318124E+00  0.1421058E+02  0.1421058E+02
 -0.2443253E+00  0.2205766E+00 -0.4649018E+00  0.2024433E+02  0.2024433E+02
 -0.2683447E+00  0.2214220E+00 -0.4897666E+00  0.1726834E+02  0.1726834E+02
 -0.2923641E+00  0.2222673E+00 -0.5146314E+00  0.1729236E+02  0.1729236E+02
 -0.3163835E+00  0.2231127E+00 -0.5394962E+00  0.9316383E+01  0.9316383E+01
 -0.6076027E+01  0.2254888E+00 -0.6301516E+01  0.2307603E+02  0.2307603E+02
 -0.1757129E+02  0.2293956E+00 -0.1780069E+02  0.8457130E+02  0.8457130E+02
 -0.2906656E+02  0.2333023E+00 -0.2929987E+02  0.1440666E+03  0.1440666E+03
 -0.4056183E+02  0.2372091E+00 -0.4079904E+02  0.1730562E+04  0.1730562E+04
 -0.4859445E+02  0.7040486E+00 -0.4929850E+02  0.3868594E+04  0.3868594E+04
 -0.5316442E+02  0.1633821E+01 -0.5479824E+02  0.3722164E+04  0.3722164E+04
 -0.5773439E+02  0.2563593E+01 -0.6029798E+02  0.3554734E+04  0.3554734E+04
 -0.6230436E+02  0.3493366E+01 -0.6579772E+02  0.3502304E+04  0.3502304E+04
 -0.6269698E+02  0.4641160E+01 -0.6733813E+02  0.3427697E+04  0.3427697E+04
 -0.5891224E+02  0.6006976E+01 -0.6491922E+02  0.3345912E+04  0.3345912E+04
 -0.5512751E+02  0.7372792E+01 -0.6250031E+02  0.3264127E+04  0.3264127E+04
 -0.5134278E+02  0.8738607E+01 -0.6008139E+02  0.2991343E+04  0.2991343E+04
 -0.4790437E+02  0.9864071E+01 -0.5776844E+02  0.2751904E+04  0.2751904E+04
 -0.4481229E+02  0.1074918E+02 -0.5556147E+02  0.2727812E+04  0.2727812E+04
 -0.4172020E+02  0.1163429E+02 -0.5335450E+02  0.2909720E+04  0.2909720E+04
 -0.3862812E+02  0.1251940E+02 -0.5114752E+02  0.2673628E+04  0.2673628E+04
 -0.3509743E+02  0.1317925E+02 -0.4827669E+02  0.2303097E+04  0.2303097E+04
 -0.3112814E+02  0.1361385E+02 -0.4474199E+02  0.2041128E+04  0.2041128E+04
 -0.2715885E+02  0.1404844E+02 -0.4120728E+02  0.1730159E+04  0.1730159E+04
 -0.2318955E+02  0.1448303E+02 -0.3767258E+02  0.1782190E+04  0.1782190E+04
 -0.2110924E+02  0.1472485E+02 -0.3583409E+02  0.1758109E+04  0.1758109E+04
 -0.2091791E+02  0.1477390E+02 -0.3569181E+02  0.1853918E+04  0.1853918E+04
 -0.2072657E+02  0.1482295E+02 -0.3554952E+02  0.1859727E+04  0.1859727E+04
 -0.2053524E+02  0.1487200E+02 -0.3540724E+02  0.1813535E+04  0.1813535E+04
 -0.2014341E+02  0.1491451E+02 -0.3505792E+02  0.1760143E+04  0.1760143E+04
 -0.1955109E+02  0.1495048E+02 -0.3450157E+02  0.1581551E+04  0.1581551E+04
 -0.1895877E+02  0.1498646E+02 -0.3394522E+02  0.1581959E+04  0.1581959E+04
 -0.1836645E+02  0.1502243E+02 -0.3338887E+02  0.1675366E+04  0.1675366E+04
 -0.1830047E+02  0.1506435E+02 -0.3336482E+02  0.1683300E+04  0.1683300E+04
 -0.1876084E+02  0.1511222E+02 -0.3387306E+02  0.1641761E+04  0.1641761E+04
 -0.1922122E+02  0.1516009E+02 -0.3438131E+02  0.1771221E+04  0.1771221E+04
 -0.1968159E+02  0.1520796E+02 -0.3488955E+02  0.1694682E+04  0.1694682E+04
 -0.1969780E+02  0.1528944E+02 -0.3498724E+02  0.1783698E+04  0.1783698E+04
 -0.1926985E+02  0.1540453E+02 -0.3467438E+02  0.1697270E+04  0.1697270E+04
 -0.1884190E+02  0.1551962E+02 -0.3436152E+02  0.1748842E+04  0.1748842E+04
 -0.1841395E+02  0.1563472E+02 -0.3404866E+02  0.1644414E+04  0.1644414E+04
 -0.1779077E+02  0.1574038E+02 -0.3353115E+02  0.1662791E+04  0.1662791E+04
 -0.1697236E+02  0.1583661E+02 -0.3280897E+02  0.1563972E+04  0.1563972E+04
 -0.1615396E+02  0.1593284E+02 -0.3208679E+02  0.1553154E+04  0.1553154E+04
 -0.1533555E+02  0.1602907E+02 -0.3136462E+02  0.1442336E+04  0.1442336E+04
 -0.1480699E+02  0.1609451E+02 -0.3090150E+02  0.1505807E+04  0.1505807E+04
 -0.1456827E+02  0.1612916E+02 -0.3069743E+02  0.1561568E+04  0.1561568E+04
 -0.1432955E+02  0.1616382E+02 -0.3049337E+02  0.1545330E+04  0.1545330E+04
 -0.1409082E+02  0.1619847E+02 -0.3028930E+02  0.1463091E+04  0.1463091E+04
 -0.1392291E+02  0.1623131E+02 -0.3015422E+02  0.1485923E+04  0.1485923E+04
 -0.1382581E+02  0.1626231E+02 -0.3008812E+02  0.1416826E+04  0.1416826E+04
 -0.1372871E+02  0.1629331E+02 -0.3002202E+02  0.1464729E+04  0.1464729E+04
 -0.1363161E+02  0.1632432E+02 -0.2995592E+02  0.1429632E+04  0.1429632E+04
 -0.1364317E+02  0.1636345E+02 -0.3000663E+02  0.1475643E+04  0.1475643E+04
 -0.1376341E+02  0.1641072E+02 -0.3017413E+02  0.1498763E+04  0.1498763E+04
 -0.1388365E+02  0.1645799E+02 -0.3034163E+02  0.1478884E+04  0.1478884E+04
 -0.1400388E+02  0.1650525E+02 -0.3050913E+02  0.1470004E+04  0.1470004E+04
 -0.1404943E+02  0.1656768E+02 -0.3061712E+02  0.1486049E+04  0.1486049E+04
 -0.1402030E+02  0.1664528E+02 -0.3066558E+02  0.1573020E+04  0.1573020E+04
 -0.1399117E+02  0.1672288E+02 -0.3071405E+02  0.1465991E+04  0.1465991E+04
 -0.1396204E+02  0.1680047E+02 -0.3076251E+02  0.1467962E+04  0.1467962E+04
 -0.1410870E+02  0.1688195E+02 -0.3099065E+02  0.1571109E+04  0.1571109E+04
 -0.1443115E+02  0.1696732E+02 -0.3139847E+02  0.1512431E+04  0.1512431E+04
 -0.1475360E+02  0.1705269E+02 -0.3180629E+02  0.1565754E+04  0.1565754E+04
 -0.1507605E+02  0.1713805E+02 -0.3221411E+02  0.1604076E+04  0.1604076E+04
 -0.1513991E+02  0.1723971E+02 -0.3237962E+02  0.1564140E+04  0.1564140E+04
 -0.1494516E+02  0.1735765E+02 -0.3230281E+02  0.1549945E+04  0.1549945E+04
 -0.1475041E+02  0.1747559E+02 -0.3222600E+02  0.1529750E+04  0.1529750E+04
 -0.1455567E+02  0.1759353E+02 -0.3214919E+02  0.1537556E+04  0.1537556E+04
 -0.1451580E+02  0.1770822E+02 -0.3222402E+02  0.1583516E+04  0.1583516E+04
 -0.1463082E+02  0.1781965E+02 -0.3245048E+02  0.1583631E+04  0.1583631E+04
 -0.1474584E+02  0.1793110E+02 -0.3267694E+02  0.1628746E+04  0.1628746E+04
 -0.1486087E+02  0.1804253E+02 -0.3290340E+02  0.1604861E+04  0.1604861E+04
 -0.1490569E+02  0.1816331E+02 -0.3306900E+02  0.1627906E+04  0.1627906E+04
 -0.1488031E+02  0.1829343E+02 -0.3317373E+02  0.1558880E+04  0.1558880E+04
 -0.1485493E+02  0.1842355E+02 -0.3327847E+02  0.1651855E+04  0.1651855E+04
 -0.1482955E+02  0.1855366E+02 -0.3338321E+02  0.1599830E+04  0.1599830E+04
 -0.1489890E+02  0.1868423E+02 -0.3358313E+02  0.1622899E+04  0.1622899E+04
 -0.1506300E+02  0.1881524E+02 -0.3387824E+02  0.1637063E+04  0.1637063E+04
 -0.1522710E+02  0.1894625E+02 -0.3417336E+02  0.1674227E+04  0.1674227E+04
 -0.1539120E+02  0.1907727E+02 -0.3446846E+02  0.1708391E+04  0.1708391E+04
 -0.1545670E+02  0.1921254E+02 -0.3466924E+02  0.1650457E+04  0.1650457E+04
 -0.1542361E+02  0.1935207E+02 -0.3477568E+02  0.1715424E+04  0.1715424E+04
 -0.1539052E+02  0.1949161E+02 -0.3488213E+02  0.1676391E+04  0.1676391E+04
 -0.1535744E+02  0.1963114E+02 -0.3498857E+02  0.1673357E+04  0.1673357E+04
 -0.1535511E+02  0.1976242E+02 -0.3511753E+02  0.1723355E+04  0.1723355E+04
 -0.1538354E+02  0.1988547E+02 -0.3526900E+02  0.1720384E+04  0.1720384E+04
 -0.1541197E+02  0.2000851E+02 -0.3542048E+02  0.1687412E+04  0.1687412E+04
 -0.1544040E+02  0.2013155E+02 -0.3557195E+02  0.1728440E+04  0.1728440E+04
 -0.1547339E+02  0.2025017E+02 -0.3572356E+02  0.1748473E+04  0.1748473E+04
 -0.1551095E+02  0.2036436E+02 -0.3587531E+02  0.1711511E+04  0.1711511E+04
 -0.1554852E+02  0.2047855E+02 -0.3602707E+02  0.1721548E+04  0.1721548E+04
 -0.1558608E+02  0.2059274E+02 -0.3617881E+02  0.1771586E+04  0.1771586E+04
 -0.1575001E+02  0.2070909E+02 -0.3645910E+02  0.1752750E+04  0.1752750E+04
 -0.1604030E+02  0.2082761E+02 -0.3686791E+02  0.1757040E+04  0.1757040E+04
 -0.1633060E+02  0.2094613E+02 -0.3727673E+02  0.1822331E+04  0.1822331E+04
 -0.1662089E+02  0.2106465E+02 -0.3768554E+02  0.1809621E+04  0.1809621E+04
 -0.1673365E+02  0.2119827E+02 -0.3793192E+02  0.1855734E+04  0.1855734E+04
 -0.1666887E+02  0.2134698E+02 -0.3801585E+02  0.1842669E+04  0.1842669E+04
 -0.1660409E+02  0.2149570E+02 -0.3809978E+02  0.1889604E+04  0.1889604E+04
 -0.1653931E+02  0.2164441E+02 -0.3818372E+02  0.1784539E+04  0.1784539E+04
 -0.1661074E+02  0.2178933E+02 -0.3840006E+02  0.1793611E+04  0.1793611E+04
 -0.1681838E+02  0.2193044E+02 -0.3874882E+02  0.1937818E+04  0.1937818E+04
 -0.1702602E+02  0.2207156E+02 -0.3909758E+02  0.1961026E+04  0.1961026E+04
 -0.1723367E+02  0.2221267E+02 -0.3944634E+02  0.1828234E+04  0.1828234E+04
 -0.1733512E+02  0.2236141E+02 -0.3969654E+02  0.2064335E+04  0.2064335E+04
 -0.1733040E+02  0.2251778E+02 -0.3984819E+02  0.1828330E+04  0.1828330E+04
 -0.1732568E+02  0.2267415E+02 -0.3999983E+02  0.1924326E+04  0.1924326E+04
 -0.1732096E+02  0.2283051E+02 -0.4015148E+02  0.1892321E+04  0.1892321E+04
 -0.1739634E+02  0.2297977E+02 -0.4037611E+02  0.1972396E+04  0.1972396E+04
 -0.1755182E+02  0.2312191E+02 -0.4067373E+02  0.1940552E+04  0.1940552E+04
 -0.1770729E+02  0.2326406E+02 -0.4097135E+02  0.1965707E+04  0.1965707E+04
 -0.1786277E+02  0.2340620E+02 -0.4126897E+02  0.1964863E+04  0.1964863E+04
 -0.1812299E+02  0.2355404E+02 -0.4167703E+02  0.2062123E+04  0.2062123E+04
 -0.1848797E+02  0.2370756E+02 -0.4219553E+02  0.1971488E+04  0.1971488E+04
 -0.1885295E+02  0.2386108E+02 -0.4271403E+02  0.2073853E+04  0.2073853E+04
 -0.1921792E+02  0.2401461E+02 -0.4323253E+02  0.2007218E+04  0.2007218E+04
 -0.1935830E+02  0.2418559E+02 -0.4354389E+02  0.2184358E+04  0.2184358E+04
 -0.1927409E+02  0.2437403E+02 -0.4364811E+02  0.2106274E+04  0.2106274E+04
 -0.1918987E+02  0.2456246E+02 -0.4375233E+02  0.2064190E+04  0.2064190E+04
 -0.1910566E+02  0.2475090E+02 -0.4385656E+02  0.2085106E+04  0.2085106E+04
 -0.1925952E+02  0.2493233E+02 -0.4419186E+02  0.2156260E+04  0.2156260E+04
 -0.1965148E+02  0.2510678E+02 -0.4475825E+02  0.2157651E+04  0.2157651E+04
 -0.2004342E+02  0.2528121E+02 -0.4532464E+02  0.2161043E+04  0.2161043E+04
 -0.2043538E+02  0.2545565E+02 -0.4589103E+02  0.2189435E+04  0.2189435E+04
 -0.2084524E+02  0.2564637E+02 -0.4649161E+02  0.2231845E+04  0.2231845E+04
 -0.2127301E+02  0.2585338E+02 -0.4712638E+02  0.2330273E+04  0.2330273E+04
 -0.2170078E+02  0.2606038E+02 -0.4776115E+02  0.2339701E+04  0.2339701E+04
 -0.2212855E+02  0.2626738E+02 -0.4839592E+02  0.2328129E+04  0.2328129E+04
 -0.2236634E+02  0.2649202E+02 -0.4885836E+02  0.2417366E+04  0.2417366E+04
 -0.2241417E+02  0.2673429E+02 -0.4914846E+02  0.2319414E+04  0.2319414E+04
 -0.2246199E+02  0.2697656E+02 -0.4943856E+02  0.2345462E+04  0.2345462E+04
 -0.2250982E+02  0.2721884E+02 -0.4972866E+02  0.2334510E+04  0.2334510E+04
 -0.2278278E+02  0.2745123E+02 -0.5023402E+02  0.2409783E+04  0.2409783E+04
 -0.2328089E+02  0.2767375E+02 -0.5095463E+02  0.2468281E+04  0.2468281E+04
 -0.2377899E+02  0.2789626E+02 -0.5167525E+02  0.2490779E+04  0.2490779E+04
 -0.2427709E+02  0.2811878E+02 -0.5239587E+02  0.2564277E+04  0.2564277E+04
 -0.2451680E+02  0.2835969E+02 -0.5287649E+02  0.2590517E+04  0.2590517E+04
 -0.2449810E+02  0.2861901E+02 -0.5311712E+02  0.2468498E+04  0.2468498E+04
 -0.2447941E+02  0.2887833E+02 -0.5335775E+02  0.2572479E+04  0.2572479E+04
 -0.2446072E+02  0.2913766E+02 -0.5359837E+02  0.2566461E+04  0.2566461E+04
 -0.2457670E+02  0.2938989E+02 -0.5396659E+02  0.2584577E+04  0.2584577E+04
 -0.2482736E+02  0.2963504E+02 -0.5446239E+02  0.2581827E+04  0.2581827E+04
 -0.2507801E+02  0.2988018E+02 -0.5495819E+02  0.2605078E+04  0.2605078E+04
 -0.2532866E+02  0.3012533E+02 -0.5545399E+02  0.2583329E+04  0.2583329E+04
 -0.2547204E+02  0.3037647E+02 -0.5584851E+02  0.2755472E+04  0.2755472E+04
 -0.2550814E+02  0.3063360E+02 -0.5614174E+02  0.2750508E+04  0.2750508E+04
 -0.2554425E+02  0.3089073E+02 -0.5643497E+02  0.2722544E+04  0.2722544E+04
 -0.2558035E+02  0.3114785E+02 -0.5672821E+02  0.2616580E+04  0.2616580E+04
 -0.2567038E+02  0.3140150E+02 -0.5707187E+02  0.2797670E+04  0.2797670E+04
 -0.2581432E+02  0.3165166E+02 -0.5746598E+02  0.2789814E+04  0.2789814E+04
 -0.2595827E+02  0.3190182E+02 -0.5786008E+02  0.2804958E+04  0.2804958E+04
 -0.2610222E+02  0.3215197E+02 -0.5825419E+02  0.2790102E+04  0.2790102E+04
 -0.2601819E+02  0.3240242E+02 -0.5842061E+02  0.2846018E+04  0.2846018E+04
 -0.2570620E+02  0.3265316E+02 -0.5835936E+02  0.2767706E+04  0.2767706E+04
 -0.2539421E+02  0.3290390E+02 -0.5829811E+02  0.2785394E+04  0.2785394E+04
 -0.2508222E+02  0.3315463E+02 -0.5823685E+02  0.2761082E+04  0.2761082E+04
 -0.2482265E+02  0.3338097E+02 -0.5820362E+02  0.2719823E+04  0.2719823E+04
 -0.2461552E+02  0.3358290E+02 -0.5819842E+02  0.2836615E+04  0.2836615E+04
 -0.2440839E+02  0.3378483E+02 -0.5819322E+02  0.2797408E+04  0.2797408E+04
 -0.2420126E+02  0.3398676E+02 -0.5818801E+02  0.2727201E+04  0.2727201E+04
 -0.2383576E+02  0.3417704E+02 -0.5801280E+02  0.2860836E+04  0.2860836E+04
 -0.2331190E+02  0.3435567E+02 -0.5766757E+02  0.2713312E+04  0.2713312E+04
 -0.2278805E+02  0.3453430E+02 -0.5732235E+02  0.2669788E+04  0.2669788E+04
 -0.2226419E+02  0.3471293E+02 -0.5697712E+02  0.2639264E+04  0.2639264E+04
 -0.2205308E+02  0.3486751E+02 -0.5692059E+02  0.2724053E+04  0.2724053E+04
 -0.2215471E+02  0.3499804E+02 -0.5715276E+02  0.2804155E+04  0.2804155E+04
 -0.2225635E+02  0.3512858E+02 -0.5738493E+02  0.2682256E+04  0.2682256E+04
 -0.2235799E+02  0.3525911E+02 -0.5761710E+02  0.2811358E+04  0.2811358E+04
 -0.2205513E+02  0.3540114E+02 -0.5745627E+02  0.2806055E+04  0.2806055E+04
 -0.2134778E+02  0.3555466E+02 -0.5690245E+02  0.2720348E+04  0.2720348E+04
 -0.2064044E+02  0.3570819E+02 -0.5634863E+02  0.2666640E+04  0.2666640E+04
 -0.1993309E+02  0.3586171E+02 -0.5579480E+02  0.2620933E+04  0.2620933E+04
 -0.1945628E+02  0.3598418E+02 -0.5544046E+02  0.2568456E+04  0.2568456E+04
 -0.1921000E+02  0.3607560E+02 -0.5528561E+02  0.2741210E+04  0.2741210E+04
 -0.1896373E+02  0.3616703E+02 -0.5513075E+02  0.2595964E+04  0.2595964E+04
 -0.1871745E+02  0.3625845E+02 -0.5497590E+02  0.2663718E+04  0.2663718E+04
 -0.1844468E+02  0.3633940E+02 -0.5478408E+02  0.2648445E+04  0.2648445E+04
 -0.1814543E+02  0.3640988E+02 -0.5455531E+02  0.2501146E+04  0.2501146E+04
 -0.1784618E+02  0.3648036E+02 -0.5432654E+02  0.2445846E+04  0.2445846E+04
 -0.1754692E+02  0.3655085E+02 -0.5409777E+02  0.2573547E+04  0.2573547E+04
 -0.1699358E+02  0.3661683E+02 -0.5361040E+02  0.2653994E+04  0.2653994E+04
 -0.1618615E+02  0.3667830E+02 -0.5286445E+02  0.2560186E+04  0.2560186E+04
 -0.1537872E+02  0.3673978E+02 -0.5211850E+02  0.2490379E+04  0.2490379E+04
 -0.1457129E+02  0.3680125E+02 -0.5137255E+02  0.2470571E+04  0.2470571E+04
 -0.1400546E+02  0.3683111E+02 -0.5083657E+02  0.2399005E+04  0.2399005E+04
 -0.1368122E+02  0.3682935E+02 -0.5051057E+02  0.2305681E+04  0.2305681E+04
 -0.1335698E+02  0.3682759E+02 -0.5018458E+02  0.2334357E+04  0.2334357E+04
 -0.1303274E+02  0.3682583E+02 -0.4985858E+02  0.2391033E+04  0.2391033E+04
 -0.1270813E+02  0.3682079E+02 -0.4952892E+02  0.2346708E+04  0.2346708E+04
 -0.1238313E+02  0.3681246E+02 -0.4919559E+02  0.2344383E+04  0.2344383E+04
 -0.1205814E+02  0.3680413E+02 -0.4886227E+02  0.2349058E+04  0.2349058E+04
 -0.1173314E+02  0.3679580E+02 -0.4852894E+02  0.2300733E+04  0.2300733E+04
 -0.1133029E+02  0.3678622E+02 -0.4811650E+02  0.2323330E+04  0.2323330E+04
 -0.1084956E+02  0.3677540E+02 -0.4762496E+02  0.2193850E+04  0.2193850E+04
 -0.1036884E+02  0.3676458E+02 -0.4713342E+02  0.2174369E+04  0.2174369E+04
 -0.9888119E+01  0.3675375E+02 -0.4664188E+02  0.2129888E+04  0.2129888E+04
 -0.9581732E+01  0.3673086E+02 -0.4631259E+02  0.2199582E+04  0.2199582E+04
 -0.9449680E+01  0.3669588E+02 -0.4614556E+02  0.2289450E+04  0.2289450E+04
 -0.9317630E+01  0.3666090E+02 -0.4597853E+02  0.2195318E+04  0.2195318E+04
 -0.9185578E+01  0.3662593E+02 -0.4581151E+02  0.2201186E+04  0.2201186E+04
 -0.9049629E+01  0.3659378E+02 -0.4564341E+02  0.2126050E+04  0.2126050E+04
 -0.8909781E+01  0.3656448E+02 -0.4547426E+02  0.2091910E+04  0.2091910E+04
 -0.8769934E+01  0.3653516E+02 -0.4530510E+02  0.2094770E+04  0.2094770E+04
 -0.8630086E+01  0.3650586E+02 -0.4513594E+02  0.2105630E+04  0.2105630E+04
 -0.8506818E+01  0.3648182E+02 -0.4498864E+02  0.2170507E+04  0.2170507E+04
 -0.8400128E+01  0.3646306E+02 -0.4486319E+02  0.2116400E+04  0.2116400E+04
 -0.8293438E+01  0.3644431E+02 -0.4473775E+02  0.2100293E+04  0.2100293E+04
 -0.8186749E+01  0.3642555E+02 -0.4461230E+02  0.2094187E+04  0.2094187E+04
 -0.8186843E+01  0.3641112E+02 -0.4459797E+02  0.2116187E+04  0.2116187E+04
 -0.8293723E+01  0.3640102E+02 -0.4469474E+02  0.2083294E+04  0.2083294E+04
 -0.8400601E+01  0.3639092E+02 -0.4479152E+02  0.2136401E+04  0.2136401E+04
 -0.8507482E+01  0.3638082E+02 -0.4488830E+02  0.2147508E+04  0.2147508E+04
 -0.8338825E+01  0.3638458E+02 -0.4472341E+02  0.2140339E+04  0.2140339E+04
 -0.7894634E+01  0.3640220E+02 -0.4429683E+02  0.2048895E+04  0.2048895E+04
 -0.7450443E+01  0.3641982E+02 -0.4387027E+02  0.2000450E+04  0.2000450E+04
 -0.7006252E+01  0.3643744E+02 -0.4344369E+02  0.2098006E+04  0.2098006E+04
 -0.6789580E+01  0.3643642E+02 -0.4322600E+02  0.2041790E+04  0.2041790E+04
 -0.6800429E+01  0.3641675E+02 -0.4321718E+02  0.2009800E+04  0.2009800E+04
 -0.6811278E+01  0.3639708E+02 -0.4320836E+02  0.2077811E+04  0.2077811E+04
 -0.6822127E+01  0.3637741E+02 -0.4319954E+02  0.2001822E+04  0.2001822E+04
 -0.6908978E+01  0.3636406E+02 -0.4327303E+02  0.1984909E+04  0.1984909E+04
 -0.7071830E+01  0.3635701E+02 -0.4342884E+02  0.2080072E+04  0.2080072E+04
 -0.7234683E+01  0.3634997E+02 -0.4358465E+02  0.2092235E+04  0.2092235E+04
 -0.7397535E+01  0.3634292E+02 -0.4374046E+02  0.2045398E+04  0.2045398E+04
 -0.7476744E+01  0.3634798E+02 -0.4382473E+02  0.2052477E+04  0.2052477E+04
 -0.7472308E+01  0.3636515E+02 -0.4383746E+02  0.2032472E+04  0.2032472E+04
 -0.7467873E+01  0.3638232E+02 -0.4385019E+02  0.2110468E+04  0.2110468E+04
 -0.7463438E+01  0.3639949E+02 -0.4386293E+02  0.2003463E+04  0.2003463E+04
 -0.7523477E+01  0.3641944E+02 -0.4394291E+02  0.2126523E+04  0.2126523E+04
 -0.7647992E+01  0.3644217E+02 -0.4409016E+02  0.1993648E+04  0.1993648E+04
 -0.7772507E+01  0.3646490E+02 -0.4423740E+02  0.2057772E+04  0.2057772E+04
 -0.7897022E+01  0.3648763E+02 -0.4438465E+02  0.2026897E+04  0.2026897E+04
 -0.7909254E+01  0.3651861E+02 -0.4442786E+02  0.2198909E+04  0.2198909E+04
 -0.7809202E+01  0.3655784E+02 -0.4436705E+02  0.2063809E+04  0.2063809E+04
 -0.7709150E+01  0.3659708E+02 -0.4430623E+02  0.2084709E+04  0.2084709E+04
 -0.7609098E+01  0.3663631E+02 -0.4424541E+02  0.2027609E+04  0.2027609E+04
 -0.7667641E+01  0.3667075E+02 -0.4433840E+02  0.2104668E+04  0.2104668E+04
 -0.7884778E+01  0.3670039E+02 -0.4458517E+02  0.2087885E+04  0.2087885E+04
 -0.8101913E+01  0.3673003E+02 -0.4483195E+02  0.2171102E+04  0.2171102E+04
 -0.8319051E+01  0.3675967E+02 -0.4507872E+02  0.2109319E+04  0.2109319E+04
 -0.8436636E+01  0.3680158E+02 -0.4523822E+02  0.2056437E+04  0.2056437E+04
 -0.8454670E+01  0.3685575E+02 -0.4531042E+02  0.2159455E+04  0.2159455E+04
 -0.8472705E+01  0.3690992E+02 -0.4538262E+02  0.2119473E+04  0.2119473E+04
 -0.8490739E+01  0.3696408E+02 -0.4545482E+02  0.2045491E+04  0.2045491E+04
 -0.8432744E+01  0.3701643E+02 -0.4544918E+02  0.2171433E+04  0.2171433E+04
 -0.8298720E+01  0.3706696E+02 -0.4536567E+02  0.2182299E+04  0.2182299E+04
 -0.8164697E+01  0.3711748E+02 -0.4528218E+02  0.2115165E+04  0.2115165E+04
 -0.8030673E+01  0.3716800E+02 -0.4519867E+02  0.2098031E+04  0.2098031E+04
 -0.8024870E+01  0.3720959E+02 -0.4523446E+02  0.2139025E+04  0.2139025E+04
 -0.8147288E+01  0.3724224E+02 -0.4538953E+02  0.2098147E+04  0.2098147E+04
 -0.8269707E+01  0.3727489E+02 -0.4554461E+02  0.2134270E+04  0.2134270E+04
 -0.8392125E+01  0.3730755E+02 -0.4569967E+02  0.2071392E+04  0.2071392E+04
 -0.8467284E+01  0.3734763E+02 -0.4581491E+02  0.2169467E+04  0.2169467E+04
 -0.8495185E+01  0.3739512E+02 -0.4589031E+02  0.2192495E+04  0.2192495E+04
 -0.8523087E+01  0.3744262E+02 -0.4596571E+02  0.2153523E+04  0.2153523E+04
 -0.8550987E+01  0.3749012E+02 -0.4604111E+02  0.2145551E+04  0.2145551E+04
 -0.8512417E+01  0.3754002E+02 -0.4605244E+02  0.2182512E+04  0.2182512E+04
 -0.8407374E+01  0.3759232E+02 -0.4599969E+02  0.2145407E+04  0.2145407E+04
 -0.8302332E+01  0.3764462E+02 -0.4594695E+02  0.2118302E+04  0.2118302E+04
 -0.8197289E+01  0.3769692E+02 -0.4589421E+02  0.2079197E+04  0.2079197E+04
 -0.8195054E+01  0.3774339E+02 -0.4593845E+02  0.2218195E+04  0.2218195E+04
 -0.8295626E+01  0.3778404E+02 -0.4607966E+02  0.2174296E+04  0.2174296E+04
 -0.8396197E+01  0.3782468E+02 -0.4622088E+02  0.2194396E+04  0.2194396E+04
 -0.8496769E+01  0.3786533E+02 -0.4636209E+02  0.2143497E+04  0.2143497E+04
 -0.8594308E+01  0.3791226E+02 -0.4650657E+02  0.2223594E+04  0.2223594E+04
 -0.8688817E+01  0.3796548E+02 -0.4665430E+02  0.2137689E+04  0.2137689E+04
 -0.8783324E+01  0.3801871E+02 -0.4680204E+02  0.2167783E+04  0.2167783E+04
 -0.8877833E+01  0.3807193E+02 -0.4694976E+02  0.2188878E+04  0.2188878E+04
 -0.8891833E+01  0.3812849E+02 -0.4702033E+02  0.2189892E+04  0.2189892E+04
 -0.8825327E+01  0.3818840E+02 -0.4701372E+02  0.2231825E+04  0.2231825E+04
 -0.8758820E+01  0.3824829E+02 -0.4700712E+02  0.2231759E+04  0.2231759E+04
 -0.8692313E+01  0.3830820E+02 -0.4700051E+02  0.2174692E+04  0.2174692E+04
 -0.8747821E+01  0.3836387E+02 -0.4711169E+02  0.2191748E+04  0.2191748E+04
 -0.8925342E+01  0.3841531E+02 -0.4734066E+02  0.2172925E+04  0.2172925E+04
 -0.9102864E+01  0.3846676E+02 -0.4756963E+02  0.2171103E+04  0.2171103E+04
 -0.9280385E+01  0.3851821E+02 -0.4779860E+02  0.2233280E+04  0.2233280E+04
 -0.9224514E+01  0.3857931E+02 -0.4780382E+02  0.2292225E+04  0.2292225E+04
 -0.8935249E+01  0.3865006E+02 -0.4758531E+02  0.2245935E+04  0.2245935E+04
 -0.8645986E+01  0.3872081E+02 -0.4736680E+02  0.2184646E+04  0.2184646E+04
 -0.8356721E+01  0.3879156E+02 -0.4714828E+02  0.2270357E+04  0.2270357E+04
 -0.8183457E+01  0.3884633E+02 -0.4702979E+02  0.2158183E+04  0.2158183E+04
 -0.8126194E+01  0.3888513E+02 -0.4701132E+02  0.2166126E+04  0.2166126E+04
 -0.8068931E+01  0.3892392E+02 -0.4699285E+02  0.2203069E+04  0.2203069E+04
 -0.8011668E+01  0.3896271E+02 -0.4697438E+02  0.2153012E+04  0.2153012E+04
 -0.7994863E+01  0.3899928E+02 -0.4699414E+02  0.2182995E+04  0.2182995E+04
 -0.8018514E+01  0.3903364E+02 -0.4705216E+02  0.2226019E+04  0.2226019E+04
 -0.8042165E+01  0.3906800E+02 -0.4711016E+02  0.2241042E+04  0.2241042E+04
 -0.8065817E+01  0.3910236E+02 -0.4716818E+02  0.2183066E+04  0.2183066E+04
 -0.8022988E+01  0.3914122E+02 -0.4716422E+02  0.2196023E+04  0.2196023E+04
 -0.7913681E+01  0.3918460E+02 -0.4709828E+02  0.2189914E+04  0.2189914E+04
 -0.7804372E+01  0.3922797E+02 -0.4703235E+02  0.2109804E+04  0.2109804E+04
 -0.7695064E+01  0.3927135E+02 -0.4696642E+02  0.2169695E+04  0.2169695E+04
 -0.7846544E+01  0.3930862E+02 -0.4715516E+02  0.2235846E+04  0.2235846E+04
 -0.8258814E+01  0.3933978E+02 -0.4759860E+02  0.2216259E+04  0.2216259E+04
 -0.8671084E+01  0.3937094E+02 -0.4804203E+02  0.2218671E+04  0.2218671E+04
 -0.9083354E+01  0.3940210E+02 -0.4848546E+02  0.2213083E+04  0.2213083E+04
 -0.9159092E+01  0.3945729E+02 -0.4861638E+02  0.2266159E+04  0.2266159E+04
 -0.8898298E+01  0.3953650E+02 -0.4843480E+02  0.2363898E+04  0.2363898E+04
 -0.8637505E+01  0.3961571E+02 -0.4825321E+02  0.2245637E+04  0.2245637E+04
 -0.8376711E+01  0.3969492E+02 -0.4807163E+02  0.2172377E+04  0.2172377E+04
 -0.8330543E+01  0.3975946E+02 -0.4809000E+02  0.2214331E+04  0.2214331E+04
 -0.8498998E+01  0.3980933E+02 -0.4830832E+02  0.2293499E+04  0.2293499E+04
 -0.8667455E+01  0.3985920E+02 -0.4852665E+02  0.2307667E+04  0.2307667E+04
 -0.8835910E+01  0.3990907E+02 -0.4874498E+02  0.2224836E+04  0.2224836E+04
 -0.8873979E+01  0.3996705E+02 -0.4884103E+02  0.2289874E+04  0.2289874E+04
 -0.8781658E+01  0.4003315E+02 -0.4881481E+02  0.2268782E+04  0.2268782E+04
 -0.8689339E+01  0.4009925E+02 -0.4878859E+02  0.2247689E+04  0.2247689E+04
 -0.8597018E+01  0.4016535E+02 -0.4876237E+02  0.2188597E+04  0.2188597E+04
 -0.8696180E+01  0.4022675E+02 -0.4892294E+02  0.2273696E+04  0.2273696E+04
 -0.8986824E+01  0.4028346E+02 -0.4927028E+02  0.2362987E+04  0.2362987E+04
 -0.9277468E+01  0.4034016E+02 -0.4961763E+02  0.2378278E+04  0.2378278E+04
 -0.9568111E+01  0.4039687E+02 -0.4996498E+02  0.2359568E+04  0.2359568E+04
 -0.9591343E+01  0.4046715E+02 -0.5005849E+02  0.2337591E+04  0.2337591E+04
 -0.9347161E+01  0.4055100E+02 -0.4989817E+02  0.2237347E+04  0.2237347E+04
 -0.9102980E+01  0.4063485E+02 -0.4973783E+02  0.2301103E+04  0.2301103E+04
 -0.8858798E+01  0.4071871E+02 -0.4957751E+02  0.2241859E+04  0.2241859E+04
 -0.8747340E+01  0.4078732E+02 -0.4953466E+02  0.2336747E+04  0.2336747E+04
 -0.8768606E+01  0.4084068E+02 -0.4960928E+02  0.2303769E+04  0.2303769E+04
 -0.8789872E+01  0.4089404E+02 -0.4968391E+02  0.2306790E+04  0.2306790E+04
 -0.8811138E+01  0.4094740E+02 -0.4975854E+02  0.2330811E+04  0.2330811E+04
 -0.8809969E+01  0.4100092E+02 -0.4981089E+02  0.2303810E+04  0.2303810E+04
 -0.8786365E+01  0.4105461E+02 -0.4984097E+02  0.2294786E+04  0.2294786E+04
 -0.8762760E+01  0.4110829E+02 -0.4987105E+02  0.2300763E+04  0.2300763E+04
 -0.8739156E+01  0.4116198E+02 -0.4990113E+02  0.2241739E+04  0.2241739E+04
 -0.8939238E+01  0.4121564E+02 -0.5015488E+02  0.2356939E+04  0.2356939E+04
 -0.9363004E+01  0.4126931E+02 -0.5063231E+02  0.2360363E+04  0.2360363E+04
 -0.9786771E+01  0.4132297E+02 -0.5110974E+02  0.2383787E+04  0.2383787E+04
 -0.1021054E+02  0.4137663E+02 -0.5158717E+02  0.2398210E+04  0.2398210E+04
 -0.1009283E+02  0.4145362E+02 -0.5154645E+02  0.2398093E+04  0.2398093E+04
 -0.9433651E+01  0.4155394E+02 -0.5098759E+02  0.2436434E+04  0.2436434E+04
 -0.8774471E+01  0.4165426E+02 -0.5042873E+02  0.2237774E+04  0.2237774E+04
 -0.8115291E+01  0.4175459E+02 -0.4986988E+02  0.2344115E+04  0.2344115E+04
 -0.7673039E+01  0.4181682E+02 -0.4948986E+02  0.2312673E+04  0.2312673E+04
 -0.7447714E+01  0.4184097E+02 -0.4928868E+02  0.2303448E+04  0.2303448E+04
 -0.7222388E+01  0.4186511E+02 -0.4908750E+02  0.2321222E+04  0.2321222E+04
 -0.6997063E+01  0.4188926E+02 -0.4888632E+02  0.2331997E+04  0.2331997E+04
 -0.6560744E+01  0.4189995E+02 -0.4846069E+02  0.2195561E+04  0.2195561E+04
 -0.5913432E+01  0.4189719E+02 -0.4781063E+02  0.2172913E+04  0.2172913E+04
 -0.5266119E+01  0.4189444E+02 -0.4716056E+02  0.2197266E+04  0.2197266E+04
 -0.4618806E+01  0.4189168E+02 -0.4651049E+02  0.2117619E+04  0.2117619E+04
 -0.4139493E+01  0.4186050E+02 -0.4600000E+02  0.2111139E+04  0.2111139E+04
 -0.3828178E+01  0.4180091E+02 -0.4562909E+02  0.2103828E+04  0.2103828E+04
 -0.3516864E+01  0.4174131E+02 -0.4525817E+02  0.2081517E+04  0.2081517E+04
 -0.3205549E+01  0.4168171E+02 -0.4488726E+02  0.2044206E+04  0.2044206E+04
 -0.2952388E+01  0.4161477E+02 -0.4456716E+02  0.2105952E+04  0.2105952E+04
 -0.2757379E+01  0.4154049E+02 -0.4429787E+02  0.2016757E+04  0.2016757E+04
 -0.2562371E+01  0.4146621E+02 -0.4402858E+02  0.2036562E+04  0.2036562E+04
 -0.2367362E+01  0.4139193E+02 -0.4375930E+02  0.2013367E+04  0.2013367E+04
 -0.2288816E+01  0.4131912E+02 -0.4360794E+02  0.2008289E+04  0.2008289E+04
 -0.2326734E+01  0.4124777E+02 -0.4357450E+02  0.1987327E+04  0.1987327E+04
 -0.2364651E+01  0.4117642E+02 -0.4354107E+02  0.1974365E+04  0.1974365E+04
 -0.2402569E+01  0.4110507E+02 -0.4350764E+02  0.2033403E+04  0.2033403E+04
 -0.2490574E+01  0.4104612E+02 -0.4353669E+02  0.2046491E+04  0.2046491E+04
 -0.2628668E+01  0.4099955E+02 -0.4362822E+02  0.1968629E+04  0.1968629E+04
 -0.2766762E+01  0.4095300E+02 -0.4371976E+02  0.1984767E+04  0.1984767E+04
 -0.2904855E+01  0.4090643E+02 -0.4381129E+02  0.2059905E+04  0.2059905E+04
 -0.2844734E+01  0.4087459E+02 -0.4371933E+02  0.2076845E+04  0.2076845E+04
 -0.2586398E+01  0.4085747E+02 -0.4344387E+02  0.1971586E+04  0.1971586E+04
 -0.2328062E+01  0.4084035E+02 -0.4316842E+02  0.1955328E+04  0.1955328E+04
 -0.2069725E+01  0.4082323E+02 -0.4289296E+02  0.1934070E+04  0.1934070E+04
 -0.1845916E+01  0.4079403E+02 -0.4263994E+02  0.2027846E+04  0.2027846E+04
 -0.1656632E+01  0.4075274E+02 -0.4240936E+02  0.1949657E+04  0.1949657E+04
 -0.1467349E+01  0.4071144E+02 -0.4217879E+02  0.1946467E+04  0.1946467E+04
 -0.1278065E+01  0.4067015E+02 -0.4194821E+02  0.1963278E+04  0.1963278E+04
 -0.1183423E+01  0.4062190E+02 -0.4126587E+02  0.1896183E+04  0.1896183E+04
 -0.1183423E+01  0.4056670E+02 -0.4013176E+02  0.1886183E+04  0.1886183E+04
  0.3132205E+01  0.4051149E+02 -0.3899765E+02  0.1809868E+04  0.1809868E+04
  0.3132205E+01  0.4045629E+02 -0.3786354E+02  0.1771868E+04  0.1771868E+04
  0.4314672E+01  0.4034886E+02 -0.3603419E+02  0.1675685E+04  0.1675685E+04
  0.6679605E+01  0.4018921E+02 -0.3350960E+02  0.1577320E+04  0.1577320E+04
  0.9044538E+01  0.4002954E+02 -0.3098501E+02  0.1376955E+04  0.1376955E+04
  0.1140947E+02  0.3986989E+02 -0.2846041E+02  0.1306591E+04  0.1306591E+04
  0.1339318E+02  0.3959566E+02 -0.2620249E+02  0.1174607E+04  0.1174607E+04
  0.1499566E+02  0.3920688E+02 -0.2421122E+02  0.1089004E+04  0.1089004E+04
  0.1659813E+02  0.3881809E+02 -0.2221996E+02  0.9274019E+03  0.9274019E+03
  0.1820061E+02  0.3842931E+02 -0.2022869E+02  0.8757994E+03  0.8757994E+03
  0.1896066E+02  0.3798607E+02 -0.1902541E+02  0.8380394E+03  0.8380394E+03
  0.1887827E+02  0.3748838E+02 -0.1861010E+02  0.8191217E+03  0.8191217E+03
  0.1879589E+02  0.3699068E+02 -0.1819479E+02  0.7562041E+03  0.7562041E+03
  0.1871351E+02  0.3649299E+02 -0.1777949E+02  0.8302865E+03  0.8302865E+03
  0.1856426E+02  0.3604501E+02 -0.1748075E+02  0.7524357E+03  0.7524357E+03
  0.1834814E+02  0.3564672E+02 -0.1729858E+02  0.8096519E+03  0.8096519E+03
  0.1813203E+02  0.3524844E+02 -0.1711641E+02  0.7218680E+03  0.7218680E+03
  0.1791591E+02  0.3485015E+02 -0.1693424E+02  0.7950841E+03  0.7950841E+03
  0.1764735E+02  0.3449940E+02 -0.1685204E+02  0.7473527E+03  0.7473527E+03
  0.1732635E+02  0.3419616E+02 -0.1686982E+02  0.7516736E+03  0.7516736E+03
  0.1700534E+02  0.3389293E+02 -0.1688759E+02  0.7329946E+03  0.7329946E+03
  0.1668434E+02  0.3358970E+02 -0.1690536E+02  0.7483157E+03  0.7483157E+03
  0.1650973E+02  0.3332285E+02 -0.1681312E+02  0.7724903E+03  0.7724903E+03
  0.1648153E+02  0.3309239E+02 -0.1661086E+02  0.7785185E+03  0.7785185E+03
  0.1645333E+02  0.3286193E+02 -0.1640860E+02  0.6975467E+03  0.6975467E+03
  0.1642512E+02  0.3263146E+02 -0.1620634E+02  0.7625749E+03  0.7625749E+03
  0.1622186E+02  0.3241187E+02 -0.1619000E+02  0.7557781E+03  0.7557781E+03
  0.1584355E+02  0.3220313E+02 -0.1635959E+02  0.6691564E+03  0.6691564E+03
  0.1546523E+02  0.3199440E+02 -0.1652917E+02  0.7725348E+03  0.7725348E+03
  0.1508692E+02  0.3178567E+02 -0.1669875E+02  0.7389131E+03  0.7389131E+03
  0.1476148E+02  0.3160193E+02 -0.1684044E+02  0.7432385E+03  0.7432385E+03
  0.1448894E+02  0.3144319E+02 -0.1695425E+02  0.7595110E+03  0.7595110E+03
  0.1421639E+02  0.3128445E+02 -0.1706806E+02  0.7737836E+03  0.7737836E+03
  0.1394384E+02  0.3112571E+02 -0.1718186E+02  0.8040562E+03  0.8040562E+03
  0.1381844E+02  0.3098313E+02 -0.1716469E+02  0.7851816E+03  0.7851816E+03
  0.1384020E+02  0.3085673E+02 -0.1701653E+02  0.7381598E+03  0.7381598E+03
  0.1386195E+02  0.3073033E+02 -0.1686838E+02  0.7681381E+03  0.7681381E+03
  0.1388370E+02  0.3060392E+02 -0.1672022E+02  0.7001163E+03  0.7001163E+03
  0.1382567E+02  0.3047354E+02 -0.1664787E+02  0.7331743E+03  0.7331743E+03
  0.1368787E+02  0.3033918E+02 -0.1665131E+02  0.7873121E+03  0.7873121E+03
  0.1355006E+02  0.3020481E+02 -0.1665475E+02  0.7734500E+03  0.7734500E+03
  0.1341226E+02  0.3007045E+02 -0.1665820E+02  0.7615878E+03  0.7615878E+03
  0.1329050E+02  0.2994144E+02 -0.1665094E+02  0.7527095E+03  0.7527095E+03
  0.1318480E+02  0.2981779E+02 -0.1663299E+02  0.7038152E+03  0.7038152E+03
  0.1307910E+02  0.2969414E+02 -0.1661504E+02  0.7769209E+03  0.7769209E+03
  0.1297340E+02  0.2957048E+02 -0.1659708E+02  0.6880266E+03  0.6880266E+03
  0.1286930E+02  0.2945154E+02 -0.1658224E+02  0.7581307E+03  0.7581307E+03
  0.1276679E+02  0.2933731E+02 -0.1657052E+02  0.7552332E+03  0.7552332E+03
  0.1266428E+02  0.2922308E+02 -0.1655880E+02  0.7553357E+03  0.7553357E+03
  0.1256178E+02  0.2910886E+02 -0.1654708E+02  0.7674382E+03  0.7674382E+03
  0.1247246E+02  0.2899837E+02 -0.1652591E+02  0.7315275E+03  0.7315275E+03
  0.1239633E+02  0.2889163E+02 -0.1649529E+02  0.7166036E+03  0.7166036E+03
  0.1232020E+02  0.2878488E+02 -0.1646468E+02  0.7566798E+03  0.7566798E+03
  0.1224408E+02  0.2867814E+02 -0.1643406E+02  0.6607559E+03  0.6607559E+03
  0.1228903E+02  0.2857327E+02 -0.1628424E+02  0.7787109E+03  0.7787109E+03
  0.1245508E+02  0.2847029E+02 -0.1601520E+02  0.7525449E+03  0.7525449E+03
  0.1262112E+02  0.2836730E+02 -0.1574617E+02  0.7133789E+03  0.7133789E+03
  0.1278717E+02  0.2826431E+02 -0.1547714E+02  0.6622128E+03  0.6622128E+03
  0.1292283E+02  0.2814976E+02 -0.1522693E+02  0.7060771E+03  0.7060771E+03
  0.1302811E+02  0.2802364E+02 -0.1499553E+02  0.6679719E+03  0.6679719E+03
  0.1313339E+02  0.2789753E+02 -0.1476414E+02  0.6878666E+03  0.6878666E+03
  0.1323866E+02  0.2777141E+02 -0.1453275E+02  0.6447614E+03  0.6447614E+03
  0.1361799E+02  0.2763802E+02 -0.1402004E+02  0.6403820E+03  0.6403820E+03
  0.1427135E+02  0.2749736E+02 -0.1322600E+02  0.6007286E+03  0.6007286E+03
  0.1492472E+02  0.2735669E+02 -0.1243197E+02  0.5840753E+03  0.5840753E+03
  0.1557809E+02  0.2721603E+02 -0.1163794E+02  0.4984219E+03  0.4984219E+03
  0.1644387E+02  0.2704090E+02 -0.1059703E+02  0.4915561E+03  0.4915561E+03
  0.1752207E+02  0.2683130E+02 -0.9309232E+01  0.4094779E+03  0.4094779E+03
  0.1860027E+02  0.2662171E+02 -0.8021437E+01  0.3673997E+03  0.3673997E+03
  0.1967847E+02  0.2641211E+02 -0.6733642E+01  0.2943215E+03  0.2943215E+03
  0.2050321E+02  0.2614956E+02 -0.5646352E+01  0.2124968E+03  0.2124968E+03
  0.2107449E+02  0.2583406E+02 -0.4759569E+01  0.1549255E+03  0.1549255E+03
  0.2164578E+02  0.2551856E+02 -0.3872786E+01  0.1333542E+03  0.1333542E+03
  0.2221706E+02  0.2520306E+02 -0.2986003E+01  0.9578294E+02  0.9578294E+02
  0.2238509E+02  0.2487223E+02 -0.2487139E+01  0.8461491E+02  0.8461491E+02
  0.2214987E+02  0.2452607E+02 -0.2376194E+01  0.6085013E+02  0.6085013E+02
  0.2191465E+02  0.2417990E+02 -0.2265249E+01  0.7008534E+02  0.7008534E+02
  0.2167943E+02  0.2383374E+02 -0.2154304E+01  0.6932056E+02  0.6932056E+02
  0.2145735E+02  0.2352126E+02 -0.2063915E+01  0.7154265E+02  0.7154265E+02
  0.2124839E+02  0.2324247E+02 -0.1994082E+01  0.8475161E+02  0.8475161E+02
  0.2103944E+02  0.2296368E+02 -0.1924248E+01  0.7096056E+02  0.7096056E+02
  0.2083048E+02  0.2268490E+02 -0.1854415E+01  0.6016952E+02  0.6016952E+02
  0.2069961E+02  0.2243268E+02 -0.1733078E+01  0.6730039E+02  0.6730039E+02
  0.2064681E+02  0.2220705E+02 -0.1560237E+01  0.4935319E+02  0.4935319E+02
  0.2059402E+02  0.2198142E+02 -0.1387395E+01  0.3740598E+02  0.3740598E+02
  0.2054123E+02  0.2175578E+02 -0.1214554E+01  0.4445877E+02  0.4445877E+02
  0.2049315E+02  0.2153945E+02 -0.1046304E+01  0.2150685E+02  0.2150685E+02
  0.2044977E+02  0.2133242E+02 -0.8826445E+00  0.1955023E+02  0.1955023E+02
  0.2040640E+02  0.2112538E+02 -0.7189853E+00  0.2593603E+01  0.2593603E+01
  0.2036302E+02  0.2091835E+02 -0.5553260E+00  0.4636978E+01  0.4636978E+01
  0.2024051E+02  0.2071678E+02 -0.4762700E+00 -0.2240507E+01  0.0000000E+00
  0.2003885E+02  0.2052067E+02 -0.4818171E+00 -0.3885269E-01  0.0000000E+00
  0.1983720E+02  0.2032456E+02 -0.4873642E+00  0.4162802E+01  0.4162802E+01
  0.1963554E+02  0.2012845E+02 -0.4929114E+00  0.4364456E+01  0.4364456E+01
  0.1946549E+02  0.1994535E+02 -0.4798643E+00 -0.2465488E+01  0.0000000E+00
  0.1932703E+02  0.1977526E+02 -0.4482229E+00  0.5672966E+01  0.5672966E+01
  0.1918858E+02  0.1960516E+02 -0.4165815E+00  0.6811422E+01  0.6811422E+01
  0.1905012E+02  0.1943506E+02 -0.3849402E+00 -0.3050123E+01  0.0000000E+00
  0.1890368E+02  0.1927281E+02 -0.3691314E+00 -0.9903679E+01  0.0000000E+00
  0.1874924E+02  0.1911840E+02 -0.3691553E+00 -0.2749245E+01  0.0000000E+00
  0.1859481E+02  0.1896399E+02 -0.3691791E+00 -0.5594812E+01  0.0000000E+00
  0.1844038E+02  0.1880958E+02 -0.3692029E+00 -0.2440378E+01  0.0000000E+00
  0.1828286E+02  0.1866178E+02 -0.3789213E+00 -0.3282856E+01  0.0000000E+00
  0.1812225E+02  0.1852058E+02 -0.3983341E+00  0.4877754E+01  0.4877754E+01
  0.1796163E+02  0.1837938E+02 -0.4177470E+00  0.3038366E+01  0.3038366E+01
  0.1780102E+02  0.1823818E+02 -0.4371599E+00 -0.2801023E+01  0.0000000E+00
  0.1767483E+02  0.1810311E+02 -0.4282798E+00  0.5325174E+01  0.5325174E+01
  0.1758304E+02  0.1797415E+02 -0.3911069E+00  0.4416960E+01  0.4416960E+01
  0.1749125E+02  0.1784519E+02 -0.3539340E+00  0.5087471E+00  0.5087471E+00
  0.1739947E+02  0.1771623E+02 -0.3167611E+00 -0.7399467E+01  0.0000000E+00
  0.1728651E+02  0.1758884E+02 -0.3023340E+00 -0.7286509E+01  0.0000000E+00
  0.1715237E+02  0.1746303E+02 -0.3106526E+00 -0.1152374E+01  0.0000000E+00
  0.1701824E+02  0.1733721E+02 -0.3189712E+00 -0.1018240E+01  0.0000000E+00
  0.1688411E+02  0.1721140E+02 -0.3272898E+00 -0.2884106E+01  0.0000000E+00
  0.1675761E+02  0.1708908E+02 -0.3314665E+00 -0.5757608E+01  0.0000000E+00
  0.1663875E+02  0.1697025E+02 -0.3315013E+00  0.2361254E+01  0.2361254E+01
  0.1651988E+02  0.1685142E+02 -0.3315360E+00  0.5480116E+01  0.5480116E+01
  0.1640102E+02  0.1673259E+02 -0.3315708E+00 -0.1401022E+01  0.0000000E+00
  0.1628199E+02  0.1661635E+02 -0.3343576E+00 -0.5281988E+01  0.0000000E+00
  0.1616278E+02  0.1650268E+02 -0.3398964E+00 -0.4162781E+01  0.0000000E+00
  0.1604357E+02  0.1638901E+02 -0.3454352E+00 -0.2043573E+01  0.0000000E+00
  0.1592437E+02  0.1627534E+02 -0.3509740E+00 -0.2924369E+01  0.0000000E+00
  0.1581621E+02  0.1616375E+02 -0.3475395E+00  0.1183788E+01  0.1183788E+01
  0.1571910E+02  0.1605424E+02 -0.3351315E+00  0.4280896E+01  0.4280896E+01
  0.1562200E+02  0.1594472E+02 -0.3227236E+00 -0.3621997E+01  0.0000000E+00
  0.1552489E+02  0.1583521E+02 -0.3103157E+00 -0.2524889E+01  0.0000000E+00
  0.1542705E+02  0.1572636E+02 -0.2993140E+00 -0.1427049E+01  0.0000000E+00
  0.1532847E+02  0.1561819E+02 -0.2897187E+00  0.6715260E+00  0.6715260E+00
  0.1522990E+02  0.1551002E+02 -0.2801233E+00 -0.1229899E+01  0.0000000E+00
  0.1513132E+02  0.1540185E+02 -0.2705280E+00 -0.3131325E+01  0.0000000E+00
  0.1501883E+02  0.1529428E+02 -0.2754467E+00 -0.6018834E+01  0.0000000E+00
  0.1489243E+02  0.1518731E+02 -0.2948793E+00 -0.1892426E+01  0.0000000E+00
  0.1476602E+02  0.1508033E+02 -0.3143120E+00  0.3233981E+01  0.3233981E+01
  0.1463961E+02  0.1497336E+02 -0.3337446E+00  0.1360389E+01  0.1360389E+01
  0.1452866E+02  0.1486868E+02 -0.3400159E+00 -0.1528663E+01  0.0000000E+00
  0.1443317E+02  0.1476630E+02 -0.3331257E+00  0.5668268E+00  0.5668268E+00
  0.1433768E+02  0.1466392E+02 -0.3262355E+00 -0.1337683E+01  0.0000000E+00
  0.1424219E+02  0.1456154E+02 -0.3193453E+00 -0.7242193E+01  0.0000000E+00
  0.1415054E+02  0.1446022E+02 -0.3096825E+00  0.4849463E+01  0.4849463E+01
  0.1406271E+02  0.1435996E+02 -0.2972471E+00  0.3937285E+01  0.3937285E+01
  0.1397489E+02  0.1425970E+02 -0.2848118E+00 -0.2974892E+01  0.0000000E+00
  0.1388707E+02  0.1415945E+02 -0.2723764E+00  0.1129313E+00  0.1129313E+00
  0.1379546E+02  0.1406024E+02 -0.2647810E+00 -0.7954569E+00  0.0000000E+00
  0.1370006E+02  0.1396208E+02 -0.2620255E+00 -0.3700055E+01  0.0000000E+00
  0.1360465E+02  0.1386392E+02 -0.2592700E+00 -0.4604653E+01  0.0000000E+00
  0.1350925E+02  0.1376577E+02 -0.2565145E+00 -0.4509252E+01  0.0000000E+00
  0.1341493E+02  0.1366939E+02 -0.2544591E+00 -0.4149275E+00  0.0000000E+00
  0.1332168E+02  0.1357478E+02 -0.2531036E+00  0.1678319E+01  0.1678319E+01
  0.1322844E+02  0.1348018E+02 -0.2517481E+00  0.7715645E+00  0.7715645E+00
  0.1313519E+02  0.1338558E+02 -0.2503927E+00 -0.1351891E+00  0.0000000E+00
  0.1303589E+02  0.1329259E+02 -0.2566933E+00 -0.1035893E+01  0.0000000E+00
  0.1293055E+02  0.1320120E+02 -0.2706500E+00 -0.6930547E+01  0.0000000E+00
  0.1282520E+02  0.1310981E+02 -0.2846067E+00 -0.2825202E+01  0.0000000E+00
  0.1271986E+02  0.1301842E+02 -0.2985634E+00  0.2801447E+00  0.2801447E+00
  0.1262566E+02  0.1292914E+02 -0.3034769E+00  0.4374340E+01  0.4374340E+01
  0.1254261E+02  0.1284196E+02 -0.2993474E+00  0.2457385E+01  0.2457385E+01
  0.1245957E+02  0.1275479E+02 -0.2952178E+00  0.5404301E+00  0.5404301E+00
  0.1237652E+02  0.1266761E+02 -0.2910883E+00 -0.1376525E+01  0.0000000E+00
  0.1228530E+02  0.1258130E+02 -0.2959974E+00  0.2714703E+01  0.2714703E+01
  0.1218589E+02  0.1249583E+02 -0.3099452E+00  0.8141108E+00  0.8141108E+00
  0.1208648E+02  0.1241037E+02 -0.3238930E+00  0.2913520E+01  0.2913520E+01
  0.1198707E+02  0.1232491E+02 -0.3378408E+00  0.3012928E+01  0.3012928E+01
  0.1190186E+02  0.1224113E+02 -0.3392711E+00  0.6098136E+01  0.6098136E+01
  0.1183086E+02  0.1215904E+02 -0.3281840E+00  0.2169144E+01  0.2169144E+01
  0.1175985E+02  0.1207695E+02 -0.3170969E+00  0.2401514E+00  0.2401514E+00
  0.1168884E+02  0.1199485E+02 -0.3060097E+00 -0.1688841E+01  0.0000000E+00
  0.1161880E+02  0.1191301E+02 -0.2942173E+00 -0.1618796E+01  0.0000000E+00
  0.1154971E+02  0.1183143E+02 -0.2817195E+00  0.1045029E+02  0.1045029E+02
  0.1148063E+02  0.1174985E+02 -0.2692218E+00  0.1519370E+01  0.1519370E+01
  0.1141155E+02  0.1166827E+02 -0.2567240E+00  0.5588454E+01  0.5588454E+01
  0.1133778E+02  0.1158689E+02 -0.2491016E+00 -0.2337785E+01  0.0000000E+00
  0.1125935E+02  0.1150570E+02 -0.2463546E+00 -0.5259345E+01  0.0000000E+00
  0.1118090E+02  0.1142451E+02 -0.2436076E+00 -0.1809044E+00  0.0000000E+00
  0.1110246E+02  0.1134332E+02 -0.2408606E+00 -0.3102465E+01  0.0000000E+00
  0.1102415E+02  0.1126296E+02 -0.2388159E+00  0.2975854E+01  0.2975854E+01
  0.1094595E+02  0.1118342E+02 -0.2374734E+00 -0.9459496E+00  0.0000000E+00
  0.1086775E+02  0.1110388E+02 -0.2361309E+00  0.1322470E+00  0.1322470E+00
  0.1078956E+02  0.1102434E+02 -0.2347884E+00 -0.2789557E+01  0.0000000E+00
  0.1071507E+02  0.1094572E+02 -0.2306517E+00 -0.1715071E+01  0.0000000E+00
  0.1064430E+02  0.1086802E+02 -0.2237209E+00  0.3355704E+01  0.3355704E+01
  0.1057352E+02  0.1079031E+02 -0.2167901E+00 -0.2573521E+01  0.0000000E+00
  0.1050275E+02  0.1071261E+02 -0.2098592E+00  0.4972544E+00  0.4972544E+00
  0.1042412E+02  0.1063541E+02 -0.2112888E+00 -0.1424116E+01  0.0000000E+00
  0.1033763E+02  0.1055871E+02 -0.2210787E+00 -0.1337630E+01  0.0000000E+00
  0.1025115E+02  0.1048201E+02 -0.2308686E+00 -0.2251145E+01  0.0000000E+00
  0.1016466E+02  0.1040532E+02 -0.2406586E+00 -0.1646595E+00  0.0000000E+00
  0.1008863E+02  0.1033001E+02 -0.2413796E+00  0.1911368E+01  0.1911368E+01
  0.1002306E+02  0.1025609E+02 -0.2330317E+00  0.3976939E+01  0.3976939E+01
  0.9957489E+01  0.1018217E+02 -0.2246839E+00 -0.1957489E+01  0.0000000E+00
  0.9891918E+01  0.1010825E+02 -0.2163360E+00  0.1080818E+00  0.1080818E+00
  0.9824551E+01  0.1003463E+02 -0.2100798E+00  0.1754494E+00  0.1754494E+00
  0.9755387E+01  0.9961303E+01 -0.2059153E+00  0.2446127E+00  0.2446127E+00
  0.9686224E+01  0.9887975E+01 -0.2017507E+00  0.6313776E+01  0.6313776E+01
  0.9617061E+01  0.9814647E+01 -0.1975861E+00 -0.1617061E+01  0.0000000E+00
  0.9548399E+01  0.9741822E+01 -0.1934236E+00 -0.6548399E+01  0.0000000E+00
  0.9480239E+01  0.9669502E+01 -0.1892629E+00 -0.1480239E+01  0.0000000E+00
  0.9412080E+01  0.9597182E+01 -0.1851023E+00 -0.3412080E+01  0.0000000E+00
  0.9343920E+01  0.9524862E+01 -0.1809416E+00  0.6560802E+00  0.6560802E+00
  0.9274302E+01  0.9453182E+01 -0.1788806E+00 -0.2743015E+00  0.0000000E+00
  0.9203223E+01  0.9382142E+01 -0.1789191E+00 -0.2203223E+01  0.0000000E+00
  0.9132145E+01  0.9311103E+01 -0.1789576E+00 -0.1321449E+00  0.0000000E+00
  0.9061067E+01  0.9240063E+01 -0.1789962E+00 -0.6061067E+01  0.0000000E+00
  0.8989480E+01  0.9169910E+01 -0.1804316E+00  0.1051998E-01  0.1051998E-01
  0.8917382E+01  0.9100646E+01 -0.1832638E+00  0.2082618E+01  0.2082618E+01
  0.8845286E+01  0.9031382E+01 -0.1860960E+00 -0.1845286E+01  0.0000000E+00
  0.8773189E+01  0.8962117E+01 -0.1889282E+00 -0.7731886E+00  0.0000000E+00
  0.8709802E+01  0.8893854E+01 -0.1840525E+00  0.1290198E+01  0.1290198E+01
  0.8655125E+01  0.8826593E+01 -0.1714691E+00  0.3448753E+00  0.3448753E+00
  0.8600448E+01  0.8759334E+01 -0.1588857E+00 -0.8600448E+01  0.0000000E+00
  0.8545771E+01  0.8692073E+01 -0.1463023E+00  0.1454229E+01  0.1454229E+01
  0.8475129E+01  0.8624958E+01 -0.1498282E+00 -0.1475129E+01  0.0000000E+00
  0.8388524E+01  0.8557988E+01 -0.1694636E+00 -0.3885241E+00  0.0000000E+00
  0.8301920E+01  0.8491018E+01 -0.1890989E+00 -0.3019199E+00  0.0000000E+00
  0.8215315E+01  0.8424048E+01 -0.2087342E+00  0.1784685E+01  0.1784685E+01
  0.8146066E+01  0.8359022E+01 -0.2129565E+00 -0.1146066E+01  0.0000000E+00
  0.8094173E+01  0.8295938E+01 -0.2017657E+00  0.5905827E+01  0.5905827E+01
  0.8042280E+01  0.8232855E+01 -0.1905749E+00 -0.3042280E+01  0.0000000E+00
  0.7990388E+01  0.8169771E+01 -0.1793841E+00  0.1009612E+01  0.1009612E+01
  0.7933807E+01  0.8106908E+01 -0.1731011E+00 -0.9338069E+00  0.0000000E+00
  0.7872539E+01  0.8044264E+01 -0.1717259E+00  0.2127461E+01  0.2127461E+01
  0.7811270E+01  0.7981620E+01 -0.1703507E+00  0.1188730E+01  0.1188730E+01
  0.7750001E+01  0.7918977E+01 -0.1689755E+00 -0.1750001E+01  0.0000000E+00
  0.7690758E+01  0.7856958E+01 -0.1662003E+00  0.1309242E+01  0.1309242E+01
  0.7633540E+01  0.7795565E+01 -0.1620250E+00 -0.1633540E+01  0.0000000E+00
  0.7576322E+01  0.7734171E+01 -0.1578497E+00  0.1423678E+01  0.1423678E+01
  0.7519104E+01  0.7672778E+01 -0.1536743E+00  0.1480896E+01  0.1480896E+01
  0.7459041E+01  0.7612044E+01 -0.1530026E+00 -0.3459041E+01  0.0000000E+00
  0.7396136E+01  0.7551970E+01 -0.1558345E+00 -0.2396136E+01  0.0000000E+00
  0.7333230E+01  0.7491896E+01 -0.1586664E+00 -0.3332295E+00  0.0000000E+00
  0.7270324E+01  0.7431822E+01 -0.1614982E+00 -0.4270324E+01  0.0000000E+00
  0.7216143E+01  0.7372744E+01 -0.1566010E+00  0.7838569E+00  0.7838569E+00
  0.7170687E+01  0.7314662E+01 -0.1439745E+00  0.3829313E+01  0.3829313E+01
  0.7125232E+01  0.7256580E+01 -0.1313481E+00 -0.1252317E+00  0.0000000E+00
  0.7079776E+01  0.7198498E+01 -0.1187217E+00 -0.5079776E+01  0.0000000E+00
  0.7020417E+01  0.7140564E+01 -0.1201465E+00 -0.3020417E+01  0.0000000E+00
  0.6947156E+01  0.7082779E+01 -0.1356225E+00  0.5284357E-01  0.5284357E-01
  0.6873896E+01  0.7024994E+01 -0.1510984E+00 -0.1873896E+01  0.0000000E+00
  0.6800635E+01  0.6967209E+01 -0.1665745E+00  0.2199365E+01  0.2199365E+01
  0.6740266E+01  0.6911075E+01 -0.1708085E+00  0.3259734E+01  0.3259734E+01
  0.6692791E+01  0.6856591E+01 -0.1638005E+00  0.3072090E+00  0.3072090E+00
  0.6645315E+01  0.6802108E+01 -0.1567925E+00 -0.6453152E+00  0.0000000E+00
  0.6597840E+01  0.6747624E+01 -0.1497845E+00  0.1402160E+01  0.1402160E+01
  0.6550744E+01  0.6693518E+01 -0.1427748E+00 -0.5507436E+00  0.0000000E+00
  0.6504027E+01  0.6639791E+01 -0.1357633E+00 -0.5040274E+00  0.0000000E+00
  0.6457311E+01  0.6586062E+01 -0.1287519E+00 -0.4573107E+00  0.0000000E+00
  0.6410594E+01  0.6532335E+01 -0.1217404E+00 -0.4105945E+00  0.0000000E+00
  0.6355673E+01  0.6478848E+01 -0.1231741E+00 -0.3355673E+01  0.0000000E+00
  0.6292548E+01  0.6425601E+01 -0.1330529E+00 -0.2925482E+00  0.0000000E+00
  0.6229423E+01  0.6372355E+01 -0.1429317E+00 -0.2294230E+00  0.0000000E+00
  0.6166298E+01  0.6319108E+01 -0.1528105E+00  0.8337021E+00  0.8337021E+00
  0.6113589E+01  0.6267123E+01 -0.1535336E+00  0.1886411E+01  0.1886411E+01
  0.6071297E+01  0.6216398E+01 -0.1451008E+00  0.9287028E+00  0.9287028E+00
  0.6029006E+01  0.6165674E+01 -0.1366681E+00 -0.3029006E+01  0.0000000E+00
  0.5986713E+01  0.6114949E+01 -0.1282354E+00  0.2013287E+01  0.2013287E+01
  0.5943205E+01  0.6064412E+01 -0.1212063E+00 -0.9432054E+00  0.0000000E+00
  0.5898480E+01  0.6014061E+01 -0.1155809E+00  0.1015196E+00  0.1015196E+00
  0.5853756E+01  0.5963711E+01 -0.1099554E+00 -0.3853756E+01  0.0000000E+00
  0.5809031E+01  0.5913361E+01 -0.1043300E+00  0.1909690E+00  0.1909690E+00
  0.5764581E+01  0.5863284E+01 -0.9870231E-01 -0.1764581E+01  0.0000000E+00
  0.5720407E+01  0.5813479E+01 -0.9307245E-01  0.2795935E+00  0.2795935E+00
  0.5676232E+01  0.5763674E+01 -0.8744260E-01  0.3237681E+00  0.3237681E+00
  0.5632057E+01  0.5713870E+01 -0.8181274E-01 -0.1632057E+01  0.0000000E+00
  0.5578422E+01  0.5664484E+01 -0.8606175E-01 -0.2578422E+01  0.0000000E+00
  0.5515326E+01  0.5615516E+01 -0.1001896E+00 -0.4515326E+01  0.0000000E+00
  0.5452230E+01  0.5566548E+01 -0.1143175E+00  0.2547770E+01  0.2547770E+01
  0.5389135E+01  0.5517580E+01 -0.1284453E+00  0.1610865E+01  0.1610865E+01
  0.5339455E+01  0.5470030E+01 -0.1305747E+00 -0.1339455E+01  0.0000000E+00
  0.5303192E+01  0.5423897E+01 -0.1207058E+00 -0.3031917E+00  0.0000000E+00
  0.5266928E+01  0.5377765E+01 -0.1108368E+00  0.1733072E+01  0.1733072E+01
  0.5230665E+01  0.5331632E+01 -0.1009678E+00 -0.1230665E+01  0.0000000E+00
  0.5188775E+01  0.5285522E+01 -0.9674716E-01 -0.1188775E+01  0.0000000E+00
  0.5141259E+01  0.5239434E+01 -0.9817491E-01 -0.3141259E+01  0.0000000E+00
  0.5093743E+01  0.5193345E+01 -0.9960267E-01 -0.9374285E-01  0.0000000E+00
  0.5046227E+01  0.5147257E+01 -0.1010304E+00 -0.4622650E-01  0.0000000E+00
  0.4999259E+01  0.5101719E+01 -0.1024598E+00 -0.1999259E+01  0.0000000E+00
  0.4952840E+01  0.5056731E+01 -0.1038906E+00  0.4715967E-01  0.4715967E-01
  0.4906422E+01  0.5011743E+01 -0.1053215E+00  0.1093578E+01  0.1093578E+01
  0.4860003E+01  0.4966755E+01 -0.1067524E+00  0.1139997E+01  0.1139997E+01
  0.4815700E+01  0.4922467E+01 -0.1067670E+00  0.1184300E+01  0.1184300E+01
  0.4773513E+01  0.4878878E+01 -0.1053652E+00 -0.3773513E+01  0.0000000E+00
  0.4731327E+01  0.4835290E+01 -0.1039634E+00  0.2686734E+00  0.2686734E+00
  0.4689140E+01  0.4791701E+01 -0.1025616E+00  0.3108602E+00  0.3108602E+00
  0.4648120E+01  0.4748569E+01 -0.1004490E+00 -0.6481204E+00  0.0000000E+00
  0.4608269E+01  0.4705894E+01 -0.9762538E-01 -0.6082692E+00  0.0000000E+00
  0.4568417E+01  0.4663219E+01 -0.9480180E-01 -0.1568417E+01  0.0000000E+00
  0.4528566E+01  0.4620544E+01 -0.9197822E-01 -0.1528566E+01  0.0000000E+00
  0.4491908E+01  0.4578235E+01 -0.8632688E-01  0.5080919E+00  0.5080919E+00
  0.4458445E+01  0.4536293E+01 -0.7784778E-01  0.5415554E+00  0.5415554E+00
  0.4424982E+01  0.4494350E+01 -0.6936868E-01  0.5750184E+00  0.5750184E+00
  0.4391518E+01  0.4452408E+01 -0.6088958E-01 -0.2391518E+01  0.0000000E+00
  0.4350389E+01  0.4410586E+01 -0.6019685E-01 -0.1350389E+01  0.0000000E+00
  0.4301595E+01  0.4368886E+01 -0.6729048E-01 -0.4301595E+01  0.0000000E+00
  0.4252801E+01  0.4327185E+01 -0.7438410E-01 -0.2252801E+01  0.0000000E+00
  0.4204007E+01  0.4285484E+01 -0.8147774E-01  0.2795993E+01  0.2795993E+01
  0.4154088E+01  0.4244789E+01 -0.9070206E-01 -0.3154088E+01  0.0000000E+00
  0.4103043E+01  0.4205100E+01 -0.1020571E+00  0.8969574E+00  0.8969574E+00
  0.4051998E+01  0.4165410E+01 -0.1134121E+00  0.9480023E+00  0.9480023E+00
  0.4000953E+01  0.4125720E+01 -0.1247671E+00  0.1999047E+01  0.1999047E+01
  0.3960309E+01  0.4087218E+01 -0.1269086E+00  0.6039691E+01  0.6039691E+01
  0.3930067E+01  0.4049903E+01 -0.1198367E+00 -0.1930067E+01  0.0000000E+00
  0.3899824E+01  0.4012589E+01 -0.1127647E+00  0.2100176E+01  0.2100176E+01
  0.3869581E+01  0.3975274E+01 -0.1056927E+00 -0.8695812E+00  0.0000000E+00
  0.3838629E+01  0.3937953E+01 -0.9932355E-01  0.1161371E+01  0.1161371E+01
  0.3806968E+01  0.3900625E+01 -0.9365724E-01  0.1930323E+00  0.1930323E+00
  0.3775306E+01  0.3863297E+01 -0.8799093E-01 -0.7753065E+00  0.0000000E+00
  0.3743645E+01  0.3825969E+01 -0.8232463E-01 -0.7436450E+00  0.0000000E+00
  0.3710657E+01  0.3788733E+01 -0.7807598E-01 -0.1710657E+01  0.0000000E+00
  0.3676343E+01  0.3751588E+01 -0.7524498E-01  0.2323657E+01  0.2323657E+01
  0.3642030E+01  0.3714443E+01 -0.7241398E-01 -0.2642030E+01  0.0000000E+00
  0.3607715E+01  0.3677298E+01 -0.6958298E-01  0.3922846E+00  0.3922846E+00
  0.3573823E+01  0.3640575E+01 -0.6675190E-01  0.2426177E+01  0.2426177E+01
  0.3540353E+01  0.3604274E+01 -0.6392072E-01 -0.2540353E+01  0.0000000E+00
  0.3506883E+01  0.3567972E+01 -0.6108955E-01 -0.5068829E+00  0.0000000E+00
  0.3473413E+01  0.3531671E+01 -0.5825837E-01  0.1526587E+01  0.1526587E+01
  0.3439674E+01  0.3495809E+01 -0.5613482E-01 -0.1439674E+01  0.0000000E+00
  0.3405666E+01  0.3460385E+01 -0.5471889E-01 -0.3405666E+01  0.0000000E+00
  0.3371658E+01  0.3424961E+01 -0.5330295E-01 -0.3716581E+00  0.0000000E+00
  0.3337650E+01  0.3389537E+01 -0.5188702E-01 -0.2337650E+01  0.0000000E+00
  0.3302689E+01  0.3354583E+01 -0.5189428E-01 -0.3026888E+00  0.0000000E+00
  0.3266774E+01  0.3320099E+01 -0.5332474E-01 -0.1266774E+01  0.0000000E+00
  0.3230859E+01  0.3285614E+01 -0.5475520E-01 -0.1230859E+01  0.0000000E+00
  0.3194944E+01  0.3251130E+01 -0.5618566E-01 -0.2194944E+01  0.0000000E+00
  0.3158906E+01  0.3217236E+01 -0.5832956E-01  0.1841094E+01  0.1841094E+01
  0.3122746E+01  0.3183933E+01 -0.6118692E-01 -0.1122746E+01  0.0000000E+00
  0.3086585E+01  0.3150629E+01 -0.6404427E-01 -0.8658504E-01  0.0000000E+00
  0.3050424E+01  0.3117326E+01 -0.6690162E-01  0.9495757E+00  0.9495757E+00
  0.3017708E+01  0.3084617E+01 -0.6690966E-01 -0.1770759E-01  0.0000000E+00
  0.2988435E+01  0.3052503E+01 -0.6406838E-01 -0.9884346E+00  0.0000000E+00
  0.2959162E+01  0.3020389E+01 -0.6122712E-01 -0.9591615E+00  0.0000000E+00
  0.2929888E+01  0.2988274E+01 -0.5838585E-01  0.7011151E-01  0.7011151E-01
  0.2899448E+01  0.2956417E+01 -0.5696886E-01 -0.8994479E+00  0.0000000E+00
  0.2867840E+01  0.2924816E+01 -0.5697617E-01  0.1321602E+00  0.1321602E+00
  0.2836231E+01  0.2893215E+01 -0.5698348E-01  0.1637685E+00  0.1637685E+00
  0.2804623E+01  0.2861614E+01 -0.5699078E-01  0.1953766E+00  0.1953766E+00
  0.2773355E+01  0.2830353E+01 -0.5699801E-01  0.2266448E+00  0.2266448E+00
  0.2742427E+01  0.2799432E+01 -0.5700517E-01 -0.1742427E+01  0.0000000E+00
  0.2711498E+01  0.2768511E+01 -0.5701232E-01  0.2885015E+00  0.2885015E+00
  0.2680570E+01  0.2737590E+01 -0.5701947E-01 -0.6805701E+00  0.0000000E+00
  0.2646484E+01  0.2707078E+01 -0.6059417E-01 -0.6464841E+00  0.0000000E+00
  0.2609240E+01  0.2676976E+01 -0.6773641E-01  0.3907599E+00  0.3907599E+00
  0.2571996E+01  0.2646875E+01 -0.7487866E-01  0.2428004E+01  0.2428004E+01
  0.2534752E+01  0.2616773E+01 -0.8202090E-01  0.1465248E+01  0.1465248E+01
  0.2503251E+01  0.2587422E+01 -0.8417084E-01 -0.5032511E+00  0.0000000E+00
  0.2477493E+01  0.2558821E+01 -0.8132847E-01  0.1522507E+01  0.1522507E+01
  0.2451734E+01  0.2530221E+01 -0.7848611E-01  0.4548265E+01  0.4548265E+01
  0.2425976E+01  0.2501620E+01 -0.7564375E-01 -0.1425976E+01  0.0000000E+00
  0.2397516E+01  0.2473172E+01 -0.7565564E-01  0.1602484E+01  0.1602484E+01
  0.2366356E+01  0.2444877E+01 -0.7852178E-01 -0.1366356E+01  0.0000000E+00
  0.2335195E+01  0.2416583E+01 -0.8138793E-01 -0.3351948E+00  0.0000000E+00
  0.2304034E+01  0.2388288E+01 -0.8425407E-01  0.6959660E+00  0.6959660E+00
  0.2279701E+01  0.2360392E+01 -0.8069162E-01  0.1720299E+01  0.1720299E+01
  0.2262195E+01  0.2332896E+01 -0.7070057E-01  0.3737805E+01  0.3737805E+01
  0.2244689E+01  0.2305399E+01 -0.6070953E-01 -0.2244689E+01  0.0000000E+00
  0.2227184E+01  0.2277902E+01 -0.5071848E-01 -0.1227184E+01  0.0000000E+00
  0.2206620E+01  0.2250202E+01 -0.4358156E-01 -0.2066202E+00  0.0000000E+00
  0.2182998E+01  0.2222297E+01 -0.3929877E-01  0.2817002E+01  0.2817002E+01
  0.2159377E+01  0.2194393E+01 -0.3501597E-01 -0.1593769E+00  0.0000000E+00
  0.2135755E+01  0.2166488E+01 -0.3073318E-01 -0.1357551E+00  0.0000000E+00
  0.2110865E+01  0.2138743E+01 -0.2787820E-01 -0.1110865E+01  0.0000000E+00
  0.2084707E+01  0.2111158E+01 -0.2645102E-01 -0.2084707E+01  0.0000000E+00
  0.2058549E+01  0.2083573E+01 -0.2502384E-01 -0.2058549E+01  0.0000000E+00
  0.2032391E+01  0.2055987E+01 -0.2359666E-01 -0.1032391E+01  0.0000000E+00
  0.2003102E+01  0.2028850E+01 -0.2574723E-01 -0.3102303E-02  0.0000000E+00
  0.1970684E+01  0.2002160E+01 -0.3147554E-01 -0.9706844E+00  0.0000000E+00
  0.1938266E+01  0.1975470E+01 -0.3720386E-01 -0.9382663E+00  0.0000000E+00
  0.1905848E+01  0.1948780E+01 -0.4293218E-01 -0.9058481E+00  0.0000000E+00
  0.1874202E+01  0.1922865E+01 -0.4866283E-01  0.1257976E+00  0.1257976E+00
  0.1843329E+01  0.1897725E+01 -0.5439582E-01  0.2156671E+01  0.2156671E+01
  0.1812456E+01  0.1872584E+01 -0.6012881E-01  0.1187544E+01  0.1187544E+01
  0.1781582E+01  0.1847444E+01 -0.6586180E-01  0.2184178E+00  0.2184178E+00
  0.1755680E+01  0.1822981E+01 -0.6730028E-01  0.2244320E+01  0.2244320E+01
  0.1734750E+01  0.1799194E+01 -0.6444426E-01  0.1265250E+01  0.1265250E+01
  0.1713820E+01  0.1775408E+01 -0.6158824E-01 -0.7138195E+00  0.0000000E+00
  0.1692889E+01  0.1751621E+01 -0.5873221E-01  0.2307111E+01  0.2307111E+01
  0.1672800E+01  0.1727959E+01 -0.5515905E-01  0.1327200E+01  0.1327200E+01
  0.1653551E+01  0.1704420E+01 -0.5086875E-01  0.3464490E+00  0.3464490E+00
  0.1634302E+01  0.1680881E+01 -0.4657846E-01 -0.1634302E+01  0.0000000E+00
  0.1615054E+01  0.1657342E+01 -0.4228816E-01  0.3849462E+00  0.3849462E+00
  0.1595167E+01  0.1633877E+01 -0.3871035E-01  0.4048333E+00  0.4048333E+00
  0.1574641E+01  0.1610486E+01 -0.3584503E-01  0.1425359E+01  0.1425359E+01
  0.1554115E+01  0.1587095E+01 -0.3297971E-01 -0.5541152E+00  0.0000000E+00
  0.1533589E+01  0.1563704E+01 -0.3011439E-01  0.4664106E+00  0.4664106E+00
  0.1511907E+01  0.1540590E+01 -0.2868384E-01 -0.5119065E+00  0.0000000E+00
  0.1489067E+01  0.1517755E+01 -0.2868806E-01 -0.4890667E+00  0.0000000E+00
  0.1466227E+01  0.1494919E+01 -0.2869228E-01  0.5337733E+00  0.5337733E+00
  0.1443387E+01  0.1472083E+01 -0.2869649E-01 -0.1443387E+01  0.0000000E+00
  0.1421029E+01  0.1449730E+01 -0.2870108E-01  0.1578971E+01  0.1578971E+01
  0.1399154E+01  0.1427860E+01 -0.2870603E-01 -0.1399154E+01  0.0000000E+00
  0.1377278E+01  0.1405989E+01 -0.2871098E-01 -0.3772783E+00  0.0000000E+00
  0.1355403E+01  0.1384119E+01 -0.2871593E-01  0.6445972E+00  0.6445972E+00
  0.1331854E+01  0.1362728E+01 -0.3087414E-01 -0.1331854E+01  0.0000000E+00
  0.1306633E+01  0.1341818E+01 -0.3518560E-01  0.6933672E+00  0.6933672E+00
  0.1281411E+01  0.1320908E+01 -0.3949706E-01  0.1718589E+01  0.1718589E+01
  0.1256190E+01  0.1299998E+01 -0.4380853E-01 -0.2561896E+00  0.0000000E+00
  0.1238129E+01  0.1279786E+01 -0.4165606E-01  0.2761871E+01  0.2761871E+01
  0.1227231E+01  0.1260270E+01 -0.3303966E-01 -0.1227231E+01  0.0000000E+00
  0.1216332E+01  0.1240755E+01 -0.2442327E-01 -0.1216332E+01  0.0000000E+00
  0.1205433E+01  0.1221240E+01 -0.1580687E-01 -0.1205433E+01  0.0000000E+00
  0.1188789E+01  0.1201726E+01 -0.1293752E-01 -0.1887888E+00  0.0000000E+00
  0.1166399E+01  0.1182214E+01 -0.1581521E-01 -0.1663991E+00  0.0000000E+00
  0.1144009E+01  0.1162702E+01 -0.1869289E-01 -0.1440092E+00  0.0000000E+00
  0.1121620E+01  0.1143190E+01 -0.2157058E-01  0.8783804E+00  0.8783804E+00
  0.1101274E+01  0.1124284E+01 -0.2301064E-01 -0.1012737E+00  0.0000000E+00
  0.1082972E+01  0.1105985E+01 -0.2301307E-01 -0.1082972E+01  0.0000000E+00
  0.1064669E+01  0.1087685E+01 -0.2301550E-01 -0.6466949E-01  0.0000000E+00
  0.1046367E+01  0.1069385E+01 -0.2301793E-01 -0.4636741E-01  0.0000000E+00
  0.1030010E+01  0.1051591E+01 -0.2158129E-01 -0.3000987E-01  0.0000000E+00
  0.1015597E+01  0.1034302E+01 -0.1870556E-01 -0.1559699E-01  0.0000000E+00
  0.1001184E+01  0.1017014E+01 -0.1582984E-01 -0.1183867E-02  0.0000000E+00
  0.9867710E+00  0.9997251E+00 -0.1295412E-01 -0.9867710E+00  0.0000000E+00
  0.9690056E+00  0.9826830E+00 -0.1367737E-01 -0.9690056E+00  0.0000000E+00
  0.9478879E+00  0.9658875E+00 -0.1799960E-01  0.5211210E-01  0.5211210E-01
  0.9267702E+00  0.9490920E+00 -0.2232183E-01  0.7322979E-01  0.7322979E-01
  0.9056525E+00  0.9322966E+00 -0.2664406E-01  0.2094347E+01  0.2094347E+01
  0.8894705E+00  0.9161161E+00 -0.2664562E-01 -0.8894705E+00  0.0000000E+00
  0.8782241E+00  0.9005507E+00 -0.2232653E-01  0.1217759E+00  0.1217759E+00
  0.8669778E+00  0.8849851E+00 -0.1800744E-01  0.1330222E+00  0.1330222E+00
  0.8557314E+00  0.8694198E+00 -0.1368835E-01 -0.8557314E+00  0.0000000E+00
  0.8424901E+00  0.8540198E+00 -0.1152962E-01  0.1575099E+00  0.1575099E+00
  0.8272540E+00  0.8387852E+00 -0.1153124E-01 -0.8272540E+00  0.0000000E+00
  0.8120178E+00  0.8235507E+00 -0.1153288E-01 -0.8120178E+00  0.0000000E+00
  0.7967817E+00  0.8083162E+00 -0.1153451E-01  0.2032183E+00  0.2032183E+00
  0.7819294E+00  0.7934656E+00 -0.1153609E-01  0.2180706E+00  0.2180706E+00
  0.7674612E+00  0.7789989E+00 -0.1153764E-01 -0.7674612E+00  0.0000000E+00
  0.7529929E+00  0.7645321E+00 -0.1153919E-01  0.2470071E+00  0.2470071E+00
  0.7385247E+00  0.7500655E+00 -0.1154074E-01 -0.7385247E+00  0.0000000E+00
  0.7252577E+00  0.7360783E+00 -0.1082057E-01 -0.7252577E+00  0.0000000E+00
  0.7131919E+00  0.7225706E+00 -0.9378682E-02  0.2868081E+00  0.2868081E+00
  0.7011261E+00  0.7090629E+00 -0.7936793E-02 -0.7011261E+00  0.0000000E+00
  0.6890603E+00  0.6955552E+00 -0.6494905E-02 -0.6890603E+00  0.0000000E+00
  0.6766566E+00  0.6824310E+00 -0.5774361E-02 -0.6766566E+00  0.0000000E+00
  0.6639150E+00  0.6696903E+00 -0.5775160E-02  0.3360850E+00  0.3360850E+00
  0.6511735E+00  0.6569495E+00 -0.5775960E-02 -0.6511735E+00  0.0000000E+00
  0.6384320E+00  0.6442087E+00 -0.5776759E-02 -0.6384320E+00  0.0000000E+00
  0.6261343E+00  0.6319119E+00 -0.5777513E-02  0.3738657E+00  0.3738657E+00
  0.6142806E+00  0.6200589E+00 -0.5778220E-02 -0.6142806E+00  0.0000000E+00
  0.6024270E+00  0.6082059E+00 -0.5778928E-02 -0.6024270E+00  0.0000000E+00
  0.5905733E+00  0.5963529E+00 -0.5779635E-02 -0.5905733E+00  0.0000000E+00
  0.5783831E+00  0.5848864E+00 -0.6503390E-02 -0.5783831E+00  0.0000000E+00
  0.5658563E+00  0.5738065E+00 -0.7950191E-02  0.4341437E+00  0.4341437E+00
  0.5533295E+00  0.5627265E+00 -0.9396993E-02  0.4466705E+00  0.4466705E+00
  0.5408027E+00  0.5516465E+00 -0.1084379E-01  0.4591973E+00  0.4591973E+00
  0.5293761E+00  0.5409438E+00 -0.1156771E-01 -0.5293761E+00  0.0000000E+00
  0.5190496E+00  0.5306183E+00 -0.1156874E-01 -0.5190496E+00  0.0000000E+00
  0.5087231E+00  0.5202929E+00 -0.1156976E-01 -0.5087231E+00  0.0000000E+00
  0.4983966E+00  0.5099674E+00 -0.1157079E-01  0.1501603E+01  0.1501603E+01
  0.4890442E+00  0.4998928E+00 -0.1084859E-01 -0.4890442E+00  0.0000000E+00
  0.4806659E+00  0.4900690E+00 -0.9403155E-02 -0.4806659E+00  0.0000000E+00
  0.4722875E+00  0.4802452E+00 -0.7957724E-02 -0.4722875E+00  0.0000000E+00
  0.4639091E+00  0.4704215E+00 -0.6512292E-02 -0.4639091E+00  0.0000000E+00
  0.4549636E+00  0.4607535E+00 -0.5789942E-02  0.5450364E+00  0.5450364E+00
  0.4454508E+00  0.4512415E+00 -0.5790675E-02 -0.4454508E+00  0.0000000E+00
  0.4359380E+00  0.4417294E+00 -0.5791408E-02  0.5640620E+00  0.5640620E+00
  0.4264252E+00  0.4322174E+00 -0.5792140E-02 -0.4264252E+00  0.0000000E+00
  0.4164462E+00  0.4229635E+00 -0.6517260E-02 -0.4164462E+00  0.0000000E+00
  0.4060011E+00  0.4139678E+00 -0.7966767E-02 -0.4060011E+00  0.0000000E+00
  0.3955559E+00  0.4049722E+00 -0.9416275E-02 -0.3955559E+00  0.0000000E+00
  0.3851107E+00  0.3959765E+00 -0.1086578E-01  0.1614889E+01  0.1614889E+01
  0.3771918E+00  0.3873335E+00 -0.1159054E-01 -0.3771918E+00  0.0000000E+00
  0.3717990E+00  0.3790431E+00 -0.1159054E-01 -0.3717990E+00  0.0000000E+00
  0.3664063E+00  0.3707528E+00  0.0000000E+00 -0.3664063E+00  0.0000000E+00
  0.3610136E+00  0.3624624E+00  0.0000000E+00 -0.3610136E+00  0.0000000E+00
  0.3535627E+00  0.3542879E+00  0.0000000E+00 -0.3535627E+00  0.0000000E+00
  0.3440536E+00  0.3462293E+00  0.0000000E+00 -0.3440536E+00  0.0000000E+00
  0.3345445E+00  0.3381707E+00 -0.5801963E-02 -0.3345445E+00  0.0000000E+00
  0.3250354E+00  0.3301121E+00 -0.5801963E-02 -0.3250354E+00  0.0000000E+00
  0.3173163E+00  0.3223931E+00 -0.5801963E-02  0.6826837E+00  0.6826837E+00
  0.3113873E+00  0.3150135E+00 -0.5801963E-02 -0.3113873E+00  0.0000000E+00
  0.3054582E+00  0.3076340E+00  0.0000000E+00 -0.3054582E+00  0.0000000E+00
  0.2995292E+00  0.3002545E+00  0.0000000E+00 -0.2995292E+00  0.0000000E+00
  0.2923593E+00  0.2930852E+00  0.0000000E+00 -0.2923593E+00  0.0000000E+00
  0.2839484E+00  0.2861263E+00  0.0000000E+00 -0.2839484E+00  0.0000000E+00
  0.2755375E+00  0.2791674E+00 -0.5807846E-02 -0.2755375E+00  0.0000000E+00
  0.2671266E+00  0.2722085E+00 -0.5807846E-02 -0.2671266E+00  0.0000000E+00
  0.2604928E+00  0.2655746E+00 -0.5807846E-02  0.7395072E+00  0.7395072E+00
  0.2556359E+00  0.2592658E+00 -0.5807846E-02 -0.2556359E+00  0.0000000E+00
  0.2507789E+00  0.2529569E+00  0.0000000E+00 -0.2507789E+00  0.0000000E+00
  0.2459221E+00  0.2466480E+00  0.0000000E+00 -0.2459221E+00  0.0000000E+00
  0.2405284E+00  0.2405284E+00  0.0000000E+00 -0.2405284E+00  0.0000000E+00
  0.2345979E+00  0.2345979E+00  0.0000000E+00 -0.2345979E+00  0.0000000E+00
  0.2286674E+00  0.2286674E+00  0.0000000E+00 -0.2286674E+00  0.0000000E+00
  0.2227369E+00  0.2227369E+00  0.0000000E+00 -0.2227369E+00  0.0000000E+00
  0.2170686E+00  0.2170686E+00  0.0000000E+00 -0.2170686E+00  0.0000000E+00
  0.2116625E+00  0.2116625E+00  0.0000000E+00 -0.2116625E+00  0.0000000E+00
  0.2062564E+00  0.2062564E+00  0.0000000E+00 -0.2062564E+00  0.0000000E+00
  0.2008502E+00  0.2008502E+00  0.0000000E+00 -0.2008502E+00  0.0000000E+00
  0.1957452E+00  0.1957452E+00  0.0000000E+00 -0.1957452E+00  0.0000000E+00
  0.1909413E+00  0.1909413E+00  0.0000000E+00 -0.1909413E+00  0.0000000E+00
  0.1861374E+00  0.1861374E+00  0.0000000E+00 -0.1861374E+00  0.0000000E+00
  0.1813334E+00  0.1813334E+00  0.0000000E+00 -0.1813334E+00  0.0000000E+00
  0.1761038E+00  0.1768317E+00  0.0000000E+00 -0.1761038E+00  0.0000000E+00
  0.1704484E+00  0.1726322E+00  0.0000000E+00 -0.1704484E+00  0.0000000E+00
  0.1647931E+00  0.1684326E+00 -0.5823267E-02  0.8352069E+00  0.8352069E+00
  0.1591377E+00  0.1642331E+00 -0.5823267E-02 -0.1591377E+00  0.0000000E+00
  0.1553084E+00  0.1604038E+00 -0.5823267E-02 -0.1553084E+00  0.0000000E+00
  0.1533052E+00  0.1569447E+00 -0.5823267E-02 -0.1533052E+00  0.0000000E+00
  0.1513019E+00  0.1534856E+00  0.0000000E+00 -0.1513019E+00  0.0000000E+00
  0.1492986E+00  0.1500265E+00  0.0000000E+00 -0.1492986E+00  0.0000000E+00
  0.1467493E+00  0.1467493E+00  0.0000000E+00 -0.1467493E+00  0.0000000E+00
  0.1436539E+00  0.1436539E+00  0.0000000E+00 -0.1436539E+00  0.0000000E+00
  0.1405585E+00  0.1405585E+00  0.0000000E+00 -0.1405585E+00  0.0000000E+00
  0.1374631E+00  0.1374631E+00  0.0000000E+00 -0.1374631E+00  0.0000000E+00
  0.1345498E+00  0.1345498E+00  0.0000000E+00 -0.1345498E+00  0.0000000E+00
  0.1318186E+00  0.1318186E+00  0.0000000E+00 -0.1318186E+00  0.0000000E+00
  0.1290874E+00  0.1290874E+00  0.0000000E+00 -0.1290874E+00  0.0000000E+00
  0.1263562E+00  0.1263562E+00  0.0000000E+00 -0.1263562E+00  0.0000000E+00
  0.1237653E+00  0.1237653E+00  0.0000000E+00 -0.1237653E+00  0.0000000E+00
  0.1213147E+00  0.1213147E+00  0.0000000E+00 -0.1213147E+00  0.0000000E+00
  0.1188641E+00  0.1188641E+00  0.0000000E+00 -0.1188641E+00  0.0000000E+00
  0.1164135E+00  0.1164135E+00  0.0000000E+00 -0.1164135E+00  0.0000000E+00
  0.1140599E+00  0.1140599E+00  0.0000000E+00 -0.1140599E+00  0.0000000E+00
  0.1118034E+00  0.1118034E+00  0.0000000E+00 -0.1118034E+00  0.0000000E+00
  0.1095469E+00  0.1095469E+00  0.0000000E+00 -0.1095469E+00  0.0000000E+00
  0.1072904E+00  0.1072904E+00  0.0000000E+00 -0.1072904E+00  0.0000000E+00
  0.1043860E+00  0.1051163E+00  0.0000000E+00 -0.1043860E+00  0.0000000E+00
  0.1008337E+00  0.1030245E+00  0.0000000E+00 -0.1008337E+00  0.0000000E+00
  0.9728137E-01  0.1009328E+00 -0.5842271E-02  0.9027186E+00  0.9027186E+00
  0.9372904E-01  0.9884103E-01 -0.5842271E-02 -0.9372904E-01  0.0000000E+00
  0.9177905E-01  0.9689104E-01 -0.5842271E-02 -0.9177905E-01  0.0000000E+00
  0.9143140E-01  0.9508282E-01 -0.5842271E-02 -0.9143140E-01  0.0000000E+00
  0.9108376E-01  0.9327461E-01  0.0000000E+00 -0.9108376E-01  0.0000000E+00
  0.9073611E-01  0.9146639E-01  0.0000000E+00 -0.9073611E-01  0.0000000E+00
  0.8963321E-01  0.8963321E-01  0.0000000E+00 -0.8963321E-01  0.0000000E+00
  0.8777507E-01  0.8777507E-01  0.0000000E+00 -0.8777507E-01  0.0000000E+00
  0.8591693E-01  0.8591693E-01  0.0000000E+00 -0.8591693E-01  0.0000000E+00
  0.8405879E-01  0.8405879E-01  0.0000000E+00 -0.8405879E-01  0.0000000E+00
  0.8151098E-01  0.8224238E-01  0.0000000E+00 -0.8151098E-01  0.0000000E+00
  0.7827352E-01  0.8046769E-01  0.0000000E+00 -0.7827352E-01  0.0000000E+00
  0.7503605E-01  0.7869300E-01 -0.5851130E-02 -0.7503605E-01  0.0000000E+00
  0.7179859E-01  0.7691832E-01 -0.5851130E-02  0.9282014E+00  0.9282014E+00
  0.7016686E-01  0.7528659E-01 -0.5851130E-02 -0.7016686E-01  0.0000000E+00
  0.7014087E-01  0.7379782E-01 -0.5851130E-02 -0.7014087E-01  0.0000000E+00
  0.7011487E-01  0.7230905E-01  0.0000000E+00 -0.7011487E-01  0.0000000E+00
  0.7008889E-01  0.7082028E-01  0.0000000E+00 -0.7008889E-01  0.0000000E+00
  0.6931130E-01  0.6931130E-01  0.0000000E+00 -0.6931130E-01  0.0000000E+00
  0.6778213E-01  0.6778213E-01  0.0000000E+00 -0.6778213E-01  0.0000000E+00
  0.6625294E-01  0.6625294E-01  0.0000000E+00 -0.6625294E-01  0.0000000E+00
  0.6472377E-01  0.6472377E-01  0.0000000E+00 -0.6472377E-01  0.0000000E+00
  0.6324317E-01  0.6324317E-01  0.0000000E+00 -0.6324317E-01  0.0000000E+00
  0.6181117E-01  0.6181117E-01  0.0000000E+00 -0.6181117E-01  0.0000000E+00
  0.6037917E-01  0.6037917E-01  0.0000000E+00 -0.6037917E-01  0.0000000E+00
  0.5894716E-01  0.5894716E-01  0.0000000E+00 -0.5894716E-01  0.0000000E+00
  0.5759137E-01  0.5759137E-01  0.0000000E+00 -0.5759137E-01  0.0000000E+00
  0.5631180E-01  0.5631180E-01  0.0000000E+00 -0.5631180E-01  0.0000000E+00
  0.5503224E-01  0.5503224E-01  0.0000000E+00 -0.5503224E-01  0.0000000E+00
  0.5375267E-01  0.5375267E-01  0.0000000E+00 -0.5375267E-01  0.0000000E+00
  0.5254560E-01  0.5254560E-01  0.0000000E+00 -0.5254560E-01  0.0000000E+00
  0.5141102E-01  0.5141102E-01  0.0000000E+00 -0.5141102E-01  0.0000000E+00
  0.5027645E-01  0.5027645E-01  0.0000000E+00 -0.5027645E-01  0.0000000E+00
  0.4914188E-01  0.4914188E-01  0.0000000E+00 -0.4914188E-01  0.0000000E+00
  0.4808148E-01  0.4808148E-01  0.0000000E+00 -0.4808148E-01  0.0000000E+00
  0.4709528E-01  0.4709528E-01  0.0000000E+00 -0.4709528E-01  0.0000000E+00
  0.4610907E-01  0.4610907E-01  0.0000000E+00 -0.4610907E-01  0.0000000E+00
  0.4512287E-01  0.4512287E-01  0.0000000E+00 -0.4512287E-01  0.0000000E+00
  0.4421166E-01  0.4421166E-01  0.0000000E+00 -0.4421166E-01  0.0000000E+00
  0.4337547E-01  0.4337547E-01  0.0000000E+00 -0.4337547E-01  0.0000000E+00
  0.4253927E-01  0.4253927E-01  0.0000000E+00 -0.4253927E-01  0.0000000E+00
  0.4170308E-01  0.4170308E-01  0.0000000E+00 -0.4170308E-01  0.0000000E+00
  0.4093885E-01  0.4093885E-01  0.0000000E+00 -0.4093885E-01  0.0000000E+00
  0.4024659E-01  0.4024659E-01  0.0000000E+00 -0.4024659E-01  0.0000000E+00
  0.3955432E-01  0.3955432E-01  0.0000000E+00 -0.3955432E-01  0.0000000E+00
  0.3886206E-01  0.3886206E-01  0.0000000E+00 -0.3886206E-01  0.0000000E+00
  0.3822999E-01  0.3822999E-01  0.0000000E+00 -0.3822999E-01  0.0000000E+00
  0.3765812E-01  0.3765812E-01  0.0000000E+00 -0.3765812E-01  0.0000000E+00
  0.3708626E-01  0.3708626E-01  0.0000000E+00 -0.3708626E-01  0.0000000E+00
  0.3651439E-01  0.3651439E-01  0.0000000E+00 -0.3651439E-01  0.0000000E+00
  0.3598572E-01  0.3598572E-01  0.0000000E+00 -0.3598572E-01  0.0000000E+00
  0.3550024E-01  0.3550024E-01  0.0000000E+00 -0.3550024E-01  0.0000000E+00
  0.3501477E-01  0.3501477E-01  0.0000000E+00 -0.3501477E-01  0.0000000E+00
  0.3452929E-01  0.3452929E-01  0.0000000E+00 -0.3452929E-01  0.0000000E+00
  0.3407261E-01  0.3407261E-01  0.0000000E+00 -0.3407261E-01  0.0000000E+00
  0.3364472E-01  0.3364472E-01  0.0000000E+00 -0.3364472E-01  0.0000000E+00
  0.3321683E-01  0.3321683E-01  0.0000000E+00 -0.3321683E-01  0.0000000E+00
  0.3278894E-01  0.3278894E-01  0.0000000E+00 -0.3278894E-01  0.0000000E+00
  0.3164652E-01  0.3238274E-01  0.0000000E+00 -0.3164652E-01  0.0000000E+00
  0.2978957E-01  0.3199823E-01  0.0000000E+00 -0.2978957E-01  0.0000000E+00
  0.2793262E-01  0.3161371E-01 -0.5889756E-02  0.9720674E+00  0.9720674E+00
  0.2607566E-01  0.3122920E-01 -0.5889756E-02 -0.2607566E-01  0.0000000E+00
  0.2578142E-01  0.3093496E-01 -0.5889756E-02 -0.2578142E-01  0.0000000E+00
  0.2704989E-01  0.3073098E-01 -0.5889756E-02 -0.2704989E-01  0.0000000E+00
  0.2831835E-01  0.3052701E-01  0.0000000E+00 -0.2831835E-01  0.0000000E+00
  0.2958682E-01  0.3032304E-01  0.0000000E+00 -0.2958682E-01  0.0000000E+00
  0.3005001E-01  0.3005001E-01  0.0000000E+00 -0.3005001E-01  0.0000000E+00
  0.2970792E-01  0.2970792E-01  0.0000000E+00 -0.2970792E-01  0.0000000E+00
  0.2936583E-01  0.2936583E-01  0.0000000E+00 -0.2936583E-01  0.0000000E+00
  0.2902374E-01  0.2902374E-01  0.0000000E+00 -0.2902374E-01  0.0000000E+00
  0.2867639E-01  0.2867639E-01  0.0000000E+00 -0.2867639E-01  0.0000000E+00
  0.2832378E-01  0.2832378E-01  0.0000000E+00 -0.2832378E-01  0.0000000E+00
  0.2797116E-01  0.2797116E-01  0.0000000E+00 -0.2797116E-01  0.0000000E+00
  0.2761855E-01  0.2761855E-01  0.0000000E+00 -0.2761855E-01  0.0000000E+00
  0.2728596E-01  0.2728596E-01  0.0000000E+00 -0.2728596E-01  0.0000000E+00
  0.2697340E-01  0.2697340E-01  0.0000000E+00 -0.2697340E-01  0.0000000E+00
  0.2666084E-01  0.2666084E-01  0.0000000E+00 -0.2666084E-01  0.0000000E+00
  0.2634829E-01  0.2634829E-01  0.0000000E+00 -0.2634829E-01  0.0000000E+00
  0.2604769E-01  0.2604769E-01  0.0000000E+00 -0.2604769E-01  0.0000000E+00
  0.2575905E-01  0.2575905E-01  0.0000000E+00 -0.2575905E-01  0.0000000E+00
  0.2547041E-01  0.2547041E-01  0.0000000E+00 -0.2547041E-01  0.0000000E+00
  0.2518177E-01  0.2518177E-01  0.0000000E+00 -0.2518177E-01  0.0000000E+00
  0.2490140E-01  0.2490140E-01  0.0000000E+00 -0.2490140E-01  0.0000000E+00
  0.2462930E-01  0.2462930E-01  0.0000000E+00 -0.2462930E-01  0.0000000E+00
  0.2435720E-01  0.2435720E-01  0.0000000E+00 -0.2435720E-01  0.0000000E+00
  0.2408510E-01  0.2408510E-01  0.0000000E+00 -0.2408510E-01  0.0000000E+00
  0.2394905E-01  0.2381946E-01  0.0000000E+00 -0.2394905E-01  0.0000000E+00
  0.2394905E-01  0.2356028E-01  0.0000000E+00 -0.2394905E-01  0.0000000E+00
 -0.4210953E-01  0.2330110E-01 -0.6502186E-01  0.4210953E-01  0.4210953E-01
 -0.4210953E-01  0.2304192E-01 -0.6502186E-01  0.4210953E-01  0.4210953E-01
 -0.4210953E-01  0.2291232E-01 -0.6502186E-01  0.4210953E-01  0.4210953E-01
 -0.4210953E-01  0.2291232E-01 -0.6502186E-01  0.1104211E+02  0.1104211E+02
