           0
 F
           0
 F
           4
  4.0000000E-07
  0.0000000E+00
   1.900000    
  0.2000000    
   1.200000    
           2
   1000.000    
  0.0000000E+00
 F
  0.0000000E+00
   253.0000    
        1024
  0.0000000E+00   1.432700       19.26400    
  0.0000000E+00  0.0000000E+00  0.0000000E+00  0.2530000E+03  0.2530000E+03
 -0.1485502E+01  0.0000000E+00 -0.1485502E+01  0.1124855E+03  0.1124855E+03
  0.0000000E+00  0.0000000E+00  0.0000000E+00  0.1310000E+03  0.1310000E+03
  0.0000000E+00  0.0000000E+00  0.0000000E+00  0.7800000E+02  0.7800000E+02
 -0.1485502E+01  0.0000000E+00 -0.1485502E+01  0.1124855E+03  0.1124855E+03
 -0.1485502E+01  0.0000000E+00 -0.1485502E+01  0.5348550E+02  0.5348550E+02
 -0.1528933E+01  0.0000000E+00 -0.1544292E+01  0.4852893E+02  0.4852893E+02
 -0.1615796E+01  0.0000000E+00 -0.1661872E+01  0.4561580E+02  0.4561580E+02
 -0.1702658E+01  0.1228700E+00 -0.1779452E+01  0.1067027E+03  0.1067027E+03
 -0.1789521E+01  0.1228700E+00 -0.1897032E+01  0.6778952E+02  0.6778952E+02
 -0.1702490E+01  0.1450763E+00 -0.1847566E+01  0.8670249E+02  0.8670249E+02
 -0.1441566E+01  0.1894891E+00 -0.1631055E+01  0.7744157E+02  0.7744157E+02
 -0.1180641E+01  0.2339018E+00 -0.1414543E+01  0.5618064E+02  0.5618064E+02
 -0.9197172E+00  0.2783146E+00 -0.1198032E+01  0.4491972E+02  0.4491972E+02
 -0.9127013E+00  0.3092389E+00 -0.1221940E+01  0.5491270E+02  0.5491270E+02
 -0.1159594E+01  0.3266748E+00 -0.1486268E+01  0.3215959E+02  0.3215959E+02
 -0.1406486E+01  0.3441108E+00 -0.1750597E+01  0.1354065E+03  0.1354065E+03
 -0.1653378E+01  0.3615468E+00 -0.2014925E+01  0.7165338E+02  0.7165338E+02
 -0.1616574E+01  0.3852147E+00 -0.2001789E+01  0.9661658E+02  0.9661658E+02
 -0.1296074E+01  0.4151146E+00 -0.1711189E+01  0.6329607E+02  0.6329607E+02
 -0.9755742E+00  0.4450146E+00 -0.1420589E+01  0.5897557E+02  0.5897557E+02
 -0.6550742E+00  0.4749145E+00 -0.1129989E+01  0.3965508E+02  0.3965508E+02
 -0.5565130E+00  0.4928378E+00 -0.1049351E+01  0.4555651E+02  0.4555651E+02
 -0.6798905E+00  0.4987845E+00 -0.1178675E+01  0.2367989E+02  0.2367989E+02
 -0.8032681E+00  0.5047311E+00 -0.1307999E+01  0.8080327E+02  0.8080327E+02
 -0.9266456E+00  0.5106778E+00 -0.1437323E+01  0.5392665E+02  0.5392665E+02
 -0.8812807E+00  0.5184213E+00 -0.1399702E+01  0.6988128E+02  0.6988128E+02
 -0.6671731E+00  0.5279617E+00 -0.1195135E+01  0.4966717E+02  0.4966717E+02
 -0.4530656E+00  0.5375020E+00 -0.9905676E+00  0.3645306E+02  0.3645306E+02
 -0.2389580E+00  0.5470424E+00 -0.7860004E+00  0.3223896E+02  0.3223896E+02
 -0.3445063E+00  0.5489315E+00 -0.8934379E+00  0.2734451E+02  0.2734451E+02
 -0.7697103E+00  0.5431696E+00 -0.1312880E+01  0.1976971E+02  0.1976971E+02
 -0.1194914E+01  0.5374075E+00 -0.1732322E+01  0.1591949E+03  0.1591949E+03
 -0.1620118E+01  0.5316455E+00 -0.2151764E+01  0.7762012E+02  0.7762012E+02
 -0.1654547E+01  0.5443584E+00 -0.2198905E+01  0.8965455E+02  0.8965455E+02
 -0.1298201E+01  0.5755461E+00 -0.1873747E+01  0.7229820E+02  0.7229820E+02
 -0.9418548E+00  0.6067339E+00 -0.1548589E+01  0.7094186E+02  0.7094186E+02
 -0.5855085E+00  0.6379215E+00 -0.1223430E+01  0.3858551E+02  0.3858551E+02
 -0.4900780E+00  0.6553704E+00 -0.1145448E+01  0.3849008E+02  0.3849008E+02
 -0.6555631E+00  0.6590805E+00 -0.1314644E+01  0.2865556E+02  0.2865556E+02
 -0.8210481E+00  0.6627905E+00 -0.1483839E+01  0.8082104E+02  0.8082104E+02
 -0.9865331E+00  0.6665006E+00 -0.1653034E+01  0.6598653E+02  0.6598653E+02
 -0.9584967E+00  0.6738343E+00 -0.1632331E+01  0.5795850E+02  0.5795850E+02
 -0.7369392E+00  0.6847916E+00 -0.1421731E+01  0.7773694E+02  0.7773694E+02
 -0.5153816E+00  0.6957489E+00 -0.1211130E+01  0.3951538E+02  0.3951538E+02
 -0.2938241E+00  0.7067062E+00 -0.1000530E+01  0.3529382E+02  0.3529382E+02
 -0.2751338E+00  0.7092093E+00 -0.9843431E+00  0.3627514E+02  0.3627514E+02
 -0.4593107E+00  0.7032582E+00 -0.1162569E+01  0.3345931E+02  0.3345931E+02
 -0.6434876E+00  0.6973070E+00 -0.1340795E+01  0.9664349E+02  0.9664349E+02
 -0.8276646E+00  0.6913558E+00 -0.1519020E+01  0.4882766E+02  0.4882766E+02
 -0.8225163E+00  0.6932741E+00 -0.1515790E+01  0.7182252E+02  0.7182252E+02
 -0.6280426E+00  0.7030619E+00 -0.1331105E+01  0.4262804E+02  0.4262804E+02
 -0.4335691E+00  0.7128496E+00 -0.1146419E+01  0.4143357E+02  0.4143357E+02
 -0.2390955E+00  0.7226374E+00 -0.9617329E+00  0.3323909E+02  0.3323909E+02
 -0.1513013E+02  0.7247961E+00 -0.1585493E+02  0.4613013E+02  0.4613013E+02
 -0.4510667E+02  0.7193259E+00 -0.4582600E+02  0.7910667E+02  0.7910667E+02
 -0.7508321E+02  0.7138556E+00 -0.7579707E+02  0.1490832E+03  0.1490832E+03
 -0.1050598E+03  0.7083854E+00 -0.1057681E+03  0.2818060E+04  0.2818060E+04
 -0.1281716E+03  0.2168824E+01 -0.1303404E+03  0.8401172E+04  0.8401172E+04
 -0.1444186E+03  0.5095171E+01 -0.1495138E+03  0.8396419E+04  0.8396419E+04
 -0.1606657E+03  0.8021519E+01 -0.1686872E+03  0.8173666E+04  0.8173666E+04
 -0.1769127E+03  0.1094787E+02 -0.1878606E+03  0.7950913E+04  0.7950913E+04
 -0.1837921E+03  0.1464946E+02 -0.1984416E+03  0.7998792E+04  0.7998792E+04
 -0.1813040E+03  0.1912631E+02 -0.2004303E+03  0.7834304E+04  0.7834304E+04
 -0.1788158E+03  0.2360316E+02 -0.2024189E+03  0.8047816E+04  0.8047816E+04
 -0.1763276E+03  0.2808001E+02 -0.2044076E+03  0.8063328E+04  0.8063328E+04
 -0.1722422E+03  0.3211210E+02 -0.2043544E+03  0.8282242E+04  0.8282242E+04
 -0.1665598E+03  0.3569944E+02 -0.2022592E+03  0.8294560E+04  0.8294560E+04
 -0.1608773E+03  0.3928678E+02 -0.2001641E+03  0.9072877E+04  0.9072877E+04
 -0.1551948E+03  0.4287411E+02 -0.1980689E+03  0.8318195E+04  0.8318195E+04
 -0.1514501E+03  0.4589910E+02 -0.1973492E+03  0.7116450E+04  0.7116450E+04
 -0.1496431E+03  0.4836173E+02 -0.1980048E+03  0.6835643E+04  0.6835643E+04
 -0.1478361E+03  0.5082436E+02 -0.1986605E+03  0.7068836E+04  0.7068836E+04
 -0.1460291E+03  0.5328699E+02 -0.1993161E+03  0.7747029E+04  0.7747029E+04
 -0.1450661E+03  0.5553222E+02 -0.2005983E+03  0.8356066E+04  0.8356066E+04
 -0.1449470E+03  0.5756002E+02 -0.2025070E+03  0.8581947E+04  0.8581947E+04
 -0.1448280E+03  0.5958784E+02 -0.2044158E+03  0.8847828E+04  0.8847828E+04
 -0.1447089E+03  0.6161565E+02 -0.2063246E+03  0.8402709E+04  0.8402709E+04
 -0.1412439E+03  0.6359624E+02 -0.2048401E+03  0.8049244E+04  0.8049244E+04
 -0.1344329E+03  0.6552960E+02 -0.1999625E+03  0.7660433E+04  0.7660433E+04
 -0.1276220E+03  0.6746297E+02 -0.1950849E+03  0.7467622E+04  0.7467622E+04
 -0.1208110E+03  0.6939633E+02 -0.1902074E+03  0.7304811E+04  0.7304811E+04
 -0.1185095E+03  0.7095142E+02 -0.1894609E+03  0.7508509E+04  0.7508509E+04
 -0.1207174E+03  0.7212823E+02 -0.1928457E+03  0.7571717E+04  0.7571717E+04
 -0.1229254E+03  0.7330504E+02 -0.1962304E+03  0.7821925E+04  0.7821925E+04
 -0.1251333E+03  0.7448185E+02 -0.1996151E+03  0.7806133E+04  0.7806133E+04
 -0.1249426E+03  0.7574645E+02 -0.2006890E+03  0.8006942E+04  0.8006942E+04
 -0.1223532E+03  0.7709885E+02 -0.1994521E+03  0.8096353E+04  0.8096353E+04
 -0.1197639E+03  0.7845125E+02 -0.1982151E+03  0.7689764E+04  0.7689764E+04
 -0.1171746E+03  0.7980364E+02 -0.1969782E+03  0.7773174E+04  0.7773174E+04
 -0.1154603E+03  0.8102363E+02 -0.1964839E+03  0.7683460E+04  0.7683460E+04
 -0.1146211E+03  0.8211120E+02 -0.1967323E+03  0.7453621E+04  0.7453621E+04
 -0.1137820E+03  0.8319877E+02 -0.1969808E+03  0.7501782E+04  0.7501782E+04
 -0.1129428E+03  0.8428634E+02 -0.1972292E+03  0.7535943E+04  0.7535943E+04
 -0.1123191E+03  0.8534035E+02 -0.1976594E+03  0.7831319E+04  0.7831319E+04
 -0.1119108E+03  0.8636081E+02 -0.1982716E+03  0.7907911E+04  0.7907911E+04
 -0.1115024E+03  0.8738126E+02 -0.1988837E+03  0.7875502E+04  0.7875502E+04
 -0.1110941E+03  0.8840172E+02 -0.1994958E+03  0.7837094E+04  0.7837094E+04
 -0.1102335E+03  0.8943111E+02 -0.1996646E+03  0.7767233E+04  0.7767233E+04
 -0.1089207E+03  0.9046942E+02 -0.1993901E+03  0.7702921E+04  0.7702921E+04
 -0.1076078E+03  0.9150774E+02 -0.1991156E+03  0.7714608E+04  0.7714608E+04
 -0.1062950E+03  0.9254605E+02 -0.1988410E+03  0.7652295E+04  0.7652295E+04
 -0.1051697E+03  0.9353650E+02 -0.1987062E+03  0.7774169E+04  0.7774169E+04
 -0.1042319E+03  0.9447909E+02 -0.1987110E+03  0.7890232E+04  0.7890232E+04
 -0.1032941E+03  0.9542167E+02 -0.1987157E+03  0.7692294E+04  0.7692294E+04
 -0.1023562E+03  0.9636426E+02 -0.1987205E+03  0.7691356E+04  0.7691356E+04
 -0.1021546E+03  0.9727679E+02 -0.1994314E+03  0.7979155E+04  0.7979155E+04
 -0.1026893E+03  0.9815928E+02 -0.2008486E+03  0.7675689E+04  0.7675689E+04
 -0.1032239E+03  0.9904176E+02 -0.2022657E+03  0.7799224E+04  0.7799224E+04
 -0.1037585E+03  0.9992425E+02 -0.2036828E+03  0.7852758E+04  0.7852758E+04
 -0.1038237E+03  0.1008386E+03 -0.2046624E+03  0.7972824E+04  0.7972824E+04
 -0.1034195E+03  0.1017849E+03 -0.2052045E+03  0.8044419E+04  0.8044419E+04
 -0.1030153E+03  0.1027312E+03 -0.2057465E+03  0.7891015E+04  0.7891015E+04
 -0.1026111E+03  0.1036775E+03 -0.2062886E+03  0.7993611E+04  0.7993611E+04
 -0.1016577E+03  0.1046034E+03 -0.2062611E+03  0.8042658E+04  0.8042658E+04
 -0.1001550E+03  0.1055090E+03 -0.2056641E+03  0.7860155E+04  0.7860155E+04
 -0.9865237E+02  0.1064147E+03 -0.2050670E+03  0.7799652E+04  0.7799652E+04
 -0.9714971E+02  0.1073203E+03 -0.2044700E+03  0.7764150E+04  0.7764150E+04
 -0.9584272E+02  0.1081655E+03 -0.2040082E+03  0.7805843E+04  0.7805843E+04
 -0.9473140E+02  0.1089502E+03 -0.2036816E+03  0.8074731E+04  0.8074731E+04
 -0.9362009E+02  0.1097350E+03 -0.2033551E+03  0.7903620E+04  0.7903620E+04
 -0.9250877E+02  0.1105197E+03 -0.2030285E+03  0.7838509E+04  0.7838509E+04
 -0.9140337E+02  0.1112762E+03 -0.2026796E+03  0.7821403E+04  0.7821403E+04
 -0.9030390E+02  0.1120044E+03 -0.2023083E+03  0.7702304E+04  0.7702304E+04
 -0.8920442E+02  0.1127326E+03 -0.2019370E+03  0.7674205E+04  0.7674205E+04
 -0.8810495E+02  0.1134608E+03 -0.2015657E+03  0.7616105E+04  0.7616105E+04
 -0.8774329E+02  0.1141708E+03 -0.2019140E+03  0.7770743E+04  0.7770743E+04
 -0.8811945E+02  0.1148625E+03 -0.2029820E+03  0.8000120E+04  0.8000120E+04
 -0.8849560E+02  0.1155543E+03 -0.2040499E+03  0.8208495E+04  0.8208495E+04
 -0.8887175E+02  0.1162461E+03 -0.2051179E+03  0.7916872E+04  0.7916872E+04
 -0.8908246E+02  0.1169967E+03 -0.2060792E+03  0.7832083E+04  0.7832083E+04
 -0.8912771E+02  0.1178061E+03 -0.2069339E+03  0.7769128E+04  0.7769128E+04
 -0.8917297E+02  0.1186155E+03 -0.2077885E+03  0.8024173E+04  0.8024173E+04
 -0.8921822E+02  0.1194250E+03 -0.2086432E+03  0.7770218E+04  0.7770218E+04
 -0.8882356E+02  0.1202243E+03 -0.2090478E+03  0.7997824E+04  0.7997824E+04
 -0.8798899E+02  0.1210135E+03 -0.2090025E+03  0.8084989E+04  0.8084989E+04
 -0.8715442E+02  0.1218028E+03 -0.2089572E+03  0.7969154E+04  0.7969154E+04
 -0.8631985E+02  0.1225920E+03 -0.2089118E+03  0.8103320E+04  0.8103320E+04
 -0.8536059E+02  0.1233471E+03 -0.2087076E+03  0.7902360E+04  0.7902360E+04
 -0.8427663E+02  0.1240680E+03 -0.2083446E+03  0.7870277E+04  0.7870277E+04
 -0.8319268E+02  0.1247888E+03 -0.2079815E+03  0.7811193E+04  0.7811193E+04
 -0.8210873E+02  0.1255097E+03 -0.2076185E+03  0.7720109E+04  0.7720109E+04
 -0.8145679E+02  0.1261908E+03 -0.2076476E+03  0.8008457E+04  0.8008457E+04
 -0.8123685E+02  0.1268322E+03 -0.2080690E+03  0.8110237E+04  0.8110237E+04
 -0.8101693E+02  0.1274735E+03 -0.2084904E+03  0.8130017E+04  0.8130017E+04
 -0.8079700E+02  0.1281148E+03 -0.2089118E+03  0.8133797E+04  0.8133797E+04
 -0.8036610E+02  0.1287699E+03 -0.2091360E+03  0.8005366E+04  0.8005366E+04
 -0.7972424E+02  0.1294388E+03 -0.2091631E+03  0.7666724E+04  0.7666724E+04
 -0.7908238E+02  0.1301077E+03 -0.2091901E+03  0.7935083E+04  0.7935083E+04
 -0.7844052E+02  0.1307765E+03 -0.2092171E+03  0.7798440E+04  0.7798440E+04
 -0.7791651E+02  0.1314312E+03 -0.2093477E+03  0.8077917E+04  0.8077917E+04
 -0.7751035E+02  0.1320717E+03 -0.2095821E+03  0.8167510E+04  0.8167510E+04
 -0.7710418E+02  0.1327122E+03 -0.2098164E+03  0.8140104E+04  0.8140104E+04
 -0.7669801E+02  0.1333528E+03 -0.2100508E+03  0.7985698E+04  0.7985698E+04
 -0.7622496E+02  0.1339871E+03 -0.2102121E+03  0.8228225E+04  0.8228225E+04
 -0.7568501E+02  0.1346152E+03 -0.2103002E+03  0.7757685E+04  0.7757685E+04
 -0.7514507E+02  0.1352433E+03 -0.2103884E+03  0.7949145E+04  0.7949145E+04
 -0.7460512E+02  0.1358715E+03 -0.2104766E+03  0.7818605E+04  0.7818605E+04
 -0.7447458E+02  0.1364579E+03 -0.2109325E+03  0.7971475E+04  0.7971475E+04
 -0.7475345E+02  0.1370027E+03 -0.2117561E+03  0.8120753E+04  0.8120753E+04
 -0.7503231E+02  0.1375474E+03 -0.2125797E+03  0.8168032E+04  0.8168032E+04
 -0.7531118E+02  0.1380921E+03 -0.2134033E+03  0.8069311E+04  0.8069311E+04
 -0.7507388E+02  0.1386758E+03 -0.2137497E+03  0.8221074E+04  0.8221074E+04
 -0.7432040E+02  0.1392983E+03 -0.2136187E+03  0.7908320E+04  0.7908320E+04
 -0.7356692E+02  0.1399208E+03 -0.2134878E+03  0.8096567E+04  0.8096567E+04
 -0.7281344E+02  0.1405434E+03 -0.2133568E+03  0.7785813E+04  0.7785813E+04
 -0.7224862E+02  0.1411419E+03 -0.2133905E+03  0.8109249E+04  0.8109249E+04
 -0.7187245E+02  0.1417164E+03 -0.2135888E+03  0.8321872E+04  0.8321872E+04
 -0.7149629E+02  0.1422908E+03 -0.2137871E+03  0.8102496E+04  0.8102496E+04
 -0.7112012E+02  0.1428653E+03 -0.2139854E+03  0.8246120E+04  0.8246120E+04
 -0.7053100E+02  0.1434363E+03 -0.2139673E+03  0.8140531E+04  0.8140531E+04
 -0.6972890E+02  0.1440039E+03 -0.2137328E+03  0.7971729E+04  0.7971729E+04
 -0.6892680E+02  0.1445715E+03 -0.2134983E+03  0.8015927E+04  0.8015927E+04
 -0.6812470E+02  0.1451391E+03 -0.2132638E+03  0.8042125E+04  0.8042125E+04
 -0.6728442E+02  0.1456798E+03 -0.2129642E+03  0.8185284E+04  0.8185284E+04
 -0.6640596E+02  0.1461937E+03 -0.2125997E+03  0.8098406E+04  0.8098406E+04
 -0.6552749E+02  0.1467076E+03 -0.2122351E+03  0.8008527E+04  0.8008527E+04
 -0.6464902E+02  0.1472215E+03 -0.2118705E+03  0.8045649E+04  0.8045649E+04
 -0.6450345E+02  0.1476981E+03 -0.2122016E+03  0.8067503E+04  0.8067503E+04
 -0.6509076E+02  0.1481374E+03 -0.2132282E+03  0.7938091E+04  0.7938091E+04
 -0.6567807E+02  0.1485767E+03 -0.2142548E+03  0.8048678E+04  0.8048678E+04
 -0.6626538E+02  0.1490160E+03 -0.2152814E+03  0.8076266E+04  0.8076266E+04
 -0.6647524E+02  0.1494941E+03 -0.2159694E+03  0.8146475E+04  0.8146475E+04
 -0.6630766E+02  0.1500109E+03 -0.2163186E+03  0.8199308E+04  0.8199308E+04
 -0.6614008E+02  0.1505277E+03 -0.2166678E+03  0.8076140E+04  0.8076140E+04
 -0.6597249E+02  0.1510445E+03 -0.2170170E+03  0.8226973E+04  0.8226973E+04
 -0.6557152E+02  0.1515696E+03 -0.2171411E+03  0.8232571E+04  0.8232571E+04
 -0.6493717E+02  0.1521031E+03 -0.2170403E+03  0.8155937E+04  0.8155937E+04
 -0.6430282E+02  0.1526366E+03 -0.2169394E+03  0.8003303E+04  0.8003303E+04
 -0.6366847E+02  0.1531700E+03 -0.2168385E+03  0.8147668E+04  0.8147668E+04
 -0.6325113E+02  0.1536795E+03 -0.2169306E+03  0.8177251E+04  0.8177251E+04
 -0.6305080E+02  0.1541648E+03 -0.2172157E+03  0.8320051E+04  0.8320051E+04
 -0.6285046E+02  0.1546502E+03 -0.2175007E+03  0.8311851E+04  0.8311851E+04
 -0.6265013E+02  0.1551356E+03 -0.2177858E+03  0.8159650E+04  0.8159650E+04
 -0.6223018E+02  0.1556260E+03 -0.2178562E+03  0.8279230E+04  0.8279230E+04
 -0.6159060E+02  0.1561214E+03 -0.2177120E+03  0.8085591E+04  0.8085591E+04
 -0.6095101E+02  0.1566168E+03 -0.2175679E+03  0.8110951E+04  0.8110951E+04
 -0.6031143E+02  0.1571122E+03 -0.2174237E+03  0.8065312E+04  0.8065312E+04
 -0.5990596E+02  0.1575870E+03 -0.2174929E+03  0.8182906E+04  0.8182906E+04
 -0.5973458E+02  0.1580410E+03 -0.2177756E+03  0.8409734E+04  0.8409734E+04
 -0.5956322E+02  0.1584950E+03 -0.2180582E+03  0.8077563E+04  0.8077563E+04
 -0.5939185E+02  0.1589490E+03 -0.2183409E+03  0.8170392E+04  0.8170392E+04
 -0.5918578E+02  0.1593862E+03 -0.2185720E+03  0.8328186E+04  0.8328186E+04
 -0.5894503E+02  0.1598065E+03 -0.2187516E+03  0.8128945E+04  0.8128945E+04
 -0.5870427E+02  0.1602268E+03 -0.2189311E+03  0.8231704E+04  0.8231704E+04
 -0.5846351E+02  0.1606472E+03 -0.2191107E+03  0.8087463E+04  0.8087463E+04
 -0.5805848E+02  0.1610704E+03 -0.2191289E+03  0.8085059E+04  0.8085059E+04
 -0.5748918E+02  0.1614967E+03 -0.2189859E+03  0.8387489E+04  0.8387489E+04
 -0.5691987E+02  0.1619230E+03 -0.2188428E+03  0.8000920E+04  0.8000920E+04
 -0.5635057E+02  0.1623492E+03 -0.2186998E+03  0.8449351E+04  0.8449351E+04
 -0.5596499E+02  0.1627597E+03 -0.2187247E+03  0.8151965E+04  0.8151965E+04
 -0.5576314E+02  0.1631544E+03 -0.2189176E+03  0.8108763E+04  0.8108763E+04
 -0.5556129E+02  0.1635492E+03 -0.2191105E+03  0.8112562E+04  0.8112562E+04
 -0.5535943E+02  0.1639439E+03 -0.2193034E+03  0.8110359E+04  0.8110359E+04
 -0.5492191E+02  0.1643462E+03 -0.2192681E+03  0.8267922E+04  0.8267922E+04
 -0.5424872E+02  0.1647560E+03 -0.2190047E+03  0.8347249E+04  0.8347249E+04
 -0.5357552E+02  0.1651658E+03 -0.2187414E+03  0.8191576E+04  0.8191576E+04
 -0.5290233E+02  0.1655757E+03 -0.2184780E+03  0.8315902E+04  0.8315902E+04
 -0.5233598E+02  0.1659623E+03 -0.2182983E+03  0.8118336E+04  0.8118336E+04
 -0.5187646E+02  0.1663258E+03 -0.2182022E+03  0.8057876E+04  0.8057876E+04
 -0.5141695E+02  0.1666892E+03 -0.2181062E+03  0.8152417E+04  0.8152417E+04
 -0.5095743E+02  0.1670527E+03 -0.2180101E+03  0.7988958E+04  0.7988958E+04
 -0.5089547E+02  0.1674087E+03 -0.2183042E+03  0.8251896E+04  0.8251896E+04
 -0.5123108E+02  0.1677571E+03 -0.2189882E+03  0.8248231E+04  0.8248231E+04
 -0.5156668E+02  0.1681056E+03 -0.2196723E+03  0.8097567E+04  0.8097567E+04
 -0.5190229E+02  0.1684541E+03 -0.2203563E+03  0.8184902E+04  0.8184902E+04
 -0.5198650E+02  0.1688205E+03 -0.2208070E+03  0.8341986E+04  0.8341986E+04
 -0.5181932E+02  0.1692050E+03 -0.2210243E+03  0.8216819E+04  0.8216819E+04
 -0.5165214E+02  0.1695894E+03 -0.2212416E+03  0.8172652E+04  0.8172652E+04
 -0.5148497E+02  0.1699738E+03 -0.2214588E+03  0.8028485E+04  0.8028485E+04
 -0.5135553E+02  0.1703616E+03 -0.2217171E+03  0.8306355E+04  0.8306355E+04
 -0.5126383E+02  0.1707525E+03 -0.2220164E+03  0.8452264E+04  0.8452264E+04
 -0.5117214E+02  0.1711435E+03 -0.2223157E+03  0.8280172E+04  0.8280172E+04
 -0.5108044E+02  0.1715345E+03 -0.2226149E+03  0.8365080E+04  0.8365080E+04
 -0.5029142E+02  0.1719318E+03 -0.2222232E+03  0.8417291E+04  0.8417291E+04
 -0.4880507E+02  0.1723354E+03 -0.2211404E+03  0.8075805E+04  0.8075805E+04
 -0.4731871E+02  0.1727390E+03 -0.2200577E+03  0.8057319E+04  0.8057319E+04
 -0.4583236E+02  0.1731425E+03 -0.2189749E+03  0.8098833E+04  0.8098833E+04
 -0.4528217E+02  0.1734677E+03 -0.2187498E+03  0.8137282E+04  0.8137282E+04
 -0.4566814E+02  0.1737143E+03 -0.2193824E+03  0.8199668E+04  0.8199668E+04
 -0.4605412E+02  0.1739609E+03 -0.2200150E+03  0.8248054E+04  0.8248054E+04
 -0.4644010E+02  0.1742075E+03 -0.2206476E+03  0.8284440E+04  0.8284440E+04
 -0.4656540E+02  0.1745017E+03 -0.2210671E+03  0.8239565E+04  0.8239565E+04
 -0.4643002E+02  0.1748435E+03 -0.2212736E+03  0.8106430E+04  0.8106430E+04
 -0.4629464E+02  0.1751854E+03 -0.2214800E+03  0.8034294E+04  0.8034294E+04
 -0.4615926E+02  0.1755272E+03 -0.2216865E+03  0.8118159E+04  0.8118159E+04
 -0.4598056E+02  0.1758777E+03 -0.2218582E+03  0.8428980E+04  0.8428980E+04
 -0.4575856E+02  0.1762368E+03 -0.2219954E+03  0.8422759E+04  0.8422759E+04
 -0.4553654E+02  0.1765959E+03 -0.2221325E+03  0.8284536E+04  0.8284536E+04
 -0.4531453E+02  0.1769551E+03 -0.2222696E+03  0.8319314E+04  0.8319314E+04
 -0.4500066E+02  0.1772917E+03 -0.2222924E+03  0.8269001E+04  0.8269001E+04
 -0.4459491E+02  0.1776059E+03 -0.2222008E+03  0.8024595E+04  0.8024595E+04
 -0.4418917E+02  0.1779200E+03 -0.2221092E+03  0.8090189E+04  0.8090189E+04
 -0.4378343E+02  0.1782341E+03 -0.2220176E+03  0.8167783E+04  0.8167783E+04
 -0.4339772E+02  0.1785373E+03 -0.2219350E+03  0.8178398E+04  0.8178398E+04
 -0.4303204E+02  0.1788294E+03 -0.2218614E+03  0.8398032E+04  0.8398032E+04
 -0.4266636E+02  0.1791215E+03 -0.2217879E+03  0.8216666E+04  0.8216666E+04
 -0.4230068E+02  0.1794136E+03 -0.2217143E+03  0.8238301E+04  0.8238301E+04
 -0.4171975E+02  0.1797001E+03 -0.2214199E+03  0.8258720E+04  0.8258720E+04
 -0.4092357E+02  0.1799811E+03 -0.2209047E+03  0.8073923E+04  0.8073923E+04
 -0.4012738E+02  0.1802621E+03 -0.2203895E+03  0.8068127E+04  0.8068127E+04
 -0.3933120E+02  0.1805430E+03 -0.2198742E+03  0.7974331E+04  0.7974331E+04
 -0.3899157E+02  0.1807930E+03 -0.2197846E+03  0.8075992E+04  0.8075992E+04
 -0.3910848E+02  0.1810121E+03 -0.2201205E+03  0.8369108E+04  0.8369108E+04
 -0.3922538E+02  0.1812311E+03 -0.2204565E+03  0.8132226E+04  0.8132226E+04
 -0.3934230E+02  0.1814501E+03 -0.2207924E+03  0.8167342E+04  0.8167342E+04
 -0.3926261E+02  0.1816968E+03 -0.2209594E+03  0.8297263E+04  0.8297263E+04
 -0.3898634E+02  0.1819712E+03 -0.2209576E+03  0.8089986E+04  0.8089986E+04
 -0.3871007E+02  0.1822456E+03 -0.2209557E+03  0.8050710E+04  0.8050710E+04
 -0.3843380E+02  0.1825200E+03 -0.2209538E+03  0.7915434E+04  0.7915434E+04
 -0.3825088E+02  0.1827781E+03 -0.2210290E+03  0.8300251E+04  0.8300251E+04
 -0.3816133E+02  0.1830199E+03 -0.2211812E+03  0.8278161E+04  0.8278161E+04
 -0.3807178E+02  0.1832616E+03 -0.2213334E+03  0.8132072E+04  0.8132072E+04
 -0.3798222E+02  0.1835034E+03 -0.2214857E+03  0.8056982E+04  0.8056982E+04
 -0.3762447E+02  0.1837520E+03 -0.2213764E+03  0.8198624E+04  0.8198624E+04
 -0.3699853E+02  0.1840072E+03 -0.2210058E+03  0.8220998E+04  0.8220998E+04
 -0.3637259E+02  0.1842625E+03 -0.2206351E+03  0.8050373E+04  0.8050373E+04
 -0.3574664E+02  0.1845178E+03 -0.2202645E+03  0.8020747E+04  0.8020747E+04
 -0.3540955E+02  0.1847476E+03 -0.2201571E+03  0.8007410E+04  0.8007410E+04
 -0.3536132E+02  0.1849519E+03 -0.2203132E+03  0.8296361E+04  0.8296361E+04
 -0.3531310E+02  0.1851561E+03 -0.2204692E+03  0.8188313E+04  0.8188313E+04
 -0.3526487E+02  0.1853604E+03 -0.2206253E+03  0.8019265E+04  0.8019265E+04
 -0.3497214E+02  0.1855786E+03 -0.2205508E+03  0.8219972E+04  0.8219972E+04
 -0.3443492E+02  0.1858107E+03 -0.2202456E+03  0.8037435E+04  0.8037435E+04
 -0.3389770E+02  0.1860428E+03 -0.2199405E+03  0.8015897E+04  0.8015897E+04
 -0.3336048E+02  0.1862749E+03 -0.2196354E+03  0.8002360E+04  0.8002360E+04
 -0.3308747E+02  0.1864893E+03 -0.2195768E+03  0.8039087E+04  0.8039087E+04
 -0.3307868E+02  0.1866861E+03 -0.2197648E+03  0.8233079E+04  0.8233079E+04
 -0.3306989E+02  0.1868829E+03 -0.2199528E+03  0.8107070E+04  0.8107070E+04
 -0.3306109E+02  0.1870797E+03 -0.2201408E+03  0.8125061E+04  0.8125061E+04
 -0.3321037E+02  0.1872915E+03 -0.2205018E+03  0.8198210E+04  0.8198210E+04
 -0.3351773E+02  0.1875182E+03 -0.2210359E+03  0.7973518E+04  0.7973518E+04
 -0.3382509E+02  0.1877449E+03 -0.2215700E+03  0.8037825E+04  0.8037825E+04
 -0.3413246E+02  0.1879716E+03 -0.2221041E+03  0.8054132E+04  0.8054132E+04
 -0.3386764E+02  0.1882149E+03 -0.2220825E+03  0.8232867E+04  0.8232867E+04
 -0.3303064E+02  0.1884746E+03 -0.2215053E+03  0.8254030E+04  0.8254030E+04
 -0.3219364E+02  0.1887344E+03 -0.2209280E+03  0.8069194E+04  0.8069194E+04
 -0.3135664E+02  0.1889941E+03 -0.2203508E+03  0.8000356E+04  0.8000356E+04
 -0.3099701E+02  0.1892088E+03 -0.2202058E+03  0.8206997E+04  0.8206997E+04
 -0.3111473E+02  0.1893785E+03 -0.2204932E+03  0.7945115E+04  0.7945115E+04
 -0.3123245E+02  0.1895482E+03 -0.2207806E+03  0.8094232E+04  0.8094232E+04
 -0.3135017E+02  0.1897178E+03 -0.2210680E+03  0.7909350E+04  0.7909350E+04
 -0.3106991E+02  0.1899085E+03 -0.2209785E+03  0.8020070E+04  0.8020070E+04
 -0.3039165E+02  0.1901203E+03 -0.2205120E+03  0.8355392E+04  0.8355392E+04
 -0.2971339E+02  0.1903321E+03 -0.2200455E+03  0.7959713E+04  0.7959713E+04
 -0.2903513E+02  0.1905439E+03 -0.2195790E+03  0.8071035E+04  0.8071035E+04
 -0.2840755E+02  0.1907263E+03 -0.2191339E+03  0.7947408E+04  0.7947408E+04
 -0.2783064E+02  0.1908793E+03 -0.2187100E+03  0.8119831E+04  0.8119831E+04
 -0.2725374E+02  0.1910324E+03 -0.2182861E+03  0.7854254E+04  0.7854254E+04
 -0.2667683E+02  0.1911854E+03 -0.2178623E+03  0.7816677E+04  0.7816677E+04
 -0.2633879E+02  0.1913188E+03 -0.2176576E+03  0.8076339E+04  0.8076339E+04
 -0.2623961E+02  0.1914326E+03 -0.2176722E+03  0.8102240E+04  0.8102240E+04
 -0.2614044E+02  0.1915464E+03 -0.2176868E+03  0.7985141E+04  0.7985141E+04
 -0.2604126E+02  0.1916601E+03 -0.2177014E+03  0.7963042E+04  0.7963042E+04
 -0.2622841E+02  0.1917874E+03 -0.2180158E+03  0.8079229E+04  0.8079229E+04
 -0.2670189E+02  0.1919282E+03 -0.2186301E+03  0.7831702E+04  0.7831702E+04
 -0.2717537E+02  0.1920690E+03 -0.2192444E+03  0.8001175E+04  0.8001175E+04
 -0.2764885E+02  0.1922098E+03 -0.2198587E+03  0.7809649E+04  0.7809649E+04
 -0.2785804E+02  0.1923810E+03 -0.2202390E+03  0.8013858E+04  0.8013858E+04
 -0.2780296E+02  0.1925825E+03 -0.2203855E+03  0.8268803E+04  0.8268803E+04
 -0.2774787E+02  0.1927840E+03 -0.2205319E+03  0.8185748E+04  0.8185748E+04
 -0.2769279E+02  0.1929855E+03 -0.2206783E+03  0.7882693E+04  0.7882693E+04
 -0.2745105E+02  0.1931889E+03 -0.2206399E+03  0.8151451E+04  0.8151451E+04
 -0.2702266E+02  0.1933941E+03 -0.2204167E+03  0.7944022E+04  0.7944022E+04
 -0.2659426E+02  0.1935993E+03 -0.2201935E+03  0.7910594E+04  0.7910594E+04
 -0.2616587E+02  0.1938045E+03 -0.2199703E+03  0.7773166E+04  0.7773166E+04
 -0.2592497E+02  0.1939875E+03 -0.2199125E+03  0.8168925E+04  0.8168925E+04
 -0.2587155E+02  0.1941484E+03 -0.2200199E+03  0.8169872E+04  0.8169872E+04
 -0.2581813E+02  0.1943093E+03 -0.2201274E+03  0.7984818E+04  0.7984818E+04
 -0.2576472E+02  0.1944702E+03 -0.2202349E+03  0.8034765E+04  0.8034765E+04
 -0.2543746E+02  0.1946366E+03 -0.2200741E+03  0.8128438E+04  0.8128438E+04
 -0.2483636E+02  0.1948085E+03 -0.2196449E+03  0.7929836E+04  0.7929836E+04
 -0.2423526E+02  0.1949805E+03 -0.2192157E+03  0.7867235E+04  0.7867235E+04
 -0.2363416E+02  0.1951524E+03 -0.2187866E+03  0.7789634E+04  0.7789634E+04
 -0.2333719E+02  0.1952963E+03 -0.2186335E+03  0.7889337E+04  0.7889337E+04
 -0.2334435E+02  0.1954121E+03 -0.2187564E+03  0.8273345E+04  0.8273345E+04
 -0.2335151E+02  0.1955279E+03 -0.2188794E+03  0.7930352E+04  0.7930352E+04
 -0.2335867E+02  0.1956436E+03 -0.2190023E+03  0.8092359E+04  0.8092359E+04
 -0.2266471E+02  0.1957645E+03 -0.2184292E+03  0.8111665E+04  0.8111665E+04
 -0.2126962E+02  0.1958905E+03 -0.2171602E+03  0.7675270E+04  0.7675270E+04
 -0.1987453E+02  0.1960165E+03 -0.2158911E+03  0.7789875E+04  0.7789875E+04
 -0.1847945E+02  0.1961425E+03 -0.2146220E+03  0.7684479E+04  0.7684479E+04
 -0.1693563E+02  0.1961914E+03 -0.2131270E+03  0.7814936E+04  0.7814936E+04
 -0.1524309E+02  0.1961631E+03 -0.2114062E+03  0.7724243E+04  0.7724243E+04
 -0.1355054E+02  0.1961348E+03 -0.2096854E+03  0.7587551E+04  0.7587551E+04
 -0.1185800E+02  0.1961066E+03 -0.2079646E+03  0.7668858E+04  0.7668858E+04
 -0.9863202E+01  0.1959987E+03 -0.2058620E+03  0.7550863E+04  0.7550863E+04
 -0.7566153E+01  0.1958113E+03 -0.2033775E+03  0.7174566E+04  0.7174566E+04
 -0.5269103E+01  0.1956239E+03 -0.2008930E+03  0.7117269E+04  0.7117269E+04
 -0.2972054E+01  0.1954365E+03 -0.1984086E+03  0.7014972E+04  0.7014972E+04
 -0.1823529E+01  0.1951501E+03 -0.1961124E+03  0.7211824E+04  0.7211824E+04
 -0.1823529E+01  0.1947647E+03 -0.1940044E+03  0.7168824E+04  0.7168824E+04
  0.5066563E+01  0.1943792E+03 -0.1918965E+03  0.6980934E+04  0.6980934E+04
  0.5066563E+01  0.1939938E+03 -0.1897885E+03  0.6773934E+04  0.6773934E+04
  0.4950711E+01  0.1935605E+03 -0.1886098E+03  0.6766049E+04  0.6766049E+04
  0.4719006E+01  0.1930794E+03 -0.1883604E+03  0.6734281E+04  0.6734281E+04
  0.4487301E+01  0.1925983E+03 -0.1881110E+03  0.6757513E+04  0.6757513E+04
  0.4255596E+01  0.1921172E+03 -0.1878616E+03  0.6627745E+04  0.6627745E+04
  0.4254795E+01  0.1917145E+03 -0.1874597E+03  0.6793745E+04  0.6793745E+04
  0.4484898E+01  0.1913904E+03 -0.1869055E+03  0.6936515E+04  0.6936515E+04
  0.4715001E+01  0.1910662E+03 -0.1863512E+03  0.6744285E+04  0.6744285E+04
  0.4945104E+01  0.1907421E+03 -0.1857970E+03  0.6538055E+04  0.6538055E+04
  0.5831664E+01  0.1904388E+03 -0.1846071E+03  0.6807168E+04  0.6807168E+04
  0.7374683E+01  0.1901564E+03 -0.1827817E+03  0.6627625E+04  0.6627625E+04
  0.8917701E+01  0.1898739E+03 -0.1809562E+03  0.6568083E+04  0.6568083E+04
  0.1046072E+02  0.1895915E+03 -0.1791308E+03  0.6352539E+04  0.6352539E+04
  0.1239751E+02  0.1892414E+03 -0.1768439E+03  0.6292603E+04  0.6292603E+04
  0.1472807E+02  0.1888236E+03 -0.1740956E+03  0.6405272E+04  0.6405272E+04
  0.1705862E+02  0.1884059E+03 -0.1713472E+03  0.6153941E+04  0.6153941E+04
  0.1938918E+02  0.1879881E+03 -0.1685989E+03  0.6091611E+04  0.6091611E+04
  0.2227480E+02  0.1874666E+03 -0.1651918E+03  0.6026725E+04  0.6026725E+04
  0.2571549E+02  0.1868413E+03 -0.1611258E+03  0.5716285E+04  0.5716285E+04
  0.2915619E+02  0.1862160E+03 -0.1570598E+03  0.5541844E+04  0.5541844E+04
  0.3259687E+02  0.1855907E+03 -0.1529938E+03  0.5362403E+04  0.5362403E+04
  0.3587139E+02  0.1848143E+03 -0.1489429E+03  0.5410128E+04  0.5410128E+04
  0.3897972E+02  0.1838868E+03 -0.1449070E+03  0.5277021E+04  0.5277021E+04
  0.4208806E+02  0.1829592E+03 -0.1408712E+03  0.4949912E+04  0.4949912E+04
  0.4519640E+02  0.1820317E+03 -0.1368353E+03  0.4895804E+04  0.4895804E+04
  0.4729372E+02  0.1809999E+03 -0.1337062E+03  0.4750706E+04  0.4750706E+04
  0.4838003E+02  0.1798639E+03 -0.1314839E+03  0.4620620E+04  0.4620620E+04
  0.4946634E+02  0.1787279E+03 -0.1292616E+03  0.4587534E+04  0.4587534E+04
  0.5055264E+02  0.1775919E+03 -0.1270393E+03  0.4440447E+04  0.4440447E+04
  0.5071947E+02  0.1764920E+03 -0.1257725E+03  0.4378281E+04  0.4378281E+04
  0.4996680E+02  0.1754281E+03 -0.1254613E+03  0.4513033E+04  0.4513033E+04
  0.4921413E+02  0.1743642E+03 -0.1251501E+03  0.4466786E+04  0.4466786E+04
  0.4846147E+02  0.1733004E+03 -0.1248389E+03  0.4400539E+04  0.4400539E+04
  0.4768574E+02  0.1723650E+03 -0.1246793E+03  0.4393314E+04  0.4393314E+04
  0.4688694E+02  0.1715581E+03 -0.1246712E+03  0.4440113E+04  0.4440113E+04
  0.4608814E+02  0.1707513E+03 -0.1246631E+03  0.4412912E+04  0.4412912E+04
  0.4528934E+02  0.1699444E+03 -0.1246551E+03  0.4378710E+04  0.4378710E+04
  0.4511720E+02  0.1692349E+03 -0.1241177E+03  0.4338883E+04  0.4338883E+04
  0.4557171E+02  0.1686228E+03 -0.1230511E+03  0.4562428E+04  0.4562428E+04
  0.4602622E+02  0.1680106E+03 -0.1219844E+03  0.4347974E+04  0.4347974E+04
  0.4648074E+02  0.1673985E+03 -0.1209178E+03  0.4215519E+04  0.4215519E+04
  0.4608286E+02  0.1667787E+03 -0.1206958E+03  0.4366917E+04  0.4366917E+04
  0.4483258E+02  0.1661511E+03 -0.1213186E+03  0.4141167E+04  0.4141167E+04
  0.4358230E+02  0.1655236E+03 -0.1219413E+03  0.4268417E+04  0.4268417E+04
  0.4233202E+02  0.1648960E+03 -0.1225640E+03  0.4385668E+04  0.4385668E+04
  0.4154454E+02  0.1643628E+03 -0.1228183E+03  0.4353456E+04  0.4353456E+04
  0.4121986E+02  0.1639240E+03 -0.1227041E+03  0.4432780E+04  0.4432780E+04
  0.4089518E+02  0.1634852E+03 -0.1225900E+03  0.4485105E+04  0.4485105E+04
  0.4057050E+02  0.1630463E+03 -0.1224758E+03  0.4295430E+04  0.4295430E+04
  0.4042651E+02  0.1626298E+03 -0.1222033E+03  0.4332574E+04  0.4332574E+04
  0.4046319E+02  0.1622356E+03 -0.1217724E+03  0.4265537E+04  0.4265537E+04
  0.4049987E+02  0.1618414E+03 -0.1213416E+03  0.4343500E+04  0.4343500E+04
  0.4053656E+02  0.1614473E+03 -0.1209107E+03  0.4176463E+04  0.4176463E+04
  0.4045892E+02  0.1610423E+03 -0.1205833E+03  0.4374541E+04  0.4374541E+04
  0.4026695E+02  0.1606264E+03 -0.1203594E+03  0.4212733E+04  0.4212733E+04
  0.4007499E+02  0.1602106E+03 -0.1201356E+03  0.4282925E+04  0.4282925E+04
  0.3988303E+02  0.1597947E+03 -0.1199117E+03  0.4339117E+04  0.4339117E+04
  0.3989969E+02  0.1593863E+03 -0.1194866E+03  0.4217100E+04  0.4217100E+04
  0.4012499E+02  0.1589852E+03 -0.1188603E+03  0.4120875E+04  0.4120875E+04
  0.4035029E+02  0.1585842E+03 -0.1182339E+03  0.4264650E+04  0.4264650E+04
  0.4057558E+02  0.1581832E+03 -0.1176076E+03  0.4039424E+04  0.4039424E+04
  0.4097420E+02  0.1577659E+03 -0.1167917E+03  0.4155026E+04  0.4155026E+04
  0.4154613E+02  0.1573323E+03 -0.1157862E+03  0.4131454E+04  0.4131454E+04
  0.4211806E+02  0.1568988E+03 -0.1147807E+03  0.4109882E+04  0.4109882E+04
  0.4268999E+02  0.1564652E+03 -0.1137752E+03  0.3969310E+04  0.3969310E+04
  0.4334022E+02  0.1559966E+03 -0.1126563E+03  0.4039660E+04  0.4039660E+04
  0.4406874E+02  0.1554928E+03 -0.1114240E+03  0.3877931E+04  0.3877931E+04
  0.4479727E+02  0.1549890E+03 -0.1101918E+03  0.3844203E+04  0.3844203E+04
  0.4552579E+02  0.1544853E+03 -0.1089595E+03  0.3837474E+04  0.3837474E+04
  0.4719895E+02  0.1539454E+03 -0.1067464E+03  0.3794801E+04  0.3794801E+04
  0.4981674E+02  0.1533693E+03 -0.1035526E+03  0.3799183E+04  0.3799183E+04
  0.5243453E+02  0.1527932E+03 -0.1003587E+03  0.3559565E+04  0.3559565E+04
  0.5505232E+02  0.1522171E+03 -0.9716480E+02  0.3462948E+04  0.3462948E+04
  0.5939804E+02  0.1514973E+03 -0.9209921E+02  0.3282602E+04  0.3282602E+04
  0.6547170E+02  0.1506336E+03 -0.8516192E+02  0.3098528E+04  0.3098528E+04
  0.7154536E+02  0.1497700E+03 -0.7822462E+02  0.2733455E+04  0.2733455E+04
  0.7761903E+02  0.1489064E+03 -0.7128732E+02  0.2547381E+04  0.2547381E+04
  0.8388577E+02  0.1477126E+03 -0.6382682E+02  0.2172114E+04  0.2172114E+04
  0.9034560E+02  0.1461887E+03 -0.5584311E+02  0.1882654E+04  0.1882654E+04
  0.9680544E+02  0.1446648E+03 -0.4785939E+02  0.1566195E+04  0.1566195E+04
  0.1032653E+03  0.1431409E+03 -0.3987568E+02  0.1287735E+04  0.1287735E+04
  0.1080478E+03  0.1413276E+03 -0.3327982E+02  0.1057952E+04  0.1057952E+04
  0.1111531E+03  0.1392249E+03 -0.2807180E+02  0.7758469E+03  0.7758469E+03
  0.1142584E+03  0.1371221E+03 -0.2286379E+02  0.6567416E+03  0.6567416E+03
  0.1173637E+03  0.1350194E+03 -0.1765578E+02  0.4106364E+03  0.4106364E+03
  0.1188524E+03  0.1328879E+03 -0.1403551E+02  0.3201476E+03  0.3201476E+03
  0.1187247E+03  0.1307277E+03 -0.1200298E+02  0.2842753E+03  0.2842753E+03
  0.1185970E+03  0.1285675E+03 -0.9970460E+01  0.1714030E+03  0.1714030E+03
  0.1184693E+03  0.1264072E+03 -0.7937936E+01  0.1315307E+03  0.1315307E+03
  0.1177878E+03  0.1244115E+03 -0.6623674E+01  0.1132122E+03  0.1132122E+03
  0.1165526E+03  0.1225803E+03 -0.6027673E+01  0.9644737E+02  0.9644737E+02
  0.1153174E+03  0.1207491E+03 -0.5431673E+01  0.6368259E+02  0.6368259E+02
  0.1140822E+03  0.1189179E+03 -0.4835671E+01  0.3791781E+02  0.3791781E+02
  0.1128242E+03  0.1172663E+03 -0.4442052E+01  0.4217577E+02  0.4217577E+02
  0.1115435E+03  0.1157943E+03 -0.4250814E+01  0.4745650E+02  0.4745650E+02
  0.1102628E+03  0.1143224E+03 -0.4059577E+01  0.2973722E+02  0.2973722E+02
  0.1089821E+03  0.1128504E+03 -0.3868339E+01  0.4201794E+02  0.4201794E+02
  0.1077680E+03  0.1115071E+03 -0.3739133E+01  0.2323200E+02  0.2323200E+02
  0.1066206E+03  0.1102926E+03 -0.3671958E+01  0.7379402E+01  0.7379402E+01
  0.1054732E+03  0.1090780E+03 -0.3604784E+01  0.1052680E+02  0.1052680E+02
  0.1043258E+03  0.1078634E+03 -0.3537609E+01  0.2967420E+02  0.2967420E+02
  0.1032939E+03  0.1067356E+03 -0.3441741E+01  0.1370609E+02  0.1370609E+02
  0.1023775E+03  0.1056947E+03 -0.3317180E+01  0.2762246E+02  0.2762246E+02
  0.1014612E+03  0.1046538E+03 -0.3192619E+01 -0.1461159E+01  0.0000000E+00
  0.1005448E+03  0.1036128E+03 -0.3068058E+01  0.1745521E+02  0.1745521E+02
  0.9959378E+02  0.1026263E+03 -0.3032490E+01  0.9406219E+01  0.9406219E+01
  0.9860813E+02  0.1016940E+03 -0.3085916E+01  0.3918686E+00  0.3918686E+00
  0.9762248E+02  0.1007618E+03 -0.3139341E+01  0.1437752E+02  0.1437752E+02
  0.9663683E+02  0.9982961E+02 -0.3192766E+01  0.1536317E+02  0.1536317E+02
  0.9578693E+02  0.9894654E+02 -0.3159607E+01  0.1821307E+02  0.1821307E+02
  0.9507277E+02  0.9811263E+02 -0.3039862E+01  0.2292723E+02  0.2292723E+02
  0.9435860E+02  0.9727872E+02 -0.2920117E+01  0.2641396E+01  0.2641396E+01
  0.9364444E+02  0.9644482E+02 -0.2800372E+01  0.8355560E+01  0.8355560E+01
  0.9291727E+02  0.9563758E+02 -0.2720311E+01  0.8082733E+01  0.8082733E+01
  0.9217708E+02  0.9485701E+02 -0.2679933E+01 -0.4177078E+01  0.0000000E+00
  0.9143688E+02  0.9407644E+02 -0.2639555E+01 -0.2436882E+01  0.0000000E+00
  0.9069669E+02  0.9329587E+02 -0.2599178E+01  0.3033066E+00  0.3033066E+00
  0.8998516E+02  0.9254049E+02 -0.2555329E+01 -0.9985161E+01  0.0000000E+00
  0.8930228E+02  0.9181030E+02 -0.2508009E+01  0.1569772E+02  0.1569772E+02
  0.8861941E+02  0.9108009E+02 -0.2460689E+01 -0.8619408E+01  0.0000000E+00
  0.8793653E+02  0.9034990E+02 -0.2413370E+01  0.9063469E+01  0.9063469E+01
  0.8720874E+02  0.8963958E+02 -0.2430844E+01 -0.2087402E+00  0.0000000E+00
  0.8643603E+02  0.8894914E+02 -0.2513113E+01 -0.1243603E+02  0.0000000E+00
  0.8566331E+02  0.8825870E+02 -0.2595382E+01  0.2233669E+02  0.2233669E+02
  0.8489060E+02  0.8756826E+02 -0.2677652E+01  0.1093979E+00  0.1093979E+00
  0.8423028E+02  0.8690148E+02 -0.2671205E+01  0.1576972E+02  0.1576972E+02
  0.8368233E+02  0.8625837E+02 -0.2576043E+01  0.7317673E+01  0.7317673E+01
  0.8313438E+02  0.8561526E+02 -0.2480880E+01  0.2865623E+01  0.2865623E+01
  0.8258643E+02  0.8497215E+02 -0.2385718E+01  0.1413574E+01  0.1413574E+01
  0.8200977E+02  0.8433652E+02 -0.2326760E+01  0.2990234E+01  0.2990234E+01
  0.8140439E+02  0.8370840E+02 -0.2304005E+01 -0.6404388E+01  0.0000000E+00
  0.8079902E+02  0.8308026E+02 -0.2281251E+01 -0.1279902E+02  0.0000000E+00
  0.8019364E+02  0.8245213E+02 -0.2258496E+01  0.2806358E+01  0.2806358E+01
  0.7962548E+02  0.8183463E+02 -0.2209152E+01  0.1374519E+01  0.1374519E+01
  0.7909454E+02  0.8122775E+02 -0.2133217E+01  0.5905464E+01  0.5905464E+01
  0.7856358E+02  0.8062087E+02 -0.2057282E+01 -0.1256358E+02  0.0000000E+00
  0.7803264E+02  0.8001398E+02 -0.1981347E+01 -0.1203264E+02  0.0000000E+00
  0.7746316E+02  0.7941282E+02 -0.1949657E+01 -0.4631577E+00  0.0000000E+00
  0.7685516E+02  0.7881737E+02 -0.1962212E+01 -0.1185516E+02  0.0000000E+00
  0.7624714E+02  0.7822191E+02 -0.1974767E+01 -0.2471390E+00  0.0000000E+00
  0.7563914E+02  0.7762646E+02 -0.1987322E+01  0.3608627E+00  0.3608627E+00
  0.7504424E+02  0.7704071E+02 -0.1996477E+01 -0.8044235E+01  0.0000000E+00
  0.7446245E+02  0.7646468E+02 -0.2002232E+01 -0.1246245E+02  0.0000000E+00
  0.7388067E+02  0.7588865E+02 -0.2007987E+01  0.5119331E+01  0.5119331E+01
  0.7329888E+02  0.7531262E+02 -0.2013741E+01  0.4701118E+01  0.4701118E+01
  0.7273864E+02  0.7474312E+02 -0.2004483E+01 -0.6738640E+01  0.0000000E+00
  0.7219993E+02  0.7418015E+02 -0.1980211E+01 -0.1119993E+02  0.0000000E+00
  0.7166123E+02  0.7361716E+02 -0.1955939E+01 -0.4661232E+01  0.0000000E+00
  0.7112252E+02  0.7305419E+02 -0.1931667E+01 -0.3122520E+01  0.0000000E+00
  0.7056313E+02  0.7249524E+02 -0.1932104E+01 -0.6563133E+01  0.0000000E+00
  0.6998306E+02  0.7194031E+02 -0.1957251E+01  0.1016945E+01  0.1016945E+01
  0.6940298E+02  0.7138538E+02 -0.1982398E+01 -0.6402977E+01  0.0000000E+00
  0.6882290E+02  0.7083044E+02 -0.2007545E+01  0.9177101E+01  0.9177101E+01
  0.6827020E+02  0.7028422E+02 -0.2014013E+01  0.1372980E+02  0.1372980E+02
  0.6774489E+02  0.6974669E+02 -0.2001801E+01 -0.6744888E+01  0.0000000E+00
  0.6721957E+02  0.6920916E+02 -0.1989590E+01  0.9780434E+01  0.9780434E+01
  0.6669425E+02  0.6867163E+02 -0.1977379E+01  0.1130575E+02  0.1130575E+02
  0.6620313E+02  0.6814163E+02 -0.1938501E+01 -0.9203133E+01  0.0000000E+00
  0.6574620E+02  0.6761916E+02 -0.1872958E+01 -0.7462006E+00  0.0000000E+00
  0.6528928E+02  0.6709669E+02 -0.1807415E+01  0.7710724E+01  0.7710724E+01
  0.6483234E+02  0.6657422E+02 -0.1741871E+01 -0.7832344E+01  0.0000000E+00
  0.6434585E+02  0.6605680E+02 -0.1710950E+01 -0.1034585E+02  0.0000000E+00
  0.6382978E+02  0.6554443E+02 -0.1714651E+01 -0.7829784E+01  0.0000000E+00
  0.6331372E+02  0.6503207E+02 -0.1718351E+01 -0.1431372E+02  0.0000000E+00
  0.6279765E+02  0.6451969E+02 -0.1722052E+01  0.2023506E+00  0.2023506E+00
  0.6227441E+02  0.6401730E+02 -0.1742893E+01  0.1725586E+01  0.1725586E+01
  0.6174401E+02  0.6352488E+02 -0.1780873E+01  0.4255993E+01  0.4255993E+01
  0.6121360E+02  0.6303245E+02 -0.1818854E+01  0.7786400E+01  0.7786400E+01
  0.6068319E+02  0.6254003E+02 -0.1856835E+01 -0.2683193E+01  0.0000000E+00
  0.6021334E+02  0.6205902E+02 -0.1845691E+01  0.1678666E+02  0.1678666E+02
  0.5980402E+02  0.6158945E+02 -0.1785423E+01 -0.8040237E+00  0.0000000E+00
  0.5939471E+02  0.6111987E+02 -0.1725155E+01  0.8605286E+01  0.8605286E+01
  0.5898540E+02  0.6065029E+02 -0.1664887E+01 -0.1598540E+02  0.0000000E+00
  0.5856039E+02  0.6018454E+02 -0.1624155E+01 -0.7560390E+01  0.0000000E+00
  0.5811967E+02  0.5972264E+02 -0.1602960E+01  0.8880325E+01  0.8880325E+01
  0.5767896E+02  0.5926072E+02 -0.1581764E+01 -0.6789589E+00  0.0000000E+00
  0.5723824E+02  0.5879882E+02 -0.1560569E+01 -0.1123824E+02  0.0000000E+00
  0.5679163E+02  0.5834349E+02 -0.1551852E+01 -0.1079163E+02  0.0000000E+00
  0.5633913E+02  0.5789474E+02 -0.1555612E+01  0.1166087E+02  0.1166087E+02
  0.5588663E+02  0.5744600E+02 -0.1559373E+01  0.7113373E+01  0.7113373E+01
  0.5543412E+02  0.5699726E+02 -0.1563134E+01 -0.8434124E+01  0.0000000E+00
  0.5499775E+02  0.5655659E+02 -0.1558847E+01  0.1002254E+01  0.1002254E+01
  0.5457749E+02  0.5612400E+02 -0.1546512E+01 -0.1577492E+01  0.0000000E+00
  0.5415724E+02  0.5569141E+02 -0.1534178E+01 -0.2157238E+01  0.0000000E+00
  0.5373698E+02  0.5525883E+02 -0.1521843E+01 -0.3736984E+01  0.0000000E+00
  0.5334168E+02  0.5483240E+02 -0.1490716E+01  0.4658318E+01  0.4658318E+01
  0.5297133E+02  0.5441213E+02 -0.1440796E+01 -0.9713326E+00  0.0000000E+00
  0.5260098E+02  0.5399186E+02 -0.1390876E+01 -0.8600979E+01  0.0000000E+00
  0.5223063E+02  0.5357159E+02 -0.1340956E+01 -0.9230629E+01  0.0000000E+00
  0.5182957E+02  0.5315472E+02 -0.1325155E+01 -0.3829567E+01  0.0000000E+00
  0.5139779E+02  0.5274127E+02 -0.1343471E+01 -0.2397793E+01  0.0000000E+00
  0.5096602E+02  0.5232781E+02 -0.1361788E+01  0.1033978E+01  0.1033978E+01
  0.5053425E+02  0.5191436E+02 -0.1380104E+01 -0.9534248E+01  0.0000000E+00
  0.5011683E+02  0.5150890E+02 -0.1392075E+01  0.1883171E+01  0.1883171E+01
  0.4971376E+02  0.5111146E+02 -0.1397700E+01 -0.7137566E+00  0.0000000E+00
  0.4931069E+02  0.5071401E+02 -0.1403325E+01  0.2689312E+01  0.2689312E+01
  0.4890762E+02  0.5031657E+02 -0.1408950E+01  0.2092384E+01  0.2092384E+01
  0.4852255E+02  0.4992549E+02 -0.1402937E+01  0.2477451E+01  0.2477451E+01
  0.4815549E+02  0.4954078E+02 -0.1385287E+01 -0.5155487E+01  0.0000000E+00
  0.4778842E+02  0.4915606E+02 -0.1367637E+01  0.2115784E+00  0.2115784E+00
  0.4742136E+02  0.4877135E+02 -0.1349987E+01  0.8578640E+01  0.8578640E+01
  0.4704602E+02  0.4839082E+02 -0.1344796E+01 -0.4046021E+01  0.0000000E+00
  0.4666241E+02  0.4801448E+02 -0.1352065E+01 -0.6662411E+01  0.0000000E+00
  0.4627880E+02  0.4763813E+02 -0.1359333E+01  0.9721203E+01  0.9721203E+01
  0.4589519E+02  0.4726179E+02 -0.1366602E+01  0.3104813E+01  0.3104813E+01
  0.4553977E+02  0.4689126E+02 -0.1351490E+01  0.2460232E+01  0.2460232E+01
  0.4521255E+02  0.4652654E+02 -0.1313997E+01 -0.7212547E+01  0.0000000E+00
  0.4488533E+02  0.4616183E+02 -0.1276505E+01  0.3114674E+01  0.3114674E+01
  0.4455811E+02  0.4579712E+02 -0.1239012E+01 -0.4558105E+01  0.0000000E+00
  0.4422469E+02  0.4543520E+02 -0.1210508E+01  0.4775311E+01  0.4775311E+01
  0.4388507E+02  0.4507607E+02 -0.1190993E+01 -0.1088507E+02  0.0000000E+00
  0.4354547E+02  0.4471694E+02 -0.1171477E+01  0.5454533E+01  0.5454533E+01
  0.4320585E+02  0.4435781E+02 -0.1151961E+01 -0.1220585E+02  0.0000000E+00
  0.4285145E+02  0.4400276E+02 -0.1151308E+01  0.1148548E+01  0.1148548E+01
  0.4248226E+02  0.4365178E+02 -0.1169516E+01 -0.7482262E+01  0.0000000E+00
  0.4211307E+02  0.4330079E+02 -0.1187724E+01 -0.3113068E+01  0.0000000E+00
  0.4174388E+02  0.4294981E+02 -0.1205932E+01 -0.1743877E+01  0.0000000E+00
  0.4137664E+02  0.4260527E+02 -0.1228626E+01  0.5623363E+01  0.5623363E+01
  0.4101136E+02  0.4226716E+02 -0.1255805E+01  0.1988644E+01  0.1988644E+01
  0.4064607E+02  0.4192905E+02 -0.1282984E+01  0.1035393E+02  0.1035393E+02
  0.4028079E+02  0.4159095E+02 -0.1310163E+01  0.1171921E+02  0.1171921E+02
  0.3994770E+02  0.4125900E+02 -0.1311293E+01 -0.9477005E+00  0.0000000E+00
  0.3964682E+02  0.4093319E+02 -0.1286375E+01  0.2353184E+01  0.2353184E+01
  0.3934593E+02  0.4060739E+02 -0.1261456E+01  0.4654072E+01  0.4654072E+01
  0.3904504E+02  0.4028158E+02 -0.1236537E+01  0.1095496E+02  0.1095496E+02
  0.3875092E+02  0.3995795E+02 -0.1207024E+01 -0.2750923E+01  0.0000000E+00
  0.3846357E+02  0.3963648E+02 -0.1172916E+01  0.1536434E+01  0.1536434E+01
  0.3817621E+02  0.3931502E+02 -0.1138808E+01  0.8237915E+00  0.8237915E+00
  0.3788885E+02  0.3899355E+02 -0.1104700E+01  0.2111149E+01  0.2111149E+01
  0.3758635E+02  0.3867409E+02 -0.1087734E+01 -0.5586353E+01  0.0000000E+00
  0.3726871E+02  0.3835662E+02 -0.1087909E+01  0.2731285E+01  0.2731285E+01
  0.3695108E+02  0.3803916E+02 -0.1088085E+01  0.5048923E+01  0.5048923E+01
  0.3663344E+02  0.3772170E+02 -0.1088260E+01  0.1366562E+01  0.1366562E+01
  0.3631683E+02  0.3740888E+02 -0.1092053E+01 -0.3316830E+01  0.0000000E+00
  0.3600126E+02  0.3710072E+02 -0.1099463E+01  0.1998745E+01  0.1998745E+01
  0.3568568E+02  0.3679256E+02 -0.1106874E+01  0.1031432E+02  0.1031432E+02
  0.3537011E+02  0.3648439E+02 -0.1114284E+01  0.3629890E+01  0.3629890E+01
  0.3509452E+02  0.3618104E+02 -0.1086522E+01 -0.5094521E+01  0.0000000E+00
  0.3485892E+02  0.3588251E+02 -0.1023588E+01  0.5141083E+01  0.5141083E+01
  0.3462332E+02  0.3558397E+02 -0.9606546E+00 -0.7623318E+01  0.0000000E+00
  0.3438771E+02  0.3528543E+02 -0.8977208E+00 -0.2387714E+01  0.0000000E+00
  0.3411063E+02  0.3498690E+02 -0.8762650E+00 -0.2110634E+01  0.0000000E+00
  0.3379208E+02  0.3468837E+02 -0.8962872E+00 -0.4792080E+01  0.0000000E+00
  0.3347352E+02  0.3438983E+02 -0.9163094E+00  0.5264778E+00  0.5264778E+00
  0.3315497E+02  0.3409130E+02 -0.9363316E+00  0.8450317E+00  0.8450317E+00
  0.3285215E+02  0.3379856E+02 -0.9464116E+00 -0.2852150E+01  0.0000000E+00
  0.3256507E+02  0.3351162E+02 -0.9465491E+00  0.4349289E+00  0.4349289E+00
  0.3227799E+02  0.3322468E+02 -0.9466868E+00  0.4722008E+01  0.4722008E+01
  0.3199092E+02  0.3293774E+02 -0.9468244E+00 -0.5990917E+01  0.0000000E+00
  0.3172098E+02  0.3265528E+02 -0.9343085E+00  0.2790241E+00  0.2790241E+00
  0.3146817E+02  0.3237731E+02 -0.9091389E+00  0.4531826E+01  0.4531826E+01
  0.3121537E+02  0.3209934E+02 -0.8839694E+00 -0.2215372E+01  0.0000000E+00
  0.3096257E+02  0.3182137E+02 -0.8587999E+00 -0.2962570E+01  0.0000000E+00
  0.3069155E+02  0.3154506E+02 -0.8535124E+00  0.6308453E+01  0.6308453E+01
  0.3040230E+02  0.3127041E+02 -0.8681069E+00 -0.7402304E+01  0.0000000E+00
  0.3011306E+02  0.3099576E+02 -0.8827014E+00  0.2886938E+01  0.2886938E+01
  0.2982382E+02  0.3072111E+02 -0.8972959E+00  0.1176182E+01  0.1176182E+01
  0.2956453E+02  0.3045110E+02 -0.8865786E+00  0.1435474E+01  0.1435474E+01
  0.2933518E+02  0.3018573E+02 -0.8505493E+00  0.6648178E+00  0.6648178E+00
  0.2910584E+02  0.2992036E+02 -0.8145201E+00 -0.7105839E+01  0.0000000E+00
  0.2887650E+02  0.2965499E+02 -0.7784908E+00  0.1235046E+00  0.1235046E+00
  0.2863673E+02  0.2939093E+02 -0.7542004E+00 -0.2636730E+01  0.0000000E+00
  0.2838654E+02  0.2912819E+02 -0.7416487E+00 -0.3865433E+00  0.0000000E+00
  0.2813636E+02  0.2886545E+02 -0.7290970E+00 -0.3136356E+01  0.0000000E+00
  0.2788617E+02  0.2860271E+02 -0.7165453E+00  0.4113831E+01  0.4113831E+01
  0.2763265E+02  0.2834299E+02 -0.7103329E+00 -0.3632650E+01  0.0000000E+00
  0.2737580E+02  0.2808626E+02 -0.7104598E+00 -0.1037580E+02  0.0000000E+00
  0.2711895E+02  0.2782954E+02 -0.7105867E+00 -0.6118952E+01  0.0000000E+00
  0.2686210E+02  0.2757281E+02 -0.7107136E+00 -0.8621025E+00  0.0000000E+00
  0.2661091E+02  0.2731993E+02 -0.7090141E+00  0.5389086E+01  0.5389086E+01
  0.2636539E+02  0.2707088E+02 -0.7054883E+00 -0.7365385E+01  0.0000000E+00
  0.2611986E+02  0.2682182E+02 -0.7019625E+00  0.8801403E+00  0.8801403E+00
  0.2587433E+02  0.2657277E+02 -0.6984366E+00 -0.8874331E+01  0.0000000E+00
  0.2563022E+02  0.2632695E+02 -0.6967260E+00  0.1369780E+01  0.1369780E+01
  0.2538753E+02  0.2608436E+02 -0.6968306E+00 -0.3875275E+00  0.0000000E+00
  0.2514483E+02  0.2584177E+02 -0.6969352E+00  0.3855165E+01  0.3855165E+01
  0.2490214E+02  0.2559918E+02 -0.6970398E+00  0.6097858E+01  0.6097858E+01
  0.2465994E+02  0.2535979E+02 -0.6998532E+00 -0.3659937E+01  0.0000000E+00
  0.2441822E+02  0.2512360E+02 -0.7053756E+00 -0.9418224E+01  0.0000000E+00
  0.2417651E+02  0.2488741E+02 -0.7108980E+00 -0.3176512E+01  0.0000000E+00
  0.2393480E+02  0.2465122E+02 -0.7164204E+00 -0.5934799E+01  0.0000000E+00
  0.2371280E+02  0.2441843E+02 -0.7056277E+00  0.6287195E+01  0.6287195E+01
  0.2351053E+02  0.2418905E+02 -0.6785201E+00  0.6489468E+01  0.6489468E+01
  0.2330826E+02  0.2395967E+02 -0.6514125E+00  0.5691740E+01  0.5691740E+01
  0.2310599E+02  0.2373029E+02 -0.6243050E+00 -0.1105988E+01  0.0000000E+00
  0.2288320E+02  0.2350220E+02 -0.6189958E+00 -0.1088320E+02  0.0000000E+00
  0.2263989E+02  0.2327538E+02 -0.6354850E+00 -0.1639894E+01  0.0000000E+00
  0.2239659E+02  0.2304856E+02 -0.6519743E+00 -0.4396591E+01  0.0000000E+00
  0.2215329E+02  0.2282175E+02 -0.6684635E+00  0.1846712E+01  0.1846712E+01
  0.2193783E+02  0.2259912E+02 -0.6612865E+00  0.7062170E+01  0.7062170E+01
  0.2175022E+02  0.2238066E+02 -0.6304434E+00  0.2497826E+00  0.2497826E+00
  0.2156260E+02  0.2216220E+02 -0.5996003E+00 -0.4562605E+01  0.0000000E+00
  0.2137499E+02  0.2194375E+02 -0.5687572E+00 -0.5374992E+01  0.0000000E+00
  0.2115114E+02  0.2172638E+02 -0.5752433E+00  0.4848864E+01  0.4848864E+01
  0.2089104E+02  0.2151009E+02 -0.6190587E+00 -0.3891035E+01  0.0000000E+00
  0.2063094E+02  0.2129381E+02 -0.6628742E+00 -0.2630936E+01  0.0000000E+00
  0.2037083E+02  0.2107752E+02 -0.7066895E+00  0.8629166E+01  0.8629166E+01
  0.2016015E+02  0.2086693E+02 -0.7067739E+00  0.8839848E+01  0.8839848E+01
  0.1999889E+02  0.2066202E+02 -0.6631271E+00  0.4001112E+01  0.4001112E+01
  0.1983763E+02  0.2045711E+02 -0.6194804E+00  0.4162374E+01  0.4162374E+01
  0.1967636E+02  0.2025220E+02 -0.5758336E+00 -0.7676361E+01  0.0000000E+00
  0.1949765E+02  0.2004713E+02 -0.5494866E+00 -0.4976482E+00  0.0000000E+00
  0.1930148E+02  0.1984192E+02 -0.5404394E+00  0.1698519E+01  0.1698519E+01
  0.1910532E+02  0.1963671E+02 -0.5313922E+00  0.8946819E+00  0.8946819E+00
  0.1890915E+02  0.1943150E+02 -0.5223449E+00  0.4090849E+01  0.4090849E+01
  0.1870702E+02  0.1922855E+02 -0.5215296E+00 -0.2707018E+01  0.0000000E+00
  0.1849892E+02  0.1902786E+02 -0.5289462E+00 -0.6498919E+01  0.0000000E+00
  0.1829082E+02  0.1882718E+02 -0.5363628E+00  0.9709185E+01  0.9709185E+01
  0.1808272E+02  0.1862649E+02 -0.5437794E+00 -0.1082716E+01  0.0000000E+00
  0.1786911E+02  0.1842943E+02 -0.5603149E+00  0.1308880E+00  0.1308880E+00
  0.1765001E+02  0.1823598E+02 -0.5859694E+00 -0.5650007E+01  0.0000000E+00
  0.1743090E+02  0.1804253E+02 -0.6116238E+00  0.1569098E+01  0.1569098E+01
  0.1721180E+02  0.1784908E+02 -0.6372783E+00  0.8788202E+01  0.8788202E+01
  0.1702615E+02  0.1765986E+02 -0.6337170E+00  0.6973854E+01  0.6973854E+01
  0.1687395E+02  0.1747489E+02 -0.6009398E+00  0.3126055E+01  0.3126055E+01
  0.1672175E+02  0.1728991E+02 -0.5681627E+00  0.3278254E+01  0.3278254E+01
  0.1656955E+02  0.1710493E+02 -0.5353855E+00  0.2430454E+01  0.2430454E+01
  0.1640400E+02  0.1692030E+02 -0.5162957E+00  0.1596001E+01  0.1596001E+01
  0.1622511E+02  0.1673600E+02 -0.5108932E+00 -0.2225105E+01  0.0000000E+00
  0.1604621E+02  0.1655170E+02 -0.5054906E+00  0.2953791E+01  0.2953791E+01
  0.1586732E+02  0.1636740E+02 -0.5000880E+00 -0.2867316E+01  0.0000000E+00
  0.1569421E+02  0.1618523E+02 -0.4910214E+00  0.3305789E+01  0.3305789E+01
  0.1552689E+02  0.1600518E+02 -0.4782905E+00  0.1473107E+01  0.1473107E+01
  0.1535958E+02  0.1582514E+02 -0.4655597E+00  0.5640424E+01  0.5640424E+01
  0.1519226E+02  0.1564509E+02 -0.4528289E+00  0.6807742E+01  0.6807742E+01
  0.1501792E+02  0.1546717E+02 -0.4492441E+00 -0.9017921E+01  0.0000000E+00
  0.1483656E+02  0.1529137E+02 -0.4548054E+00 -0.2836564E+01  0.0000000E+00
  0.1465521E+02  0.1511557E+02 -0.4603668E+00 -0.4655208E+01  0.0000000E+00
  0.1447385E+02  0.1493978E+02 -0.4659281E+00  0.3526150E+01  0.3526150E+01
  0.1430756E+02  0.1476715E+02 -0.4595893E+00  0.3692437E+01  0.3692437E+01
  0.1415634E+02  0.1459770E+02 -0.4413504E+00  0.3843656E+01  0.3843656E+01
  0.1400513E+02  0.1442824E+02 -0.4231116E+00  0.9948740E+00  0.9948740E+00
  0.1385391E+02  0.1425878E+02 -0.4048727E+00 -0.1853908E+01  0.0000000E+00
  0.1369783E+02  0.1409087E+02 -0.3930332E+00  0.3302168E+01  0.3302168E+01
  0.1353690E+02  0.1392449E+02 -0.3875932E+00 -0.3536899E+01  0.0000000E+00
  0.1337597E+02  0.1375812E+02 -0.3821531E+00  0.1624035E+01  0.1624035E+01
  0.1321503E+02  0.1359174E+02 -0.3767130E+00 -0.1215032E+01  0.0000000E+00
  0.1306659E+02  0.1342777E+02 -0.3611835E+00 -0.2066590E+01  0.0000000E+00
  0.1293064E+02  0.1326620E+02 -0.3355646E+00  0.6935978E-01  0.6935978E-01
  0.1279469E+02  0.1310464E+02 -0.3099456E+00 -0.4794689E+01  0.0000000E+00
  0.1265874E+02  0.1294307E+02 -0.2843267E+00 -0.5658739E+01  0.0000000E+00
  0.1250024E+02  0.1278278E+02 -0.2825491E+00 -0.2500236E+01  0.0000000E+00
  0.1231918E+02  0.1262379E+02 -0.3046129E+00 -0.3191776E+00  0.0000000E+00
  0.1213812E+02  0.1246480E+02 -0.3266767E+00 -0.1138120E+01  0.0000000E+00
  0.1195706E+02  0.1230580E+02 -0.3487404E+00  0.5042938E+01  0.5042938E+01
  0.1179588E+02  0.1215109E+02 -0.3552135E+00  0.2204122E+01  0.2204122E+01
  0.1165457E+02  0.1200066E+02 -0.3460959E+00 -0.4654569E+01  0.0000000E+00
  0.1151326E+02  0.1185024E+02 -0.3369783E+00 -0.3513259E+01  0.0000000E+00
  0.1137195E+02  0.1169981E+02 -0.3278606E+00  0.6280508E+00  0.6280508E+00
  0.1123542E+02  0.1155139E+02 -0.3159710E+00 -0.2354174E+00  0.0000000E+00
  0.1110366E+02  0.1140497E+02 -0.3013093E+00  0.1896337E+01  0.1896337E+01
  0.1097191E+02  0.1125856E+02 -0.2866477E+00 -0.2971909E+01  0.0000000E+00
  0.1084015E+02  0.1111214E+02 -0.2719861E+00  0.1598454E+00  0.1598454E+00
  0.1070072E+02  0.1096723E+02 -0.2665175E+00  0.2992840E+00  0.2992840E+00
  0.1055359E+02  0.1082383E+02 -0.2702419E+00 -0.4553593E+01  0.0000000E+00
  0.1040647E+02  0.1068044E+02 -0.2739663E+00 -0.2406468E+01  0.0000000E+00
  0.1025935E+02  0.1053704E+02 -0.2776908E+00 -0.2259345E+01  0.0000000E+00
  0.1012061E+02  0.1039651E+02 -0.2759018E+00 -0.1206064E+00  0.0000000E+00
  0.9990252E+01  0.1025885E+02 -0.2685992E+00  0.2009748E+01  0.2009748E+01
  0.9859900E+01  0.1012120E+02 -0.2612967E+00  0.2140100E+01  0.2140100E+01
  0.9729546E+01  0.9983541E+01 -0.2539941E+00 -0.1729546E+01  0.0000000E+00
  0.9604072E+01  0.9847987E+01 -0.2439151E+00 -0.3604072E+01  0.0000000E+00
  0.9483478E+01  0.9714538E+01 -0.2310594E+00 -0.1483478E+01  0.0000000E+00
  0.9362885E+01  0.9581088E+01 -0.2182037E+00 -0.2362885E+01  0.0000000E+00
  0.9242290E+01  0.9447639E+01 -0.2053480E+00 -0.3242290E+01  0.0000000E+00
  0.9112375E+01  0.9315917E+01 -0.2035421E+00 -0.3112375E+01  0.0000000E+00
  0.8973138E+01  0.9185924E+01 -0.2127860E+00 -0.9731379E+00  0.0000000E+00
  0.8833900E+01  0.9055931E+01 -0.2220300E+00 -0.2833900E+01  0.0000000E+00
  0.8694663E+01  0.8925938E+01 -0.2312739E+00 -0.6946630E+00  0.0000000E+00
  0.8576109E+01  0.8799116E+01 -0.2230069E+00  0.4238911E+00  0.4238911E+00
  0.8478238E+01  0.8675467E+01 -0.1972289E+00  0.5217619E+00  0.5217619E+00
  0.8380366E+01  0.8551818E+01 -0.1714509E+00 -0.3380366E+01  0.0000000E+00
  0.8282495E+01  0.8428168E+01 -0.1456729E+00 -0.7282495E+01  0.0000000E+00
  0.8172703E+01  0.8305493E+01 -0.1327907E+00 -0.1172703E+01  0.0000000E+00
  0.8050989E+01  0.8183794E+01 -0.1328042E+00 -0.3050989E+01  0.0000000E+00
  0.7929276E+01  0.8062094E+01 -0.1328178E+00  0.1070724E+01  0.1070724E+01
  0.7807563E+01  0.7940394E+01 -0.1328313E+00 -0.2807563E+01  0.0000000E+00
  0.7681978E+01  0.7821293E+01 -0.1393153E+00 -0.6681978E+01  0.0000000E+00
  0.7552521E+01  0.7704791E+01 -0.1522697E+00 -0.4552521E+01  0.0000000E+00
  0.7423065E+01  0.7588289E+01 -0.1652241E+00 -0.4230647E+00  0.0000000E+00
  0.7293608E+01  0.7471786E+01 -0.1781785E+00 -0.4293608E+01  0.0000000E+00
  0.7174937E+01  0.7358683E+01 -0.1837463E+00 -0.1174937E+01  0.0000000E+00
  0.7067050E+01  0.7248978E+01 -0.1819275E+00  0.1932950E+01  0.1932950E+01
  0.6959165E+01  0.7139273E+01 -0.1801087E+00 -0.5959165E+01  0.0000000E+00
  0.6851278E+01  0.7029568E+01 -0.1782899E+00 -0.1851278E+01  0.0000000E+00
  0.6747296E+01  0.6921916E+01 -0.1746196E+00  0.3252704E+01  0.3252704E+01
  0.6647217E+01  0.6816315E+01 -0.1690977E+00  0.1352783E+01  0.1352783E+01
  0.6547139E+01  0.6710715E+01 -0.1635758E+00  0.3452861E+01  0.3452861E+01
  0.6447061E+01  0.6605114E+01 -0.1580539E+00 -0.4470606E+00  0.0000000E+00
  0.6345905E+01  0.6501213E+01 -0.1553076E+00 -0.5345905E+01  0.0000000E+00
  0.6243672E+01  0.6399009E+01 -0.1553370E+00 -0.2243672E+01  0.0000000E+00
  0.6141438E+01  0.6296805E+01 -0.1553664E+00  0.2858562E+01  0.2858562E+01
  0.6039206E+01  0.6194601E+01 -0.1553957E+00 -0.4039206E+01  0.0000000E+00
  0.5939131E+01  0.6094553E+01 -0.1554221E+00  0.6086874E-01  0.6086874E-01
  0.5841216E+01  0.5996662E+01 -0.1554454E+00 -0.1841216E+01  0.0000000E+00
  0.5743301E+01  0.5898769E+01 -0.1554687E+00  0.1256699E+01  0.1256699E+01
  0.5645386E+01  0.5800878E+01 -0.1554919E+00 -0.3645386E+01  0.0000000E+00
  0.5553317E+01  0.5705127E+01 -0.1518101E+00 -0.5533171E+00  0.0000000E+00
  0.5467095E+01  0.5611518E+01 -0.1444231E+00  0.1532905E+01  0.1532905E+01
  0.5380873E+01  0.5517910E+01 -0.1370361E+00 -0.3380873E+01  0.0000000E+00
  0.5294652E+01  0.5424301E+01 -0.1296491E+00 -0.3294652E+01  0.0000000E+00
  0.5213768E+01  0.5332320E+01 -0.1185523E+00  0.1786232E+01  0.1786232E+01
  0.5138221E+01  0.5241967E+01 -0.1037456E+00  0.8617787E+00  0.8617787E+00
  0.5062675E+01  0.5151614E+01 -0.8893902E-01 -0.4062675E+01  0.0000000E+00
  0.4987129E+01  0.5061261E+01 -0.7413239E-01 -0.2987129E+01  0.0000000E+00
  0.4900782E+01  0.4972154E+01 -0.7137223E-01 -0.3900782E+01  0.0000000E+00
  0.4803634E+01  0.4884293E+01 -0.8065853E-01  0.1963658E+00  0.1963658E+00
  0.4706487E+01  0.4796432E+01 -0.8994484E-01 -0.1706487E+01  0.0000000E+00
  0.4609339E+01  0.4708570E+01 -0.9923115E-01 -0.6093392E+00  0.0000000E+00
  0.4519633E+01  0.4623517E+01 -0.1038837E+00 -0.2519633E+01  0.0000000E+00
  0.4437368E+01  0.4541271E+01 -0.1039025E+00  0.5626316E+00  0.5626316E+00
  0.4355103E+01  0.4459025E+01 -0.1039213E+00 -0.2355103E+01  0.0000000E+00
  0.4272839E+01  0.4376779E+01 -0.1039401E+00  0.7271614E+00  0.7271614E+00
  0.4199158E+01  0.4296614E+01 -0.9745625E-01 -0.1199158E+01  0.0000000E+00
  0.4134061E+01  0.4218531E+01 -0.8446983E-01 -0.1340609E+00  0.0000000E+00
  0.4068964E+01  0.4140447E+01 -0.7148340E-01 -0.2068964E+01  0.0000000E+00
  0.4003867E+01  0.4062364E+01 -0.5849698E-01 -0.3003867E+01  0.0000000E+00
  0.3932476E+01  0.3985413E+01 -0.5293712E-01 -0.1932476E+01  0.0000000E+00
  0.3854792E+01  0.3909595E+01 -0.5480382E-01 -0.1854792E+01  0.0000000E+00
  0.3777107E+01  0.3833777E+01 -0.5667053E-01 -0.2777107E+01  0.0000000E+00
  0.3699422E+01  0.3757960E+01 -0.5853723E-01 -0.6994224E+00  0.0000000E+00
  0.3619237E+01  0.3684293E+01 -0.6505554E-01 -0.6192372E+00  0.0000000E+00
  0.3536551E+01  0.3612777E+01 -0.7622547E-01 -0.2536551E+01  0.0000000E+00
  0.3453866E+01  0.3541261E+01 -0.8739539E-01  0.2546134E+01  0.2546134E+01
  0.3371180E+01  0.3469745E+01 -0.9856531E-01  0.1628820E+01  0.1628820E+01
  0.3302398E+01  0.3400973E+01 -0.9857459E-01 -0.2302398E+01  0.0000000E+00
  0.3247520E+01  0.3334943E+01 -0.8742321E-01 -0.1247520E+01  0.0000000E+00
  0.3192642E+01  0.3268914E+01 -0.7627184E-01 -0.1926417E+00  0.0000000E+00
  0.3137764E+01  0.3202884E+01 -0.6512046E-01 -0.1137764E+01  0.0000000E+00
  0.3079455E+01  0.3138073E+01 -0.5861842E-01 -0.1079455E+01  0.0000000E+00
  0.3017716E+01  0.3074481E+01 -0.5676572E-01 -0.2017716E+01  0.0000000E+00
  0.2955977E+01  0.3010890E+01 -0.5491302E-01  0.4402328E-01  0.4402328E-01
  0.2894238E+01  0.2947298E+01 -0.5306032E-01  0.1057625E+00  0.1057625E+00
  0.2836247E+01  0.2885590E+01 -0.4934364E-01 -0.1836247E+01  0.0000000E+00
  0.2782004E+01  0.2825767E+01 -0.4376299E-01 -0.2782004E+01  0.0000000E+00
  0.2727761E+01  0.2765944E+01 -0.3818233E-01 -0.2727761E+01  0.0000000E+00
  0.2673518E+01  0.2706120E+01 -0.3260167E-01 -0.2673518E+01  0.0000000E+00
  0.2619216E+01  0.2648097E+01 -0.2888110E-01 -0.6192160E+00  0.0000000E+00
  0.2564854E+01  0.2591875E+01 -0.2702061E-01 -0.5648539E+00  0.0000000E+00
  0.2510492E+01  0.2535652E+01 -0.2516011E-01 -0.5104918E+00  0.0000000E+00
  0.2456130E+01  0.2479429E+01 -0.2329962E-01 -0.2456130E+01  0.0000000E+00
  0.2402792E+01  0.2425163E+01 -0.2237182E-01 -0.1402792E+01  0.0000000E+00
  0.2350477E+01  0.2372854E+01 -0.2237672E-01 -0.2350477E+01  0.0000000E+00
  0.2298162E+01  0.2320544E+01 -0.2238163E-01 -0.2298162E+01  0.0000000E+00
  0.2245848E+01  0.2268234E+01 -0.2238653E-01 -0.1245848E+01  0.0000000E+00
  0.2190839E+01  0.2217896E+01 -0.2705730E-01 -0.1190839E+01  0.0000000E+00
  0.2133135E+01  0.2169529E+01 -0.3639391E-01 -0.1133135E+01  0.0000000E+00
  0.2075431E+01  0.2121162E+01 -0.4573053E-01 -0.2075431E+01  0.0000000E+00
  0.2017727E+01  0.2072794E+01 -0.5506716E-01  0.9822726E+00  0.9822726E+00
  0.1969861E+01  0.2026798E+01 -0.5693774E-01  0.1030139E+01  0.1030139E+01
  0.1931831E+01  0.1983173E+01 -0.5134229E-01  0.6816924E-01  0.6816924E-01
  0.1893801E+01  0.1939548E+01 -0.4574683E-01 -0.8938007E+00  0.0000000E+00
  0.1855771E+01  0.1895922E+01 -0.4015138E-01 -0.1855771E+01  0.0000000E+00
  0.1817220E+01  0.1853643E+01 -0.3642304E-01  0.1827797E+00  0.1827797E+00
  0.1778149E+01  0.1812711E+01 -0.3456183E-01  0.2218506E+00  0.2218506E+00
  0.1739078E+01  0.1771779E+01 -0.3270062E-01 -0.7390783E+00  0.0000000E+00
  0.1700007E+01  0.1730847E+01 -0.3083941E-01 -0.7000073E+00  0.0000000E+00
  0.1659717E+01  0.1691498E+01 -0.3178163E-01 -0.1659717E+01  0.0000000E+00
  0.1618207E+01  0.1653734E+01 -0.3552729E-01  0.3817934E+00  0.3817934E+00
  0.1576697E+01  0.1615970E+01 -0.3927295E-01 -0.1576697E+01  0.0000000E+00
  0.1535186E+01  0.1578205E+01 -0.4301861E-01  0.1464814E+01  0.1464814E+01
  0.1497502E+01  0.1542396E+01 -0.4489432E-01 -0.4975020E+00  0.0000000E+00
  0.1463643E+01  0.1508543E+01 -0.4490007E-01  0.5363570E+00  0.5363570E+00
  0.1429784E+01  0.1474690E+01 -0.4490582E-01  0.1570216E+01  0.1570216E+01
  0.1395925E+01  0.1440837E+01 -0.4491156E-01 -0.3959252E+00  0.0000000E+00
  0.1367323E+01  0.1408496E+01 -0.4117293E-01 -0.3673228E+00  0.0000000E+00
  0.1343977E+01  0.1377667E+01 -0.3368992E-01 -0.3439769E+00  0.0000000E+00
  0.1320631E+01  0.1346838E+01 -0.2620690E-01 -0.3206308E+00  0.0000000E+00
  0.1297285E+01  0.1316009E+01 -0.1872389E-01 -0.1297285E+01  0.0000000E+00
  0.1269137E+01  0.1285994E+01 -0.1685702E-01 -0.1269137E+01  0.0000000E+00
  0.1236187E+01  0.1256793E+01 -0.2060630E-01 -0.2361865E+00  0.0000000E+00
  0.1203236E+01  0.1227592E+01 -0.2435558E-01 -0.1203236E+01  0.0000000E+00
  0.1170286E+01  0.1198391E+01 -0.2810485E-01 -0.1170286E+01  0.0000000E+00
  0.1141485E+01  0.1170530E+01 -0.2904477E-01  0.8585147E+00  0.8585147E+00
  0.1116834E+01  0.1144010E+01 -0.2717532E-01  0.8831656E+00  0.8831656E+00
  0.1092183E+01  0.1117489E+01 -0.2530587E-01 -0.9218347E-01  0.0000000E+00
  0.1067533E+01  0.1090969E+01 -0.2343641E-01 -0.1067533E+01  0.0000000E+00
  0.1043722E+01  0.1065287E+01 -0.2156536E-01 -0.1043722E+01  0.0000000E+00
  0.1020751E+01  0.1040443E+01 -0.1969269E-01  0.9792495E+00  0.9792495E+00
  0.9977797E+00  0.1015600E+01 -0.1782002E-01 -0.9977797E+00  0.0000000E+00
  0.9748087E+00  0.9907561E+00 -0.1594736E-01  0.2519131E-01  0.2519131E-01
  0.9515904E+00  0.9666024E+00 -0.1501204E-01 -0.9515904E+00  0.0000000E+00
  0.9281248E+00  0.9431389E+00 -0.1501408E-01  0.7187515E-01  0.7187515E-01
  0.9046592E+00  0.9196754E+00 -0.1501611E-01 -0.9046592E+00  0.0000000E+00
  0.8811936E+00  0.8962118E+00 -0.1501815E-01  0.1188064E+00  0.1188064E+00
  0.8594756E+00  0.8735567E+00 -0.1408120E-01  0.1405244E+00  0.1405244E+00
  0.8395049E+00  0.8517102E+00 -0.1220527E-01 -0.8395049E+00  0.0000000E+00
  0.8195344E+00  0.8298637E+00 -0.1032934E-01  0.1804656E+00  0.1804656E+00
  0.7995637E+00  0.8080171E+00 -0.8453405E-02 -0.7995637E+00  0.0000000E+00
  0.7802869E+00  0.7868629E+00 -0.7515441E-02 -0.7802869E+00  0.0000000E+00
  0.7617038E+00  0.7664010E+00 -0.7515441E-02 -0.7617038E+00  0.0000000E+00
  0.7431208E+00  0.7459391E+00  0.0000000E+00 -0.7431208E+00  0.0000000E+00
  0.7245378E+00  0.7254772E+00  0.0000000E+00 -0.7245378E+00  0.0000000E+00
  0.7057395E+00  0.7057395E+00  0.0000000E+00 -0.7057395E+00  0.0000000E+00
  0.6867260E+00  0.6867260E+00  0.0000000E+00 -0.6867260E+00  0.0000000E+00
  0.6677125E+00  0.6677125E+00  0.0000000E+00 -0.6677125E+00  0.0000000E+00
  0.6486990E+00  0.6486990E+00  0.0000000E+00 -0.6486990E+00  0.0000000E+00
  0.6286809E+00  0.6305632E+00  0.0000000E+00 -0.6286809E+00  0.0000000E+00
  0.6076584E+00  0.6133050E+00  0.0000000E+00 -0.6076584E+00  0.0000000E+00
  0.5866358E+00  0.5960470E+00 -0.1505782E-01  0.4133642E+00  0.4133642E+00
  0.5656133E+00  0.5787888E+00 -0.1505782E-01 -0.5656133E+00  0.0000000E+00
  0.5466402E+00  0.5626407E+00 -0.1600056E-01 -0.5466402E+00  0.0000000E+00
  0.5297164E+00  0.5476025E+00 -0.1788605E-01  0.4702836E+00  0.4702836E+00
  0.5127928E+00  0.5325643E+00 -0.1977154E-01 -0.5127928E+00  0.0000000E+00
  0.4958691E+00  0.5175261E+00 -0.2165703E-01  0.5041310E+00  0.5041310E+00
  0.4827326E+00  0.5034497E+00 -0.2071720E-01  0.5172675E+00  0.5172675E+00
  0.4733832E+00  0.4903353E+00 -0.1695205E-01  0.5266168E+00  0.5266168E+00
  0.4640339E+00  0.4772208E+00 -0.1318689E-01  0.5359660E+00  0.5359660E+00
  0.4546846E+00  0.4641063E+00 -0.9421743E-02 -0.4546846E+00  0.0000000E+00
  0.4440850E+00  0.4516248E+00 -0.7539771E-02 -0.4440850E+00  0.0000000E+00
  0.4322352E+00  0.4397761E+00 -0.7540981E-02 -0.4322352E+00  0.0000000E+00
  0.4203853E+00  0.4279275E+00 -0.7542190E-02 -0.4203853E+00  0.0000000E+00
  0.4085354E+00  0.4160788E+00 -0.7543399E-02 -0.4085354E+00  0.0000000E+00
  0.3985839E+00  0.4051849E+00 -0.7544004E-02  0.6014161E+00  0.6014161E+00
  0.3905308E+00  0.3952458E+00 -0.7544004E-02 -0.3905308E+00  0.0000000E+00
  0.3824777E+00  0.3853067E+00  0.0000000E+00 -0.3824777E+00  0.0000000E+00
  0.3744245E+00  0.3753676E+00  0.0000000E+00 -0.3744245E+00  0.0000000E+00
  0.3663161E+00  0.3663161E+00  0.0000000E+00 -0.3663161E+00  0.0000000E+00
  0.3581523E+00  0.3581523E+00  0.0000000E+00 -0.3581523E+00  0.0000000E+00
  0.3499885E+00  0.3499885E+00  0.0000000E+00 -0.3499885E+00  0.0000000E+00
  0.3418247E+00  0.3418247E+00  0.0000000E+00 -0.3418247E+00  0.0000000E+00
  0.3336260E+00  0.3345706E+00  0.0000000E+00 -0.3336260E+00  0.0000000E+00
  0.3253924E+00  0.3282262E+00  0.0000000E+00 -0.3253924E+00  0.0000000E+00
  0.3171588E+00  0.3218817E+00 -0.7556756E-02  0.6828412E+00  0.6828412E+00
  0.3089251E+00  0.3155373E+00 -0.7556756E-02 -0.3089251E+00  0.0000000E+00
  0.3015227E+00  0.3100252E+00 -0.8502495E-02 -0.3015227E+00  0.0000000E+00
  0.2949516E+00  0.3053455E+00 -0.1039397E-01 -0.2949516E+00  0.0000000E+00
  0.2883804E+00  0.3006659E+00 -0.1228545E-01 -0.2883804E+00  0.0000000E+00
  0.2818093E+00  0.2959862E+00 -0.1417693E-01 -0.2818093E+00  0.0000000E+00
  0.2776932E+00  0.2918714E+00 -0.1417817E-01 -0.2776932E+00  0.0000000E+00
  0.2760322E+00  0.2883214E+00 -0.1228918E-01  0.1723968E+01  0.1723968E+01
  0.2743712E+00  0.2847714E+00 -0.1040019E-01 -0.2743712E+00  0.0000000E+00
  0.2727102E+00  0.2812214E+00 -0.8511195E-02 -0.2727102E+00  0.0000000E+00
  0.2702273E+00  0.2777945E+00 -0.7567229E-02  0.7297727E+00  0.7297727E+00
  0.2669226E+00  0.2744909E+00 -0.7568290E-02 -0.2669226E+00  0.0000000E+00
  0.2636178E+00  0.2711872E+00 -0.7569350E-02 -0.2636178E+00  0.0000000E+00
  0.2603131E+00  0.2678835E+00 -0.7570410E-02 -0.2603131E+00  0.0000000E+00
  0.2571504E+00  0.2647221E+00 -0.7571680E-02  0.7428496E+00  0.7428496E+00
  0.2541300E+00  0.2617031E+00 -0.7573158E-02 -0.2541300E+00  0.0000000E+00
  0.2511095E+00  0.2586842E+00 -0.7574637E-02 -0.2511095E+00  0.0000000E+00
  0.2480890E+00  0.2556652E+00 -0.7576115E-02 -0.2480890E+00  0.0000000E+00
  0.2451799E+00  0.2527574E+00 -0.7577476E-02  0.7548200E+00  0.7548200E+00
  0.2423822E+00  0.2499609E+00 -0.7578718E-02 -0.2423822E+00  0.0000000E+00
  0.2395845E+00  0.2471644E+00 -0.7579960E-02 -0.2395845E+00  0.0000000E+00
  0.2367867E+00  0.2443679E+00 -0.7581202E-02 -0.2367867E+00  0.0000000E+00
  0.2340663E+00  0.2416486E+00 -0.7582269E-02  0.7659336E+00  0.7659336E+00
  0.2314233E+00  0.2390065E+00 -0.7583159E-02 -0.2314233E+00  0.0000000E+00
  0.2287803E+00  0.2363643E+00 -0.7584049E-02 -0.2287803E+00  0.0000000E+00
  0.2261372E+00  0.2337222E+00 -0.7584939E-02 -0.2261372E+00  0.0000000E+00
  0.2235570E+00  0.2311430E+00 -0.7586012E-02  0.7764430E+00  0.7764430E+00
  0.2210395E+00  0.2286268E+00 -0.7587266E-02 -0.2210395E+00  0.0000000E+00
  0.2185220E+00  0.2261105E+00 -0.7588520E-02  0.7814780E+00  0.7814780E+00
  0.2160046E+00  0.2235943E+00 -0.7589774E-02 -0.2160046E+00  0.0000000E+00
  0.2135426E+00  0.2211337E+00 -0.7591089E-02 -0.2135426E+00  0.0000000E+00
  0.2111362E+00  0.2187287E+00 -0.7592466E-02 -0.2111362E+00  0.0000000E+00
  0.2087298E+00  0.2163237E+00 -0.7593842E-02  0.7912701E+00  0.7912701E+00
  0.2063235E+00  0.2139187E+00 -0.7595219E-02 -0.2063235E+00  0.0000000E+00
  0.2049187E+00  0.2115652E+00 -0.7595907E-02 -0.2049187E+00  0.0000000E+00
  0.2045157E+00  0.2092631E+00 -0.7595907E-02 -0.2045157E+00  0.0000000E+00
  0.2041126E+00  0.2069611E+00  0.0000000E+00 -0.2041126E+00  0.0000000E+00
  0.2037095E+00  0.2046590E+00  0.0000000E+00 -0.2037095E+00  0.0000000E+00
  0.2022987E+00  0.2022987E+00  0.0000000E+00 -0.2022987E+00  0.0000000E+00
  0.1998802E+00  0.1998802E+00  0.0000000E+00 -0.1998802E+00  0.0000000E+00
  0.1974618E+00  0.1974618E+00  0.0000000E+00 -0.1974618E+00  0.0000000E+00
  0.1950433E+00  0.1950433E+00  0.0000000E+00 -0.1950433E+00  0.0000000E+00
  0.1926942E+00  0.1926942E+00  0.0000000E+00 -0.1926942E+00  0.0000000E+00
  0.1904146E+00  0.1904146E+00  0.0000000E+00 -0.1904146E+00  0.0000000E+00
  0.1881350E+00  0.1881350E+00  0.0000000E+00 -0.1881350E+00  0.0000000E+00
  0.1858554E+00  0.1858554E+00  0.0000000E+00 -0.1858554E+00  0.0000000E+00
  0.1836507E+00  0.1836507E+00  0.0000000E+00 -0.1836507E+00  0.0000000E+00
  0.1815209E+00  0.1815209E+00  0.0000000E+00 -0.1815209E+00  0.0000000E+00
  0.1793911E+00  0.1793911E+00  0.0000000E+00 -0.1793911E+00  0.0000000E+00
  0.1772613E+00  0.1772613E+00  0.0000000E+00 -0.1772613E+00  0.0000000E+00
  0.1751876E+00  0.1751876E+00  0.0000000E+00 -0.1751876E+00  0.0000000E+00
  0.1731702E+00  0.1731702E+00  0.0000000E+00 -0.1731702E+00  0.0000000E+00
  0.1711528E+00  0.1711528E+00  0.0000000E+00 -0.1711528E+00  0.0000000E+00
  0.1691354E+00  0.1691354E+00  0.0000000E+00 -0.1691354E+00  0.0000000E+00
  0.1662105E+00  0.1671634E+00  0.0000000E+00 -0.1662105E+00  0.0000000E+00
  0.1623783E+00  0.1652369E+00  0.0000000E+00 -0.1623783E+00  0.0000000E+00
  0.1585460E+00  0.1633105E+00 -0.7623117E-02 -0.1585460E+00  0.0000000E+00
  0.1547138E+00  0.1613840E+00 -0.7623117E-02 -0.1547138E+00  0.0000000E+00
  0.1529345E+00  0.1596047E+00 -0.7623117E-02 -0.1529345E+00  0.0000000E+00
  0.1532082E+00  0.1579726E+00 -0.7623117E-02  0.8467918E+00  0.8467918E+00
  0.1534819E+00  0.1563406E+00  0.0000000E+00 -0.1534819E+00  0.0000000E+00
  0.1537556E+00  0.1547085E+00  0.0000000E+00 -0.1537556E+00  0.0000000E+00
  0.1529816E+00  0.1529816E+00  0.0000000E+00 -0.1529816E+00  0.0000000E+00
  0.1511599E+00  0.1511599E+00  0.0000000E+00 -0.1511599E+00  0.0000000E+00
  0.1493382E+00  0.1493382E+00  0.0000000E+00 -0.1493382E+00  0.0000000E+00
  0.1475166E+00  0.1475166E+00  0.0000000E+00 -0.1475166E+00  0.0000000E+00
  0.1457231E+00  0.1457231E+00  0.0000000E+00 -0.1457231E+00  0.0000000E+00
  0.1439579E+00  0.1439579E+00  0.0000000E+00 -0.1439579E+00  0.0000000E+00
  0.1421927E+00  0.1421927E+00  0.0000000E+00 -0.1421927E+00  0.0000000E+00
  0.1404275E+00  0.1404275E+00  0.0000000E+00 -0.1404275E+00  0.0000000E+00
  0.1387135E+00  0.1387135E+00  0.0000000E+00 -0.1387135E+00  0.0000000E+00
  0.1370506E+00  0.1370506E+00  0.0000000E+00 -0.1370506E+00  0.0000000E+00
  0.1353878E+00  0.1353878E+00  0.0000000E+00 -0.1353878E+00  0.0000000E+00
  0.1337249E+00  0.1337249E+00  0.0000000E+00 -0.1337249E+00  0.0000000E+00
  0.1321013E+00  0.1321013E+00  0.0000000E+00 -0.1321013E+00  0.0000000E+00
  0.1305169E+00  0.1305169E+00  0.0000000E+00 -0.1305169E+00  0.0000000E+00
  0.1289324E+00  0.1289324E+00  0.0000000E+00 -0.1289324E+00  0.0000000E+00
  0.1273480E+00  0.1273480E+00  0.0000000E+00 -0.1273480E+00  0.0000000E+00
  0.1257985E+00  0.1257985E+00  0.0000000E+00 -0.1257985E+00  0.0000000E+00
  0.1242839E+00  0.1242839E+00  0.0000000E+00 -0.1242839E+00  0.0000000E+00
  0.1227692E+00  0.1227692E+00  0.0000000E+00 -0.1227692E+00  0.0000000E+00
  0.1212546E+00  0.1212546E+00  0.0000000E+00 -0.1212546E+00  0.0000000E+00
  0.1197714E+00  0.1197714E+00  0.0000000E+00 -0.1197714E+00  0.0000000E+00
  0.1183198E+00  0.1183198E+00  0.0000000E+00 -0.1183198E+00  0.0000000E+00
  0.1168682E+00  0.1168682E+00  0.0000000E+00 -0.1168682E+00  0.0000000E+00
  0.1154166E+00  0.1154166E+00  0.0000000E+00 -0.1154166E+00  0.0000000E+00
  0.1130375E+00  0.1139950E+00  0.0000000E+00 -0.1130375E+00  0.0000000E+00
  0.1097310E+00  0.1126035E+00  0.0000000E+00 -0.1097310E+00  0.0000000E+00
  0.1064244E+00  0.1112119E+00 -0.7660007E-02 -0.1064244E+00  0.0000000E+00
  0.1031179E+00  0.1098204E+00 -0.7660007E-02  0.8968821E+00  0.8968821E+00
  0.1018635E+00  0.1085660E+00 -0.7660007E-02 -0.1018635E+00  0.0000000E+00
  0.1026612E+00  0.1074487E+00 -0.7660007E-02 -0.1026612E+00  0.0000000E+00
  0.1034590E+00  0.1063315E+00  0.0000000E+00 -0.1034590E+00  0.0000000E+00
  0.1042567E+00  0.1052142E+00  0.0000000E+00 -0.1042567E+00  0.0000000E+00
  0.1039950E+00  0.1039950E+00  0.0000000E+00 -0.1039950E+00  0.0000000E+00
  0.1026739E+00  0.1026739E+00  0.0000000E+00 -0.1026739E+00  0.0000000E+00
  0.1013528E+00  0.1013528E+00  0.0000000E+00 -0.1013528E+00  0.0000000E+00
  0.1000317E+00  0.1000317E+00  0.0000000E+00 -0.1000317E+00  0.0000000E+00
  0.9873029E-01  0.9873029E-01  0.0000000E+00 -0.9873029E-01  0.0000000E+00
  0.9744851E-01  0.9744851E-01  0.0000000E+00 -0.9744851E-01  0.0000000E+00
  0.9616674E-01  0.9616674E-01  0.0000000E+00 -0.9616674E-01  0.0000000E+00
  0.9488496E-01  0.9488496E-01  0.0000000E+00 -0.9488496E-01  0.0000000E+00
  0.9364597E-01  0.9364597E-01  0.0000000E+00 -0.9364597E-01  0.0000000E+00
  0.9244973E-01  0.9244973E-01  0.0000000E+00 -0.9244973E-01  0.0000000E+00
  0.9125351E-01  0.9125351E-01  0.0000000E+00 -0.9125351E-01  0.0000000E+00
  0.9005728E-01  0.9005728E-01  0.0000000E+00 -0.9005728E-01  0.0000000E+00
  0.8889079E-01  0.8889079E-01  0.0000000E+00 -0.8889079E-01  0.0000000E+00
  0.8775403E-01  0.8775403E-01  0.0000000E+00 -0.8775403E-01  0.0000000E+00
  0.8661728E-01  0.8661728E-01  0.0000000E+00 -0.8661728E-01  0.0000000E+00
  0.8548053E-01  0.8548053E-01  0.0000000E+00 -0.8548053E-01  0.0000000E+00
  0.8436885E-01  0.8436885E-01  0.0000000E+00 -0.8436885E-01  0.0000000E+00
  0.8328223E-01  0.8328223E-01  0.0000000E+00 -0.8328223E-01  0.0000000E+00
  0.8219562E-01  0.8219562E-01  0.0000000E+00 -0.8219562E-01  0.0000000E+00
  0.8110900E-01  0.8110900E-01  0.0000000E+00 -0.8110900E-01  0.0000000E+00
  0.8004548E-01  0.8004548E-01  0.0000000E+00 -0.8004548E-01  0.0000000E+00
  0.7900506E-01  0.7900506E-01  0.0000000E+00 -0.7900506E-01  0.0000000E+00
  0.7796462E-01  0.7796462E-01  0.0000000E+00 -0.7796462E-01  0.0000000E+00
  0.7692419E-01  0.7692419E-01  0.0000000E+00 -0.7692419E-01  0.0000000E+00
  0.7494372E-01  0.7590592E-01  0.0000000E+00 -0.7494372E-01  0.0000000E+00
  0.7202321E-01  0.7490980E-01  0.0000000E+00 -0.7202321E-01  0.0000000E+00
  0.6910271E-01  0.7391369E-01 -0.7697557E-02 -0.6910271E-01  0.0000000E+00
  0.6618220E-01  0.7291757E-01 -0.7697557E-02 -0.6618220E-01  0.0000000E+00
  0.6531461E-01  0.7204998E-01 -0.7697557E-02  0.9346854E+00  0.9346854E+00
  0.6649993E-01  0.7131090E-01 -0.7697557E-02 -0.6649993E-01  0.0000000E+00
  0.6768525E-01  0.7057183E-01  0.0000000E+00 -0.6768525E-01  0.0000000E+00
  0.6887057E-01  0.6983276E-01  0.0000000E+00 -0.6887057E-01  0.0000000E+00
  0.6898415E-01  0.6898415E-01  0.0000000E+00 -0.6898415E-01  0.0000000E+00
  0.6802600E-01  0.6802600E-01  0.0000000E+00 -0.6802600E-01  0.0000000E+00
  0.6706785E-01  0.6706785E-01  0.0000000E+00 -0.6706785E-01  0.0000000E+00
  0.6610969E-01  0.6610969E-01  0.0000000E+00 -0.6610969E-01  0.0000000E+00
  0.6516270E-01  0.6516270E-01  0.0000000E+00 -0.6516270E-01  0.0000000E+00
  0.6422687E-01  0.6422687E-01  0.0000000E+00 -0.6422687E-01  0.0000000E+00
  0.6329104E-01  0.6329104E-01  0.0000000E+00 -0.6329104E-01  0.0000000E+00
  0.6235521E-01  0.6235521E-01  0.0000000E+00 -0.6235521E-01  0.0000000E+00
  0.6145418E-01  0.6145418E-01  0.0000000E+00 -0.6145418E-01  0.0000000E+00
  0.6058795E-01  0.6058795E-01  0.0000000E+00 -0.6058795E-01  0.0000000E+00
  0.5972172E-01  0.5972172E-01  0.0000000E+00 -0.5972172E-01  0.0000000E+00
  0.5885549E-01  0.5885549E-01  0.0000000E+00 -0.5885549E-01  0.0000000E+00
  0.5704775E-01  0.5801275E-01  0.0000000E+00 -0.5704775E-01  0.0000000E+00
  0.5429851E-01  0.5719348E-01  0.0000000E+00 -0.5429851E-01  0.0000000E+00
  0.5154926E-01  0.5637422E-01 -0.7719942E-02 -0.5154926E-01  0.0000000E+00
  0.4880001E-01  0.5555496E-01 -0.7719942E-02  0.9512000E+00  0.9512000E+00
  0.4742539E-01  0.5486156E-01 -0.6757985E-01 -0.4742539E-01  0.0000000E+00
  0.4742539E-01  0.5429403E-01 -0.1872997E+00 -0.4742539E-01  0.0000000E+00
 -0.4337240E+00  0.5372649E-01 -0.3070195E+00  0.4337240E+00  0.4337240E+00
 -0.4337240E+00  0.5315896E-01 -0.4267393E+00  0.4337240E+00  0.4337240E+00
 -0.4337240E+00  0.5287519E-01 -0.4865992E+00  0.4337240E+00  0.4337240E+00
 -0.4337240E+00  0.5287519E-01 -0.4865992E+00  0.6343372E+02  0.6343372E+02
