 0.36000E+03  0.98600E+00
 0.38000E+03  0.86900E+00
 0.39000E+03  0.80200E+00
 0.40000E+03  0.72200E+00
 0.40500E+03  0.67400E+00
 0.41000E+03  0.62200E+00
 0.41500E+03  0.56200E+00
 0.42000E+03  0.49500E+00
 0.42500E+03  0.42100E+00
 0.43000E+03  0.34400E+00
 0.43500E+03  0.27200E+00
 0.44000E+03  0.22500E+00
 0.44500E+03  0.25200E+00
 0.45000E+03  0.44500E+00
 0.45100E+03  0.51500E+00
 0.45200E+03  0.59700E+00
 0.45300E+03  0.69300E+00
 0.45400E+03  0.80200E+00
 0.45500E+03  0.92400E+00
 0.45600E+03  0.10600E+01
 0.45700E+03  0.12070E+01
 0.45800E+03  0.13630E+01
 0.45900E+03  0.15280E+01
 0.46000E+03  0.16960E+01
 0.46100E+03  0.18650E+01
 0.46200E+03  0.20320E+01
 0.46300E+03  0.21930E+01
 0.46400E+03  0.23450E+01
 0.46500E+03  0.24860E+01
 0.47000E+03  0.29740E+01
 0.47500E+03  0.31340E+01
 0.48000E+03  0.31040E+01
 0.48500E+03  0.30000E+01
 0.49000E+03  0.28790E+01
 0.49500E+03  0.27650E+01
 0.50000E+03  0.26630E+01
 0.50500E+03  0.25760E+01
 0.51000E+03  0.25020E+01
 0.51500E+03  0.24390E+01
 0.52000E+03  0.23850E+01
 0.52500E+03  0.23410E+01
 0.53000E+03  0.23020E+01
 0.54000E+03  0.22420E+01
 0.55000E+03  0.21990E+01
 0.56000E+03  0.21690E+01
 0.57000E+03  0.21480E+01
 0.58000E+03  0.21340E+01
 0.59000E+03  0.21270E+01
 0.60000E+03  0.21240E+01
 0.62000E+03  0.21300E+01
 0.64000E+03  0.21480E+01
 0.66000E+03  0.21740E+01
 0.68000E+03  0.22080E+01
 0.70000E+03  0.22460E+01
 0.72000E+03  0.22900E+01
 0.74000E+03  0.23380E+01
 0.76000E+03  0.23890E+01
 0.78000E+03  0.24440E+01
 0.80000E+03  0.25010E+01
 0.82000E+03  0.25620E+01
 0.84000E+03  0.26240E+01
 0.86000E+03  0.26900E+01
 0.88000E+03  0.27570E+01
 0.90000E+03  0.28270E+01
 0.92000E+03  0.28990E+01
 0.94000E+03  0.29730E+01
 0.96000E+03  0.30490E+01
 0.98000E+03  0.31270E+01
 0.10000E+04  0.32070E+01
 0.10200E+04  0.32890E+01
 0.10400E+04  0.33720E+01
 0.10600E+04  0.34580E+01
 0.10800E+04  0.35450E+01
 0.11000E+04  0.36350E+01
 0.11200E+04  0.37260E+01
 0.11400E+04  0.38190E+01
 0.11600E+04  0.39140E+01
 0.11800E+04  0.40110E+01
 0.12000E+04  0.41100E+01
 0.12200E+04  0.42110E+01
 0.12400E+04  0.43150E+01
 0.12600E+04  0.44200E+01
 0.12800E+04  0.45290E+01
 0.13000E+04  0.46390E+01
 0.13200E+04  0.47530E+01
 0.13400E+04  0.48690E+01
 0.13600E+04  0.49890E+01
 0.13800E+04  0.51110E+01
 0.14000E+04  0.52380E+01
 0.14200E+04  0.53670E+01
 0.14400E+04  0.55010E+01
 0.14600E+04  0.56390E+01
 0.14800E+04  0.57790E+01
 0.15000E+04  0.59220E+01
 0.15200E+04  0.60640E+01
 0.15400E+04  0.62000E+01
 0.15600E+04  0.63170E+01
 0.15800E+04  0.63880E+01
 0.16000E+04  0.63500E+01
 0.16050E+04  0.63080E+01
 0.16100E+04  0.62470E+01
 0.16150E+04  0.61610E+01
 0.16200E+04  0.60450E+01
 0.16250E+04  0.58890E+01
 0.16300E+04  0.56850E+01
 0.16350E+04  0.54180E+01
 0.16400E+04  0.50740E+01
 0.16450E+04  0.46360E+01
 0.16500E+04  0.40860E+01
 0.16600E+04  0.26140E+01
 0.16650E+04  0.17340E+01
 0.16700E+04  0.87200E+00
 0.16750E+04  0.22400E+00
 0.16800E+04  0.69000E-01
 0.16850E+04  0.68500E+00
 0.16900E+04  0.22090E+01
 0.16950E+04  0.45470E+01
 0.17000E+04  0.74490E+01
 0.17050E+04  0.10654E+02
 0.17070E+04  0.11976E+02
 0.17100E+04  0.13976E+02
 0.17120E+04  0.15309E+02
 0.17150E+04  0.17294E+02
 0.17160E+04  0.17947E+02
 0.17180E+04  0.19232E+02
 0.17200E+04  0.20477E+02
 0.17220E+04  0.21663E+02
 0.17250E+04  0.23280E+02
 0.17260E+04  0.23761E+02
 0.17270E+04  0.24207E+02
 0.17280E+04  0.24613E+02
 0.17290E+04  0.24974E+02
 0.17300E+04  0.25286E+02
 0.17310E+04  0.25544E+02
 0.17320E+04  0.25745E+02
 0.17330E+04  0.25885E+02
 0.17340E+04  0.25960E+02
 0.17350E+04  0.25968E+02
 0.17370E+04  0.25777E+02
 0.17400E+04  0.24976E+02
 0.17420E+04  0.24128E+02
 0.17450E+04  0.22477E+02
 0.17460E+04  0.21850E+02
 0.17470E+04  0.21197E+02
 0.17500E+04  0.19143E+02
 0.17520E+04  0.17757E+02
 0.17550E+04  0.15750E+02
 0.17560E+04  0.15114E+02
 0.17570E+04  0.14499E+02
 0.17600E+04  0.12797E+02
 0.17620E+04  0.11787E+02
 0.17650E+04  0.10460E+02
 0.17670E+04  0.96950E+01
 0.17700E+04  0.87100E+01
 0.17720E+04  0.81510E+01
 0.17750E+04  0.74400E+01
 0.17770E+04  0.70410E+01
 0.17800E+04  0.65360E+01
 0.17820E+04  0.62540E+01
 0.17850E+04  0.59000E+01
 0.17870E+04  0.57030E+01
 0.17900E+04  0.54580E+01
 0.17920E+04  0.53220E+01
 0.17950E+04  0.51550E+01
 0.17970E+04  0.50640E+01
 0.18000E+04  0.49520E+01
 0.18050E+04  0.48220E+01
 0.18100E+04  0.47440E+01
 0.18150E+04  0.47040E+01
 0.18200E+04  0.46920E+01
 0.18400E+04  0.48000E+01
 0.18600E+04  0.50090E+01
 0.18800E+04  0.52400E+01
 0.19000E+04  0.54670E+01
 0.19200E+04  0.56820E+01
 0.19400E+04  0.58850E+01
 0.19600E+04  0.60760E+01
 0.19800E+04  0.62560E+01
 0.20000E+04  0.64270E+01
 0.20200E+04  0.65900E+01
 0.20400E+04  0.67460E+01
 0.20600E+04  0.68970E+01
