           0
 T
          63
 F
           4
  6.9999999E-07
  0.0000000E+00
   1.900000    
  0.2000000    
   1.200000    
           2
   1000.000    
  0.0000000E+00
 F
  0.0000000E+00
   257.0000    
        1024
  0.0000000E+00   1.432700       19.26400    
  0.0000000E+00  0.0000000E+00  0.0000000E+00  0.2570000E+03  0.2570000E+03
 -0.3551288E+03  0.0000000E+00 -0.3551288E+03  0.4591288E+03  0.4591288E+03
  0.0000000E+00  0.0000000E+00  0.0000000E+00  0.1460000E+03  0.1460000E+03
  0.0000000E+00  0.0000000E+00  0.0000000E+00  0.6900000E+02  0.6900000E+02
 -0.3551288E+03  0.0000000E+00 -0.3551288E+03  0.4651288E+03  0.4651288E+03
 -0.3551288E+03  0.0000000E+00 -0.3551288E+03  0.4031288E+03  0.4031288E+03
 -0.3504833E+03  0.0000000E+00 -0.3548060E+03  0.4164833E+03  0.4164833E+03
 -0.3411924E+03  0.0000000E+00 -0.3541605E+03  0.3821924E+03  0.3821924E+03
 -0.3319015E+03  0.3458169E+02 -0.3535150E+03  0.4639015E+03  0.4639015E+03
 -0.3226105E+03  0.3458169E+02 -0.3528695E+03  0.4036105E+03  0.4036105E+03
 -0.3133789E+03  0.3876470E+02 -0.3521436E+03  0.3853789E+03  0.3853789E+03
 -0.3042065E+03  0.4713071E+02 -0.3513372E+03  0.3812065E+03  0.3812065E+03
 -0.2950342E+03  0.5549672E+02 -0.3505309E+03  0.3580342E+03  0.3580342E+03
 -0.2858618E+03  0.6386274E+02 -0.3497245E+03  0.3288618E+03  0.3288618E+03
 -0.2777829E+03  0.7108231E+02 -0.3488652E+03  0.3337829E+03  0.3337829E+03
 -0.2707975E+03  0.7715544E+02 -0.3479529E+03  0.3057975E+03  0.3057975E+03
 -0.2638120E+03  0.8322858E+02 -0.3470406E+03  0.4188120E+03  0.4188120E+03
 -0.2568266E+03  0.8930171E+02 -0.3461283E+03  0.3318266E+03  0.3318266E+03
 -0.2505271E+03  0.9465153E+02 -0.3451786E+03  0.3495271E+03  0.3495271E+03
 -0.2449135E+03  0.9927802E+02 -0.3441916E+03  0.3229135E+03  0.3229135E+03
 -0.2393000E+03  0.1039045E+03 -0.3432045E+03  0.3193000E+03  0.3193000E+03
 -0.2336865E+03  0.1085310E+03 -0.3422175E+03  0.2776865E+03  0.2776865E+03
 -0.2284754E+03  0.1127283E+03 -0.3412037E+03  0.2694754E+03  0.2694754E+03
 -0.2236668E+03  0.1164964E+03 -0.3401632E+03  0.2526668E+03  0.2526668E+03
 -0.2188581E+03  0.1202645E+03 -0.3391227E+03  0.2948582E+03  0.2948582E+03
 -0.2140495E+03  0.1240327E+03 -0.3380822E+03  0.2640495E+03  0.2640495E+03
 -0.2095664E+03  0.1274552E+03 -0.3370216E+03  0.2635663E+03  0.2635663E+03
 -0.2054087E+03  0.1305322E+03 -0.3359409E+03  0.2644087E+03  0.2644087E+03
 -0.2012510E+03  0.1336092E+03 -0.3348602E+03  0.2452510E+03  0.2452510E+03
 -0.1970933E+03  0.1366862E+03 -0.3337794E+03  0.2260933E+03  0.2260933E+03
 -0.1931741E+03  0.1395090E+03 -0.3326832E+03  0.2241741E+03  0.2241741E+03
 -0.1894936E+03  0.1420778E+03 -0.3315714E+03  0.2124936E+03  0.2124936E+03
 -0.1858131E+03  0.1446465E+03 -0.3304596E+03  0.3278131E+03  0.3278131E+03
 -0.1821326E+03  0.1472153E+03 -0.3293478E+03  0.2581326E+03  0.2581326E+03
 -0.1791544E+03  0.1495890E+03 -0.3287435E+03  0.2641544E+03  0.2641544E+03
 -0.1768788E+03  0.1517678E+03 -0.3286466E+03  0.2418788E+03  0.2418788E+03
 -0.1746031E+03  0.1539465E+03 -0.3285497E+03  0.2396031E+03  0.2396031E+03
 -0.1723275E+03  0.1561253E+03 -0.3284528E+03  0.2013275E+03  0.2013275E+03
 -0.1703371E+03  0.1581474E+03 -0.3284846E+03  0.2283371E+03  0.2283371E+03
 -0.1686321E+03  0.1600130E+03 -0.3286451E+03  0.2036321E+03  0.2036321E+03
 -0.1669271E+03  0.1618785E+03 -0.3288057E+03  0.2559271E+03  0.2559271E+03
 -0.1652221E+03  0.1637441E+03 -0.3289662E+03  0.2352221E+03  0.2352221E+03
 -0.1633139E+03  0.1654817E+03 -0.3287956E+03  0.2283139E+03  0.2283139E+03
 -0.1612025E+03  0.1670912E+03 -0.3282937E+03  0.2192025E+03  0.2192025E+03
 -0.1590911E+03  0.1687008E+03 -0.3277918E+03  0.2060911E+03  0.2060911E+03
 -0.1569796E+03  0.1703103E+03 -0.3272899E+03  0.2049796E+03  0.2049796E+03
 -0.1545778E+03  0.1718115E+03 -0.3263893E+03  0.1915778E+03  0.1915778E+03
 -0.1518855E+03  0.1732042E+03 -0.3250897E+03  0.1728855E+03  0.1728855E+03
 -0.1491931E+03  0.1745970E+03 -0.3237901E+03  0.2501931E+03  0.2501931E+03
 -0.1465008E+03  0.1759898E+03 -0.3224906E+03  0.1975008E+03  0.1975008E+03
 -0.1438848E+03  0.1772905E+03 -0.3211753E+03  0.2298848E+03  0.2298848E+03
 -0.1413451E+03  0.1784993E+03 -0.3198444E+03  0.1933451E+03  0.1933451E+03
 -0.1388054E+03  0.1797080E+03 -0.3185134E+03  0.2028054E+03  0.2028054E+03
 -0.1362657E+03  0.1809168E+03 -0.3171825E+03  0.1592657E+03  0.1592657E+03
 -0.1338279E+03  0.1820453E+03 -0.3158732E+03  0.1628279E+03  0.1628279E+03
 -0.1314920E+03  0.1830936E+03 -0.3145857E+03  0.1704920E+03  0.1704920E+03
 -0.1291561E+03  0.1841419E+03 -0.3132981E+03  0.2451561E+03  0.2451561E+03
 -0.1268202E+03  0.1851902E+03 -0.3120105E+03  0.2961820E+04  0.2961820E+04
 -0.1249263E+03  0.1861679E+03 -0.3110943E+03  0.7116926E+04  0.7116926E+04
 -0.1234744E+03  0.1870750E+03 -0.3105494E+03  0.7128474E+04  0.7128474E+04
 -0.1220224E+03  0.1879821E+03 -0.3100045E+03  0.6927022E+04  0.6927022E+04
 -0.1205704E+03  0.1888892E+03 -0.3094596E+03  0.6799570E+04  0.6799570E+04
 -0.1206562E+03  0.1897340E+03 -0.3103902E+03  0.6888656E+04  0.6888656E+04
 -0.1222797E+03  0.1905166E+03 -0.3127963E+03  0.6631280E+04  0.6631280E+04
 -0.1239032E+03  0.1912992E+03 -0.3152024E+03  0.7030903E+04  0.7030903E+04
 -0.1255267E+03  0.1920817E+03 -0.3176085E+03  0.6972527E+04  0.6972527E+04
 -0.1232812E+03  0.1929456E+03 -0.3162267E+03  0.7020281E+04  0.7020281E+04
 -0.1171665E+03  0.1938907E+03 -0.3110572E+03  0.7095167E+04  0.7095167E+04
 -0.1110519E+03  0.1948358E+03 -0.3058876E+03  0.7781052E+04  0.7781052E+04
 -0.1049372E+03  0.1957809E+03 -0.3007181E+03  0.6749937E+04  0.6749937E+04
 -0.1024741E+03  0.1964427E+03 -0.2989167E+03  0.5857474E+04  0.5857474E+04
 -0.1036624E+03  0.1968212E+03 -0.3004836E+03  0.5862663E+04  0.5862663E+04
 -0.1048507E+03  0.1971997E+03 -0.3020504E+03  0.6078851E+04  0.6078851E+04
 -0.1060390E+03  0.1975782E+03 -0.3036172E+03  0.6446039E+04  0.6446039E+04
 -0.1084644E+03  0.1980798E+03 -0.3065442E+03  0.7074464E+04  0.7074464E+04
 -0.1121268E+03  0.1987046E+03 -0.3108315E+03  0.7223127E+04  0.7223127E+04
 -0.1157893E+03  0.1993294E+03 -0.3151187E+03  0.7508789E+04  0.7508789E+04
 -0.1194517E+03  0.1999542E+03 -0.3194059E+03  0.7357452E+04  0.7357452E+04
 -0.1167213E+03  0.2008484E+03 -0.3175697E+03  0.6893721E+04  0.6893721E+04
 -0.1075980E+03  0.2020121E+03 -0.3096100E+03  0.6574598E+04  0.6574598E+04
 -0.9847472E+02  0.2031757E+03 -0.3016504E+03  0.6391475E+04  0.6391475E+04
 -0.8935143E+02  0.2043393E+03 -0.2936907E+03  0.6298352E+04  0.6298352E+04
 -0.8730542E+02  0.2050078E+03 -0.2923132E+03  0.6408306E+04  0.6408306E+04
 -0.9233669E+02  0.2051810E+03 -0.2975177E+03  0.6365337E+04  0.6365337E+04
 -0.9736795E+02  0.2053542E+03 -0.3027222E+03  0.6626368E+04  0.6626368E+04
 -0.1023992E+03  0.2055275E+03 -0.3079267E+03  0.6713399E+04  0.6713399E+04
 -0.1041151E+03  0.2059922E+03 -0.3101074E+03  0.6730115E+04  0.6730115E+04
 -0.1025157E+03  0.2067485E+03 -0.3092642E+03  0.7034516E+04  0.7034516E+04
 -0.1009163E+03  0.2075047E+03 -0.3084210E+03  0.6706917E+04  0.6706917E+04
 -0.9931686E+02  0.2082609E+03 -0.3075778E+03  0.6770317E+04  0.6770317E+04
 -0.9745683E+02  0.2089437E+03 -0.3064005E+03  0.6705457E+04  0.6705457E+04
 -0.9533621E+02  0.2095531E+03 -0.3048893E+03  0.6346336E+04  0.6346336E+04
 -0.9321559E+02  0.2101624E+03 -0.3033780E+03  0.6375216E+04  0.6375216E+04
 -0.9109497E+02  0.2107717E+03 -0.3018667E+03  0.6398095E+04  0.6398095E+04
 -0.9105531E+02  0.2112861E+03 -0.3023414E+03  0.6456055E+04  0.6456055E+04
 -0.9309660E+02  0.2117055E+03 -0.3048021E+03  0.6762097E+04  0.6762097E+04
 -0.9513789E+02  0.2121249E+03 -0.3072628E+03  0.6764138E+04  0.6764138E+04
 -0.9717919E+02  0.2125443E+03 -0.3097234E+03  0.6670179E+04  0.6670179E+04
 -0.9761805E+02  0.2131235E+03 -0.3107415E+03  0.6782618E+04  0.6782618E+04
 -0.9645446E+02  0.2138626E+03 -0.3103171E+03  0.6641455E+04  0.6641455E+04
 -0.9529089E+02  0.2146017E+03 -0.3098926E+03  0.6619291E+04  0.6619291E+04
 -0.9412730E+02  0.2153408E+03 -0.3094681E+03  0.6547127E+04  0.6547127E+04
 -0.9325755E+02  0.2160459E+03 -0.3093035E+03  0.6745257E+04  0.6745257E+04
 -0.9268163E+02  0.2167171E+03 -0.3093987E+03  0.6800682E+04  0.6800682E+04
 -0.9210571E+02  0.2173882E+03 -0.3094940E+03  0.6614105E+04  0.6614105E+04
 -0.9152979E+02  0.2180594E+03 -0.3095892E+03  0.6706530E+04  0.6706530E+04
 -0.9202156E+02  0.2187105E+03 -0.3107320E+03  0.6790021E+04  0.6790021E+04
 -0.9358101E+02  0.2193415E+03 -0.3129225E+03  0.6616581E+04  0.6616581E+04
 -0.9514045E+02  0.2199725E+03 -0.3151129E+03  0.6749141E+04  0.6749141E+04
 -0.9669990E+02  0.2206035E+03 -0.3173034E+03  0.6573700E+04  0.6573700E+04
 -0.9748328E+02  0.2213141E+03 -0.3187974E+03  0.6849483E+04  0.6849483E+04
 -0.9749062E+02  0.2221044E+03 -0.3195950E+03  0.7107491E+04  0.7107491E+04
 -0.9749795E+02  0.2228946E+03 -0.3203926E+03  0.6906498E+04  0.6906498E+04
 -0.9750529E+02  0.2236849E+03 -0.3211902E+03  0.6803505E+04  0.6803505E+04
 -0.9690992E+02  0.2244620E+03 -0.3213719E+03  0.6835910E+04  0.6835910E+04
 -0.9571186E+02  0.2252260E+03 -0.3209379E+03  0.6838712E+04  0.6838712E+04
 -0.9451381E+02  0.2259900E+03 -0.3205038E+03  0.6728514E+04  0.6728514E+04
 -0.9331575E+02  0.2267540E+03 -0.3200698E+03  0.6702316E+04  0.6702316E+04
 -0.9213922E+02  0.2274588E+03 -0.3195980E+03  0.6816139E+04  0.6816139E+04
 -0.9098423E+02  0.2281043E+03 -0.3190885E+03  0.6976984E+04  0.6976984E+04
 -0.8982923E+02  0.2287498E+03 -0.3185790E+03  0.6622829E+04  0.6622829E+04
 -0.8867424E+02  0.2293953E+03 -0.3180695E+03  0.6854674E+04  0.6854674E+04
 -0.8818148E+02  0.2299978E+03 -0.3181792E+03  0.6897182E+04  0.6897182E+04
 -0.8835096E+02  0.2305571E+03 -0.3189081E+03  0.6675351E+04  0.6675351E+04
 -0.8852044E+02  0.2311165E+03 -0.3196369E+03  0.6656521E+04  0.6656521E+04
 -0.8868992E+02  0.2316759E+03 -0.3203658E+03  0.6708690E+04  0.6708690E+04
 -0.8787858E+02  0.2322796E+03 -0.3201581E+03  0.6774878E+04  0.6774878E+04
 -0.8608641E+02  0.2329277E+03 -0.3190141E+03  0.7171086E+04  0.7171086E+04
 -0.8429425E+02  0.2335757E+03 -0.3178700E+03  0.6832294E+04  0.6832294E+04
 -0.8250208E+02  0.2342238E+03 -0.3167259E+03  0.6621502E+04  0.6621502E+04
 -0.8227447E+02  0.2347835E+03 -0.3170580E+03  0.6779274E+04  0.6779274E+04
 -0.8361140E+02  0.2352548E+03 -0.3188662E+03  0.6648611E+04  0.6648611E+04
 -0.8494833E+02  0.2357261E+03 -0.3206744E+03  0.6892948E+04  0.6892948E+04
 -0.8628526E+02  0.2361974E+03 -0.3224827E+03  0.6650285E+04  0.6650285E+04
 -0.8726470E+02  0.2367278E+03 -0.3239925E+03  0.6710265E+04  0.6710265E+04
 -0.8788664E+02  0.2373172E+03 -0.3252039E+03  0.6965887E+04  0.6965887E+04
 -0.8850858E+02  0.2379066E+03 -0.3264152E+03  0.6863509E+04  0.6863509E+04
 -0.8913052E+02  0.2384960E+03 -0.3276266E+03  0.6937130E+04  0.6937130E+04
 -0.8965102E+02  0.2391437E+03 -0.3287947E+03  0.7041651E+04  0.7041651E+04
 -0.9007005E+02  0.2398496E+03 -0.3299196E+03  0.6781070E+04  0.6781070E+04
 -0.9048907E+02  0.2405555E+03 -0.3310446E+03  0.6953489E+04  0.6953489E+04
 -0.9090810E+02  0.2412614E+03 -0.3321695E+03  0.6897908E+04  0.6897908E+04
 -0.8993449E+02  0.2419997E+03 -0.3319342E+03  0.6928935E+04  0.6928935E+04
 -0.8756824E+02  0.2427705E+03 -0.3303387E+03  0.7218568E+04  0.7218568E+04
 -0.8520199E+02  0.2435413E+03 -0.3287433E+03  0.6916202E+04  0.6916202E+04
 -0.8283573E+02  0.2443120E+03 -0.3271478E+03  0.6887836E+04  0.6887836E+04
 -0.8202163E+02  0.2449436E+03 -0.3269652E+03  0.6903021E+04  0.6903021E+04
 -0.8275968E+02  0.2454359E+03 -0.3281956E+03  0.6741760E+04  0.6741760E+04
 -0.8349773E+02  0.2459282E+03 -0.3294260E+03  0.6911498E+04  0.6911498E+04
 -0.8423579E+02  0.2464205E+03 -0.3306563E+03  0.6926236E+04  0.6926236E+04
 -0.8516284E+02  0.2469854E+03 -0.3321482E+03  0.6944163E+04  0.6944163E+04
 -0.8627889E+02  0.2476227E+03 -0.3339016E+03  0.7094279E+04  0.7094279E+04
 -0.8739495E+02  0.2482600E+03 -0.3356550E+03  0.7067395E+04  0.7067395E+04
 -0.8851100E+02  0.2488974E+03 -0.3374084E+03  0.7153511E+04  0.7153511E+04
 -0.8812441E+02  0.2496142E+03 -0.3377386E+03  0.7146125E+04  0.7146125E+04
 -0.8623517E+02  0.2504104E+03 -0.3366456E+03  0.7066235E+04  0.7066235E+04
 -0.8434593E+02  0.2512067E+03 -0.3355526E+03  0.6789346E+04  0.6789346E+04
 -0.8245669E+02  0.2520029E+03 -0.3344596E+03  0.6813457E+04  0.6813457E+04
 -0.8127758E+02  0.2526414E+03 -0.3339190E+03  0.6973277E+04  0.6973277E+04
 -0.8080860E+02  0.2531221E+03 -0.3339307E+03  0.7242809E+04  0.7242809E+04
 -0.8033961E+02  0.2536028E+03 -0.3339424E+03  0.6912340E+04  0.6912340E+04
 -0.7987064E+02  0.2540835E+03 -0.3339541E+03  0.7006871E+04  0.7006871E+04
 -0.8042863E+02  0.2545596E+03 -0.3349882E+03  0.7075429E+04  0.7075429E+04
 -0.8201360E+02  0.2550312E+03 -0.3370448E+03  0.6824014E+04  0.6824014E+04
 -0.8359856E+02  0.2555028E+03 -0.3391013E+03  0.7154599E+04  0.7154599E+04
 -0.8518353E+02  0.2559743E+03 -0.3411579E+03  0.6911184E+04  0.6911184E+04
 -0.8554696E+02  0.2565732E+03 -0.3421202E+03  0.6959547E+04  0.6959547E+04
 -0.8468887E+02  0.2572994E+03 -0.3419883E+03  0.7484689E+04  0.7484689E+04
 -0.8383078E+02  0.2580256E+03 -0.3418564E+03  0.7102831E+04  0.7102831E+04
 -0.8297269E+02  0.2587518E+03 -0.3417245E+03  0.7229973E+04  0.7229973E+04
 -0.8205688E+02  0.2594307E+03 -0.3414875E+03  0.7269057E+04  0.7269057E+04
 -0.8108337E+02  0.2600622E+03 -0.3411455E+03  0.6863083E+04  0.6863083E+04
 -0.8010986E+02  0.2606937E+03 -0.3408035E+03  0.7042110E+04  0.7042110E+04
 -0.7913634E+02  0.2613252E+03 -0.3404615E+03  0.6910136E+04  0.6910136E+04
 -0.7860540E+02  0.2619038E+03 -0.3405092E+03  0.7043605E+04  0.7043605E+04
 -0.7851703E+02  0.2624295E+03 -0.3409466E+03  0.7349517E+04  0.7349517E+04
 -0.7842865E+02  0.2629553E+03 -0.3413840E+03  0.7083429E+04  0.7083429E+04
 -0.7834028E+02  0.2634810E+03 -0.3418214E+03  0.7119340E+04  0.7119340E+04
 -0.7806716E+02  0.2640101E+03 -0.3420773E+03  0.7051067E+04  0.7051067E+04
 -0.7760930E+02  0.2645424E+03 -0.3421517E+03  0.7164609E+04  0.7164609E+04
 -0.7715144E+02  0.2650747E+03 -0.3422261E+03  0.6908151E+04  0.6908151E+04
 -0.7669358E+02  0.2656070E+03 -0.3423006E+03  0.7003693E+04  0.7003693E+04
 -0.7655709E+02  0.2661010E+03 -0.3426581E+03  0.6998557E+04  0.6998557E+04
 -0.7674197E+02  0.2665569E+03 -0.3432989E+03  0.7359742E+04  0.7359742E+04
 -0.7692685E+02  0.2670127E+03 -0.3439395E+03  0.7203927E+04  0.7203927E+04
 -0.7711172E+02  0.2674685E+03 -0.3445803E+03  0.7144112E+04  0.7144112E+04
 -0.7689722E+02  0.2679592E+03 -0.3448564E+03  0.7189897E+04  0.7189897E+04
 -0.7628333E+02  0.2684847E+03 -0.3447681E+03  0.6941283E+04  0.6941283E+04
 -0.7566943E+02  0.2690103E+03 -0.3446797E+03  0.7193669E+04  0.7193669E+04
 -0.7505553E+02  0.2695358E+03 -0.3445913E+03  0.6940056E+04  0.6940056E+04
 -0.7459074E+02  0.2700420E+03 -0.3446327E+03  0.7041591E+04  0.7041591E+04
 -0.7427504E+02  0.2705288E+03 -0.3448039E+03  0.7277275E+04  0.7277275E+04
 -0.7395934E+02  0.2710157E+03 -0.3449750E+03  0.7136959E+04  0.7136959E+04
 -0.7364364E+02  0.2715025E+03 -0.3451462E+03  0.7079644E+04  0.7079644E+04
 -0.7378146E+02  0.2719866E+03 -0.3457681E+03  0.7216781E+04  0.7216781E+04
 -0.7437282E+02  0.2724680E+03 -0.3468409E+03  0.7070373E+04  0.7070373E+04
 -0.7496418E+02  0.2729495E+03 -0.3479137E+03  0.7205964E+04  0.7205964E+04
 -0.7555553E+02  0.2734309E+03 -0.3489864E+03  0.6956556E+04  0.6956556E+04
 -0.7595138E+02  0.2739666E+03 -0.3499180E+03  0.7243951E+04  0.7243951E+04
 -0.7615172E+02  0.2745566E+03 -0.3507083E+03  0.7457152E+04  0.7457152E+04
 -0.7635206E+02  0.2751466E+03 -0.3514986E+03  0.7345352E+04  0.7345352E+04
 -0.7655240E+02  0.2757366E+03 -0.3522890E+03  0.7240552E+04  0.7240552E+04
 -0.7641871E+02  0.2763100E+03 -0.3527287E+03  0.7208419E+04  0.7208419E+04
 -0.7595100E+02  0.2768669E+03 -0.3528179E+03  0.7145951E+04  0.7145951E+04
 -0.7548330E+02  0.2774237E+03 -0.3529070E+03  0.7258483E+04  0.7258483E+04
 -0.7501559E+02  0.2779806E+03 -0.3529962E+03  0.7160016E+04  0.7160016E+04
 -0.7484786E+02  0.2785105E+03 -0.3533583E+03  0.7095848E+04  0.7095848E+04
 -0.7498010E+02  0.2790133E+03 -0.3539934E+03  0.7421980E+04  0.7421980E+04
 -0.7511234E+02  0.2795162E+03 -0.3546285E+03  0.7246112E+04  0.7246112E+04
 -0.7524458E+02  0.2800190E+03 -0.3552636E+03  0.7305245E+04  0.7305245E+04
 -0.7477772E+02  0.2805453E+03 -0.3553230E+03  0.7229778E+04  0.7229778E+04
 -0.7371174E+02  0.2810948E+03 -0.3548066E+03  0.7364712E+04  0.7364712E+04
 -0.7264577E+02  0.2816444E+03 -0.3542902E+03  0.7279646E+04  0.7279646E+04
 -0.7157979E+02  0.2821940E+03 -0.3537738E+03  0.7069580E+04  0.7069580E+04
 -0.7089420E+02  0.2826882E+03 -0.3535824E+03  0.7177894E+04  0.7177894E+04
 -0.7058899E+02  0.2831270E+03 -0.3537160E+03  0.7440589E+04  0.7440589E+04
 -0.7028379E+02  0.2835659E+03 -0.3538497E+03  0.7196284E+04  0.7196284E+04
 -0.6997858E+02  0.2840047E+03 -0.3539833E+03  0.7267979E+04  0.7267979E+04
 -0.6990041E+02  0.2844426E+03 -0.3543430E+03  0.7430900E+04  0.7430900E+04
 -0.7004928E+02  0.2848796E+03 -0.3549289E+03  0.7107049E+04  0.7107049E+04
 -0.7019815E+02  0.2853166E+03 -0.3555147E+03  0.7281198E+04  0.7281198E+04
 -0.7034702E+02  0.2857536E+03 -0.3561006E+03  0.7057347E+04  0.7057347E+04
 -0.7018342E+02  0.2862217E+03 -0.3564052E+03  0.7260184E+04  0.7260184E+04
 -0.6970737E+02  0.2867210E+03 -0.3564284E+03  0.7604708E+04  0.7604708E+04
 -0.6923132E+02  0.2872203E+03 -0.3564517E+03  0.7377231E+04  0.7377231E+04
 -0.6875527E+02  0.2877196E+03 -0.3564749E+03  0.7253755E+04  0.7253755E+04
 -0.6909138E+02  0.2881669E+03 -0.3572583E+03  0.7114091E+04  0.7114091E+04
 -0.7023968E+02  0.2885621E+03 -0.3588018E+03  0.7290240E+04  0.7290240E+04
 -0.7138797E+02  0.2889572E+03 -0.3603452E+03  0.7401388E+04  0.7401388E+04
 -0.7253626E+02  0.2893524E+03 -0.3618887E+03  0.7268536E+04  0.7268536E+04
 -0.7251492E+02  0.2898331E+03 -0.3623480E+03  0.7298515E+04  0.7298515E+04
 -0.7132396E+02  0.2903992E+03 -0.3617231E+03  0.7551324E+04  0.7551324E+04
 -0.7013300E+02  0.2909653E+03 -0.3610983E+03  0.7186133E+04  0.7186133E+04
 -0.6894203E+02  0.2915314E+03 -0.3604734E+03  0.7399942E+04  0.7399942E+04
 -0.6858201E+02  0.2920266E+03 -0.3606086E+03  0.7477582E+04  0.7477582E+04
 -0.6905293E+02  0.2924510E+03 -0.3615040E+03  0.7247053E+04  0.7247053E+04
 -0.6952383E+02  0.2928755E+03 -0.3623993E+03  0.7374524E+04  0.7374524E+04
 -0.6999475E+02  0.2932999E+03 -0.3632946E+03  0.7213995E+04  0.7213995E+04
 -0.6945046E+02  0.2937677E+03 -0.3632182E+03  0.7324451E+04  0.7324451E+04
 -0.6789096E+02  0.2942789E+03 -0.3621699E+03  0.7685891E+04  0.7685891E+04
 -0.6633146E+02  0.2947901E+03 -0.3611216E+03  0.7371332E+04  0.7371332E+04
 -0.6477196E+02  0.2953013E+03 -0.3600733E+03  0.7372772E+04  0.7372772E+04
 -0.6398376E+02  0.2957234E+03 -0.3597072E+03  0.7234984E+04  0.7234984E+04
 -0.6396685E+02  0.2960565E+03 -0.3600233E+03  0.7268967E+04  0.7268967E+04
 -0.6394994E+02  0.2963895E+03 -0.3603394E+03  0.7284950E+04  0.7284950E+04
 -0.6393303E+02  0.2967225E+03 -0.3606556E+03  0.7222933E+04  0.7222933E+04
 -0.6428517E+02  0.2970764E+03 -0.3613615E+03  0.7182285E+04  0.7182285E+04
 -0.6500638E+02  0.2974510E+03 -0.3624574E+03  0.7648006E+04  0.7648006E+04
 -0.6572758E+02  0.2978257E+03 -0.3635533E+03  0.7387728E+04  0.7387728E+04
 -0.6644878E+02  0.2982003E+03 -0.3646491E+03  0.7433449E+04  0.7433449E+04
 -0.6662750E+02  0.2986104E+03 -0.3652379E+03  0.7523627E+04  0.7523627E+04
 -0.6626375E+02  0.2990560E+03 -0.3653198E+03  0.7201264E+04  0.7201264E+04
 -0.6589999E+02  0.2995016E+03 -0.3654016E+03  0.7181900E+04  0.7181900E+04
 -0.6553624E+02  0.2999471E+03 -0.3654834E+03  0.7326536E+04  0.7326536E+04
 -0.6509274E+02  0.3003786E+03 -0.3654713E+03  0.7257093E+04  0.7257093E+04
 -0.6456950E+02  0.3007959E+03 -0.3653654E+03  0.7801569E+04  0.7801569E+04
 -0.6404625E+02  0.3012132E+03 -0.3652595E+03  0.7469046E+04  0.7469046E+04
 -0.6352301E+02  0.3016305E+03 -0.3651535E+03  0.7397523E+04  0.7397523E+04
 -0.6317957E+02  0.3020234E+03 -0.3652030E+03  0.7508180E+04  0.7508180E+04
 -0.6301594E+02  0.3023919E+03 -0.3654078E+03  0.7145016E+04  0.7145016E+04
 -0.6285231E+02  0.3027604E+03 -0.3656127E+03  0.7185853E+04  0.7185853E+04
 -0.6268867E+02  0.3031289E+03 -0.3658176E+03  0.7273688E+04  0.7273688E+04
 -0.6196134E+02  0.3035027E+03 -0.3654641E+03  0.7492961E+04  0.7492961E+04
 -0.6067030E+02  0.3038820E+03 -0.3645523E+03  0.7625670E+04  0.7625670E+04
 -0.5937926E+02  0.3042612E+03 -0.3636405E+03  0.7353379E+04  0.7353379E+04
 -0.5808822E+02  0.3046405E+03 -0.3627287E+03  0.7402088E+04  0.7402088E+04
 -0.5794559E+02  0.3049526E+03 -0.3628983E+03  0.7477946E+04  0.7477946E+04
 -0.5895137E+02  0.3051977E+03 -0.3641491E+03  0.7037951E+04  0.7037951E+04
 -0.5995715E+02  0.3054428E+03 -0.3653999E+03  0.7244957E+04  0.7244957E+04
 -0.6096293E+02  0.3056879E+03 -0.3666508E+03  0.7368963E+04  0.7368963E+04
 -0.6088609E+02  0.3059988E+03 -0.3668849E+03  0.7329886E+04  0.7329886E+04
 -0.5972661E+02  0.3063755E+03 -0.3661021E+03  0.7616727E+04  0.7616727E+04
 -0.5856713E+02  0.3067523E+03 -0.3653195E+03  0.7447567E+04  0.7447567E+04
 -0.5740766E+02  0.3071291E+03 -0.3645367E+03  0.7282408E+04  0.7282408E+04
 -0.5726772E+02  0.3074392E+03 -0.3647069E+03  0.7323268E+04  0.7323268E+04
 -0.5814731E+02  0.3076826E+03 -0.3658300E+03  0.7219147E+04  0.7219147E+04
 -0.5902691E+02  0.3079261E+03 -0.3669530E+03  0.7399027E+04  0.7399027E+04
 -0.5990650E+02  0.3081695E+03 -0.3680760E+03  0.7235907E+04  0.7235907E+04
 -0.5977033E+02  0.3084885E+03 -0.3682588E+03  0.7355771E+04  0.7355771E+04
 -0.5861838E+02  0.3088829E+03 -0.3675013E+03  0.7641618E+04  0.7641618E+04
 -0.5746644E+02  0.3092774E+03 -0.3667438E+03  0.7452466E+04  0.7452466E+04
 -0.5631450E+02  0.3096718E+03 -0.3659863E+03  0.7352314E+04  0.7352314E+04
 -0.5598945E+02  0.3099986E+03 -0.3659880E+03  0.7353989E+04  0.7353989E+04
 -0.5649131E+02  0.3102576E+03 -0.3667489E+03  0.7212491E+04  0.7212491E+04
 -0.5699316E+02  0.3105166E+03 -0.3675098E+03  0.7296993E+04  0.7296993E+04
 -0.5749501E+02  0.3107756E+03 -0.3682706E+03  0.7251495E+04  0.7251495E+04
 -0.5779930E+02  0.3110842E+03 -0.3688835E+03  0.7342799E+04  0.7342799E+04
 -0.5790602E+02  0.3114424E+03 -0.3693484E+03  0.7728906E+04  0.7728906E+04
 -0.5801274E+02  0.3118006E+03 -0.3698133E+03  0.7544013E+04  0.7544013E+04
 -0.5811946E+02  0.3121588E+03 -0.3702782E+03  0.7419120E+04  0.7419120E+04
 -0.5818422E+02  0.3125326E+03 -0.3707168E+03  0.7652184E+04  0.7652184E+04
 -0.5820700E+02  0.3129221E+03 -0.3711292E+03  0.7158207E+04  0.7158207E+04
 -0.5822979E+02  0.3133117E+03 -0.3715415E+03  0.7397230E+04  0.7397230E+04
 -0.5825257E+02  0.3137012E+03 -0.3719538E+03  0.7347252E+04  0.7347252E+04
 -0.5781245E+02  0.3140702E+03 -0.3718827E+03  0.7382812E+04  0.7382812E+04
 -0.5690942E+02  0.3144187E+03 -0.3713281E+03  0.7650909E+04  0.7650909E+04
 -0.5600640E+02  0.3147672E+03 -0.3707736E+03  0.7495006E+04  0.7495006E+04
 -0.5510337E+02  0.3151156E+03 -0.3702190E+03  0.7389104E+04  0.7389104E+04
 -0.5524563E+02  0.3154125E+03 -0.3706581E+03  0.7432246E+04  0.7432246E+04
 -0.5643318E+02  0.3156578E+03 -0.3720910E+03  0.7269433E+04  0.7269433E+04
 -0.5762073E+02  0.3159031E+03 -0.3735238E+03  0.7464621E+04  0.7464621E+04
 -0.5880828E+02  0.3161483E+03 -0.3749566E+03  0.7373808E+04  0.7373808E+04
 -0.5878357E+02  0.3164848E+03 -0.3752683E+03  0.7565784E+04  0.7565784E+04
 -0.5754662E+02  0.3169123E+03 -0.3744589E+03  0.7631546E+04  0.7631546E+04
 -0.5630966E+02  0.3173398E+03 -0.3736495E+03  0.7381310E+04  0.7381310E+04
 -0.5507270E+02  0.3177673E+03 -0.3728401E+03  0.7330073E+04  0.7330073E+04
 -0.5460890E+02  0.3181145E+03 -0.3727234E+03  0.7552609E+04  0.7552609E+04
 -0.5491826E+02  0.3183813E+03 -0.3732996E+03  0.7494918E+04  0.7494918E+04
 -0.5522762E+02  0.3186482E+03 -0.3738758E+03  0.7602228E+04  0.7602228E+04
 -0.5553698E+02  0.3189149E+03 -0.3744519E+03  0.7355537E+04  0.7355537E+04
 -0.5559975E+02  0.3192154E+03 -0.3748152E+03  0.7455600E+04  0.7455600E+04
 -0.5541594E+02  0.3195495E+03 -0.3749654E+03  0.7538416E+04  0.7538416E+04
 -0.5523212E+02  0.3198836E+03 -0.3751157E+03  0.7538232E+04  0.7538232E+04
 -0.5504830E+02  0.3202176E+03 -0.3752659E+03  0.7408048E+04  0.7408048E+04
 -0.5492463E+02  0.3205468E+03 -0.3754714E+03  0.7658925E+04  0.7658925E+04
 -0.5486113E+02  0.3208709E+03 -0.3757320E+03  0.7384861E+04  0.7384861E+04
 -0.5479761E+02  0.3211950E+03 -0.3759926E+03  0.7338798E+04  0.7338798E+04
 -0.5473410E+02  0.3215191E+03 -0.3762533E+03  0.7302734E+04  0.7302734E+04
 -0.5435301E+02  0.3218228E+03 -0.3761758E+03  0.7510353E+04  0.7510353E+04
 -0.5365434E+02  0.3221059E+03 -0.3757602E+03  0.7801654E+04  0.7801654E+04
 -0.5295566E+02  0.3223890E+03 -0.3753446E+03  0.7460956E+04  0.7460956E+04
 -0.5225698E+02  0.3226721E+03 -0.3749291E+03  0.7375257E+04  0.7375257E+04
 -0.5208898E+02  0.3229202E+03 -0.3750092E+03  0.7536089E+04  0.7536089E+04
 -0.5245165E+02  0.3231333E+03 -0.3755849E+03  0.7437452E+04  0.7437452E+04
 -0.5281431E+02  0.3233463E+03 -0.3761607E+03  0.7467814E+04  0.7467814E+04
 -0.5317698E+02  0.3235594E+03 -0.3767364E+03  0.7336177E+04  0.7336177E+04
 -0.5300980E+02  0.3238102E+03 -0.3768200E+03  0.7442010E+04  0.7442010E+04
 -0.5231278E+02  0.3240986E+03 -0.3764113E+03  0.7732313E+04  0.7732313E+04
 -0.5161575E+02  0.3243869E+03 -0.3760027E+03  0.7486616E+04  0.7486616E+04
 -0.5091873E+02  0.3246753E+03 -0.3755941E+03  0.7454919E+04  0.7454919E+04
 -0.5059355E+02  0.3249261E+03 -0.3755197E+03  0.7524594E+04  0.7524594E+04
 -0.5064021E+02  0.3251393E+03 -0.3757794E+03  0.7368640E+04  0.7368640E+04
 -0.5068688E+02  0.3253524E+03 -0.3760393E+03  0.7403687E+04  0.7403687E+04
 -0.5073354E+02  0.3255656E+03 -0.3762991E+03  0.7447733E+04  0.7447733E+04
 -0.5042690E+02  0.3257941E+03 -0.3762210E+03  0.7431427E+04  0.7431427E+04
 -0.4976696E+02  0.3260380E+03 -0.3758049E+03  0.7629767E+04  0.7629767E+04
 -0.4910701E+02  0.3262819E+03 -0.3753889E+03  0.7670107E+04  0.7670107E+04
 -0.4844707E+02  0.3265258E+03 -0.3749728E+03  0.7410447E+04  0.7410447E+04
 -0.4713721E+02  0.3267221E+03 -0.3738594E+03  0.7322137E+04  0.7322137E+04
 -0.4517745E+02  0.3268711E+03 -0.3720485E+03  0.7290177E+04  0.7290177E+04
 -0.4321768E+02  0.3270199E+03 -0.3702376E+03  0.7298218E+04  0.7298218E+04
 -0.4125792E+02  0.3271689E+03 -0.3684268E+03  0.7128258E+04  0.7128258E+04
 -0.3938539E+02  0.3272058E+03 -0.3665912E+03  0.7286385E+04  0.7286385E+04
 -0.3760010E+02  0.3271308E+03 -0.3647309E+03  0.7350600E+04  0.7350600E+04
 -0.3581482E+02  0.3270558E+03 -0.3628706E+03  0.7141815E+04  0.7141815E+04
 -0.3402953E+02  0.3269807E+03 -0.3610103E+03  0.7104029E+04  0.7104029E+04
 -0.3229289E+02  0.3268308E+03 -0.3591237E+03  0.7205293E+04  0.7205293E+04
 -0.3060489E+02  0.3266060E+03 -0.3572109E+03  0.6987605E+04  0.6987605E+04
 -0.2891689E+02  0.3263812E+03 -0.3552981E+03  0.6987917E+04  0.6987917E+04
 -0.2722890E+02  0.3261563E+03 -0.3533852E+03  0.6729229E+04  0.6729229E+04
 -0.2548266E+02  0.3258763E+03 -0.3513590E+03  0.6837482E+04  0.6837482E+04
 -0.2367818E+02  0.3255412E+03 -0.3492194E+03  0.7245678E+04  0.7245678E+04
 -0.2187370E+02  0.3252061E+03 -0.3470798E+03  0.6760874E+04  0.6760874E+04
 -0.2006922E+02  0.3248710E+03 -0.3449402E+03  0.6679069E+04  0.6679069E+04
 -0.1968042E+02  0.3244790E+03 -0.3441595E+03  0.6852681E+04  0.6852681E+04
 -0.2070730E+02  0.3240304E+03 -0.3447377E+03  0.6809708E+04  0.6809708E+04
 -0.2173418E+02  0.3235816E+03 -0.3453158E+03  0.6686734E+04  0.6686734E+04
 -0.2276106E+02  0.3231330E+03 -0.3458940E+03  0.6784761E+04  0.6784761E+04
 -0.2209452E+02  0.3228107E+03 -0.3449052E+03  0.6831095E+04  0.6831095E+04
 -0.1973457E+02  0.3226148E+03 -0.3423494E+03  0.6982734E+04  0.6982734E+04
 -0.1737462E+02  0.3224189E+03 -0.3397935E+03  0.6464375E+04  0.6464375E+04
 -0.1501468E+02  0.3222230E+03 -0.3372377E+03  0.6622015E+04  0.6622015E+04
 -0.1422309E+02  0.3218906E+03 -0.3361137E+03  0.6745223E+04  0.6745223E+04
 -0.1499986E+02  0.3214217E+03 -0.3364215E+03  0.6551000E+04  0.6551000E+04
 -0.1577664E+02  0.3209527E+03 -0.3367293E+03  0.6583777E+04  0.6583777E+04
 -0.1655341E+02  0.3204837E+03 -0.3370372E+03  0.6607553E+04  0.6607553E+04
 -0.1557567E+02  0.3201092E+03 -0.3356848E+03  0.6678576E+04  0.6678576E+04
 -0.1284340E+02  0.3198290E+03 -0.3326725E+03  0.6593843E+04  0.6593843E+04
 -0.1011114E+02  0.3195489E+03 -0.3296600E+03  0.6554111E+04  0.6554111E+04
 -0.7378881E+01  0.3192687E+03 -0.3266476E+03  0.6486379E+04  0.6486379E+04
 -0.6012751E+01  0.3188430E+03 -0.3224500E+03  0.6328013E+04  0.6328013E+04
 -0.6012751E+01  0.3182719E+03 -0.3170673E+03  0.6107013E+04  0.6107013E+04
  0.1323359E+02  0.3177007E+03 -0.3116845E+03  0.6106767E+04  0.6106767E+04
  0.1323359E+02  0.3171295E+03 -0.3063018E+03  0.5752767E+04  0.5752767E+04
  0.1487315E+02  0.3163062E+03 -0.3014330E+03  0.5821127E+04  0.5821127E+04
  0.1815227E+02  0.3152306E+03 -0.2970783E+03  0.6016848E+04  0.6016848E+04
  0.2143139E+02  0.3141550E+03 -0.2927236E+03  0.5645569E+04  0.5645569E+04
  0.2471051E+02  0.3130794E+03 -0.2883689E+03  0.5586290E+04  0.5586290E+04
  0.2735415E+02  0.3118996E+03 -0.2845455E+03  0.5567646E+04  0.5567646E+04
  0.2936229E+02  0.3106157E+03 -0.2812534E+03  0.5484638E+04  0.5484638E+04
  0.3137044E+02  0.3093318E+03 -0.2779613E+03  0.5333629E+04  0.5333629E+04
  0.3337859E+02  0.3080478E+03 -0.2746692E+03  0.5257622E+04  0.5257622E+04
  0.3463808E+02  0.3067573E+03 -0.2721192E+03  0.5251362E+04  0.5251362E+04
  0.3514891E+02  0.3054601E+03 -0.2703112E+03  0.5373851E+04  0.5373851E+04
  0.3565975E+02  0.3041629E+03 -0.2685031E+03  0.5256340E+04  0.5256340E+04
  0.3617059E+02  0.3028657E+03 -0.2666951E+03  0.5137830E+04  0.5137830E+04
  0.3547135E+02  0.3016316E+03 -0.2661602E+03  0.5206529E+04  0.5206529E+04
  0.3356203E+02  0.3004604E+03 -0.2668984E+03  0.4994438E+04  0.4994438E+04
  0.3165272E+02  0.2992893E+03 -0.2676366E+03  0.5283347E+04  0.5283347E+04
  0.2974340E+02  0.2981182E+03 -0.2683748E+03  0.5039257E+04  0.5039257E+04
  0.2916734E+02  0.2971414E+03 -0.2679742E+03  0.5196833E+04  0.5196833E+04
  0.2992453E+02  0.2963592E+03 -0.2664346E+03  0.5312076E+04  0.5312076E+04
  0.3068173E+02  0.2955768E+03 -0.2648951E+03  0.5097318E+04  0.5097318E+04
  0.3143892E+02  0.2947945E+03 -0.2633556E+03  0.5134561E+04  0.5134561E+04
  0.3169403E+02  0.2939881E+03 -0.2622941E+03  0.5161306E+04  0.5161306E+04
  0.3144704E+02  0.2931577E+03 -0.2617106E+03  0.4939553E+04  0.4939553E+04
  0.3120005E+02  0.2923272E+03 -0.2611271E+03  0.5066800E+04  0.5066800E+04
  0.3095306E+02  0.2914967E+03 -0.2605437E+03  0.4881047E+04  0.4881047E+04
  0.3171317E+02  0.2907068E+03 -0.2589936E+03  0.4998287E+04  0.4998287E+04
  0.3348037E+02  0.2899574E+03 -0.2564770E+03  0.5201520E+04  0.5201520E+04
  0.3524758E+02  0.2892079E+03 -0.2539604E+03  0.4894752E+04  0.4894752E+04
  0.3701478E+02  0.2884585E+03 -0.2514438E+03  0.4897985E+04  0.4897985E+04
  0.3747228E+02  0.2876184E+03 -0.2501461E+03  0.4893528E+04  0.4893528E+04
  0.3662007E+02  0.2866876E+03 -0.2500675E+03  0.4652380E+04  0.4652380E+04
  0.3576786E+02  0.2857567E+03 -0.2499889E+03  0.4843232E+04  0.4843232E+04
  0.3491566E+02  0.2848259E+03 -0.2499102E+03  0.4766084E+04  0.4766084E+04
  0.3527028E+02  0.2839831E+03 -0.2487128E+03  0.4770729E+04  0.4770729E+04
  0.3683173E+02  0.2832282E+03 -0.2463965E+03  0.4905168E+04  0.4905168E+04
  0.3839318E+02  0.2824734E+03 -0.2440802E+03  0.4691607E+04  0.4691607E+04
  0.3995464E+02  0.2817185E+03 -0.2417639E+03  0.4652045E+04  0.4652045E+04
  0.4115979E+02  0.2808848E+03 -0.2397251E+03  0.4604840E+04  0.4604840E+04
  0.4200863E+02  0.2799723E+03 -0.2379637E+03  0.4580991E+04  0.4580991E+04
  0.4285748E+02  0.2790597E+03 -0.2362023E+03  0.4669143E+04  0.4669143E+04
  0.4370633E+02  0.2781472E+03 -0.2344409E+03  0.4410293E+04  0.4410293E+04
  0.4497127E+02  0.2772129E+03 -0.2322417E+03  0.4503029E+04  0.4503029E+04
  0.4665231E+02  0.2762570E+03 -0.2296047E+03  0.4372348E+04  0.4372348E+04
  0.4833335E+02  0.2753011E+03 -0.2269678E+03  0.4323667E+04  0.4323667E+04
  0.5001439E+02  0.2743452E+03 -0.2243308E+03  0.4420986E+04  0.4420986E+04
  0.5154957E+02  0.2733208E+03 -0.2217712E+03  0.4289450E+04  0.4289450E+04
  0.5293887E+02  0.2722278E+03 -0.2192890E+03  0.4067061E+04  0.4067061E+04
  0.5432817E+02  0.2711349E+03 -0.2168068E+03  0.4053672E+04  0.4053672E+04
  0.5571748E+02  0.2700420E+03 -0.2143246E+03  0.4001282E+04  0.4001282E+04
  0.5601568E+02  0.2689121E+03 -0.2128964E+03  0.4084984E+04  0.4084984E+04
  0.5522277E+02  0.2677450E+03 -0.2125223E+03  0.4169777E+04  0.4169777E+04
  0.5442987E+02  0.2665780E+03 -0.2121481E+03  0.4111570E+04  0.4111570E+04
  0.5363697E+02  0.2654110E+03 -0.2117740E+03  0.4125363E+04  0.4125363E+04
  0.5429992E+02  0.2643473E+03 -0.2100473E+03  0.4112700E+04  0.4112700E+04
  0.5641872E+02  0.2633868E+03 -0.2069681E+03  0.3839581E+04  0.3839581E+04
  0.5853752E+02  0.2624263E+03 -0.2038888E+03  0.3852462E+04  0.3852462E+04
  0.6065632E+02  0.2614659E+03 -0.2008096E+03  0.3801344E+04  0.3801344E+04
  0.6245781E+02  0.2603942E+03 -0.1979364E+03  0.3808542E+04  0.3808542E+04
  0.6394199E+02  0.2592113E+03 -0.1952694E+03  0.3718058E+04  0.3718058E+04
  0.6542616E+02  0.2580284E+03 -0.1926023E+03  0.3671574E+04  0.3671574E+04
  0.6691035E+02  0.2568456E+03 -0.1899352E+03  0.3540090E+04  0.3540090E+04
  0.6995982E+02  0.2556108E+03 -0.1856510E+03  0.3603040E+04  0.3603040E+04
  0.7457456E+02  0.2543243E+03 -0.1797497E+03  0.3498426E+04  0.3498426E+04
  0.7918932E+02  0.2530377E+03 -0.1738484E+03  0.3301811E+04  0.3301811E+04
  0.8380407E+02  0.2517511E+03 -0.1679470E+03  0.3201196E+04  0.3201196E+04
  0.8980000E+02  0.2502287E+03 -0.1604287E+03  0.3062200E+04  0.3062200E+04
  0.9717709E+02  0.2484704E+03 -0.1512933E+03  0.2840823E+04  0.2840823E+04
  0.1045542E+03  0.2467122E+03 -0.1421580E+03  0.2777446E+04  0.2777446E+04
  0.1119313E+03  0.2449539E+03 -0.1330227E+03  0.2484069E+04  0.2484069E+04
  0.1209108E+03  0.2428300E+03 -0.1219192E+03  0.2284089E+04  0.2284089E+04
  0.1314926E+03  0.2403403E+03 -0.1088477E+03  0.1912507E+04  0.1912507E+04
  0.1420745E+03  0.2378507E+03 -0.9577613E+02  0.1666925E+04  0.1666925E+04
  0.1526564E+03  0.2353610E+03 -0.8270458E+02  0.1388344E+04  0.1388344E+04
  0.1610792E+03  0.2323746E+03 -0.7129541E+02  0.1158921E+04  0.1158921E+04
  0.1673429E+03  0.2288916E+03 -0.6154863E+02  0.1047657E+04  0.1047657E+04
  0.1736066E+03  0.2254085E+03 -0.5180184E+02  0.7623934E+03  0.7623934E+03
  0.1798704E+03  0.2219254E+03 -0.4205505E+02  0.5791296E+03  0.5791296E+03
  0.1832458E+03  0.2183089E+03 -0.3506300E+02  0.4797542E+03  0.4797542E+03
  0.1837331E+03  0.2145588E+03 -0.3082569E+02  0.3292668E+03  0.3292668E+03
  0.1842204E+03  0.2108088E+03 -0.2658838E+02  0.2557796E+03  0.2557796E+03
  0.1847077E+03  0.2070588E+03 -0.2235106E+02  0.2062923E+03  0.2062923E+03
  0.1840466E+03  0.2035461E+03 -0.1949949E+02  0.1569534E+03  0.1569534E+03
  0.1822370E+03  0.2002706E+03 -0.1803364E+02  0.2057630E+03  0.2057630E+03
  0.1804274E+03  0.1969952E+03 -0.1656780E+02  0.1135726E+03  0.1135726E+03
  0.1786179E+03  0.1937198E+03 -0.1510196E+02  0.1073821E+03  0.1073821E+03
  0.1768105E+03  0.1907406E+03 -0.1393010E+02  0.1001895E+03  0.1001895E+03
  0.1750053E+03  0.1880576E+03 -0.1305224E+02  0.7499467E+02  0.7499467E+02
  0.1732001E+03  0.1853745E+03 -0.1217438E+02  0.2679987E+02  0.2679987E+02
  0.1713949E+03  0.1826915E+03 -0.1129652E+02  0.2260506E+02  0.2260506E+02
  0.1695260E+03  0.1802103E+03 -0.1068428E+02  0.2547395E+02  0.2547395E+02
  0.1675934E+03  0.1779311E+03 -0.1033765E+02  0.7940657E+02  0.7940657E+02
  0.1656608E+03  0.1756518E+03 -0.9991017E+01  0.2333919E+02  0.2333919E+02
  0.1637282E+03  0.1733726E+03 -0.9644387E+01  0.3027180E+02  0.3027180E+02
  0.1619192E+03  0.1712511E+03 -0.9331912E+01  0.2908080E+02  0.2908080E+02
  0.1602339E+03  0.1692874E+03 -0.9053594E+01 -0.5233856E+01  0.0000000E+00
  0.1585485E+03  0.1673238E+03 -0.8775273E+01  0.1045151E+02  0.1045151E+02
  0.1568631E+03  0.1653601E+03 -0.8496955E+01 -0.5863144E+01  0.0000000E+00
  0.1552214E+03  0.1635100E+03 -0.8288579E+01 -0.1922139E+02  0.0000000E+00
  0.1536232E+03  0.1617734E+03 -0.8150146E+01  0.3337675E+02  0.3337675E+02
  0.1520251E+03  0.1600368E+03 -0.8011714E+01  0.5974915E+01  0.5974915E+01
  0.1504269E+03  0.1583002E+03 -0.7873282E+01  0.5730591E+00  0.5730591E+00
  0.1489212E+03  0.1566549E+03 -0.7733678E+01  0.1807875E+02  0.1807875E+02
  0.1475080E+03  0.1551009E+03 -0.7592902E+01 -0.2350803E+02  0.0000000E+00
  0.1460948E+03  0.1535469E+03 -0.7452125E+01 -0.9094788E+01  0.0000000E+00
  0.1446816E+03  0.1519929E+03 -0.7311349E+01 -0.6681564E+01  0.0000000E+00
  0.1433114E+03  0.1505075E+03 -0.7196113E+01 -0.1231139E+02  0.0000000E+00
  0.1419843E+03  0.1490907E+03 -0.7106418E+01  0.8015747E+01  0.8015747E+01
  0.1406571E+03  0.1476739E+03 -0.7016723E+01 -0.2657135E+01  0.0000000E+00
  0.1393300E+03  0.1462570E+03 -0.6927028E+01 -0.1133000E+02  0.0000000E+00
  0.1380703E+03  0.1448973E+03 -0.6827012E+01  0.1929672E+01  0.1929672E+01
  0.1368781E+03  0.1435948E+03 -0.6716674E+01 -0.1487810E+02  0.0000000E+00
  0.1356859E+03  0.1422922E+03 -0.6606337E+01  0.3141479E+00  0.3141479E+00
  0.1344936E+03  0.1409896E+03 -0.6496000E+01 -0.2049362E+02  0.0000000E+00
  0.1332877E+03  0.1397322E+03 -0.6444499E+01 -0.2028766E+02  0.0000000E+00
  0.1320680E+03  0.1385198E+03 -0.6451835E+01 -0.1067963E+01  0.0000000E+00
  0.1308483E+03  0.1373074E+03 -0.6459170E+01 -0.3848282E+01  0.0000000E+00
  0.1296286E+03  0.1360951E+03 -0.6466506E+01 -0.1562859E+02  0.0000000E+00
  0.1284409E+03  0.1349278E+03 -0.6486860E+01 -0.1044095E+02  0.0000000E+00
  0.1272854E+03  0.1338056E+03 -0.6520232E+01  0.9714645E+01  0.9714645E+01
  0.1261298E+03  0.1326834E+03 -0.6553604E+01 -0.2129768E+01  0.0000000E+00
  0.1249742E+03  0.1315611E+03 -0.6586976E+01 -0.1974174E+01  0.0000000E+00
  0.1239464E+03  0.1304772E+03 -0.6530879E+01  0.9053642E+01  0.9053642E+01
  0.1230463E+03  0.1294316E+03 -0.6385312E+01  0.2953682E+01  0.2953682E+01
  0.1221463E+03  0.1283860E+03 -0.6239746E+01 -0.3146271E+01  0.0000000E+00
  0.1212462E+03  0.1273404E+03 -0.6094179E+01 -0.2462311E+00  0.0000000E+00
  0.1202738E+03  0.1263156E+03 -0.6041827E+01 -0.1427376E+02  0.0000000E+00
  0.1192289E+03  0.1253115E+03 -0.6082689E+01 -0.4228851E+01  0.0000000E+00
  0.1181839E+03  0.1243075E+03 -0.6123550E+01 -0.2183937E+01  0.0000000E+00
  0.1171390E+03  0.1233034E+03 -0.6164412E+01 -0.2139030E+01  0.0000000E+00
  0.1162208E+03  0.1223309E+03 -0.6110035E+01 -0.3220848E+01  0.0000000E+00
  0.1154294E+03  0.1213898E+03 -0.5960419E+01  0.1357062E+02  0.1357062E+02
  0.1146379E+03  0.1204487E+03 -0.5810803E+01  0.1036208E+02  0.1036208E+02
  0.1138465E+03  0.1195077E+03 -0.5661187E+01 -0.1384646E+02  0.0000000E+00
  0.1129330E+03  0.1185817E+03 -0.5648779E+01  0.6703186E-01  0.6703186E-01
  0.1118974E+03  0.1176710E+03 -0.5773579E+01 -0.2289745E+02  0.0000000E+00
  0.1108619E+03  0.1167603E+03 -0.5898380E+01  0.1713808E+02  0.1713808E+02
  0.1098264E+03  0.1158496E+03 -0.6023180E+01  0.5173607E+01  0.5173607E+01
  0.1089599E+03  0.1149707E+03 -0.6010839E+01  0.1004011E+02  0.1004011E+02
  0.1082624E+03  0.1141238E+03 -0.5861355E+01 -0.5262421E+01  0.0000000E+00
  0.1075649E+03  0.1132768E+03 -0.5711872E+01 -0.8564949E+01  0.0000000E+00
  0.1068675E+03  0.1124299E+03 -0.5562389E+01 -0.5867477E+01  0.0000000E+00
  0.1061500E+03  0.1115920E+03 -0.5441936E+01  0.1184997E+02  0.1184997E+02
  0.1054126E+03  0.1107631E+03 -0.5350514E+01 -0.4412613E+01  0.0000000E+00
  0.1046752E+03  0.1099343E+03 -0.5259091E+01 -0.7675194E+01  0.0000000E+00
  0.1039378E+03  0.1091054E+03 -0.5167669E+01 -0.8937775E+01  0.0000000E+00
  0.1031721E+03  0.1082899E+03 -0.5117844E+01 -0.3172104E+01  0.0000000E+00
  0.1023782E+03  0.1074878E+03 -0.5109616E+01 -0.3378174E+01  0.0000000E+00
  0.1015842E+03  0.1066856E+03 -0.5101388E+01 -0.1258424E+02  0.0000000E+00
  0.1007903E+03  0.1058835E+03 -0.5093161E+01 -0.1790306E+01  0.0000000E+00
  0.1000003E+03  0.1050998E+03 -0.5099494E+01  0.9999702E+01  0.9999702E+01
  0.9921421E+02  0.1043346E+03 -0.5120390E+01 -0.9214211E+01  0.0000000E+00
  0.9842813E+02  0.1035694E+03 -0.5141286E+01  0.4571869E+01  0.4571869E+01
  0.9764204E+02  0.1028042E+03 -0.5162182E+01 -0.2642044E+01  0.0000000E+00
  0.9690861E+02  0.1020569E+03 -0.5148247E+01 -0.1090861E+02  0.0000000E+00
  0.9622781E+02  0.1013273E+03 -0.5099481E+01  0.1377219E+02  0.1377219E+02
  0.9554702E+02  0.1005977E+03 -0.5050715E+01 -0.6547020E+01  0.0000000E+00
  0.9486622E+02  0.9986817E+02 -0.5001949E+01  0.1713378E+02  0.1713378E+02
  0.9422710E+02  0.9914914E+02 -0.4922031E+01 -0.2227104E+01  0.0000000E+00
  0.9362968E+02  0.9844064E+02 -0.4810960E+01 -0.7629677E+01  0.0000000E+00
  0.9303223E+02  0.9773212E+02 -0.4699889E+01 -0.4032234E+01  0.0000000E+00
  0.9243481E+02  0.9702362E+02 -0.4588818E+01 -0.6434807E+01  0.0000000E+00
  0.9173518E+02  0.9632130E+02 -0.4586135E+01 -0.7735176E+01  0.0000000E+00
  0.9093335E+02  0.9562519E+02 -0.4691843E+01 -0.4933350E+01  0.0000000E+00
  0.9013152E+02  0.9492907E+02 -0.4797549E+01  0.8684769E+00  0.8684769E+00
  0.8932970E+02  0.9423296E+02 -0.4903256E+01  0.8670303E+01  0.8670303E+01
  0.8862623E+02  0.9355787E+02 -0.4931640E+01  0.3737717E+00  0.3737717E+00
  0.8802111E+02  0.9290381E+02 -0.4882703E+01  0.1097889E+02  0.1097889E+02
  0.8741599E+02  0.9224976E+02 -0.4833765E+01  0.1258401E+02  0.1258401E+02
  0.8681087E+02  0.9159570E+02 -0.4784828E+01  0.1189133E+01  0.1189133E+01
  0.8628994E+02  0.9094904E+02 -0.4659099E+01 -0.3289940E+01  0.0000000E+00
  0.8585320E+02  0.9030978E+02 -0.4456581E+01  0.5146805E+01  0.5146805E+01
  0.8541646E+02  0.8967052E+02 -0.4254061E+01 -0.1141646E+02  0.0000000E+00
  0.8497971E+02  0.8903126E+02 -0.4051543E+01 -0.1797971E+02  0.0000000E+00
  0.8442561E+02  0.8838934E+02 -0.3963719E+01 -0.1842561E+02  0.0000000E+00
  0.8375415E+02  0.8774474E+02 -0.3990591E+01  0.9245850E+01  0.9245850E+01
  0.8308269E+02  0.8710015E+02 -0.4017463E+01 -0.5082687E+01  0.0000000E+00
  0.8241122E+02  0.8645556E+02 -0.4044335E+01  0.5588776E+01  0.5588776E+01
  0.8171378E+02  0.8582630E+02 -0.4112528E+01 -0.7137756E+00  0.0000000E+00
  0.8099035E+02  0.8521239E+02 -0.4222042E+01 -0.1999035E+02  0.0000000E+00
  0.8026691E+02  0.8459847E+02 -0.4331556E+01  0.1073309E+02  0.1073309E+02
  0.7954349E+02  0.8398456E+02 -0.4441070E+01  0.1545651E+02  0.1545651E+02
  0.7895377E+02  0.8338884E+02 -0.4435064E+01  0.2046227E+01  0.2046227E+01
  0.7849778E+02  0.8281132E+02 -0.4313536E+01 -0.4497780E+01  0.0000000E+00
  0.7804179E+02  0.8223380E+02 -0.4192009E+01 -0.7041786E+01  0.0000000E+00
  0.7758579E+02  0.8165627E+02 -0.4070482E+01  0.4142075E+00  0.4142075E+00
  0.7709631E+02  0.8107820E+02 -0.3981890E+01 -0.9630585E-01  0.0000000E+00
  0.7657333E+02  0.8049957E+02 -0.3926232E+01  0.1426666E+01  0.1426666E+01
  0.7605035E+02  0.7992093E+02 -0.3870574E+01 -0.1605035E+02  0.0000000E+00
  0.7552738E+02  0.7934229E+02 -0.3814916E+01 -0.1952738E+02  0.0000000E+00
  0.7491896E+02  0.7876913E+02 -0.3850169E+01  0.8081039E+01  0.8081039E+01
  0.7422510E+02  0.7820143E+02 -0.3976334E+01  0.1377490E+02  0.1377490E+02
  0.7353123E+02  0.7763373E+02 -0.4102499E+01  0.1146877E+02  0.1146877E+02
  0.7283736E+02  0.7706603E+02 -0.4228664E+01  0.8162636E+01  0.8162636E+01
  0.7226540E+02  0.7651636E+02 -0.4250955E+01  0.4734596E+01  0.4734596E+01
  0.7181534E+02  0.7598471E+02 -0.4169372E+01  0.1018466E+02  0.1018466E+02
  0.7136528E+02  0.7545307E+02 -0.4087789E+01  0.1634720E+01  0.1634720E+01
  0.7091521E+02  0.7492142E+02 -0.4006206E+01  0.1084785E+01  0.1084785E+01
  0.7041854E+02  0.7439075E+02 -0.3972210E+01  0.3581459E+01  0.3581459E+01
  0.6987526E+02  0.7386106E+02 -0.3985801E+01  0.1112474E+02  0.1112474E+02
  0.6933197E+02  0.7333136E+02 -0.3999391E+01 -0.2331970E+01  0.0000000E+00
  0.6878869E+02  0.7280167E+02 -0.4012981E+01  0.1421131E+02  0.1421131E+02
  0.6830934E+02  0.7227994E+02 -0.3970599E+01  0.1469066E+02  0.1469066E+02
  0.6789393E+02  0.7176617E+02 -0.3872243E+01  0.3106071E+01  0.3106071E+01
  0.6747852E+02  0.7125241E+02 -0.3773888E+01  0.1052148E+02  0.1052148E+02
  0.6706311E+02  0.7073865E+02 -0.3675532E+01  0.1936890E+01  0.1936890E+01
  0.6665228E+02  0.7022583E+02 -0.3573543E+01 -0.5652283E+01  0.0000000E+00
  0.6624604E+02  0.6971396E+02 -0.3467919E+01 -0.2460403E+00  0.0000000E+00
  0.6583980E+02  0.6920210E+02 -0.3362295E+01  0.7160202E+01  0.7160202E+01
  0.6543356E+02  0.6869022E+02 -0.3256671E+01 -0.5433556E+01  0.0000000E+00
  0.6499791E+02  0.6818046E+02 -0.3182551E+01 -0.1799791E+02  0.0000000E+00
  0.6453286E+02  0.6767279E+02 -0.3139934E+01 -0.2532860E+01  0.0000000E+00
  0.6406781E+02  0.6716513E+02 -0.3097318E+01 -0.4067810E+01  0.0000000E+00
  0.6360277E+02  0.6665746E+02 -0.3054701E+01 -0.1160277E+02  0.0000000E+00
  0.6310608E+02  0.6615636E+02 -0.3050278E+01 -0.4106079E+01  0.0000000E+00
  0.6257775E+02  0.6566180E+02 -0.3084049E+01 -0.4577755E+01  0.0000000E+00
  0.6204943E+02  0.6516724E+02 -0.3117820E+01  0.5950569E+01  0.5950569E+01
  0.6152111E+02  0.6467269E+02 -0.3151591E+01 -0.9521107E+01  0.0000000E+00
  0.6102196E+02  0.6418903E+02 -0.3167071E+01 -0.1021961E+01  0.0000000E+00
  0.6055200E+02  0.6371626E+02 -0.3164262E+01 -0.1551998E+01  0.0000000E+00
  0.6008204E+02  0.6324349E+02 -0.3161453E+01  0.1917961E+01  0.1917961E+01
  0.5961208E+02  0.6277072E+02 -0.3158643E+01 -0.6120758E+00  0.0000000E+00
  0.5915844E+02  0.6230433E+02 -0.3145883E+01 -0.2158443E+01  0.0000000E+00
  0.5872115E+02  0.6184432E+02 -0.3123172E+01  0.1278854E+01  0.1278854E+01
  0.5828384E+02  0.6138430E+02 -0.3100461E+01 -0.1128384E+02  0.0000000E+00
  0.5784655E+02  0.6092430E+02 -0.3077750E+01 -0.8465462E+00  0.0000000E+00
  0.5740200E+02  0.6046864E+02 -0.3066644E+01  0.1059800E+02  0.1059800E+02
  0.5695020E+02  0.6001734E+02 -0.3067143E+01  0.2049801E+01  0.2049801E+01
  0.5649840E+02  0.5956604E+02 -0.3067642E+01  0.6501602E+01  0.6501602E+01
  0.5604660E+02  0.5911474E+02 -0.3068141E+01  0.1953400E+01  0.1953400E+01
  0.5563585E+02  0.5866951E+02 -0.3033663E+01 -0.8635845E+01  0.0000000E+00
  0.5526613E+02  0.5823034E+02 -0.2964206E+01  0.7733868E+01  0.7733868E+01
  0.5489642E+02  0.5779117E+02 -0.2894749E+01  0.2103577E+01  0.2103577E+01
  0.5452671E+02  0.5735201E+02 -0.2825292E+01 -0.8526711E+01  0.0000000E+00
  0.5412179E+02  0.5691422E+02 -0.2792429E+01 -0.2121792E+01  0.0000000E+00
  0.5368167E+02  0.5647783E+02 -0.2796159E+01  0.1318329E+01  0.1318329E+01
  0.5324155E+02  0.5604144E+02 -0.2799889E+01  0.6758450E+01  0.6758450E+01
  0.5280143E+02  0.5560505E+02 -0.2803619E+01 -0.3801430E+01  0.0000000E+00
  0.5234465E+02  0.5517542E+02 -0.2830761E+01  0.4655346E+01  0.4655346E+01
  0.5187123E+02  0.5475255E+02 -0.2881315E+01 -0.6871231E+01  0.0000000E+00
  0.5139781E+02  0.5432968E+02 -0.2931870E+01  0.5602192E+01  0.5602192E+01
  0.5092439E+02  0.5390681E+02 -0.2982424E+01  0.5075615E+01  0.5075615E+01
  0.5051342E+02  0.5349302E+02 -0.2979602E+01  0.3486580E+01  0.3486580E+01
  0.5016491E+02  0.5308832E+02 -0.2923404E+01  0.8835087E+01  0.8835087E+01
  0.4981641E+02  0.5268361E+02 -0.2867207E+01  0.1183594E+01  0.1183594E+01
  0.4946790E+02  0.5227891E+02 -0.2811009E+01  0.7532101E+01  0.7532101E+01
  0.4911180E+02  0.5187498E+02 -0.2763176E+01  0.2888199E+01  0.2888199E+01
  0.4874811E+02  0.5147182E+02 -0.2723708E+01  0.2518921E+00  0.2518921E+00
  0.4838441E+02  0.5106865E+02 -0.2684240E+01  0.5615585E+01  0.5615585E+01
  0.4802072E+02  0.5066549E+02 -0.2644772E+01 -0.4020721E+01  0.0000000E+00
  0.4765641E+02  0.5026494E+02 -0.2608525E+01 -0.1656414E+01  0.0000000E+00
  0.4729150E+02  0.4986700E+02 -0.2575500E+01  0.5708504E+01  0.5708504E+01
  0.4692658E+02  0.4946906E+02 -0.2542475E+01  0.7073421E+01  0.7073421E+01
  0.4656166E+02  0.4907111E+02 -0.2509450E+01 -0.4561661E+01  0.0000000E+00
  0.4619398E+02  0.4867706E+02 -0.2483084E+01  0.1806023E+01  0.1806023E+01
  0.4582354E+02  0.4828691E+02 -0.2463378E+01 -0.2823536E+01  0.0000000E+00
  0.4545309E+02  0.4789676E+02 -0.2443671E+01 -0.3453091E+01  0.0000000E+00
  0.4508265E+02  0.4750661E+02 -0.2423965E+01  0.8917351E+01  0.8917351E+01
  0.4470692E+02  0.4712119E+02 -0.2414260E+01 -0.6706924E+01  0.0000000E+00
  0.4432592E+02  0.4674048E+02 -0.2414557E+01  0.2674076E+01  0.2674076E+01
  0.4394492E+02  0.4635978E+02 -0.2414853E+01  0.2055077E+01  0.2055077E+01
  0.4356392E+02  0.4597907E+02 -0.2415150E+01  0.9436077E+01  0.9436077E+01
  0.4319496E+02  0.4560382E+02 -0.2408853E+01  0.8050385E+00  0.8050385E+00
  0.4283805E+02  0.4523401E+02 -0.2395962E+01 -0.4838047E+01  0.0000000E+00
  0.4248113E+02  0.4486420E+02 -0.2383071E+01  0.9518871E+01  0.9518871E+01
  0.4212421E+02  0.4449439E+02 -0.2370180E+01 -0.1242142E+00  0.0000000E+00
  0.4174965E+02  0.4412864E+02 -0.2378994E+01  0.6250351E+01  0.6250351E+01
  0.4135743E+02  0.4376695E+02 -0.2409513E+01 -0.6357433E+01  0.0000000E+00
  0.4096522E+02  0.4340525E+02 -0.2440032E+01  0.1303478E+02  0.1303478E+02
  0.4057301E+02  0.4304356E+02 -0.2470550E+01 -0.2573006E+01  0.0000000E+00
  0.4025921E+02  0.4268838E+02 -0.2429166E+01  0.9740788E+01  0.9740788E+01
  0.4002384E+02  0.4233971E+02 -0.2315879E+01  0.3976162E+01  0.3976162E+01
  0.3978846E+02  0.4199105E+02 -0.2202592E+01 -0.2788460E+01  0.0000000E+00
  0.3955309E+02  0.4164239E+02 -0.2089305E+01 -0.6553085E+01  0.0000000E+00
  0.3923767E+02  0.4129053E+02 -0.2052857E+01 -0.3237667E+01  0.0000000E+00
  0.3884221E+02  0.4093546E+02 -0.2093248E+01  0.7157787E+01  0.7157787E+01
  0.3844675E+02  0.4058039E+02 -0.2133638E+01 -0.2446751E+01  0.0000000E+00
  0.3805130E+02  0.4022532E+02 -0.2174029E+01  0.9948704E+01  0.9948704E+01
  0.3773261E+02  0.3987847E+02 -0.2145858E+01  0.1267387E+01  0.1267387E+01
  0.3749070E+02  0.3953983E+02 -0.2049126E+01  0.3509296E+01  0.3509296E+01
  0.3724880E+02  0.3920119E+02 -0.1952394E+01 -0.8248798E+01  0.0000000E+00
  0.3700689E+02  0.3886255E+02 -0.1855662E+01  0.3993111E+01  0.3993111E+01
  0.3669513E+02  0.3852265E+02 -0.1827513E+01 -0.5695133E+01  0.0000000E+00
  0.3631353E+02  0.3818148E+02 -0.1867949E+01 -0.2313526E+01  0.0000000E+00
  0.3593192E+02  0.3784030E+02 -0.1908384E+01 -0.3931919E+01  0.0000000E+00
  0.3555031E+02  0.3749913E+02 -0.1948819E+01  0.3449688E+01  0.3449688E+01
  0.3521363E+02  0.3716608E+02 -0.1952455E+01  0.1786373E+01  0.1786373E+01
  0.3492187E+02  0.3684116E+02 -0.1919289E+01  0.4078133E+01  0.4078133E+01
  0.3463011E+02  0.3651623E+02 -0.1886124E+01  0.3369892E+01  0.3369892E+01
  0.3433835E+02  0.3619131E+02 -0.1852959E+01 -0.1338348E+01  0.0000000E+00
  0.3402054E+02  0.3586880E+02 -0.1848267E+01 -0.2020538E+01  0.0000000E+00
  0.3367668E+02  0.3554873E+02 -0.1872049E+01  0.3233185E+00  0.3233185E+00
  0.3333282E+02  0.3522866E+02 -0.1895832E+01 -0.4332821E+01  0.0000000E+00
  0.3298896E+02  0.3490858E+02 -0.1919614E+01  0.1301104E+02  0.1301104E+02
  0.3269129E+02  0.3459441E+02 -0.1903124E+01  0.1130871E+02  0.1130871E+02
  0.3243979E+02  0.3428616E+02 -0.1846362E+01 -0.7439793E+01  0.0000000E+00
  0.3218830E+02  0.3397790E+02 -0.1789600E+01  0.2811699E+01  0.2811699E+01
  0.3193681E+02  0.3366964E+02 -0.1732838E+01  0.6063192E+01  0.6063192E+01
  0.3167040E+02  0.3336155E+02 -0.1691152E+01 -0.1067040E+02  0.0000000E+00
  0.3138909E+02  0.3305362E+02 -0.1664540E+01  0.1610914E+01  0.1610914E+01
  0.3110777E+02  0.3274569E+02 -0.1637929E+01  0.1892233E+01  0.1892233E+01
  0.3082645E+02  0.3243777E+02 -0.1611318E+01 -0.4826452E+01  0.0000000E+00
  0.3053968E+02  0.3213277E+02 -0.1593095E+01 -0.4539679E+01  0.0000000E+00
  0.3024745E+02  0.3183071E+02 -0.1583263E+01  0.3752548E+01  0.3752548E+01
  0.2995522E+02  0.3152865E+02 -0.1573430E+01  0.5044777E+01  0.5044777E+01
  0.2966300E+02  0.3122659E+02 -0.1563597E+01 -0.4662996E+01  0.0000000E+00
  0.2940360E+02  0.3092876E+02 -0.1525158E+01  0.7596395E+01  0.7596395E+01
  0.2917705E+02  0.3063516E+02 -0.1458112E+01 -0.1017705E+02  0.0000000E+00
  0.2895049E+02  0.3034156E+02 -0.1391067E+01 -0.4950491E+01  0.0000000E+00
  0.2872393E+02  0.3004796E+02 -0.1324021E+01 -0.7723934E+01  0.0000000E+00
  0.2845731E+02  0.2975466E+02 -0.1297354E+01  0.5426903E+00  0.5426903E+00
  0.2815061E+02  0.2946168E+02 -0.1311065E+01 -0.6150614E+01  0.0000000E+00
  0.2784392E+02  0.2916870E+02 -0.1324776E+01 -0.4843920E+01  0.0000000E+00
  0.2753722E+02  0.2887571E+02 -0.1338487E+01 -0.5537224E+01  0.0000000E+00
  0.2723319E+02  0.2858874E+02 -0.1355547E+01 -0.2331924E+00  0.0000000E+00
  0.2693182E+02  0.2830778E+02 -0.1375956E+01  0.1068176E+01  0.1068176E+01
  0.2663046E+02  0.2802682E+02 -0.1396365E+01  0.3369543E+01  0.3369543E+01
  0.2632909E+02  0.2774586E+02 -0.1416774E+01 -0.3329088E+01  0.0000000E+00
  0.2605701E+02  0.2747061E+02 -0.1413599E+01  0.2942987E+01  0.2942987E+01
  0.2581423E+02  0.2720107E+02 -0.1386839E+01 -0.1814230E+01  0.0000000E+00
  0.2557145E+02  0.2693152E+02 -0.1360079E+01  0.1428555E+01  0.1428555E+01
  0.2532866E+02  0.2666198E+02 -0.1333319E+01 -0.5328663E+01  0.0000000E+00
  0.2511795E+02  0.2639418E+02 -0.1276233E+01 -0.1117949E+01  0.0000000E+00
  0.2493931E+02  0.2612812E+02 -0.1188820E+01  0.2060694E+01  0.2060694E+01
  0.2476066E+02  0.2586207E+02 -0.1101407E+01 -0.3760660E+01  0.0000000E+00
  0.2458202E+02  0.2559601E+02 -0.1013994E+01 -0.2582018E+01  0.0000000E+00
  0.2433265E+02  0.2532831E+02 -0.9956612E+00 -0.4332653E+01  0.0000000E+00
  0.2401257E+02  0.2505898E+02 -0.1046409E+01 -0.1501257E+02  0.0000000E+00
  0.2369249E+02  0.2478964E+02 -0.1097156E+01 -0.6692486E+01  0.0000000E+00
  0.2337240E+02  0.2452031E+02 -0.1147903E+01  0.1627598E+01  0.1627598E+01
  0.2308278E+02  0.2425949E+02 -0.1176701E+01  0.2917215E+01  0.2917215E+01
  0.2282363E+02  0.2400718E+02 -0.1183551E+01 -0.3823631E+01  0.0000000E+00
  0.2256448E+02  0.2375488E+02 -0.1190400E+01 -0.2564478E+01  0.0000000E+00
  0.2230532E+02  0.2350257E+02 -0.1197249E+01  0.4694675E+01  0.4694675E+01
  0.2206396E+02  0.2325461E+02 -0.1190657E+01  0.9360447E+00  0.9360447E+00
  0.2184037E+02  0.2301100E+02 -0.1170626E+01 -0.2840370E+01  0.0000000E+00
  0.2161679E+02  0.2276738E+02 -0.1150594E+01  0.1383215E+01  0.1383215E+01
  0.2139320E+02  0.2252376E+02 -0.1130562E+01  0.3606800E+01  0.3606800E+01
  0.2119505E+02  0.2228192E+02 -0.1086872E+01  0.8049545E+00  0.8049545E+00
  0.2102232E+02  0.2204185E+02 -0.1019525E+01 -0.8022322E+01  0.0000000E+00
  0.2084960E+02  0.2180178E+02 -0.9521784E+00 -0.7849598E+01  0.0000000E+00
  0.2067687E+02  0.2156171E+02 -0.8848313E+00  0.3231258E+00  0.3231258E+00
  0.2044614E+02  0.2132101E+02 -0.8748667E+00 -0.1446140E+01  0.0000000E+00
  0.2015739E+02  0.2107968E+02 -0.9222846E+00 -0.1015739E+02  0.0000000E+00
  0.1986865E+02  0.2083835E+02 -0.9697024E+00 -0.8686466E+00  0.0000000E+00
  0.1957990E+02  0.2059702E+02 -0.1017120E+01 -0.9579899E+01  0.0000000E+00
  0.1935462E+02  0.2036341E+02 -0.1008786E+01  0.2645378E+01  0.2645378E+01
  0.1919281E+02  0.2013751E+02 -0.9447004E+00  0.6807188E+01  0.6807188E+01
  0.1903100E+02  0.1991162E+02 -0.8806145E+00 -0.5031002E+01  0.0000000E+00
  0.1886919E+02  0.1968572E+02 -0.8165286E+00 -0.2869192E+01  0.0000000E+00
  0.1867488E+02  0.1945942E+02 -0.7845414E+00 -0.1674879E+01  0.0000000E+00
  0.1844806E+02  0.1923271E+02 -0.7846530E+00 -0.7448059E+01  0.0000000E+00
  0.1822124E+02  0.1900600E+02 -0.7847646E+00  0.1778761E+01  0.1778761E+01
  0.1799442E+02  0.1877929E+02 -0.7848762E+00 -0.8994419E+01  0.0000000E+00
  0.1778020E+02  0.1855671E+02 -0.7765127E+00 -0.6780195E+01  0.0000000E+00
  0.1757857E+02  0.1833824E+02 -0.7596741E+00  0.4214306E+00  0.4214306E+00
  0.1737694E+02  0.1811978E+02 -0.7428355E+00 -0.1376940E+01  0.0000000E+00
  0.1717531E+02  0.1790131E+02 -0.7259969E+00 -0.5175314E+01  0.0000000E+00
  0.1696816E+02  0.1768582E+02 -0.7176527E+00  0.3183556E-01  0.3183556E-01
  0.1675550E+02  0.1747330E+02 -0.7178031E+00 -0.8755497E+01  0.0000000E+00
  0.1654283E+02  0.1726078E+02 -0.7179534E+00 -0.6542828E+01  0.0000000E+00
  0.1633016E+02  0.1704826E+02 -0.7181038E+00 -0.6330160E+01  0.0000000E+00
  0.1610294E+02  0.1683981E+02 -0.7368647E+00  0.1897058E+01  0.1897058E+01
  0.1586118E+02  0.1663541E+02 -0.7742360E+00 -0.8611765E+00  0.0000000E+00
  0.1561941E+02  0.1643102E+02 -0.8116074E+00 -0.6194086E+00  0.0000000E+00
  0.1537764E+02  0.1622662E+02 -0.8489787E+00  0.6223574E+00  0.6223574E+00
  0.1517029E+02  0.1602784E+02 -0.8575506E+00  0.8297071E+00  0.8297071E+00
  0.1499736E+02  0.1583468E+02 -0.8373230E+00  0.2002639E+01  0.2002639E+01
  0.1482443E+02  0.1564153E+02 -0.8170953E+00  0.1175570E+01  0.1175570E+01
  0.1465150E+02  0.1544837E+02 -0.7968677E+00  0.2348501E+01  0.2348501E+01
  0.1450537E+02  0.1525656E+02 -0.7511845E+00 -0.3505375E+01  0.0000000E+00
  0.1438606E+02  0.1506610E+02 -0.6800459E+00 -0.3860598E+00  0.0000000E+00
  0.1426674E+02  0.1487565E+02 -0.6089073E+00 -0.6266744E+01  0.0000000E+00
  0.1414743E+02  0.1468520E+02 -0.5377686E+00 -0.9147429E+01  0.0000000E+00
  0.1399111E+02  0.1449334E+02 -0.5022300E+00 -0.1991109E+01  0.0000000E+00
  0.1379779E+02  0.1430008E+02 -0.5022914E+00 -0.1797787E+01  0.0000000E+00
  0.1360446E+02  0.1410682E+02 -0.5023528E+00 -0.6604464E+01  0.0000000E+00
  0.1341114E+02  0.1391356E+02 -0.5024143E+00 -0.4111414E+00  0.0000000E+00
  0.1321883E+02  0.1372471E+02 -0.5058815E+00 -0.4218830E+01  0.0000000E+00
  0.1302753E+02  0.1354029E+02 -0.5127547E+00 -0.5027530E+01  0.0000000E+00
  0.1283623E+02  0.1335586E+02 -0.5196277E+00 -0.4836230E+01  0.0000000E+00
  0.1264493E+02  0.1317143E+02 -0.5265009E+00 -0.3644930E+01  0.0000000E+00
  0.1245144E+02  0.1299161E+02 -0.5401750E+00 -0.1451438E+01  0.0000000E+00
  0.1225575E+02  0.1281640E+02 -0.5606501E+00 -0.1255754E+01  0.0000000E+00
  0.1206007E+02  0.1264120E+02 -0.5811252E+00 -0.2060071E+01  0.0000000E+00
  0.1186439E+02  0.1246599E+02 -0.6016002E+00  0.1356125E+00  0.1356125E+00
  0.1168347E+02  0.1229535E+02 -0.6118829E+00 -0.1683472E+01  0.0000000E+00
  0.1151732E+02  0.1212930E+02 -0.6119730E+00  0.1482676E+01  0.1482676E+01
  0.1135118E+02  0.1196324E+02 -0.6120632E+00  0.4648823E+01  0.4648823E+01
  0.1118503E+02  0.1179718E+02 -0.6121533E+00  0.8149700E+00  0.8149700E+00
  0.1104713E+02  0.1163386E+02 -0.5867278E+00  0.3952870E+01  0.3952870E+01
  0.1093748E+02  0.1147326E+02 -0.5357867E+00 -0.8937475E+01  0.0000000E+00
  0.1082782E+02  0.1131267E+02 -0.4848457E+00 -0.3827821E+01  0.0000000E+00
  0.1071817E+02  0.1115207E+02 -0.4339046E+00 -0.3718166E+01  0.0000000E+00
  0.1058948E+02  0.1099113E+02 -0.4016479E+00 -0.3589483E+01  0.0000000E+00
  0.1044177E+02  0.1082985E+02 -0.3880756E+00 -0.1441770E+01  0.0000000E+00
  0.1029406E+02  0.1066856E+02 -0.3745033E+00 -0.4294056E+01  0.0000000E+00
  0.1014634E+02  0.1050727E+02 -0.3609309E+00 -0.1146342E+01  0.0000000E+00
  0.9989644E+01  0.1034892E+02 -0.3592792E+00 -0.1989644E+01  0.0000000E+00
  0.9823961E+01  0.1019351E+02 -0.3695481E+00 -0.6823961E+01  0.0000000E+00
  0.9658278E+01  0.1003810E+02 -0.3798171E+00 -0.1658278E+01  0.0000000E+00
  0.9492595E+01  0.9882681E+01 -0.3900860E+00  0.5074053E+00  0.5074053E+00
  0.9339957E+01  0.9731807E+01 -0.3918485E+00 -0.5339957E+01  0.0000000E+00
  0.9200367E+01  0.9585471E+01 -0.3851047E+00 -0.2200367E+01  0.0000000E+00
  0.9060776E+01  0.9439137E+01 -0.3783608E+00 -0.6060776E+01  0.0000000E+00
  0.8921185E+01  0.9292802E+01 -0.3716170E+00 -0.1921185E+01  0.0000000E+00
  0.8779304E+01  0.9149271E+01 -0.3699681E+00 -0.3779304E+01  0.0000000E+00
  0.8635130E+01  0.9008544E+01 -0.3734141E+00  0.3364870E+01  0.3364870E+01
  0.8490956E+01  0.8867817E+01 -0.3768602E+00 -0.1490956E+01  0.0000000E+00
  0.8346783E+01  0.8727090E+01 -0.3803063E+00  0.6532173E+00  0.6532173E+00
  0.8212768E+01  0.8589707E+01 -0.3769397E+00 -0.3212768E+01  0.0000000E+00
  0.8088910E+01  0.8455671E+01 -0.3667605E+00 -0.1088910E+01  0.0000000E+00
  0.7965054E+01  0.8321634E+01 -0.3565814E+00  0.1034946E+01  0.1034946E+01
  0.7841197E+01  0.8187598E+01 -0.3464022E+00 -0.1841197E+01  0.0000000E+00
  0.7721413E+01  0.8055920E+01 -0.3345070E+00 -0.1721413E+01  0.0000000E+00
  0.7605704E+01  0.7926600E+01 -0.3208959E+00 -0.3605704E+01  0.0000000E+00
  0.7489995E+01  0.7797279E+01 -0.3072847E+00 -0.4899945E+00  0.0000000E+00
  0.7374285E+01  0.7667959E+01 -0.2936735E+00 -0.3374285E+01  0.0000000E+00
  0.7259238E+01  0.7540997E+01 -0.2817595E+00 -0.3259238E+01  0.0000000E+00
  0.7144852E+01  0.7416395E+01 -0.2715426E+00 -0.1144852E+01  0.0000000E+00
  0.7030466E+01  0.7291791E+01 -0.2613256E+00 -0.1030466E+01  0.0000000E+00
  0.6916080E+01  0.7167189E+01 -0.2511087E+00 -0.2916080E+01  0.0000000E+00
  0.6783925E+01  0.7045337E+01 -0.2614118E+00 -0.3783925E+01  0.0000000E+00
  0.6634000E+01  0.6926235E+01 -0.2922348E+00 -0.1634000E+01  0.0000000E+00
  0.6484076E+01  0.6807133E+01 -0.3230579E+00  0.2515924E+01  0.2515924E+01
  0.6334151E+01  0.6688032E+01 -0.3538809E+00 -0.2334151E+01  0.0000000E+00
  0.6213463E+01  0.6574222E+01 -0.3607590E+00  0.1786537E+01  0.1786537E+01
  0.6122013E+01  0.6465704E+01 -0.3436922E+00 -0.1220126E+00  0.0000000E+00
  0.6030561E+01  0.6357187E+01 -0.3266253E+00  0.3969439E+01  0.3969439E+01
  0.5939111E+01  0.6248669E+01 -0.3095585E+00 -0.2939111E+01  0.0000000E+00
  0.5862974E+01  0.6141773E+01 -0.2787992E+00 -0.3862974E+01  0.0000000E+00
  0.5802150E+01  0.6036498E+01 -0.2343476E+00  0.1197850E+01  0.1197850E+01
  0.5741327E+01  0.5931223E+01 -0.1898959E+00 -0.5741327E+01  0.0000000E+00
  0.5680504E+01  0.5825948E+01 -0.1454442E+00 -0.1680504E+01  0.0000000E+00
  0.5592366E+01  0.5720734E+01 -0.1283677E+00 -0.2592366E+01  0.0000000E+00
  0.5476912E+01  0.5615579E+01 -0.1386664E+00 -0.3476912E+01  0.0000000E+00
  0.5361459E+01  0.5510425E+01 -0.1489652E+00 -0.2361459E+01  0.0000000E+00
  0.5246006E+01  0.5405270E+01 -0.1592639E+00 -0.3246006E+01  0.0000000E+00
  0.5129649E+01  0.5304356E+01 -0.1747065E+00 -0.2129649E+01  0.0000000E+00
  0.5012388E+01  0.5207681E+01 -0.1952931E+00 -0.1012388E+01  0.0000000E+00
  0.4895127E+01  0.5111007E+01 -0.2158796E+00  0.1104873E+01  0.1104873E+01
  0.4777866E+01  0.5014332E+01 -0.2364661E+00 -0.1777866E+01  0.0000000E+00
  0.4687372E+01  0.4922145E+01 -0.2347723E+00 -0.1687372E+01  0.0000000E+00
  0.4623645E+01  0.4834444E+01 -0.2107983E+00  0.1376355E+01  0.1376355E+01
  0.4559918E+01  0.4746742E+01 -0.1868243E+00 -0.1559918E+01  0.0000000E+00
  0.4496191E+01  0.4659041E+01 -0.1628504E+00 -0.2496191E+01  0.0000000E+00
  0.4421423E+01  0.4572299E+01 -0.1508761E+00 -0.4214230E+00  0.0000000E+00
  0.4335615E+01  0.4486516E+01 -0.1509016E+00 -0.2335615E+01  0.0000000E+00
  0.4249806E+01  0.4400733E+01 -0.1509272E+00 -0.4249806E+01  0.0000000E+00
  0.4163998E+01  0.4314950E+01 -0.1509527E+00  0.8360019E+00  0.8360019E+00
  0.4079277E+01  0.4231966E+01 -0.1526897E+00 -0.3079277E+01  0.0000000E+00
  0.3995644E+01  0.4151782E+01 -0.1561382E+00  0.1004356E+01  0.1004356E+01
  0.3912011E+01  0.4071597E+01 -0.1595867E+00 -0.9120107E+00  0.0000000E+00
  0.3828377E+01  0.3991413E+01 -0.1630353E+00  0.1716225E+00  0.1716225E+00
  0.3749552E+01  0.3914326E+01 -0.1647741E+00 -0.1749552E+01  0.0000000E+00
  0.3675535E+01  0.3840338E+01 -0.1648032E+00 -0.6755347E+00  0.0000000E+00
  0.3601517E+01  0.3766350E+01 -0.1648323E+00 -0.2601517E+01  0.0000000E+00
  0.3527500E+01  0.3692362E+01 -0.1648615E+00  0.4724998E+00  0.4724998E+00
  0.3462916E+01  0.3620931E+01 -0.1580144E+00  0.1537084E+01  0.1537084E+01
  0.3407766E+01  0.3552058E+01 -0.1442913E+00 -0.1407766E+01  0.0000000E+00
  0.3352616E+01  0.3483184E+01 -0.1305681E+00  0.6473839E+00  0.6473839E+00
  0.3297466E+01  0.3414311E+01 -0.1168450E+00 -0.3297466E+01  0.0000000E+00
  0.3238631E+01  0.3346901E+01 -0.1082708E+00 -0.3238631E+01  0.0000000E+00
  0.3176110E+01  0.3280956E+01 -0.1048457E+00  0.8238900E+00  0.8238900E+00
  0.3113589E+01  0.3215010E+01 -0.1014206E+00  0.8864107E+00  0.8864107E+00
  0.3051069E+01  0.3149064E+01 -0.9799547E-01 -0.1051069E+01  0.0000000E+00
  0.2987228E+01  0.3085240E+01 -0.9801188E-01 -0.2987228E+01  0.0000000E+00
  0.2922067E+01  0.3023537E+01 -0.1014698E+00 -0.1922067E+01  0.0000000E+00
  0.2856906E+01  0.2961834E+01 -0.1049278E+00  0.1430943E+00  0.1430943E+00
  0.2791745E+01  0.2900131E+01 -0.1083857E+00  0.2082553E+00  0.2082553E+00
  0.2741020E+01  0.2840813E+01 -0.9979291E-01 -0.1741020E+01  0.0000000E+00
  0.2704731E+01  0.2783880E+01 -0.7914927E-01 -0.1704731E+01  0.0000000E+00
  0.2668443E+01  0.2726948E+01 -0.5850565E-01 -0.1668443E+01  0.0000000E+00
  0.2632154E+01  0.2670016E+01 -0.3786201E-01 -0.2632154E+01  0.0000000E+00
  0.2581003E+01  0.2613712E+01 -0.3270871E-01 -0.2581003E+01  0.0000000E+00
  0.2514990E+01  0.2558035E+01 -0.4304573E-01 -0.1514990E+01  0.0000000E+00
  0.2448976E+01  0.2502359E+01 -0.5338275E-01 -0.2448976E+01  0.0000000E+00
  0.2382962E+01  0.2446682E+01 -0.6371977E-01 -0.3829625E+00  0.0000000E+00
  0.2323119E+01  0.2393737E+01 -0.7061716E-01 -0.2323119E+01  0.0000000E+00
  0.2269447E+01  0.2343522E+01 -0.7407493E-01  0.7305534E+00  0.7305534E+00
  0.2215774E+01  0.2293307E+01 -0.7753271E-01  0.7842259E+00  0.7842259E+00
  0.2162101E+01  0.2243092E+01 -0.8099048E-01 -0.2162101E+01  0.0000000E+00
  0.2113969E+01  0.2194970E+01 -0.8100057E-01 -0.1113969E+01  0.0000000E+00
  0.2071378E+01  0.2148941E+01 -0.7756297E-01 -0.7137799E-01  0.0000000E+00
  0.2028787E+01  0.2102912E+01 -0.7412536E-01 -0.2028787E+01  0.0000000E+00
  0.1986196E+01  0.2056883E+01 -0.7068776E-01  0.1013804E+01  0.1013804E+01
  0.1946760E+01  0.2012284E+01 -0.6552410E-01  0.5324042E-01  0.5324042E-01
  0.1910478E+01  0.1969113E+01 -0.5863437E-01 -0.1910478E+01  0.0000000E+00
  0.1874197E+01  0.1925942E+01 -0.5174463E-01 -0.1874197E+01  0.0000000E+00
  0.1837916E+01  0.1882771E+01 -0.4485489E-01 -0.1837916E+01  0.0000000E+00
  0.1804629E+01  0.1840863E+01 -0.4141002E-01  0.1195371E+01  0.1195371E+01
  0.1774337E+01  0.1800218E+01 -0.4141002E-01 -0.1774337E+01  0.0000000E+00
  0.1744044E+01  0.1759573E+01  0.0000000E+00 -0.1744044E+01  0.0000000E+00
  0.1713752E+01  0.1718928E+01  0.0000000E+00 -0.1713752E+01  0.0000000E+00
  0.1676025E+01  0.1679479E+01  0.0000000E+00 -0.1676025E+01  0.0000000E+00
  0.1630863E+01  0.1641225E+01  0.0000000E+00 -0.1630863E+01  0.0000000E+00
  0.1585701E+01  0.1602972E+01 -0.2763408E-01 -0.1585701E+01  0.0000000E+00
  0.1540539E+01  0.1564718E+01 -0.2763408E-01  0.4594615E+00  0.4594615E+00
  0.1499437E+01  0.1528802E+01 -0.2936437E-01 -0.1499437E+01  0.0000000E+00
  0.1462397E+01  0.1495222E+01 -0.3282494E-01 -0.1462397E+01  0.0000000E+00
  0.1425356E+01  0.1461642E+01 -0.3628551E-01 -0.1425356E+01  0.0000000E+00
  0.1388316E+01  0.1428062E+01 -0.3974609E-01 -0.1388316E+01  0.0000000E+00
  0.1356596E+01  0.1396346E+01 -0.3975017E-01  0.6434045E+00  0.6434045E+00
  0.1330196E+01  0.1366494E+01 -0.3629777E-01 -0.3301958E+00  0.0000000E+00
  0.1303796E+01  0.1336641E+01 -0.3284537E-01 -0.1303796E+01  0.0000000E+00
  0.1277396E+01  0.1306789E+01 -0.2939297E-01 -0.1277396E+01  0.0000000E+00
  0.1252232E+01  0.1278170E+01 -0.2593850E-01  0.7477680E+00  0.7477680E+00
  0.1228303E+01  0.1250785E+01 -0.2248195E-01 -0.1228303E+01  0.0000000E+00
  0.1204374E+01  0.1223400E+01 -0.1902540E-01 -0.1204374E+01  0.0000000E+00
  0.1180446E+01  0.1196015E+01 -0.1556886E-01 -0.1180446E+01  0.0000000E+00
  0.1157791E+01  0.1169901E+01 -0.1384058E-01 -0.1577905E+00  0.0000000E+00
  0.1136409E+01  0.1145059E+01 -0.1384058E-01 -0.1136409E+01  0.0000000E+00
  0.1115027E+01  0.1120218E+01  0.0000000E+00 -0.1115027E+01  0.0000000E+00
  0.1093646E+01  0.1095376E+01  0.0000000E+00 -0.1093646E+01  0.0000000E+00
  0.1071901E+01  0.1071901E+01  0.0000000E+00 -0.1071901E+01  0.0000000E+00
  0.1049792E+01  0.1049792E+01  0.0000000E+00 -0.1049792E+01  0.0000000E+00
  0.1027683E+01  0.1027683E+01  0.0000000E+00 -0.1027683E+01  0.0000000E+00
  0.1005575E+01  0.1005575E+01  0.0000000E+00 -0.1005575E+01  0.0000000E+00
  0.9833131E+00  0.9850464E+00  0.0000000E+00 -0.9833131E+00  0.0000000E+00
  0.9608984E+00  0.9660982E+00  0.0000000E+00 -0.9608984E+00  0.0000000E+00
  0.9384837E+00  0.9471500E+00 -0.1386604E-01 -0.9384837E+00  0.0000000E+00
  0.9160690E+00  0.9282018E+00 -0.1386604E-01 -0.9160690E+00  0.0000000E+00
  0.8970895E+00  0.9109566E+00 -0.1386707E-01 -0.8970895E+00  0.0000000E+00
  0.8815452E+00  0.8954144E+00 -0.1386913E-01  0.1184548E+00  0.1184548E+00
  0.8660011E+00  0.8798723E+00 -0.1387120E-01 -0.8660011E+00  0.0000000E+00
  0.8504568E+00  0.8643301E+00 -0.1387326E-01 -0.8504568E+00  0.0000000E+00
  0.8344640E+00  0.8500741E+00 -0.1561012E-01 -0.8344640E+00  0.0000000E+00
  0.8180226E+00  0.8371044E+00 -0.1908179E-01  0.1819774E+00  0.1819774E+00
  0.8015812E+00  0.8241347E+00 -0.2255346E-01 -0.8015812E+00  0.0000000E+00
  0.7851398E+00  0.8111650E+00 -0.2602513E-01  0.2148602E+00  0.2148602E+00
  0.7717112E+00  0.7994742E+00 -0.2776305E-01  0.2282888E+00  0.2282888E+00
  0.7612953E+00  0.7890626E+00 -0.2776723E-01 -0.7612953E+00  0.0000000E+00
  0.7508795E+00  0.7786509E+00 -0.2777140E-01  0.2491205E+00  0.2491205E+00
  0.7404636E+00  0.7682392E+00 -0.2777558E-01 -0.7404636E+00  0.0000000E+00
  0.7325500E+00  0.7585927E+00 -0.2604270E-01 -0.7325500E+00  0.0000000E+00
  0.7271387E+00  0.7497115E+00 -0.2257278E-01  0.2728613E+00  0.2728613E+00
  0.7217273E+00  0.7408302E+00 -0.1910286E-01 -0.7217273E+00  0.0000000E+00
  0.7163160E+00  0.7319489E+00 -0.1563294E-01 -0.7163160E+00  0.0000000E+00
  0.7077321E+00  0.7233689E+00 -0.1563683E-01 -0.7077321E+00  0.0000000E+00
  0.6959755E+00  0.7150900E+00 -0.1911454E-01  0.3040245E+00  0.3040245E+00
  0.6842189E+00  0.7068111E+00 -0.2259224E-01  0.1315781E+01  0.1315781E+01
  0.6724623E+00  0.6985323E+00 -0.2606994E-01 -0.6724623E+00  0.0000000E+00
  0.6630501E+00  0.6908607E+00 -0.2781062E-01 -0.6630501E+00  0.0000000E+00
  0.6559821E+00  0.6837964E+00 -0.2781427E-01 -0.6559821E+00  0.0000000E+00
  0.6489142E+00  0.6767321E+00 -0.2781792E-01  0.3510858E+00  0.3510858E+00
  0.6418462E+00  0.6696678E+00 -0.2782157E-01 -0.6418462E+00  0.0000000E+00
  0.6332766E+00  0.6628420E+00 -0.2956546E-01  0.3667234E+00  0.3667234E+00
  0.6232053E+00  0.6562549E+00 -0.3304958E-01 -0.6232053E+00  0.0000000E+00
  0.6131340E+00  0.6496677E+00 -0.3653370E-01  0.1386866E+01  0.1386866E+01
  0.6030627E+00  0.6430805E+00 -0.4001782E-01  0.3969373E+00  0.3969373E+00
  0.6003094E+00  0.6368493E+00 -0.4175989E-01 -0.6003094E+00  0.0000000E+00
  0.6048743E+00  0.6309742E+00 -0.4175989E-01 -0.6048743E+00  0.0000000E+00
  0.6094391E+00  0.6250990E+00  0.0000000E+00 -0.6094391E+00  0.0000000E+00
  0.6140039E+00  0.6192239E+00  0.0000000E+00 -0.6140039E+00  0.0000000E+00
  0.6110635E+00  0.6128054E+00  0.0000000E+00 -0.6110635E+00  0.0000000E+00
  0.6006179E+00  0.6058435E+00  0.0000000E+00 -0.6006179E+00  0.0000000E+00
  0.5901722E+00  0.5988818E+00 -0.1393523E-01  0.4098278E+00  0.4098278E+00
  0.5797266E+00  0.5919200E+00 -0.1393523E-01 -0.5797266E+00  0.0000000E+00
  0.5732149E+00  0.5854083E+00 -0.1393523E-01 -0.5732149E+00  0.0000000E+00
  0.5706372E+00  0.5793467E+00 -0.1393523E-01 -0.5706372E+00  0.0000000E+00
  0.5680595E+00  0.5732852E+00  0.0000000E+00 -0.5680595E+00  0.0000000E+00
  0.5654818E+00  0.5672237E+00  0.0000000E+00 -0.5654818E+00  0.0000000E+00
  0.5594081E+00  0.5611520E+00  0.0000000E+00 -0.5594081E+00  0.0000000E+00
  0.5498387E+00  0.5550703E+00  0.0000000E+00 -0.5498387E+00  0.0000000E+00
  0.5402692E+00  0.5489886E+00 -0.1395095E-01 -0.5402692E+00  0.0000000E+00
  0.5306998E+00  0.5429068E+00 -0.1395095E-01 -0.5306998E+00  0.0000000E+00
  0.5232478E+00  0.5371997E+00 -0.1395196E-01  0.4767522E+00  0.4767522E+00
  0.5179132E+00  0.5318672E+00 -0.1395398E-01 -0.5179132E+00  0.0000000E+00
  0.5125787E+00  0.5265347E+00 -0.1395600E-01 -0.5125787E+00  0.0000000E+00
  0.5072441E+00  0.5212021E+00 -0.1395802E-01  0.4927559E+00  0.4927559E+00
  0.5020010E+00  0.5159610E+00 -0.1396004E-01 -0.5020010E+00  0.0000000E+00
  0.4968492E+00  0.5108112E+00 -0.1396205E-01 -0.4968492E+00  0.0000000E+00
  0.4916974E+00  0.5056614E+00 -0.1396406E-01 -0.4916974E+00  0.0000000E+00
  0.4865456E+00  0.5005116E+00 -0.1396607E-01 -0.4865456E+00  0.0000000E+00
  0.4832115E+00  0.4954327E+00 -0.1396708E-01 -0.4832115E+00  0.0000000E+00
  0.4816952E+00  0.4904246E+00 -0.1396708E-01  0.5183048E+00  0.5183048E+00
  0.4801788E+00  0.4854165E+00  0.0000000E+00 -0.4801788E+00  0.0000000E+00
  0.4786625E+00  0.4804084E+00  0.0000000E+00 -0.4786625E+00  0.0000000E+00
  0.4752720E+00  0.4752720E+00  0.0000000E+00 -0.4752720E+00  0.0000000E+00
  0.4700073E+00  0.4700073E+00  0.0000000E+00 -0.4700073E+00  0.0000000E+00
  0.4647425E+00  0.4647425E+00  0.0000000E+00 -0.4647425E+00  0.0000000E+00
  0.4594778E+00  0.4594778E+00  0.0000000E+00 -0.4594778E+00  0.0000000E+00
  0.4543589E+00  0.4543589E+00  0.0000000E+00 -0.4543589E+00  0.0000000E+00
  0.4493858E+00  0.4493858E+00  0.0000000E+00 -0.4493858E+00  0.0000000E+00
  0.4444127E+00  0.4444127E+00  0.0000000E+00 -0.4444127E+00  0.0000000E+00
  0.4394396E+00  0.4394396E+00  0.0000000E+00 -0.4394396E+00  0.0000000E+00
  0.4346075E+00  0.4346075E+00  0.0000000E+00 -0.4346075E+00  0.0000000E+00
  0.4299164E+00  0.4299164E+00  0.0000000E+00 -0.4299164E+00  0.0000000E+00
  0.4252254E+00  0.4252254E+00  0.0000000E+00 -0.4252254E+00  0.0000000E+00
  0.4205343E+00  0.4205343E+00  0.0000000E+00 -0.4205343E+00  0.0000000E+00
  0.4142001E+00  0.4159506E+00  0.0000000E+00 -0.4142001E+00  0.0000000E+00
  0.4062228E+00  0.4114743E+00  0.0000000E+00 -0.4062228E+00  0.0000000E+00
  0.3982455E+00  0.4069980E+00 -0.1400408E-01  0.6017545E+00  0.6017545E+00
  0.3902681E+00  0.4025217E+00 -0.1400408E-01 -0.3902681E+00  0.0000000E+00
  0.3843401E+00  0.3983454E+00 -0.1400519E-01 -0.3843401E+00  0.0000000E+00
  0.3804615E+00  0.3944689E+00 -0.1400741E-01 -0.3804615E+00  0.0000000E+00
  0.3765828E+00  0.3905924E+00 -0.1400962E-01 -0.3765828E+00  0.0000000E+00
  0.3727041E+00  0.3867159E+00 -0.1401184E-01 -0.3727041E+00  0.0000000E+00
  0.3706089E+00  0.3828702E+00 -0.1401294E-01 -0.3706089E+00  0.0000000E+00
  0.3702971E+00  0.3790552E+00 -0.1401294E-01  0.6297029E+00  0.6297029E+00
  0.3699853E+00  0.3752402E+00  0.0000000E+00 -0.3699853E+00  0.0000000E+00
  0.3696736E+00  0.3714252E+00  0.0000000E+00 -0.3696736E+00  0.0000000E+00
  0.3639217E+00  0.3674285E+00  0.0000000E+00 -0.3639217E+00  0.0000000E+00
  0.3527298E+00  0.3632502E+00  0.0000000E+00 -0.3527298E+00  0.0000000E+00
  0.3415379E+00  0.3590719E+00 -0.2805435E-01 -0.3415379E+00  0.0000000E+00
  0.3303460E+00  0.3548935E+00 -0.2805435E-01  0.6696540E+00  0.6696540E+00
  0.3266894E+00  0.3512370E+00 -0.2805435E-01  0.6733106E+00  0.6733106E+00
  0.3305682E+00  0.3481022E+00 -0.2805435E-01 -0.3305682E+00  0.0000000E+00
  0.3344470E+00  0.3449674E+00  0.0000000E+00 -0.3344470E+00  0.0000000E+00
  0.3383258E+00  0.3418326E+00  0.0000000E+00 -0.3383258E+00  0.0000000E+00
  0.3382840E+00  0.3382840E+00  0.0000000E+00 -0.3382840E+00  0.0000000E+00
  0.3343215E+00  0.3343215E+00  0.0000000E+00 -0.3343215E+00  0.0000000E+00
  0.3303590E+00  0.3303590E+00  0.0000000E+00 -0.3303590E+00  0.0000000E+00
  0.3263965E+00  0.3263965E+00  0.0000000E+00 -0.3263965E+00  0.0000000E+00
  0.3207639E+00  0.3225202E+00  0.0000000E+00 -0.3207639E+00  0.0000000E+00
  0.3134611E+00  0.3187301E+00  0.0000000E+00 -0.3134611E+00  0.0000000E+00
  0.3061582E+00  0.3149400E+00 -0.1405076E-01 -0.3061582E+00  0.0000000E+00
  0.2988554E+00  0.3111498E+00 -0.1405076E-01  0.7011446E+00  0.7011446E+00
  0.2954094E+00  0.3077038E+00 -0.1405076E-01 -0.2954094E+00  0.0000000E+00
  0.2958202E+00  0.3046019E+00 -0.1405076E-01 -0.2958202E+00  0.0000000E+00
  0.2962310E+00  0.3015000E+00  0.0000000E+00 -0.2962310E+00  0.0000000E+00
  0.2966418E+00  0.2983981E+00  0.0000000E+00 -0.2966418E+00  0.0000000E+00
  0.2951264E+00  0.2951264E+00  0.0000000E+00 -0.2951264E+00  0.0000000E+00
  0.2916850E+00  0.2916850E+00  0.0000000E+00 -0.2916850E+00  0.0000000E+00
  0.2882434E+00  0.2882434E+00  0.0000000E+00 -0.2882434E+00  0.0000000E+00
  0.2848020E+00  0.2848020E+00  0.0000000E+00 -0.2848020E+00  0.0000000E+00
  0.2814325E+00  0.2814325E+00  0.0000000E+00 -0.2814325E+00  0.0000000E+00
  0.2781350E+00  0.2781350E+00  0.0000000E+00 -0.2781350E+00  0.0000000E+00
  0.2748376E+00  0.2748376E+00  0.0000000E+00 -0.2748376E+00  0.0000000E+00
  0.2715402E+00  0.2715402E+00  0.0000000E+00 -0.2715402E+00  0.0000000E+00
  0.2683461E+00  0.2683461E+00  0.0000000E+00 -0.2683461E+00  0.0000000E+00
  0.2652555E+00  0.2652555E+00  0.0000000E+00 -0.2652555E+00  0.0000000E+00
  0.2621649E+00  0.2621649E+00  0.0000000E+00 -0.2621649E+00  0.0000000E+00
  0.2590743E+00  0.2590743E+00  0.0000000E+00 -0.2590743E+00  0.0000000E+00
  0.2560598E+00  0.2560598E+00  0.0000000E+00 -0.2560598E+00  0.0000000E+00
  0.2531214E+00  0.2531214E+00  0.0000000E+00 -0.2531214E+00  0.0000000E+00
  0.2501830E+00  0.2501830E+00  0.0000000E+00 -0.2501830E+00  0.0000000E+00
  0.2472447E+00  0.2472447E+00  0.0000000E+00 -0.2472447E+00  0.0000000E+00
  0.2408446E+00  0.2443686E+00  0.0000000E+00 -0.2408446E+00  0.0000000E+00
  0.2309828E+00  0.2415548E+00  0.0000000E+00 -0.2309828E+00  0.0000000E+00
  0.2211210E+00  0.2387410E+00 -0.2819199E-01 -0.2211210E+00  0.0000000E+00
  0.2112593E+00  0.2359273E+00 -0.2819199E-01  0.7887408E+00  0.7887408E+00
  0.2089234E+00  0.2335914E+00 -0.2819199E-01 -0.2089234E+00  0.0000000E+00
  0.2141134E+00  0.2317334E+00 -0.2819199E-01  0.7858866E+00  0.7858866E+00
  0.2193034E+00  0.2298754E+00  0.0000000E+00 -0.2193034E+00  0.0000000E+00
  0.2244934E+00  0.2280174E+00  0.0000000E+00 -0.2244934E+00  0.0000000E+00
  0.2270884E+00  0.2256679E+00  0.0000000E+00 -0.2270884E+00  0.0000000E+00
  0.2270884E+00  0.2228269E+00  0.0000000E+00 -0.2270884E+00  0.0000000E+00
 -0.3862028E+01  0.2199860E+00 -0.4077752E+01  0.3862028E+01  0.3862028E+01
 -0.3862028E+01  0.2171450E+00 -0.4077752E+01  0.3862028E+01  0.3862028E+01
 -0.3862028E+01  0.2157245E+00 -0.4077752E+01  0.3862028E+01  0.3862028E+01
 -0.3862028E+01  0.2157245E+00 -0.4077752E+01  0.2928620E+03  0.2928620E+03
