           0
 F
           0
 F
           4
  7.5000003E-07
  0.0000000E+00
   1.900000    
  0.2000000    
   1.200000    
           2
   1000.000    
  0.0000000E+00
 F
  0.0000000E+00
   332.0000    
        1024
  0.0000000E+00   1.432700       19.26400    
  0.0000000E+00  0.0000000E+00  0.0000000E+00  0.3320000E+03  0.3320000E+03
 -0.3395740E+01  0.0000000E+00 -0.3395740E+01  0.1293957E+03  0.1293957E+03
  0.0000000E+00  0.0000000E+00  0.0000000E+00  0.1600000E+03  0.1600000E+03
  0.0000000E+00  0.0000000E+00  0.0000000E+00  0.1020000E+03  0.1020000E+03
 -0.3395740E+01  0.0000000E+00 -0.3395740E+01  0.1533957E+03  0.1533957E+03
 -0.3395740E+01  0.0000000E+00 -0.3395740E+01  0.7639574E+02  0.7639574E+02
 -0.3423771E+01  0.0000000E+00 -0.3457549E+01  0.7942377E+02  0.7942377E+02
 -0.3479833E+01  0.0000000E+00 -0.3581167E+01  0.6147983E+02  0.6147983E+02
 -0.3535895E+01  0.2702233E+00 -0.3704784E+01  0.1325359E+03  0.1325359E+03
 -0.3591957E+01  0.2702233E+00 -0.3828402E+01  0.1035920E+03  0.1035920E+03
 -0.3375513E+01  0.3138349E+00 -0.3689348E+01  0.9737551E+02  0.9737551E+02
 -0.2886563E+01  0.4010580E+00 -0.3287621E+01  0.8588657E+02  0.8588657E+02
 -0.2397613E+01  0.4882812E+00 -0.2885894E+01  0.7539761E+02  0.7539761E+02
 -0.1908663E+01  0.5755043E+00 -0.2484167E+01  0.6890866E+02  0.6890866E+02
 -0.1907811E+01  0.6367260E+00 -0.2544537E+01  0.5890781E+02  0.5890781E+02
 -0.2395057E+01  0.6719462E+00 -0.3067003E+01  0.4239506E+02  0.4239506E+02
 -0.2882304E+01  0.7071663E+00 -0.3589470E+01  0.1628823E+03  0.1628823E+03
 -0.3369550E+01  0.7423865E+00 -0.4111937E+01  0.9736955E+02  0.9736955E+02
 -0.3329492E+01  0.7894833E+00 -0.4118975E+01  0.1243295E+03  0.1243295E+03
 -0.2762128E+01  0.8484567E+00 -0.3610584E+01  0.7976213E+02  0.7976213E+02
 -0.2194763E+01  0.9074302E+00 -0.3102194E+01  0.7619476E+02  0.7619476E+02
 -0.1627400E+01  0.9664036E+00 -0.2593803E+01  0.5762740E+02  0.5762740E+02
 -0.1394502E+01  0.1005532E+01 -0.2400034E+01  0.6039450E+02  0.6039450E+02
 -0.1496071E+01  0.1024816E+01 -0.2520887E+01  0.5349607E+02  0.5349607E+02
 -0.1597641E+01  0.1044100E+01 -0.2641740E+01  0.8959764E+02  0.8959764E+02
 -0.1699210E+01  0.1063383E+01 -0.2762594E+01  0.6869921E+02  0.6869921E+02
 -0.1601107E+01  0.1080028E+01 -0.2681135E+01  0.7360110E+02  0.7360110E+02
 -0.1303330E+01  0.1094034E+01 -0.2397364E+01  0.6430333E+02  0.6430333E+02
 -0.1005554E+01  0.1108040E+01 -0.2113594E+01  0.6900555E+02  0.6900555E+02
 -0.7077776E+00  0.1122046E+01 -0.1829824E+01  0.4070778E+02  0.4070778E+02
 -0.9305315E+00  0.1125638E+01 -0.2056169E+01  0.3693053E+02  0.3693053E+02
 -0.1673816E+01  0.1118815E+01 -0.2792630E+01  0.3067382E+02  0.3067382E+02
 -0.2417100E+01  0.1111992E+01 -0.3529092E+01  0.1914171E+03  0.1914171E+03
 -0.3160384E+01  0.1105169E+01 -0.4265553E+01  0.8916039E+02  0.8916039E+02
 -0.3209766E+01  0.1130268E+01 -0.4340034E+01  0.1202098E+03  0.1202098E+03
 -0.2565246E+01  0.1187290E+01 -0.3752536E+01  0.8456525E+02  0.8456525E+02
 -0.1920725E+01  0.1244312E+01 -0.3165037E+01  0.9692072E+02  0.9692072E+02
 -0.1276205E+01  0.1301334E+01 -0.2577538E+01  0.4427620E+02  0.4427620E+02
 -0.1098149E+01  0.1334601E+01 -0.2432750E+01  0.5209815E+02  0.5209815E+02
 -0.1386556E+01  0.1344114E+01 -0.2730671E+01  0.4238655E+02  0.4238655E+02
 -0.1674964E+01  0.1353628E+01 -0.3028592E+01  0.1086750E+03  0.1086750E+03
 -0.1963372E+01  0.1363141E+01 -0.3326513E+01  0.8496337E+02  0.8496337E+02
 -0.1903595E+01  0.1378043E+01 -0.3281638E+01  0.8790359E+02  0.8790359E+02
 -0.1495635E+01  0.1398333E+01 -0.2893968E+01  0.6849564E+02  0.6849564E+02
 -0.1087674E+01  0.1418623E+01 -0.2506297E+01  0.6008767E+02  0.6008767E+02
 -0.6797130E+00  0.1438914E+01 -0.2118626E+01  0.5167971E+02  0.5167971E+02
 -0.6521809E+00  0.1444275E+01 -0.2096456E+01  0.4565218E+02  0.4565218E+02
 -0.1005078E+01  0.1434708E+01 -0.2439785E+01  0.3500508E+02  0.3500508E+02
 -0.1357975E+01  0.1425140E+01 -0.2783115E+01  0.1173580E+03  0.1173580E+03
 -0.1710871E+01  0.1415573E+01 -0.3126444E+01  0.6971087E+02  0.6971087E+02
 -0.1733832E+01  0.1420389E+01 -0.3154221E+01  0.8473383E+02  0.8473383E+02
 -0.1426855E+01  0.1439589E+01 -0.2866444E+01  0.5842686E+02  0.5842686E+02
 -0.1119879E+01  0.1458789E+01 -0.2578668E+01  0.7111988E+02  0.7111988E+02
 -0.8129030E+00  0.1477989E+01 -0.2290892E+01  0.3881290E+02  0.3881290E+02
 -0.2946319E+02  0.1486354E+01 -0.3094954E+02  0.7346319E+02  0.7346319E+02
 -0.8707074E+02  0.1483883E+01 -0.8855462E+02  0.1460707E+03  0.1460707E+03
 -0.1446783E+03  0.1481413E+01 -0.1461597E+03  0.2896783E+03  0.2896783E+03
 -0.2022858E+03  0.1478942E+01 -0.2037648E+03  0.4198286E+04  0.4198286E+04
 -0.2448867E+03  0.4180536E+01 -0.2490673E+03  0.9813887E+04  0.9813887E+04
 -0.2724810E+03  0.9586194E+01 -0.2820672E+03  0.9422481E+04  0.9422481E+04
 -0.3000753E+03  0.1499185E+02 -0.3150671E+03  0.9256075E+04  0.9256075E+04
 -0.3276695E+03  0.2039751E+02 -0.3480670E+03  0.9247670E+04  0.9247670E+04
 -0.3397205E+03  0.2711823E+02 -0.3668387E+03  0.9234721E+04  0.9234721E+04
 -0.3362281E+03  0.3515402E+02 -0.3713821E+03  0.9013229E+04  0.9013229E+04
 -0.3327357E+03  0.4318981E+02 -0.3759255E+03  0.9469735E+04  0.9469735E+04
 -0.3292433E+03  0.5122560E+02 -0.3804689E+03  0.9326243E+04  0.9326243E+04
 -0.3211918E+03  0.5853851E+02 -0.3797303E+03  0.9565191E+04  0.9565191E+04
 -0.3085811E+03  0.6512853E+02 -0.3737097E+03  0.9576581E+04  0.9576581E+04
 -0.2959705E+03  0.7171856E+02 -0.3676891E+03  0.1047897E+05  0.1047897E+05
 -0.2833599E+03  0.7830859E+02 -0.3616685E+03  0.9167359E+04  0.9167359E+04
 -0.2754417E+03  0.8379631E+02 -0.3592380E+03  0.8008442E+04  0.8008442E+04
 -0.2722161E+03  0.8818173E+02 -0.3603978E+03  0.7853216E+04  0.7853216E+04
 -0.2689904E+03  0.9256715E+02 -0.3615576E+03  0.8118990E+04  0.8118990E+04
 -0.2657648E+03  0.9695258E+02 -0.3627173E+03  0.8561765E+04  0.8561765E+04
 -0.2650910E+03  0.1009344E+03 -0.3660253E+03  0.9473091E+04  0.9473091E+04
 -0.2669690E+03  0.1045125E+03 -0.3714815E+03  0.9776969E+04  0.9776969E+04
 -0.2688470E+03  0.1080907E+03 -0.3769377E+03  0.1011685E+05  0.1011685E+05
 -0.2707250E+03  0.1116689E+03 -0.3823939E+03  0.9509725E+04  0.9509725E+04
 -0.2641530E+03  0.1152727E+03 -0.3794258E+03  0.9455153E+04  0.9455153E+04
 -0.2491310E+03  0.1189022E+03 -0.3680332E+03  0.8966131E+04  0.8966131E+04
 -0.2341090E+03  0.1225317E+03 -0.3566407E+03  0.8349109E+04  0.8349109E+04
 -0.2190870E+03  0.1261612E+03 -0.3452481E+03  0.8210087E+04  0.8210087E+04
 -0.2146675E+03  0.1289981E+03 -0.3436657E+03  0.8411668E+04  0.8411668E+04
 -0.2208507E+03  0.1310426E+03 -0.3518933E+03  0.8541851E+04  0.8541851E+04
 -0.2270338E+03  0.1330871E+03 -0.3601209E+03  0.8965034E+04  0.8965034E+04
 -0.2332170E+03  0.1351315E+03 -0.3683485E+03  0.8988217E+04  0.8988217E+04
 -0.2334524E+03  0.1374114E+03 -0.3708637E+03  0.9156452E+04  0.9156452E+04
 -0.2277400E+03  0.1399266E+03 -0.3676666E+03  0.9315740E+04  0.9315740E+04
 -0.2220277E+03  0.1424418E+03 -0.3644695E+03  0.9001027E+04  0.9001027E+04
 -0.2163153E+03  0.1449570E+03 -0.3612723E+03  0.8718315E+04  0.8718315E+04
 -0.2121649E+03  0.1472073E+03 -0.3593722E+03  0.8640165E+04  0.8640165E+04
 -0.2095764E+03  0.1491926E+03 -0.3587690E+03  0.8425576E+04  0.8425576E+04
 -0.2069878E+03  0.1511779E+03 -0.3581658E+03  0.8422988E+04  0.8422988E+04
 -0.2043993E+03  0.1531633E+03 -0.3575626E+03  0.8566399E+04  0.8566399E+04
 -0.2034629E+03  0.1550212E+03 -0.3584841E+03  0.8777463E+04  0.8777463E+04
 -0.2041785E+03  0.1567518E+03 -0.3609303E+03  0.8794179E+04  0.8794179E+04
 -0.2048942E+03  0.1584824E+03 -0.3633766E+03  0.8982895E+04  0.8982895E+04
 -0.2056098E+03  0.1602130E+03 -0.3658228E+03  0.8832609E+04  0.8832609E+04
 -0.2043281E+03  0.1620382E+03 -0.3663663E+03  0.8953328E+04  0.8953328E+04
 -0.2010490E+03  0.1639580E+03 -0.3650070E+03  0.8756049E+04  0.8756049E+04
 -0.1977699E+03  0.1658779E+03 -0.3636478E+03  0.8821770E+04  0.8821770E+04
 -0.1944908E+03  0.1677977E+03 -0.3622885E+03  0.8446491E+04  0.8446491E+04
 -0.1921707E+03  0.1695936E+03 -0.3617643E+03  0.8674171E+04  0.8674171E+04
 -0.1908095E+03  0.1712656E+03 -0.3620752E+03  0.9066810E+04  0.9066810E+04
 -0.1894483E+03  0.1729376E+03 -0.3623860E+03  0.8790448E+04  0.8790448E+04
 -0.1880872E+03  0.1746096E+03 -0.3626968E+03  0.8661087E+04  0.8661087E+04
 -0.1875190E+03  0.1762386E+03 -0.3637575E+03  0.8954519E+04  0.8954519E+04
 -0.1877437E+03  0.1778245E+03 -0.3655681E+03  0.8703744E+04  0.8703744E+04
 -0.1879684E+03  0.1794104E+03 -0.3673787E+03  0.8897969E+04  0.8897969E+04
 -0.1881931E+03  0.1809962E+03 -0.3691893E+03  0.8769193E+04  0.8769193E+04
 -0.1875179E+03  0.1826020E+03 -0.3701199E+03  0.8824518E+04  0.8824518E+04
 -0.1859429E+03  0.1842276E+03 -0.3701706E+03  0.9029943E+04  0.9029943E+04
 -0.1843680E+03  0.1858533E+03 -0.3702213E+03  0.8862368E+04  0.8862368E+04
 -0.1827930E+03  0.1874789E+03 -0.3702719E+03  0.8819793E+04  0.8819793E+04
 -0.1812184E+03  0.1890309E+03 -0.3702494E+03  0.8939219E+04  0.8939219E+04
 -0.1796443E+03  0.1905093E+03 -0.3701535E+03  0.8680645E+04  0.8680645E+04
 -0.1780701E+03  0.1919876E+03 -0.3700578E+03  0.8707070E+04  0.8707070E+04
 -0.1764960E+03  0.1934660E+03 -0.3699619E+03  0.8649496E+04  0.8649496E+04
 -0.1746809E+03  0.1949088E+03 -0.3695897E+03  0.8818681E+04  0.8818681E+04
 -0.1726248E+03  0.1963162E+03 -0.3689410E+03  0.9109625E+04  0.9109625E+04
 -0.1705688E+03  0.1977236E+03 -0.3682924E+03  0.8811568E+04  0.8811568E+04
 -0.1685128E+03  0.1991309E+03 -0.3676437E+03  0.8723513E+04  0.8723513E+04
 -0.1672192E+03  0.2004903E+03 -0.3677094E+03  0.8891219E+04  0.8891219E+04
 -0.1666880E+03  0.2018016E+03 -0.3684896E+03  0.8629688E+04  0.8629688E+04
 -0.1661569E+03  0.2031129E+03 -0.3692698E+03  0.8753157E+04  0.8753157E+04
 -0.1656257E+03  0.2044242E+03 -0.3700500E+03  0.8665626E+04  0.8665626E+04
 -0.1645358E+03  0.2057762E+03 -0.3703119E+03  0.8860536E+04  0.8860536E+04
 -0.1628871E+03  0.2071686E+03 -0.3700557E+03  0.9094887E+04  0.9094887E+04
 -0.1612384E+03  0.2085611E+03 -0.3697995E+03  0.8853238E+04  0.8853238E+04
 -0.1595898E+03  0.2099536E+03 -0.3695433E+03  0.8725590E+04  0.8725590E+04
 -0.1586491E+03  0.2113110E+03 -0.3699601E+03  0.8938649E+04  0.8938649E+04
 -0.1584164E+03  0.2126335E+03 -0.3710498E+03  0.8739416E+04  0.8739416E+04
 -0.1581837E+03  0.2139559E+03 -0.3721396E+03  0.8706184E+04  0.8706184E+04
 -0.1579510E+03  0.2152783E+03 -0.3732293E+03  0.8693951E+04  0.8693951E+04
 -0.1572572E+03  0.2165686E+03 -0.3738258E+03  0.8752257E+04  0.8752257E+04
 -0.1561020E+03  0.2178269E+03 -0.3739289E+03  0.9110102E+04  0.9110102E+04
 -0.1549469E+03  0.2190851E+03 -0.3740320E+03  0.8815947E+04  0.8815947E+04
 -0.1537918E+03  0.2203434E+03 -0.3741352E+03  0.8796792E+04  0.8796792E+04
 -0.1528838E+03  0.2215769E+03 -0.3744607E+03  0.8892884E+04  0.8892884E+04
 -0.1522230E+03  0.2227856E+03 -0.3750086E+03  0.8788223E+04  0.8788223E+04
 -0.1515621E+03  0.2239944E+03 -0.3755565E+03  0.8909562E+04  0.8909562E+04
 -0.1509013E+03  0.2252031E+03 -0.3761044E+03  0.8620901E+04  0.8620901E+04
 -0.1497577E+03  0.2264187E+03 -0.3761764E+03  0.8917758E+04  0.8917758E+04
 -0.1481313E+03  0.2276411E+03 -0.3757724E+03  0.9078131E+04  0.9078131E+04
 -0.1465049E+03  0.2288635E+03 -0.3753684E+03  0.8931505E+04  0.8931505E+04
 -0.1448786E+03  0.2300859E+03 -0.3749644E+03  0.8814879E+04  0.8814879E+04
 -0.1437231E+03  0.2312579E+03 -0.3749810E+03  0.8898723E+04  0.8898723E+04
 -0.1430385E+03  0.2323795E+03 -0.3754179E+03  0.8750038E+04  0.8750038E+04
 -0.1423538E+03  0.2335011E+03 -0.3758549E+03  0.8804354E+04  0.8804354E+04
 -0.1416692E+03  0.2346227E+03 -0.3762919E+03  0.8703669E+04  0.8703669E+04
 -0.1414746E+03  0.2357428E+03 -0.3772174E+03  0.8833475E+04  0.8833475E+04
 -0.1417699E+03  0.2368614E+03 -0.3786313E+03  0.9243770E+04  0.9243770E+04
 -0.1420652E+03  0.2379799E+03 -0.3800451E+03  0.8877065E+04  0.8877065E+04
 -0.1423605E+03  0.2390985E+03 -0.3814590E+03  0.9263360E+04  0.9263360E+04
 -0.1420097E+03  0.2402638E+03 -0.3822735E+03  0.9105010E+04  0.9105010E+04
 -0.1410126E+03  0.2414759E+03 -0.3824886E+03  0.8849013E+04  0.8849013E+04
 -0.1400156E+03  0.2426880E+03 -0.3827036E+03  0.8797016E+04  0.8797016E+04
 -0.1390185E+03  0.2439002E+03 -0.3829187E+03  0.8785019E+04  0.8785019E+04
 -0.1373809E+03  0.2450312E+03 -0.3824120E+03  0.8891381E+04  0.8891381E+04
 -0.1351026E+03  0.2460811E+03 -0.3811837E+03  0.9366103E+04  0.9366103E+04
 -0.1328243E+03  0.2471309E+03 -0.3799553E+03  0.8932824E+04  0.8932824E+04
 -0.1305460E+03  0.2481808E+03 -0.3787269E+03  0.8916546E+04  0.8916546E+04
 -0.1297561E+03  0.2491328E+03 -0.3788889E+03  0.8866756E+04  0.8866756E+04
 -0.1304544E+03  0.2499868E+03 -0.3804412E+03  0.8656454E+04  0.8656454E+04
 -0.1311527E+03  0.2508408E+03 -0.3819936E+03  0.8861152E+04  0.8861152E+04
 -0.1318510E+03  0.2516949E+03 -0.3835459E+03  0.8803851E+04  0.8803851E+04
 -0.1311154E+03  0.2526380E+03 -0.3837534E+03  0.8972115E+04  0.8972115E+04
 -0.1289458E+03  0.2536701E+03 -0.3826159E+03  0.9344946E+04  0.9344946E+04
 -0.1267763E+03  0.2547023E+03 -0.3814785E+03  0.8912776E+04  0.8912776E+04
 -0.1246067E+03  0.2557344E+03 -0.3803411E+03  0.9008606E+04  0.9008606E+04
 -0.1237575E+03  0.2566848E+03 -0.3804423E+03  0.8878758E+04  0.8878758E+04
 -0.1242287E+03  0.2575533E+03 -0.3817821E+03  0.8777229E+04  0.8777229E+04
 -0.1247000E+03  0.2584219E+03 -0.3831219E+03  0.9020700E+04  0.9020700E+04
 -0.1251712E+03  0.2592905E+03 -0.3844617E+03  0.8698171E+04  0.8698171E+04
 -0.1247408E+03  0.2602226E+03 -0.3849634E+03  0.8986741E+04  0.8986741E+04
 -0.1234090E+03  0.2612180E+03 -0.3846270E+03  0.9402409E+04  0.9402409E+04
 -0.1220772E+03  0.2622135E+03 -0.3842907E+03  0.9026077E+04  0.9026077E+04
 -0.1207453E+03  0.2632090E+03 -0.3839543E+03  0.8992745E+04  0.8992745E+04
 -0.1197519E+03  0.2641470E+03 -0.3838989E+03  0.9030752E+04  0.9030752E+04
 -0.1190969E+03  0.2650274E+03 -0.3841243E+03  0.8848097E+04  0.8848097E+04
 -0.1184419E+03  0.2659078E+03 -0.3843497E+03  0.8741441E+04  0.8741441E+04
 -0.1177869E+03  0.2667882E+03 -0.3845751E+03  0.8858787E+04  0.8858787E+04
 -0.1174359E+03  0.2676247E+03 -0.3850606E+03  0.8973436E+04  0.8973436E+04
 -0.1173891E+03  0.2684174E+03 -0.3858064E+03  0.9177389E+04  0.9177389E+04
 -0.1173422E+03  0.2692100E+03 -0.3865522E+03  0.9020342E+04  0.9020342E+04
 -0.1172953E+03  0.2700026E+03 -0.3872979E+03  0.8968295E+04  0.8968295E+04
 -0.1172145E+03  0.2708311E+03 -0.3880457E+03  0.9171215E+04  0.9171215E+04
 -0.1170999E+03  0.2716957E+03 -0.3887955E+03  0.8879100E+04  0.8879100E+04
 -0.1169852E+03  0.2725602E+03 -0.3895454E+03  0.9152985E+04  0.9152985E+04
 -0.1168705E+03  0.2734247E+03 -0.3902952E+03  0.8753870E+04  0.8753870E+04
 -0.1160100E+03  0.2743161E+03 -0.3903261E+03  0.9001010E+04  0.9001010E+04
 -0.1144036E+03  0.2752344E+03 -0.3896381E+03  0.9429403E+04  0.9429403E+04
 -0.1127973E+03  0.2761528E+03 -0.3889501E+03  0.8927797E+04  0.8927797E+04
 -0.1111910E+03  0.2770711E+03 -0.3882621E+03  0.8975191E+04  0.8975191E+04
 -0.1103519E+03  0.2779209E+03 -0.3882729E+03  0.9271352E+04  0.9271352E+04
 -0.1102801E+03  0.2787023E+03 -0.3889824E+03  0.8915280E+04  0.8915280E+04
 -0.1102083E+03  0.2794836E+03 -0.3896919E+03  0.8904208E+04  0.8904208E+04
 -0.1101365E+03  0.2802650E+03 -0.3904015E+03  0.8741137E+04  0.8741137E+04
 -0.1095655E+03  0.2810735E+03 -0.3906391E+03  0.9152565E+04  0.9152565E+04
 -0.1084954E+03  0.2819093E+03 -0.3904047E+03  0.9575495E+04  0.9575495E+04
 -0.1074252E+03  0.2827451E+03 -0.3901704E+03  0.9092425E+04  0.9092425E+04
 -0.1063551E+03  0.2835809E+03 -0.3899360E+03  0.8992355E+04  0.8992355E+04
 -0.1058703E+03  0.2843425E+03 -0.3902128E+03  0.9144870E+04  0.9144870E+04
 -0.1059708E+03  0.2850298E+03 -0.3910006E+03  0.8791971E+04  0.8791971E+04
 -0.1060714E+03  0.2857170E+03 -0.3917884E+03  0.8946071E+04  0.8946071E+04
 -0.1061719E+03  0.2864043E+03 -0.3925762E+03  0.8964172E+04  0.8964172E+04
 -0.1059535E+03  0.2871266E+03 -0.3930801E+03  0.8903953E+04  0.8903953E+04
 -0.1054160E+03  0.2878840E+03 -0.3933000E+03  0.9477416E+04  0.9477416E+04
 -0.1048786E+03  0.2886413E+03 -0.3935199E+03  0.9099879E+04  0.9099879E+04
 -0.1043411E+03  0.2893987E+03 -0.3937398E+03  0.9237341E+04  0.9237341E+04
 -0.1038454E+03  0.2901569E+03 -0.3940023E+03  0.9098846E+04  0.9098846E+04
 -0.1033915E+03  0.2909160E+03 -0.3943075E+03  0.8942392E+04  0.8942392E+04
 -0.1029376E+03  0.2916751E+03 -0.3946127E+03  0.8908938E+04  0.8908938E+04
 -0.1024836E+03  0.2924343E+03 -0.3949179E+03  0.9079483E+04  0.9079483E+04
 -0.1016092E+03  0.2931930E+03 -0.3948022E+03  0.9030609E+04  0.9030609E+04
 -0.1003142E+03  0.2939514E+03 -0.3942657E+03  0.9481314E+04  0.9481314E+04
 -0.9901925E+02  0.2947099E+03 -0.3937292E+03  0.9053020E+04  0.9053020E+04
 -0.9772429E+02  0.2954683E+03 -0.3931926E+03  0.9191725E+04  0.9191725E+04
 -0.9703200E+02  0.2961761E+03 -0.3932081E+03  0.9070032E+04  0.9070032E+04
 -0.9694239E+02  0.2968333E+03 -0.3937757E+03  0.8985942E+04  0.8985942E+04
 -0.9685278E+02  0.2974905E+03 -0.3943432E+03  0.8871853E+04  0.8871853E+04
 -0.9676317E+02  0.2981476E+03 -0.3949108E+03  0.8879763E+04  0.8879763E+04
 -0.9624577E+02  0.2988317E+03 -0.3950775E+03  0.9273246E+04  0.9273246E+04
 -0.9530059E+02  0.2995427E+03 -0.3948433E+03  0.9500301E+04  0.9500301E+04
 -0.9435540E+02  0.3002536E+03 -0.3946090E+03  0.8878355E+04  0.8878355E+04
 -0.9341022E+02  0.3009646E+03 -0.3943748E+03  0.9184410E+04  0.9184410E+04
 -0.9255949E+02  0.3016089E+03 -0.3941684E+03  0.9158560E+04  0.9158560E+04
 -0.9180319E+02  0.3021865E+03 -0.3939897E+03  0.8973803E+04  0.8973803E+04
 -0.9104690E+02  0.3027641E+03 -0.3938110E+03  0.8977047E+04  0.8977047E+04
 -0.9029060E+02  0.3033417E+03 -0.3936324E+03  0.8771291E+04  0.8771291E+04
 -0.8981239E+02  0.3039051E+03 -0.3937175E+03  0.9113812E+04  0.9113812E+04
 -0.8961227E+02  0.3044543E+03 -0.3940666E+03  0.9248612E+04  0.9248612E+04
 -0.8941214E+02  0.3050034E+03 -0.3944156E+03  0.9022412E+04  0.9022412E+04
 -0.8921201E+02  0.3055526E+03 -0.3947646E+03  0.9130212E+04  0.9130212E+04
 -0.8859370E+02  0.3061268E+03 -0.3947205E+03  0.9183594E+04  0.9183594E+04
 -0.8755719E+02  0.3067261E+03 -0.3942833E+03  0.8902558E+04  0.8902558E+04
 -0.8652069E+02  0.3073254E+03 -0.3938461E+03  0.8982521E+04  0.8982521E+04
 -0.8548418E+02  0.3079247E+03 -0.3934089E+03  0.8727484E+04  0.8727484E+04
 -0.8465934E+02  0.3084939E+03 -0.3931532E+03  0.9029659E+04  0.9029659E+04
 -0.8404614E+02  0.3090330E+03 -0.3930791E+03  0.9340046E+04  0.9340046E+04
 -0.8343295E+02  0.3095720E+03 -0.3930050E+03  0.9088433E+04  0.9088433E+04
 -0.8281976E+02  0.3101111E+03 -0.3929308E+03  0.9006819E+04  0.9006819E+04
 -0.8290929E+02  0.3106446E+03 -0.3935539E+03  0.9051909E+04  0.9051909E+04
 -0.8370155E+02  0.3111726E+03 -0.3948742E+03  0.8908701E+04  0.8908701E+04
 -0.8449381E+02  0.3117006E+03 -0.3961944E+03  0.9134494E+04  0.9134494E+04
 -0.8528607E+02  0.3122286E+03 -0.3975147E+03  0.8960286E+04  0.8960286E+04
 -0.8526521E+02  0.3128324E+03 -0.3980976E+03  0.9081266E+04  0.9081266E+04
 -0.8443121E+02  0.3135119E+03 -0.3979431E+03  0.9366432E+04  0.9366432E+04
 -0.8359721E+02  0.3141913E+03 -0.3977886E+03  0.9094598E+04  0.9094598E+04
 -0.8276322E+02  0.3148708E+03 -0.3976341E+03  0.9019764E+04  0.9019764E+04
 -0.8230517E+02  0.3154841E+03 -0.3977892E+03  0.9250305E+04  0.9250305E+04
 -0.8222306E+02  0.3160310E+03 -0.3982541E+03  0.8915223E+04  0.8915223E+04
 -0.8214095E+02  0.3165780E+03 -0.3987190E+03  0.8908141E+04  0.8908141E+04
 -0.8205885E+02  0.3171250E+03 -0.3991838E+03  0.9108059E+04  0.9108059E+04
 -0.8200988E+02  0.3176866E+03 -0.3996965E+03  0.8936010E+04  0.8936010E+04
 -0.8199406E+02  0.3182629E+03 -0.4002570E+03  0.9490994E+04  0.9490994E+04
 -0.8197824E+02  0.3188392E+03 -0.4008175E+03  0.9373979E+04  0.9373979E+04
 -0.8196242E+02  0.3194156E+03 -0.4013780E+03  0.9027963E+04  0.9027963E+04
 -0.8115382E+02  0.3200139E+03 -0.4011678E+03  0.9204154E+04  0.9204154E+04
 -0.7955244E+02  0.3206343E+03 -0.4001867E+03  0.9040553E+04  0.9040553E+04
 -0.7795107E+02  0.3212547E+03 -0.3992058E+03  0.8924951E+04  0.8924951E+04
 -0.7634969E+02  0.3218751E+03 -0.3982248E+03  0.8919350E+04  0.8919350E+04
 -0.7531034E+02  0.3224186E+03 -0.3977289E+03  0.9105311E+04  0.9105311E+04
 -0.7483300E+02  0.3228852E+03 -0.3977182E+03  0.9336833E+04  0.9336833E+04
 -0.7435567E+02  0.3233519E+03 -0.3977076E+03  0.9002355E+04  0.9002355E+04
 -0.7387833E+02  0.3238185E+03 -0.3976968E+03  0.9123878E+04  0.9123878E+04
 -0.7412234E+02  0.3242834E+03 -0.3984057E+03  0.9264122E+04  0.9264122E+04
 -0.7508766E+02  0.3247465E+03 -0.3998342E+03  0.8888088E+04  0.8888088E+04
 -0.7605299E+02  0.3252097E+03 -0.4012627E+03  0.9042053E+04  0.9042053E+04
 -0.7701832E+02  0.3256728E+03 -0.4026911E+03  0.9116019E+04  0.9116019E+04
 -0.7633109E+02  0.3261962E+03 -0.4025273E+03  0.9140331E+04  0.9140331E+04
 -0.7399128E+02  0.3267798E+03 -0.4007711E+03  0.9344991E+04  0.9344991E+04
 -0.7165148E+02  0.3273634E+03 -0.3990149E+03  0.9113651E+04  0.9113651E+04
 -0.6931168E+02  0.3279470E+03 -0.3972587E+03  0.8899312E+04  0.8899312E+04
 -0.6848335E+02  0.3284050E+03 -0.3968884E+03  0.9072483E+04  0.9072483E+04
 -0.6916651E+02  0.3287375E+03 -0.3979040E+03  0.8878167E+04  0.8878167E+04
 -0.6984966E+02  0.3290699E+03 -0.3989196E+03  0.8998850E+04  0.8998850E+04
 -0.7053282E+02  0.3294024E+03 -0.3999352E+03  0.8858533E+04  0.8858533E+04
 -0.7006520E+02  0.3298048E+03 -0.3998700E+03  0.9113065E+04  0.9113065E+04
 -0.6844680E+02  0.3302772E+03 -0.3987240E+03  0.9350447E+04  0.9350447E+04
 -0.6682841E+02  0.3307496E+03 -0.3975780E+03  0.8996828E+04  0.8996828E+04
 -0.6521001E+02  0.3312220E+03 -0.3964320E+03  0.9065210E+04  0.9065210E+04
 -0.6457245E+02  0.3316263E+03 -0.3961987E+03  0.8974572E+04  0.8974572E+04
 -0.6491573E+02  0.3319625E+03 -0.3968782E+03  0.8856916E+04  0.8856916E+04
 -0.6525900E+02  0.3322987E+03 -0.3975578E+03  0.9008259E+04  0.9008259E+04
 -0.6560228E+02  0.3326350E+03 -0.3982373E+03  0.9039603E+04  0.9039603E+04
 -0.6537273E+02  0.3330213E+03 -0.3983940E+03  0.8894373E+04  0.8894373E+04
 -0.6457034E+02  0.3334577E+03 -0.3980280E+03  0.9207570E+04  0.9207570E+04
 -0.6376796E+02  0.3338940E+03 -0.3976620E+03  0.9135768E+04  0.9135768E+04
 -0.6296557E+02  0.3343304E+03 -0.3972960E+03  0.8890966E+04  0.8890966E+04
 -0.6252985E+02  0.3347435E+03 -0.3972734E+03  0.9030530E+04  0.9030530E+04
 -0.6246080E+02  0.3351333E+03 -0.3975941E+03  0.8956461E+04  0.8956461E+04
 -0.6239175E+02  0.3355231E+03 -0.3979148E+03  0.8880392E+04  0.8880392E+04
 -0.6232270E+02  0.3359128E+03 -0.3982355E+03  0.8707322E+04  0.8707322E+04
 -0.6254988E+02  0.3362933E+03 -0.3988432E+03  0.9002550E+04  0.9002550E+04
 -0.6307331E+02  0.3366646E+03 -0.3997379E+03  0.9381073E+04  0.9381073E+04
 -0.6359675E+02  0.3370358E+03 -0.4006325E+03  0.9052597E+04  0.9052597E+04
 -0.6412017E+02  0.3374070E+03 -0.4015272E+03  0.9066120E+04  0.9066120E+04
 -0.6345295E+02  0.3378302E+03 -0.4012832E+03  0.9253453E+04  0.9253453E+04
 -0.6159506E+02  0.3383054E+03 -0.3999005E+03  0.8911595E+04  0.8911595E+04
 -0.5973718E+02  0.3387806E+03 -0.3985178E+03  0.8932737E+04  0.8932737E+04
 -0.5787929E+02  0.3392558E+03 -0.3971351E+03  0.8666879E+04  0.8666879E+04
 -0.5659376E+02  0.3396330E+03 -0.3962267E+03  0.8864594E+04  0.8864594E+04
 -0.5588058E+02  0.3399120E+03 -0.3957926E+03  0.9292881E+04  0.9292881E+04
 -0.5516741E+02  0.3401911E+03 -0.3953586E+03  0.8896167E+04  0.8896167E+04
 -0.5445423E+02  0.3404702E+03 -0.3949244E+03  0.8883454E+04  0.8883454E+04
 -0.5395707E+02  0.3407329E+03 -0.3946900E+03  0.8844957E+04  0.8844957E+04
 -0.5367593E+02  0.3409793E+03 -0.3946552E+03  0.8964676E+04  0.8964676E+04
 -0.5339479E+02  0.3412257E+03 -0.3946205E+03  0.8807395E+04  0.8807395E+04
 -0.5311366E+02  0.3414720E+03 -0.3945857E+03  0.8703113E+04  0.8703113E+04
 -0.5238236E+02  0.3417369E+03 -0.3941193E+03  0.8859383E+04  0.8859383E+04
 -0.5120091E+02  0.3420204E+03 -0.3932213E+03  0.9208201E+04  0.9208201E+04
 -0.5001946E+02  0.3423038E+03 -0.3923232E+03  0.8818020E+04  0.8818020E+04
 -0.4883801E+02  0.3425872E+03 -0.3914252E+03  0.8834838E+04  0.8834838E+04
 -0.4854838E+02  0.3428278E+03 -0.3913762E+03  0.8795549E+04  0.8795549E+04
 -0.4915057E+02  0.3430257E+03 -0.3921763E+03  0.8797150E+04  0.8797150E+04
 -0.4975276E+02  0.3432236E+03 -0.3929764E+03  0.8678753E+04  0.8678753E+04
 -0.5035495E+02  0.3434215E+03 -0.3937765E+03  0.8826354E+04  0.8826354E+04
 -0.5036374E+02  0.3436613E+03 -0.3940251E+03  0.8807363E+04  0.8807363E+04
 -0.4977913E+02  0.3439430E+03 -0.3937221E+03  0.9079779E+04  0.9079779E+04
 -0.4919452E+02  0.3442247E+03 -0.3934192E+03  0.9004194E+04  0.9004194E+04
 -0.4860991E+02  0.3445064E+03 -0.3931163E+03  0.8656610E+04  0.8656610E+04
 -0.4882114E+02  0.3447742E+03 -0.3935953E+03  0.8947821E+04  0.8947821E+04
 -0.4982822E+02  0.3450281E+03 -0.3948563E+03  0.8657828E+04  0.8657828E+04
 -0.5083530E+02  0.3452820E+03 -0.3961172E+03  0.8900835E+04  0.8900835E+04
 -0.5184238E+02  0.3455359E+03 -0.3973782E+03  0.8668843E+04  0.8668843E+04
 -0.5150581E+02  0.3458680E+03 -0.3973737E+03  0.8926506E+04  0.8926506E+04
 -0.4982558E+02  0.3462782E+03 -0.3961038E+03  0.9221825E+04  0.9221825E+04
 -0.4814536E+02  0.3466885E+03 -0.3948339E+03  0.8743146E+04  0.8743146E+04
 -0.4646513E+02  0.3470988E+03 -0.3935639E+03  0.8811465E+04  0.8811465E+04
 -0.4537090E+02  0.3474156E+03 -0.3927865E+03  0.8965371E+04  0.8965371E+04
 -0.4486267E+02  0.3476391E+03 -0.3925017E+03  0.8721862E+04  0.8721862E+04
 -0.4435445E+02  0.3478625E+03 -0.3922169E+03  0.8831354E+04  0.8831354E+04
 -0.4384622E+02  0.3480859E+03 -0.3919322E+03  0.8594847E+04  0.8594847E+04
 -0.4285684E+02  0.3482966E+03 -0.3911534E+03  0.8728856E+04  0.8728856E+04
 -0.4138631E+02  0.3484945E+03 -0.3898808E+03  0.8971387E+04  0.8971387E+04
 -0.3991578E+02  0.3486924E+03 -0.3886082E+03  0.8509916E+04  0.8509916E+04
 -0.3844524E+02  0.3488903E+03 -0.3873355E+03  0.8693445E+04  0.8693445E+04
 -0.3763092E+02  0.3490130E+03 -0.3866439E+03  0.8710631E+04  0.8710631E+04
 -0.3747281E+02  0.3490605E+03 -0.3865334E+03  0.8651473E+04  0.8651473E+04
 -0.3731470E+02  0.3491081E+03 -0.3864228E+03  0.8541314E+04  0.8541314E+04
 -0.3715659E+02  0.3491556E+03 -0.3863122E+03  0.8552156E+04  0.8552156E+04
 -0.3612971E+02  0.3492222E+03 -0.3853519E+03  0.8528130E+04  0.8528130E+04
 -0.3423405E+02  0.3493079E+03 -0.3835420E+03  0.8853234E+04  0.8853234E+04
 -0.3233840E+02  0.3493936E+03 -0.3817321E+03  0.8467339E+04  0.8467339E+04
 -0.3044275E+02  0.3494794E+03 -0.3799221E+03  0.8620442E+04  0.8620442E+04
 -0.2805866E+02  0.3494848E+03 -0.3775434E+03  0.8396059E+04  0.8396059E+04
 -0.2518613E+02  0.3494099E+03 -0.3745960E+03  0.8310187E+04  0.8310187E+04
 -0.2231360E+02  0.3493350E+03 -0.3716486E+03  0.8197313E+04  0.8197313E+04
 -0.1944108E+02  0.3492601E+03 -0.3687012E+03  0.7974441E+04  0.7974441E+04
 -0.1720391E+02  0.3490562E+03 -0.3662601E+03  0.8162204E+04  0.8162204E+04
 -0.1560210E+02  0.3487232E+03 -0.3643253E+03  0.8370603E+04  0.8370603E+04
 -0.1400028E+02  0.3483904E+03 -0.3623906E+03  0.8020000E+04  0.8020000E+04
 -0.1239847E+02  0.3480574E+03 -0.3604559E+03  0.7823398E+04  0.7823398E+04
 -0.1218908E+02  0.3476932E+03 -0.3598823E+03  0.8072189E+04  0.8072189E+04
 -0.1337210E+02  0.3472977E+03 -0.3606698E+03  0.8071372E+04  0.8071372E+04
 -0.1455512E+02  0.3469022E+03 -0.3614573E+03  0.8054555E+04  0.8054555E+04
 -0.1573814E+02  0.3465067E+03 -0.3622449E+03  0.7911738E+04  0.7911738E+04
 -0.1532353E+02  0.3462513E+03 -0.3615748E+03  0.8109324E+04  0.8109324E+04
 -0.1331129E+02  0.3461358E+03 -0.3594471E+03  0.8201312E+04  0.8201312E+04
 -0.1129905E+02  0.3460203E+03 -0.3573194E+03  0.8025299E+04  0.8025299E+04
 -0.9286802E+01  0.3459048E+03 -0.3551916E+03  0.7895287E+04  0.7895287E+04
 -0.7361516E+01  0.3456930E+03 -0.3530545E+03  0.7777361E+04  0.7777361E+04
 -0.5523186E+01  0.3453847E+03 -0.3509079E+03  0.7709523E+04  0.7709523E+04
 -0.3684856E+01  0.3450765E+03 -0.3487613E+03  0.7572685E+04  0.7572685E+04
 -0.1846526E+01  0.3447682E+03 -0.3466148E+03  0.7686847E+04  0.7686847E+04
 -0.9273605E+00  0.3443874E+03 -0.3441786E+03  0.7654927E+04  0.7654927E+04
 -0.9273605E+00  0.3439341E+03 -0.3414529E+03  0.7680927E+04  0.7680927E+04
  0.8162010E+01  0.3434807E+03 -0.3387272E+03  0.7478838E+04  0.7478838E+04
  0.8162010E+01  0.3430273E+03 -0.3360015E+03  0.7564838E+04  0.7564838E+04
  0.1013041E+02  0.3424965E+03 -0.3323661E+03  0.7343870E+04  0.7343870E+04
  0.1406721E+02  0.3418882E+03 -0.3278209E+03  0.7184933E+04  0.7184933E+04
  0.1800401E+02  0.3412798E+03 -0.3232758E+03  0.7147996E+04  0.7147996E+04
  0.2194081E+02  0.3406715E+03 -0.3187307E+03  0.7010059E+04  0.7010059E+04
  0.2569859E+02  0.3398982E+03 -0.3141996E+03  0.6796301E+04  0.6796301E+04
  0.2927735E+02  0.3389599E+03 -0.3096825E+03  0.6949723E+04  0.6949723E+04
  0.3285611E+02  0.3380216E+03 -0.3051655E+03  0.6725144E+04  0.6725144E+04
  0.3643487E+02  0.3370833E+03 -0.3006484E+03  0.6554565E+04  0.6554565E+04
  0.3939061E+02  0.3360260E+03 -0.2966353E+03  0.6557609E+04  0.6557609E+04
  0.4172335E+02  0.3348496E+03 -0.2931263E+03  0.6407277E+04  0.6407277E+04
  0.4405609E+02  0.3336732E+03 -0.2896172E+03  0.6270944E+04  0.6270944E+04
  0.4638883E+02  0.3324969E+03 -0.2861081E+03  0.6089611E+04  0.6089611E+04
  0.4749339E+02  0.3312961E+03 -0.2838026E+03  0.6290507E+04  0.6290507E+04
  0.4736979E+02  0.3300707E+03 -0.2827010E+03  0.6317630E+04  0.6317630E+04
  0.4724618E+02  0.3288454E+03 -0.2815992E+03  0.6199754E+04  0.6199754E+04
  0.4712258E+02  0.3276201E+03 -0.2804975E+03  0.6185877E+04  0.6185877E+04
  0.4664458E+02  0.3265004E+03 -0.2798558E+03  0.6049355E+04  0.6049355E+04
  0.4581218E+02  0.3254863E+03 -0.2796741E+03  0.6074188E+04  0.6074188E+04
  0.4497979E+02  0.3244723E+03 -0.2794925E+03  0.6128020E+04  0.6128020E+04
  0.4414739E+02  0.3234582E+03 -0.2793108E+03  0.6034853E+04  0.6034853E+04
  0.4422192E+02  0.3225699E+03 -0.2783480E+03  0.6114778E+04  0.6114778E+04
  0.4520336E+02  0.3218075E+03 -0.2766041E+03  0.6158797E+04  0.6158797E+04
  0.4618480E+02  0.3210450E+03 -0.2748602E+03  0.6057815E+04  0.6057815E+04
  0.4716624E+02  0.3202826E+03 -0.2731163E+03  0.6062834E+04  0.6062834E+04
  0.4706836E+02  0.3195036E+03 -0.2724352E+03  0.5923932E+04  0.5923932E+04
  0.4589115E+02  0.3187080E+03 -0.2728169E+03  0.5759109E+04  0.5759109E+04
  0.4471394E+02  0.3179125E+03 -0.2731985E+03  0.5905286E+04  0.5905286E+04
  0.4353673E+02  0.3171169E+03 -0.2735802E+03  0.5979463E+04  0.5979463E+04
  0.4342128E+02  0.3164257E+03 -0.2730044E+03  0.5998579E+04  0.5998579E+04
  0.4436759E+02  0.3158386E+03 -0.2714710E+03  0.6061632E+04  0.6061632E+04
  0.4531390E+02  0.3152516E+03 -0.2699377E+03  0.5884686E+04  0.5884686E+04
  0.4626020E+02  0.3146645E+03 -0.2684043E+03  0.6027740E+04  0.6027740E+04
  0.4711882E+02  0.3140413E+03 -0.2669225E+03  0.5724881E+04  0.5724881E+04
  0.4788973E+02  0.3133820E+03 -0.2654922E+03  0.5754110E+04  0.5754110E+04
  0.4866064E+02  0.3127227E+03 -0.2640620E+03  0.5796339E+04  0.5796339E+04
  0.4943155E+02  0.3120634E+03 -0.2626318E+03  0.5584568E+04  0.5584568E+04
  0.5040326E+02  0.3113700E+03 -0.2609667E+03  0.5600597E+04  0.5600597E+04
  0.5157576E+02  0.3106425E+03 -0.2590667E+03  0.5856424E+04  0.5856424E+04
  0.5274826E+02  0.3099150E+03 -0.2571667E+03  0.5524252E+04  0.5524252E+04
  0.5392076E+02  0.3091875E+03 -0.2552668E+03  0.5570079E+04  0.5570079E+04
  0.5473022E+02  0.3084143E+03 -0.2536841E+03  0.5690270E+04  0.5690270E+04
  0.5517663E+02  0.3075954E+03 -0.2524188E+03  0.5342823E+04  0.5342823E+04
  0.5562305E+02  0.3067765E+03 -0.2511534E+03  0.5432377E+04  0.5432377E+04
  0.5606946E+02  0.3059576E+03 -0.2498881E+03  0.5291931E+04  0.5291931E+04
  0.5742247E+02  0.3051453E+03 -0.2477228E+03  0.5369578E+04  0.5369578E+04
  0.5968208E+02  0.3043397E+03 -0.2446576E+03  0.5567318E+04  0.5567318E+04
  0.6194168E+02  0.3035341E+03 -0.2415924E+03  0.5216058E+04  0.5216058E+04
  0.6420129E+02  0.3027285E+03 -0.2385272E+03  0.5086799E+04  0.5086799E+04
  0.6591363E+02  0.3018199E+03 -0.2359063E+03  0.5173086E+04  0.5173086E+04
  0.6707872E+02  0.3008086E+03 -0.2337299E+03  0.5065921E+04  0.5065921E+04
  0.6824381E+02  0.2997971E+03 -0.2315534E+03  0.5015756E+04  0.5015756E+04
  0.6940891E+02  0.2987858E+03 -0.2293769E+03  0.4897591E+04  0.4897591E+04
  0.7045895E+02  0.2977500E+03 -0.2272911E+03  0.4865541E+04  0.4865541E+04
  0.7139397E+02  0.2966900E+03 -0.2252961E+03  0.4975606E+04  0.4975606E+04
  0.7232898E+02  0.2956300E+03 -0.2233010E+03  0.4898671E+04  0.4898671E+04
  0.7326399E+02  0.2945700E+03 -0.2213060E+03  0.4738736E+04  0.4738736E+04
  0.7395089E+02  0.2935063E+03 -0.2195554E+03  0.4799049E+04  0.4799049E+04
  0.7438967E+02  0.2924390E+03 -0.2180493E+03  0.4598610E+04  0.4598610E+04
  0.7482845E+02  0.2913717E+03 -0.2165432E+03  0.4589171E+04  0.4589171E+04
  0.7526723E+02  0.2903044E+03 -0.2150372E+03  0.4623733E+04  0.4623733E+04
  0.7715801E+02  0.2892505E+03 -0.2120925E+03  0.4637842E+04  0.4637842E+04
  0.8050080E+02  0.2882099E+03 -0.2077091E+03  0.4605499E+04  0.4605499E+04
  0.8384357E+02  0.2871694E+03 -0.2033258E+03  0.4362156E+04  0.4362156E+04
  0.8718636E+02  0.2861288E+03 -0.1989425E+03  0.4203813E+04  0.4203813E+04
  0.9073421E+02  0.2849279E+03 -0.1941937E+03  0.4250266E+04  0.4250266E+04
  0.9448713E+02  0.2835665E+03 -0.1890794E+03  0.4044513E+04  0.4044513E+04
  0.9824006E+02  0.2822052E+03 -0.1839651E+03  0.3871760E+04  0.3871760E+04
  0.1019930E+03  0.2808438E+03 -0.1788509E+03  0.3786007E+04  0.3786007E+04
  0.1084168E+03  0.2793191E+03 -0.1709023E+03  0.3731583E+04  0.3731583E+04
  0.1175116E+03  0.2776309E+03 -0.1601193E+03  0.3604489E+04  0.3604489E+04
  0.1266063E+03  0.2759426E+03 -0.1493363E+03  0.3174394E+04  0.3174394E+04
  0.1357010E+03  0.2742544E+03 -0.1385534E+03  0.2892299E+04  0.2892299E+04
  0.1456839E+03  0.2721212E+03 -0.1264373E+03  0.2709316E+04  0.2709316E+04
  0.1565548E+03  0.2695428E+03 -0.1129881E+03  0.2300445E+04  0.2300445E+04
  0.1674257E+03  0.2669645E+03 -0.9953886E+02  0.1933574E+04  0.1933574E+04
  0.1782966E+03  0.2643862E+03 -0.8608962E+02  0.1688703E+04  0.1688703E+04
  0.1871407E+03  0.2613307E+03 -0.7419003E+02  0.1409859E+04  0.1409859E+04
  0.1939579E+03  0.2577979E+03 -0.6384006E+02  0.1178042E+04  0.1178042E+04
  0.2007750E+03  0.2542651E+03 -0.5349009E+02  0.8862250E+03  0.8862250E+03
  0.2075922E+03  0.2507323E+03 -0.4314012E+02  0.7224078E+03  0.7224078E+03
  0.2114299E+03  0.2470501E+03 -0.3562011E+02  0.4925701E+03  0.4925701E+03
  0.2122882E+03  0.2432183E+03 -0.3093004E+02  0.3837118E+03  0.3837118E+03
  0.2131465E+03  0.2393865E+03 -0.2623997E+02  0.3328535E+03  0.3328535E+03
  0.2140048E+03  0.2355547E+03 -0.2154990E+02  0.1919952E+03  0.1919952E+03
  0.2135486E+03  0.2319463E+03 -0.1839769E+02  0.1334514E+03  0.1334514E+03
  0.2117779E+03  0.2285612E+03 -0.1678332E+02  0.1642221E+03  0.1642221E+03
  0.2100072E+03  0.2251761E+03 -0.1516895E+02  0.9399281E+02  0.9399281E+02
  0.2082365E+03  0.2217911E+03 -0.1355459E+02  0.6876352E+02  0.6876352E+02
  0.2061554E+03  0.2187186E+03 -0.1256319E+02  0.6084457E+02  0.6084457E+02
  0.2037640E+03  0.2159588E+03 -0.1219477E+02  0.5923596E+02  0.5923596E+02
  0.2013727E+03  0.2131990E+03 -0.1182634E+02  0.3062735E+02  0.3062735E+02
  0.1989813E+03  0.2104392E+03 -0.1145792E+02  0.4501874E+02  0.4501874E+02
  0.1968629E+03  0.2079362E+03 -0.1107329E+02  0.4713713E+02  0.4713713E+02
  0.1950175E+03  0.2056900E+03 -0.1067246E+02  0.6698250E+02  0.6698250E+02
  0.1931721E+03  0.2034437E+03 -0.1027163E+02  0.2182790E+02  0.2182790E+02
  0.1913267E+03  0.2011975E+03 -0.9870795E+01  0.1167326E+02  0.1167326E+02
  0.1894905E+03  0.1991067E+03 -0.9616216E+01  0.2350951E+02  0.2350951E+02
  0.1876634E+03  0.1971713E+03 -0.9507886E+01  0.2333659E+02  0.2333659E+02
  0.1858363E+03  0.1952359E+03 -0.9399558E+01  0.1216370E+02  0.1216370E+02
  0.1840092E+03  0.1933004E+03 -0.9291228E+01  0.7990784E+01  0.7990784E+01
  0.1824342E+03  0.1914810E+03 -0.9046764E+01  0.1456578E+02  0.1456578E+02
  0.1811113E+03  0.1897775E+03 -0.8666164E+01  0.3588867E+02  0.3588867E+02
  0.1797884E+03  0.1880740E+03 -0.8285563E+01  0.2115631E+00  0.2115631E+00
  0.1784655E+03  0.1863705E+03 -0.7904964E+01 -0.3046555E+02  0.0000000E+00
  0.1769522E+03  0.1847329E+03 -0.7780718E+01  0.1104784E+02  0.1104784E+02
  0.1752483E+03  0.1831611E+03 -0.7912827E+01 -0.2024834E+02  0.0000000E+00
  0.1735445E+03  0.1815894E+03 -0.8044935E+01 -0.5544479E+01  0.0000000E+00
  0.1718407E+03  0.1800177E+03 -0.8177044E+01  0.2715935E+02  0.2715935E+02
  0.1703949E+03  0.1785235E+03 -0.8128584E+01 -0.2394882E+01  0.0000000E+00
  0.1692072E+03  0.1771067E+03 -0.7899556E+01  0.1179282E+02  0.1179282E+02
  0.1680195E+03  0.1756900E+03 -0.7670528E+01 -0.1101949E+02  0.0000000E+00
  0.1668318E+03  0.1742733E+03 -0.7441500E+01 -0.1283179E+02  0.0000000E+00
  0.1655361E+03  0.1728951E+03 -0.7359085E+01 -0.1053606E+02  0.0000000E+00
  0.1641323E+03  0.1715556E+03 -0.7423285E+01  0.5867706E+01  0.5867706E+01
  0.1627285E+03  0.1702160E+03 -0.7487485E+01 -0.8728516E+01  0.0000000E+00
  0.1613248E+03  0.1688764E+03 -0.7551685E+01 -0.1324753E+01  0.0000000E+00
  0.1600456E+03  0.1675823E+03 -0.7536654E+01  0.1095438E+02  0.1095438E+02
  0.1588912E+03  0.1663335E+03 -0.7442395E+01  0.1410884E+02  0.1410884E+02
  0.1577367E+03  0.1650848E+03 -0.7348135E+01  0.3263321E+01  0.3263321E+01
  0.1565822E+03  0.1638361E+03 -0.7253875E+01 -0.5822144E+00  0.0000000E+00
  0.1554341E+03  0.1626152E+03 -0.7181061E+01 -0.5434143E+01  0.0000000E+00
  0.1542925E+03  0.1614222E+03 -0.7129694E+01  0.3707535E+01  0.3707535E+01
  0.1531508E+03  0.1602291E+03 -0.7078327E+01 -0.2150803E+01  0.0000000E+00
  0.1520091E+03  0.1590361E+03 -0.7026960E+01 -0.2600912E+02  0.0000000E+00
  0.1508814E+03  0.1578677E+03 -0.6986253E+01  0.1511856E+02  0.1511856E+02
  0.1497677E+03  0.1567240E+03 -0.6956205E+01  0.1423225E+02  0.1423225E+02
  0.1486541E+03  0.1555802E+03 -0.6926157E+01  0.3434595E+02  0.3434595E+02
  0.1475404E+03  0.1544365E+03 -0.6896109E+01 -0.9540359E+01  0.0000000E+00
  0.1464673E+03  0.1533146E+03 -0.6847349E+01 -0.5467255E+01  0.0000000E+00
  0.1454348E+03  0.1522146E+03 -0.6779877E+01 -0.1143475E+02  0.0000000E+00
  0.1444023E+03  0.1511147E+03 -0.6712404E+01 -0.7402267E+01  0.0000000E+00
  0.1433698E+03  0.1500147E+03 -0.6644932E+01  0.7630234E+01  0.7630234E+01
  0.1423366E+03  0.1489294E+03 -0.6592848E+01  0.1663437E+01  0.1663437E+01
  0.1413027E+03  0.1478588E+03 -0.6556152E+01 -0.1302658E+01  0.0000000E+00
  0.1402688E+03  0.1467882E+03 -0.6519456E+01  0.6731247E+01  0.6731247E+01
  0.1392348E+03  0.1457176E+03 -0.6482760E+01 -0.5234848E+01  0.0000000E+00
  0.1382669E+03  0.1446608E+03 -0.6393868E+01 -0.1026692E+02  0.0000000E+00
  0.1373650E+03  0.1436178E+03 -0.6252778E+01  0.1263499E+02  0.1263499E+02
  0.1364631E+03  0.1425748E+03 -0.6111689E+01 -0.1846306E+02  0.0000000E+00
  0.1355611E+03  0.1415317E+03 -0.5970599E+01  0.4388580E+00  0.4388580E+00
  0.1345798E+03  0.1404933E+03 -0.5913540E+01 -0.1357976E+02  0.0000000E+00
  0.1335189E+03  0.1394594E+03 -0.5940512E+01  0.1481079E+01  0.1481079E+01
  0.1324581E+03  0.1384256E+03 -0.5967484E+01  0.1454192E+02  0.1454192E+02
  0.1313972E+03  0.1373917E+03 -0.5994456E+01 -0.1239725E+02  0.0000000E+00
  0.1303286E+03  0.1363730E+03 -0.6044344E+01  0.8671371E+01  0.8671371E+01
  0.1292522E+03  0.1353693E+03 -0.6117149E+01 -0.1525218E+02  0.0000000E+00
  0.1281758E+03  0.1343657E+03 -0.6189954E+01  0.1824234E+01  0.1824234E+01
  0.1270993E+03  0.1333621E+03 -0.6262759E+01  0.2290067E+02  0.2290067E+02
  0.1261464E+03  0.1323770E+03 -0.6230622E+01  0.3853569E+01  0.3853569E+01
  0.1253170E+03  0.1314106E+03 -0.6093543E+01  0.8682961E+01  0.8682961E+01
  0.1244877E+03  0.1304441E+03 -0.5956465E+01  0.3512337E+01  0.3512337E+01
  0.1236583E+03  0.1294777E+03 -0.5819386E+01 -0.1565827E+02  0.0000000E+00
  0.1227532E+03  0.1285177E+03 -0.5764502E+01  0.2124683E+02  0.2124683E+02
  0.1217723E+03  0.1275642E+03 -0.5791812E+01 -0.5772346E+01  0.0000000E+00
  0.1207915E+03  0.1266106E+03 -0.5819122E+01  0.1520847E+02  0.1520847E+02
  0.1198107E+03  0.1256571E+03 -0.5846432E+01 -0.2810699E+01  0.0000000E+00
  0.1189493E+03  0.1247227E+03 -0.5773419E+01 -0.7949272E+01  0.0000000E+00
  0.1182072E+03  0.1238073E+03 -0.5600083E+01  0.2279277E+02  0.2279277E+02
  0.1174652E+03  0.1228919E+03 -0.5426746E+01 -0.1946519E+02  0.0000000E+00
  0.1167231E+03  0.1219766E+03 -0.5253410E+01 -0.1723145E+01  0.0000000E+00
  0.1159127E+03  0.1210681E+03 -0.5155415E+01  0.6087280E+01  0.6087280E+01
  0.1150339E+03  0.1201667E+03 -0.5132761E+01 -0.5033905E+01  0.0000000E+00
  0.1141551E+03  0.1192652E+03 -0.5110106E+01  0.7844917E+01  0.7844917E+01
  0.1132763E+03  0.1183637E+03 -0.5087452E+01 -0.4276268E+01  0.0000000E+00
  0.1123767E+03  0.1174792E+03 -0.5102509E+01  0.6233292E+00  0.6233292E+00
  0.1114563E+03  0.1166116E+03 -0.5155274E+01 -0.1845629E+02  0.0000000E+00
  0.1105359E+03  0.1157439E+03 -0.5208040E+01  0.2146410E+02  0.2146410E+02
  0.1096155E+03  0.1148763E+03 -0.5260806E+01 -0.1161552E+02  0.0000000E+00
  0.1088098E+03  0.1140290E+03 -0.5219186E+01  0.8190186E+01  0.8190186E+01
  0.1081188E+03  0.1132020E+03 -0.5083181E+01 -0.1187744E+00  0.0000000E+00
  0.1074277E+03  0.1123749E+03 -0.4947176E+01 -0.2442773E+02  0.0000000E+00
  0.1067367E+03  0.1115479E+03 -0.4811172E+01  0.1226331E+02  0.1226331E+02
  0.1059452E+03  0.1107270E+03 -0.4781756E+01  0.2054802E+01  0.2054802E+01
  0.1050533E+03  0.1099122E+03 -0.4858932E+01 -0.7053268E+01  0.0000000E+00
  0.1041613E+03  0.1090974E+03 -0.4936107E+01  0.3838669E+01  0.3838669E+01
  0.1032694E+03  0.1082827E+03 -0.5013282E+01  0.1573060E+02  0.1573060E+02
  0.1024957E+03  0.1074869E+03 -0.4991136E+01  0.7504257E+01  0.7504257E+01
  0.1018404E+03  0.1067100E+03 -0.4869668E+01 -0.4840363E+01  0.0000000E+00
  0.1011850E+03  0.1059332E+03 -0.4748201E+01 -0.5184990E+01  0.0000000E+00
  0.1005296E+03  0.1051563E+03 -0.4626734E+01  0.5470390E+01  0.5470390E+01
  0.9984784E+02  0.1043851E+03 -0.4537282E+01 -0.3847839E+01  0.0000000E+00
  0.9913969E+02  0.1036195E+03 -0.4479844E+01 -0.5139687E+01  0.0000000E+00
  0.9843153E+02  0.1028539E+03 -0.4422406E+01 -0.1943153E+02  0.0000000E+00
  0.9772337E+02  0.1020883E+03 -0.4364968E+01 -0.8723373E+01  0.0000000E+00
  0.9702928E+02  0.1013321E+03 -0.4302858E+01  0.1197072E+02  0.1197072E+02
  0.9634926E+02  0.1005853E+03 -0.4236074E+01 -0.1349258E+01  0.0000000E+00
  0.9566924E+02  0.9983853E+02 -0.4169291E+01  0.3307571E+00  0.3307571E+00
  0.9498922E+02  0.9909173E+02 -0.4102508E+01 -0.1598922E+02  0.0000000E+00
  0.9426150E+02  0.9835422E+02 -0.4092717E+01 -0.2261497E+01  0.0000000E+00
  0.9348609E+02  0.9762601E+02 -0.4139918E+01 -0.1148609E+02  0.0000000E+00
  0.9271067E+02  0.9689779E+02 -0.4187119E+01 -0.1471067E+02  0.0000000E+00
  0.9193526E+02  0.9616958E+02 -0.4234319E+01  0.7064735E+01  0.7064735E+01
  0.9123634E+02  0.9545675E+02 -0.4220418E+01 -0.2236336E+01  0.0000000E+00
  0.9061389E+02  0.9475931E+02 -0.4145414E+01  0.8386108E+01  0.8386108E+01
  0.8999146E+02  0.9406187E+02 -0.4070411E+01  0.8544922E-02  0.8544922E-02
  0.8936901E+02  0.9336443E+02 -0.3995407E+01 -0.6369011E+01  0.0000000E+00
  0.8873398E+02  0.9267329E+02 -0.3939314E+01 -0.9733978E+01  0.0000000E+00
  0.8808636E+02  0.9198849E+02 -0.3902130E+01 -0.1086357E+01  0.0000000E+00
  0.8743873E+02  0.9130368E+02 -0.3864947E+01 -0.1043873E+02  0.0000000E+00
  0.8679111E+02  0.9061887E+02 -0.3827764E+01 -0.7791107E+01  0.0000000E+00
  0.8605395E+02  0.8994234E+02 -0.3888391E+01 -0.4053947E+01  0.0000000E+00
  0.8522725E+02  0.8927408E+02 -0.4046830E+01  0.2772751E+01  0.2772751E+01
  0.8440055E+02  0.8860582E+02 -0.4205268E+01  0.2059945E+02  0.2059945E+02
  0.8357385E+02  0.8793756E+02 -0.4363707E+01 -0.3573853E+01  0.0000000E+00
  0.8294277E+02  0.8728960E+02 -0.4346824E+01  0.1605723E+02  0.1605723E+02
  0.8250731E+02  0.8666193E+02 -0.4154620E+01  0.1349269E+02  0.1349269E+02
  0.8207185E+02  0.8603426E+02 -0.3962416E+01 -0.7184601E-01  0.0000000E+00
  0.8163638E+02  0.8540659E+02 -0.3770212E+01 -0.6363831E+00  0.0000000E+00
  0.8110177E+02  0.8477457E+02 -0.3672797E+01 -0.8101768E+01  0.0000000E+00
  0.8046803E+02  0.8413819E+02 -0.3670170E+01 -0.2468025E+01  0.0000000E+00
  0.7983427E+02  0.8350182E+02 -0.3667543E+01 -0.4834267E+01  0.0000000E+00
  0.7920052E+02  0.8286544E+02 -0.3664916E+01 -0.2520052E+02  0.0000000E+00
  0.7860198E+02  0.8223804E+02 -0.3636060E+01  0.2039802E+02  0.2039802E+02
  0.7803867E+02  0.8161964E+02 -0.3580975E+01  0.6961327E+01  0.6961327E+01
  0.7747535E+02  0.8100124E+02 -0.3525890E+01  0.5246506E+00  0.5246506E+00
  0.7691204E+02  0.8038284E+02 -0.3470805E+01  0.1087959E+01  0.1087959E+01
  0.7632619E+02  0.7977125E+02 -0.3445064E+01 -0.1332619E+02  0.0000000E+00
  0.7571781E+02  0.7916648E+02 -0.3448668E+01 -0.7178116E+00  0.0000000E+00
  0.7510943E+02  0.7856170E+02 -0.3452272E+01 -0.6109428E+01  0.0000000E+00
  0.7450105E+02  0.7795693E+02 -0.3455876E+01 -0.4501053E+01  0.0000000E+00
  0.7393280E+02  0.7736149E+02 -0.3428686E+01  0.1067200E+01  0.1067200E+01
  0.7340467E+02  0.7677538E+02 -0.3370703E+01  0.7595329E+01  0.7595329E+01
  0.7287654E+02  0.7618926E+02 -0.3312720E+01  0.4123459E+01  0.4123459E+01
  0.7234841E+02  0.7560315E+02 -0.3254737E+01  0.4651588E+01  0.4651588E+01
  0.7181228E+02  0.7502215E+02 -0.3209872E+01 -0.1881228E+02  0.0000000E+00
  0.7126814E+02  0.7444627E+02 -0.3178123E+01 -0.3268135E+01  0.0000000E+00
  0.7072400E+02  0.7387037E+02 -0.3146374E+01 -0.5723999E+01  0.0000000E+00
  0.7017986E+02  0.7329449E+02 -0.3114625E+01 -0.1617986E+02  0.0000000E+00
  0.6960564E+02  0.7272515E+02 -0.3119511E+01 -0.4605644E+01  0.0000000E+00
  0.6900135E+02  0.7216239E+02 -0.3161032E+01  0.1099865E+02  0.1099865E+02
  0.6839707E+02  0.7159962E+02 -0.3202552E+01  0.2602928E+01  0.2602928E+01
  0.6779278E+02  0.7103686E+02 -0.3244073E+01 -0.2792778E+01  0.0000000E+00
  0.6725648E+02  0.7048483E+02 -0.3228349E+01  0.3743515E+01  0.3743515E+01
  0.6678819E+02  0.6994357E+02 -0.3155380E+01  0.4211815E+01  0.4211815E+01
  0.6631989E+02  0.6940230E+02 -0.3082411E+01  0.1468011E+02  0.1468011E+02
  0.6585159E+02  0.6886103E+02 -0.3009443E+01 -0.6851585E+01  0.0000000E+00
  0.6534658E+02  0.6832267E+02 -0.2976089E+01 -0.8346581E+01  0.0000000E+00
  0.6480488E+02  0.6778723E+02 -0.2982350E+01 -0.8804878E+01  0.0000000E+00
  0.6426318E+02  0.6725179E+02 -0.2988611E+01  0.2736824E+01  0.2736824E+01
  0.6372147E+02  0.6671635E+02 -0.2994872E+01  0.2785263E+00  0.2785263E+00
  0.6321222E+02  0.6618848E+02 -0.2976270E+01 -0.2212219E+01  0.0000000E+00
  0.6273541E+02  0.6566821E+02 -0.2932804E+01  0.2645912E+00  0.2645912E+00
  0.6225860E+02  0.6514793E+02 -0.2889339E+01  0.3741398E+01  0.3741398E+01
  0.6178179E+02  0.6462766E+02 -0.2845874E+01 -0.1178179E+02  0.0000000E+00
  0.6127166E+02  0.6411223E+02 -0.2840572E+01 -0.2271660E+01  0.0000000E+00
  0.6072820E+02  0.6360163E+02 -0.2873435E+01  0.4271797E+01  0.4271797E+01
  0.6018474E+02  0.6309104E+02 -0.2906298E+01  0.1815258E+01  0.1815258E+01
  0.5964128E+02  0.6258045E+02 -0.2939161E+01  0.3358715E+01  0.3358715E+01
  0.5917443E+02  0.6207873E+02 -0.2904298E+01  0.8255653E+00  0.8255653E+00
  0.5878419E+02  0.6158590E+02 -0.2801710E+01  0.7215813E+01  0.7215813E+01
  0.5839394E+02  0.6109306E+02 -0.2699122E+01 -0.1839394E+02  0.0000000E+00
  0.5800369E+02  0.6060023E+02 -0.2596534E+01 -0.7003693E+01  0.0000000E+00
  0.5755798E+02  0.6010781E+02 -0.2549831E+01  0.9442024E+01  0.9442024E+01
  0.5705679E+02  0.5961580E+02 -0.2559013E+01  0.9432106E+00  0.9432106E+00
  0.5655560E+02  0.5912379E+02 -0.2568194E+01 -0.1255560E+02  0.0000000E+00
  0.5605442E+02  0.5863179E+02 -0.2577376E+01  0.6945583E+01  0.6945583E+01
  0.5556521E+02  0.5814735E+02 -0.2582147E+01 -0.7565208E+01  0.0000000E+00
  0.5508798E+02  0.5767049E+02 -0.2582507E+01  0.8912018E+01  0.8912018E+01
  0.5461075E+02  0.5719362E+02 -0.2582867E+01 -0.1361075E+02  0.0000000E+00
  0.5413353E+02  0.5671675E+02 -0.2583226E+01 -0.1335258E+00  0.0000000E+00
  0.5372538E+02  0.5624696E+02 -0.2521576E+01  0.1527462E+02  0.1527462E+02
  0.5338631E+02  0.5578423E+02 -0.2397917E+01  0.1613686E+01  0.1613686E+01
  0.5304725E+02  0.5532151E+02 -0.2274256E+01 -0.7047253E+01  0.0000000E+00
  0.5270819E+02  0.5485878E+02 -0.2150597E+01 -0.1070819E+02  0.0000000E+00
  0.5227645E+02  0.5439499E+02 -0.2118543E+01 -0.3276447E+01  0.0000000E+00
  0.5175203E+02  0.5393013E+02 -0.2178096E+01 -0.1175203E+02  0.0000000E+00
  0.5122762E+02  0.5346526E+02 -0.2237648E+01 -0.1022762E+02  0.0000000E+00
  0.5070320E+02  0.5300040E+02 -0.2297201E+01 -0.4703197E+01  0.0000000E+00
  0.5023534E+02  0.5254628E+02 -0.2310934E+01 -0.4235344E+01  0.0000000E+00
  0.4982405E+02  0.5210290E+02 -0.2278849E+01  0.1417595E+02  0.1417595E+02
  0.4941276E+02  0.5165952E+02 -0.2246763E+01  0.1587238E+01  0.1587238E+01
  0.4900147E+02  0.5121614E+02 -0.2214678E+01 -0.6001469E+01  0.0000000E+00
  0.4862003E+02  0.5077742E+02 -0.2157388E+01 -0.9620029E+01  0.0000000E+00
  0.4826845E+02  0.5034334E+02 -0.2074893E+01  0.4731548E+01  0.4731548E+01
  0.4791687E+02  0.4990927E+02 -0.1992399E+01 -0.2916866E+01  0.0000000E+00
  0.4756529E+02  0.4947519E+02 -0.1909904E+01 -0.8565289E+01  0.0000000E+00
  0.4710070E+02  0.4904200E+02 -0.1941306E+01 -0.1110070E+02  0.0000000E+00
  0.4652311E+02  0.4860971E+02 -0.2086603E+01 -0.8523106E+01  0.0000000E+00
  0.4594551E+02  0.4817741E+02 -0.2231901E+01  0.5449295E-01  0.5449295E-01
  0.4536792E+02  0.4774511E+02 -0.2377198E+01  0.8632084E+01  0.8632084E+01
  0.4494445E+02  0.4732784E+02 -0.2383384E+01 -0.2944454E+01  0.0000000E+00
  0.4467513E+02  0.4692559E+02 -0.2250458E+01  0.2032487E+02  0.2032487E+02
  0.4440580E+02  0.4652333E+02 -0.2117533E+01 -0.3405800E+01  0.0000000E+00
  0.4413647E+02  0.4612108E+02 -0.1984607E+01 -0.8136475E+01  0.0000000E+00
  0.4377823E+02  0.4571575E+02 -0.1937513E+01 -0.1077823E+02  0.0000000E+00
  0.4333108E+02  0.4530733E+02 -0.1976250E+01  0.8668919E+01  0.8668919E+01
  0.4288392E+02  0.4489891E+02 -0.2014987E+01  0.1011608E+02  0.1011608E+02
  0.4243677E+02  0.4449049E+02 -0.2053725E+01 -0.4436771E+01  0.0000000E+00
  0.4205929E+02  0.4408964E+02 -0.2030348E+01 -0.6059288E+01  0.0000000E+00
  0.4175148E+02  0.4369634E+02 -0.1944857E+01  0.6248516E+01  0.6248516E+01
  0.4144368E+02  0.4330304E+02 -0.1859366E+01 -0.7443676E+01  0.0000000E+00
  0.4113587E+02  0.4290974E+02 -0.1773875E+01 -0.2135872E+01  0.0000000E+00
  0.4080803E+02  0.4251704E+02 -0.1709016E+01  0.2191975E+01  0.2191975E+01
  0.4046014E+02  0.4212494E+02 -0.1664791E+01 -0.1046014E+02  0.0000000E+00
  0.4011226E+02  0.4173283E+02 -0.1620565E+01  0.2887737E+01  0.2887737E+01
  0.3976438E+02  0.4134072E+02 -0.1576340E+01 -0.1376438E+02  0.0000000E+00
  0.3936940E+02  0.4095196E+02 -0.1582555E+01 -0.6369404E+01  0.0000000E+00
  0.3892733E+02  0.4056654E+02 -0.1639212E+01 -0.9927330E+01  0.0000000E+00
  0.3848526E+02  0.4018113E+02 -0.1695868E+01 -0.7485260E+01  0.0000000E+00
  0.3804319E+02  0.3979571E+02 -0.1752524E+01  0.5956814E+01  0.5956814E+01
  0.3768213E+02  0.3942006E+02 -0.1737920E+01  0.3178673E+00  0.3178673E+00
  0.3740210E+02  0.3905415E+02 -0.1652054E+01 -0.4020996E+00  0.0000000E+00
  0.3712206E+02  0.3868825E+02 -0.1566189E+01 -0.5122063E+01  0.0000000E+00
  0.3684203E+02  0.3832235E+02 -0.1480324E+01 -0.5842030E+01  0.0000000E+00
  0.3650584E+02  0.3795670E+02 -0.1450865E+01 -0.5058365E+00  0.0000000E+00
  0.3611348E+02  0.3759130E+02 -0.1477812E+01 -0.1411348E+02  0.0000000E+00
  0.3572113E+02  0.3722589E+02 -0.1504760E+01 -0.4721134E+01  0.0000000E+00
  0.3532878E+02  0.3686049E+02 -0.1531708E+01  0.1671219E+01  0.1671219E+01
  0.3498343E+02  0.3650196E+02 -0.1518536E+01 -0.4983425E+01  0.0000000E+00
  0.3468507E+02  0.3615031E+02 -0.1465247E+01 -0.2685066E+01  0.0000000E+00
  0.3438671E+02  0.3579866E+02 -0.1411957E+01  0.6132927E+00  0.6132927E+00
  0.3408835E+02  0.3544701E+02 -0.1358667E+01 -0.1308835E+02  0.0000000E+00
  0.3377744E+02  0.3509769E+02 -0.1320249E+01 -0.4777439E+01  0.0000000E+00
  0.3345398E+02  0.3475068E+02 -0.1296702E+01 -0.6453979E+01  0.0000000E+00
  0.3313052E+02  0.3440368E+02 -0.1273155E+01 -0.3130520E+01  0.0000000E+00
  0.3280706E+02  0.3405667E+02 -0.1249609E+01 -0.3807060E+01  0.0000000E+00
  0.3248010E+02  0.3371356E+02 -0.1233458E+01 -0.1048010E+02  0.0000000E+00
  0.3214964E+02  0.3337434E+02 -0.1224705E+01 -0.9149639E+01  0.0000000E+00
  0.3181918E+02  0.3303513E+02 -0.1215952E+01 -0.5819180E+01  0.0000000E+00
  0.3148872E+02  0.3269592E+02 -0.1207198E+01 -0.1148872E+02  0.0000000E+00
  0.3112904E+02  0.3236174E+02 -0.1232708E+01 -0.1290379E+00  0.0000000E+00
  0.3074014E+02  0.3203262E+02 -0.1292481E+01 -0.6740139E+01  0.0000000E+00
  0.3035124E+02  0.3170350E+02 -0.1352255E+01 -0.3512402E+00  0.0000000E+00
  0.2996234E+02  0.3137437E+02 -0.1412028E+01 -0.1096234E+02  0.0000000E+00
  0.2964899E+02  0.3105374E+02 -0.1404751E+01  0.7351011E+01  0.7351011E+01
  0.2941118E+02  0.3074161E+02 -0.1330425E+01  0.5588818E+01  0.5588818E+01
  0.2917337E+02  0.3042947E+02 -0.1256099E+01 -0.9173374E+01  0.0000000E+00
  0.2893557E+02  0.3011734E+02 -0.1181772E+01 -0.9355679E+00  0.0000000E+00
  0.2865715E+02  0.2980485E+02 -0.1147693E+01  0.3428459E+00  0.3428459E+00
  0.2833813E+02  0.2949199E+02 -0.1153862E+01 -0.9338133E+01  0.0000000E+00
  0.2801911E+02  0.2917914E+02 -0.1160030E+01 -0.1019112E+01  0.0000000E+00
  0.2770009E+02  0.2886629E+02 -0.1166199E+01 -0.1700090E+01  0.0000000E+00
  0.2740824E+02  0.2855820E+02 -0.1149958E+01 -0.2408239E+01  0.0000000E+00
  0.2714356E+02  0.2825487E+02 -0.1111308E+01 -0.7143560E+01  0.0000000E+00
  0.2687888E+02  0.2795154E+02 -0.1072657E+01 -0.8788776E+00  0.0000000E+00
  0.2661420E+02  0.2764820E+02 -0.1034007E+01 -0.8614199E+01  0.0000000E+00
  0.2632237E+02  0.2734759E+02 -0.1025225E+01 -0.4322367E+01  0.0000000E+00
  0.2600339E+02  0.2704970E+02 -0.1046311E+01 -0.7003386E+01  0.0000000E+00
  0.2568440E+02  0.2675180E+02 -0.1067397E+01 -0.4684404E+01  0.0000000E+00
  0.2536542E+02  0.2645391E+02 -0.1088482E+01 -0.1365423E+01  0.0000000E+00
  0.2506438E+02  0.2616202E+02 -0.1097644E+01 -0.4064377E+01  0.0000000E+00
  0.2478126E+02  0.2587615E+02 -0.1094882E+01  0.1218737E+01  0.1218737E+01
  0.2449815E+02  0.2559027E+02 -0.1092120E+01 -0.3498152E+01  0.0000000E+00
  0.2421504E+02  0.2530440E+02 -0.1089358E+01 -0.2215038E+01  0.0000000E+00
  0.2395426E+02  0.2502287E+02 -0.1068610E+01 -0.9542618E+00  0.0000000E+00
  0.2371582E+02  0.2474570E+02 -0.1029875E+01  0.1284180E+01  0.1284180E+01
  0.2347738E+02  0.2446852E+02 -0.9911397E+00 -0.1477379E+01  0.0000000E+00
  0.2323894E+02  0.2419134E+02 -0.9524046E+00 -0.7238937E+01  0.0000000E+00
  0.2298147E+02  0.2391607E+02 -0.9345942E+00 -0.9814720E+00  0.0000000E+00
  0.2270498E+02  0.2364269E+02 -0.9377083E+00 -0.4704981E+01  0.0000000E+00
  0.2242849E+02  0.2336931E+02 -0.9408224E+00 -0.3428490E+01  0.0000000E+00
  0.2215200E+02  0.2309594E+02 -0.9439366E+00  0.1848001E+01  0.1848001E+01
  0.2188164E+02  0.2282722E+02 -0.9455771E+00  0.1183567E+00  0.1183567E+00
  0.2161742E+02  0.2256317E+02 -0.9457442E+00 -0.7617424E+01  0.0000000E+00
  0.2135320E+02  0.2229911E+02 -0.9459111E+00 -0.5353203E+01  0.0000000E+00
  0.2108898E+02  0.2203506E+02 -0.9460781E+00 -0.1088984E+01  0.0000000E+00
  0.2085205E+02  0.2177579E+02 -0.9237453E+00 -0.8520451E+00  0.0000000E+00
  0.2064239E+02  0.2152130E+02 -0.8789127E+00  0.2357611E+01  0.2357611E+01
  0.2043273E+02  0.2126681E+02 -0.8340802E+00 -0.2432734E+01  0.0000000E+00
  0.2022308E+02  0.2101233E+02 -0.7892476E+00 -0.3223078E+01  0.0000000E+00
  0.1998332E+02  0.2075923E+02 -0.7759048E+00 -0.3983320E+01  0.0000000E+00
  0.1971346E+02  0.2050751E+02 -0.7940518E+00 -0.6713465E+01  0.0000000E+00
  0.1944361E+02  0.2025580E+02 -0.8121987E+00 -0.1044361E+02  0.0000000E+00
  0.1917375E+02  0.2000409E+02 -0.8303456E+00  0.3826250E+01  0.3826250E+01
  0.1894847E+02  0.1975795E+02 -0.8094873E+00  0.5153465E-01  0.5153465E-01
  0.1876775E+02  0.1951738E+02 -0.7496236E+00  0.2322464E+00  0.2322464E+00
  0.1858704E+02  0.1927680E+02 -0.6897599E+00 -0.5587042E+01  0.0000000E+00
  0.1840633E+02  0.1903623E+02 -0.6298962E+00 -0.8406330E+01  0.0000000E+00
  0.1817261E+02  0.1879662E+02 -0.6240119E+00 -0.5172606E+01  0.0000000E+00
  0.1788586E+02  0.1855797E+02 -0.6721070E+00 -0.3885864E+01  0.0000000E+00
  0.1759912E+02  0.1831933E+02 -0.7202023E+00  0.4008770E+00  0.4008770E+00
  0.1731238E+02  0.1808068E+02 -0.7682974E+00  0.2687618E+01  0.2687618E+01
  0.1707635E+02  0.1784925E+02 -0.7728958E+00 -0.7634926E-01  0.0000000E+00
  0.1689102E+02  0.1762502E+02 -0.7339973E+00 -0.5891024E+01  0.0000000E+00
  0.1670570E+02  0.1740080E+02 -0.6950989E+00 -0.4705700E+01  0.0000000E+00
  0.1652037E+02  0.1717657E+02 -0.6562004E+00 -0.1520374E+01  0.0000000E+00
  0.1632497E+02  0.1695426E+02 -0.6292825E+00 -0.2324974E+01  0.0000000E+00
  0.1611950E+02  0.1673385E+02 -0.6143450E+00 -0.4119501E+01  0.0000000E+00
  0.1591403E+02  0.1651343E+02 -0.5994076E+00 -0.3914027E+01  0.0000000E+00
  0.1570855E+02  0.1629302E+02 -0.5844701E+00 -0.4708554E+01  0.0000000E+00
  0.1549555E+02  0.1607560E+02 -0.5800498E+00 -0.2495552E+01  0.0000000E+00
  0.1527502E+02  0.1586117E+02 -0.5861467E+00 -0.3275022E+01  0.0000000E+00
  0.1505449E+02  0.1564674E+02 -0.5922435E+00 -0.1054492E+01  0.0000000E+00
  0.1483396E+02  0.1543230E+02 -0.5983403E+00 -0.4833961E+01  0.0000000E+00
  0.1462265E+02  0.1522259E+02 -0.5999354E+00  0.3773499E+00  0.3773499E+00
  0.1442056E+02  0.1501759E+02 -0.5970284E+00 -0.3420557E+01  0.0000000E+00
  0.1421846E+02  0.1481259E+02 -0.5941216E+00 -0.3218464E+01  0.0000000E+00
  0.1401637E+02  0.1460759E+02 -0.5912147E+00 -0.5016371E+01  0.0000000E+00
  0.1383471E+02  0.1440646E+02 -0.5717428E+00  0.2165286E+01  0.2165286E+01
  0.1367349E+02  0.1420920E+02 -0.5357056E+00 -0.6734934E+00  0.0000000E+00
  0.1351227E+02  0.1401194E+02 -0.4996686E+00 -0.6512274E+01  0.0000000E+00
  0.1335105E+02  0.1381468E+02 -0.4636314E+00  0.1648947E+01  0.1648947E+01
  0.1316597E+02  0.1361915E+02 -0.4531844E+00 -0.2165966E+01  0.0000000E+00
  0.1295701E+02  0.1342534E+02 -0.4683275E+00 -0.8957013E+01  0.0000000E+00
  0.1274806E+02  0.1323153E+02 -0.4834705E+00 -0.7480593E+00  0.0000000E+00
  0.1253911E+02  0.1303772E+02 -0.4986136E+00 -0.1539106E+01  0.0000000E+00
  0.1235618E+02  0.1284883E+02 -0.4926524E+00 -0.2356182E+01  0.0000000E+00
  0.1219929E+02  0.1266488E+02 -0.4655870E+00 -0.3199288E+01  0.0000000E+00
  0.1204239E+02  0.1248092E+02 -0.4385215E+00 -0.1042394E+01  0.0000000E+00
  0.1188550E+02  0.1229696E+02 -0.4114560E+00 -0.1885500E+01  0.0000000E+00
  0.1171589E+02  0.1211535E+02 -0.3994604E+00 -0.4715888E+01  0.0000000E+00
  0.1153356E+02  0.1193609E+02 -0.4025347E+00 -0.6533559E+01  0.0000000E+00
  0.1135123E+02  0.1175684E+02 -0.4056090E+00 -0.1351231E+01  0.0000000E+00
  0.1116890E+02  0.1157758E+02 -0.4086833E+00 -0.4168901E+01  0.0000000E+00
  0.1099504E+02  0.1140228E+02 -0.4072399E+00 -0.3995036E+01  0.0000000E+00
  0.1082963E+02  0.1123091E+02 -0.4012789E+00 -0.8296337E+00  0.0000000E+00
  0.1066423E+02  0.1105955E+02 -0.3953179E+00 -0.2664232E+01  0.0000000E+00
  0.1049883E+02  0.1088819E+02 -0.3893569E+00 -0.2498830E+01  0.0000000E+00
  0.1034751E+02  0.1072032E+02 -0.3728102E+00 -0.1347507E+01  0.0000000E+00
  0.1021026E+02  0.1055594E+02 -0.3456779E+00 -0.3210264E+01  0.0000000E+00
  0.1007302E+02  0.1039157E+02 -0.3185456E+00 -0.1073020E+01  0.0000000E+00
  0.9935777E+01  0.1022719E+02 -0.2914133E+00 -0.4935777E+01  0.0000000E+00
  0.9776456E+01  0.1006490E+02 -0.2884447E+00 -0.6776456E+01  0.0000000E+00
  0.9595057E+01  0.9904697E+01 -0.3096398E+00 -0.3595057E+01  0.0000000E+00
  0.9413659E+01  0.9744494E+01 -0.3308349E+00  0.1586341E+01  0.1586341E+01
  0.9232261E+01  0.9584291E+01 -0.3520299E+00 -0.3232261E+01  0.0000000E+00
  0.9072566E+01  0.9429176E+01 -0.3566098E+00 -0.3072566E+01  0.0000000E+00
  0.8934576E+01  0.9279150E+01 -0.3445744E+00 -0.1934576E+01  0.0000000E+00
  0.8796585E+01  0.9129125E+01 -0.3325390E+00 -0.7965851E+00  0.0000000E+00
  0.8658595E+01  0.8979098E+01 -0.3205036E+00 -0.6585951E+00  0.0000000E+00
  0.8528204E+01  0.8832119E+01 -0.3039154E+00 -0.4528204E+01  0.0000000E+00
  0.8405413E+01  0.8688187E+01 -0.2827743E+00 -0.2405413E+01  0.0000000E+00
  0.8282620E+01  0.8544253E+01 -0.2616332E+00 -0.3282620E+01  0.0000000E+00
  0.8159829E+01  0.8400321E+01 -0.2404922E+00 -0.1159829E+01  0.0000000E+00
  0.8019661E+01  0.8258691E+01 -0.2390302E+00 -0.5019661E+01  0.0000000E+00
  0.7862115E+01  0.8119362E+01 -0.2572474E+00 -0.3862115E+01  0.0000000E+00
  0.7704569E+01  0.7980034E+01 -0.2754646E+00 -0.2704569E+01  0.0000000E+00
  0.7547024E+01  0.7840705E+01 -0.2936818E+00  0.4452976E+01  0.4452976E+01
  0.7409464E+01  0.7706213E+01 -0.2967494E+00 -0.4409464E+01  0.0000000E+00
  0.7291890E+01  0.7576558E+01 -0.2846675E+00 -0.2291890E+01  0.0000000E+00
  0.7174316E+01  0.7446901E+01 -0.2725856E+00  0.8256841E+00  0.8256841E+00
  0.7056742E+01  0.7317245E+01 -0.2605037E+00 -0.4056742E+01  0.0000000E+00
  0.6946608E+01  0.7190479E+01 -0.2438713E+00 -0.1946608E+01  0.0000000E+00
  0.6843915E+01  0.7066603E+01 -0.2226883E+00 -0.1843915E+01  0.0000000E+00
  0.6741220E+01  0.6942726E+01 -0.2015053E+00 -0.2741220E+01  0.0000000E+00
  0.6638527E+01  0.6818849E+01 -0.1803223E+00  0.3614731E+00  0.3614731E+00
  0.6521299E+01  0.6697114E+01 -0.1758146E+00 -0.4521299E+01  0.0000000E+00
  0.6389537E+01  0.6577519E+01 -0.1879821E+00 -0.5389537E+01  0.0000000E+00
  0.6257776E+01  0.6457925E+01 -0.2001496E+00 -0.2577758E+00  0.0000000E+00
  0.6126014E+01  0.6338331E+01 -0.2123171E+00 -0.1260138E+00  0.0000000E+00
  0.6015220E+01  0.6223014E+01 -0.2077948E+00 -0.2015220E+01  0.0000000E+00
  0.5925393E+01  0.6111975E+01 -0.1865828E+00 -0.3925393E+01  0.0000000E+00
  0.5835566E+01  0.6000937E+01 -0.1653708E+00 -0.2835566E+01  0.0000000E+00
  0.5745739E+01  0.5889897E+01 -0.1441587E+00 -0.7457385E+00  0.0000000E+00
  0.5633895E+01  0.5781121E+01 -0.1472262E+00 -0.3633895E+01  0.0000000E+00
  0.5500035E+01  0.5674608E+01 -0.1745732E+00 -0.4500035E+01  0.0000000E+00
  0.5366176E+01  0.5568096E+01 -0.2019201E+00  0.6338243E+00  0.6338243E+00
  0.5232316E+01  0.5461583E+01 -0.2292670E+00  0.7676845E+00  0.7676845E+00
  0.5133581E+01  0.5359828E+01 -0.2262473E+00 -0.4133581E+01  0.0000000E+00
  0.5069970E+01  0.5262831E+01 -0.1928609E+00  0.1930030E+01  0.1930030E+01
  0.5006360E+01  0.5165834E+01 -0.1594744E+00 -0.1006360E+01  0.0000000E+00
  0.4942749E+01  0.5068838E+01 -0.1260880E+00 -0.1942749E+01  0.0000000E+00
  0.4860628E+01  0.4973070E+01 -0.1124416E+00 -0.4860628E+01  0.0000000E+00
  0.4759996E+01  0.4878531E+01 -0.1185351E+00 -0.2759996E+01  0.0000000E+00
  0.4659364E+01  0.4783993E+01 -0.1246286E+00 -0.2659364E+01  0.0000000E+00
  0.4558732E+01  0.4689455E+01 -0.1307221E+00 -0.5587320E+00  0.0000000E+00
  0.4469126E+01  0.4598344E+01 -0.1292180E+00 -0.1469126E+01  0.0000000E+00
  0.4390545E+01  0.4510661E+01 -0.1201162E+00 -0.2390545E+01  0.0000000E+00
  0.4311964E+01  0.4422979E+01 -0.1110145E+00 -0.4311964E+01  0.0000000E+00
  0.4233383E+01  0.4335296E+01 -0.1019127E+00 -0.3233383E+01  0.0000000E+00
  0.4157482E+01  0.4250284E+01 -0.9280260E-01 -0.2157482E+01  0.0000000E+00
  0.4084260E+01  0.4167943E+01 -0.8368407E-01  0.9157405E+00  0.9157405E+00
  0.4011037E+01  0.4085603E+01 -0.7456554E-01 -0.4011037E+01  0.0000000E+00
  0.3937815E+01  0.4003262E+01 -0.6544701E-01 -0.1937815E+01  0.0000000E+00
  0.3854718E+01  0.3923225E+01 -0.6850675E-01 -0.3854718E+01  0.0000000E+00
  0.3761748E+01  0.3845492E+01 -0.8374474E-01 -0.7617476E+00  0.0000000E+00
  0.3668776E+01  0.3767759E+01 -0.9898274E-01 -0.1668776E+01  0.0000000E+00
  0.3575805E+01  0.3690026E+01 -0.1142207E+00 -0.5758054E+00  0.0000000E+00
  0.3501587E+01  0.3615818E+01 -0.1142304E+00 -0.1501587E+01  0.0000000E+00
  0.3446123E+01  0.3545135E+01 -0.9901168E-01 -0.4461229E+00  0.0000000E+00
  0.3390658E+01  0.3474451E+01 -0.8379298E-01 -0.1390658E+01  0.0000000E+00
  0.3335194E+01  0.3403768E+01 -0.6857427E-01 -0.2335194E+01  0.0000000E+00
  0.3267403E+01  0.3334471E+01 -0.6706744E-01 -0.3267403E+01  0.0000000E+00
  0.3187287E+01  0.3266559E+01 -0.7927249E-01 -0.1187287E+01  0.0000000E+00
  0.3107171E+01  0.3198648E+01 -0.9147754E-01 -0.2107171E+01  0.0000000E+00
  0.3027055E+01  0.3130737E+01 -0.1036826E+00 -0.1027055E+01  0.0000000E+00
  0.2963437E+01  0.3065603E+01 -0.1021650E+00 -0.9634373E+00  0.0000000E+00
  0.2916319E+01  0.3003244E+01 -0.8692483E-01  0.1083681E+01  0.1083681E+01
  0.2869200E+01  0.2940885E+01 -0.7168465E-01 -0.2869200E+01  0.0000000E+00
  0.2822082E+01  0.2878526E+01 -0.5644447E-01 -0.8220823E+00  0.0000000E+00
  0.2767018E+01  0.2817373E+01 -0.5035515E-01 -0.1767018E+01  0.0000000E+00
  0.2704009E+01  0.2757425E+01 -0.5341670E-01 -0.1704009E+01  0.0000000E+00
  0.2640999E+01  0.2697478E+01 -0.5647825E-01 -0.1640999E+01  0.0000000E+00
  0.2577990E+01  0.2637530E+01 -0.5953980E-01 -0.5779898E+00  0.0000000E+00
  0.2521773E+01  0.2579792E+01 -0.5801982E-01 -0.1521773E+01  0.0000000E+00
  0.2472348E+01  0.2524266E+01 -0.5191830E-01 -0.1472348E+01  0.0000000E+00
  0.2422924E+01  0.2468740E+01 -0.4581678E-01 -0.1422924E+01  0.0000000E+00
  0.2373499E+01  0.2413214E+01 -0.3971526E-01 -0.3734992E+00  0.0000000E+00
  0.2321296E+01  0.2359492E+01 -0.3819652E-01 -0.2321296E+01  0.0000000E+00
  0.2266314E+01  0.2307574E+01 -0.4126055E-01 -0.2266314E+01  0.0000000E+00
  0.2211332E+01  0.2255656E+01 -0.4432457E-01 -0.1211332E+01  0.0000000E+00
  0.2156350E+01  0.2203738E+01 -0.4738860E-01 -0.1156350E+01  0.0000000E+00
  0.2106672E+01  0.2154067E+01 -0.4739479E-01 -0.1106672E+01  0.0000000E+00
  0.2062299E+01  0.2106642E+01 -0.4434315E-01 -0.1062299E+01  0.0000000E+00
  0.2017926E+01  0.2059217E+01 -0.4129151E-01 -0.2017926E+01  0.0000000E+00
  0.1973552E+01  0.2011792E+01 -0.3823986E-01 -0.1973552E+01  0.0000000E+00
  0.1927984E+01  0.1966230E+01 -0.3824623E-01  0.7201600E-01  0.7201600E-01
  0.1881221E+01  0.1922532E+01 -0.4131059E-01 -0.8812212E+00  0.0000000E+00
  0.1834458E+01  0.1878833E+01 -0.4437495E-01  0.1165542E+01  0.1165542E+01
  0.1787696E+01  0.1835135E+01 -0.4743932E-01 -0.1787696E+01  0.0000000E+00
  0.1744588E+01  0.1793563E+01 -0.4897551E-01 -0.1744588E+01  0.0000000E+00
  0.1705135E+01  0.1754119E+01 -0.4898353E-01 -0.7051355E+00  0.0000000E+00
  0.1665683E+01  0.1714675E+01 -0.4899154E-01 -0.6656832E+00  0.0000000E+00
  0.1626231E+01  0.1675230E+01 -0.4899956E-01 -0.1626231E+01  0.0000000E+00
  0.1593259E+01  0.1637670E+01 -0.4441032E-01 -0.5932593E+00  0.0000000E+00
  0.1566769E+01  0.1601993E+01 -0.3522383E-01  0.4332311E+00  0.4332311E+00
  0.1540278E+01  0.1566316E+01 -0.2603734E-01 -0.1540278E+01  0.0000000E+00
  0.1513788E+01  0.1530639E+01 -0.1685085E-01 -0.1513788E+01  0.0000000E+00
  0.1485528E+01  0.1496253E+01 -0.1225760E-01 -0.1485528E+01  0.0000000E+00
  0.1455498E+01  0.1463159E+01 -0.1225760E-01 -0.4554980E+00  0.0000000E+00
  0.1425468E+01  0.1430065E+01  0.0000000E+00 -0.1425468E+01  0.0000000E+00
  0.1395438E+01  0.1396971E+01  0.0000000E+00 -0.1395438E+01  0.0000000E+00
  0.1365577E+01  0.1365577E+01  0.0000000E+00 -0.1365577E+01  0.0000000E+00
  0.1335884E+01  0.1335884E+01  0.0000000E+00 -0.1335884E+01  0.0000000E+00
  0.1306191E+01  0.1306191E+01  0.0000000E+00 -0.1306191E+01  0.0000000E+00
  0.1276497E+01  0.1276497E+01  0.0000000E+00 -0.1276497E+01  0.0000000E+00
  0.1247202E+01  0.1248737E+01  0.0000000E+00 -0.1247202E+01  0.0000000E+00
  0.1218305E+01  0.1222910E+01  0.0000000E+00 -0.1218305E+01  0.0000000E+00
  0.1189407E+01  0.1197082E+01 -0.1227970E-01 -0.1189407E+01  0.0000000E+00
  0.1160510E+01  0.1171255E+01 -0.1227970E-01 -0.1605099E+00  0.0000000E+00
  0.1136694E+01  0.1147439E+01 -0.1227970E-01 -0.1136694E+01  0.0000000E+00
  0.1117959E+01  0.1125634E+01 -0.1227970E-01 -0.1117959E+01  0.0000000E+00
  0.1099225E+01  0.1103830E+01  0.0000000E+00 -0.1099225E+01  0.0000000E+00
  0.1080490E+01  0.1082025E+01  0.0000000E+00 -0.1080490E+01  0.0000000E+00
  0.1060225E+01  0.1061762E+01  0.0000000E+00 -0.1060225E+01  0.0000000E+00
  0.1038429E+01  0.1043041E+01  0.0000000E+00 -0.1038429E+01  0.0000000E+00
  0.1016633E+01  0.1024319E+01 -0.1229651E-01 -0.1016633E+01  0.0000000E+00
  0.9948375E+00  0.1005597E+01 -0.1229651E-01  0.5162537E-02  0.5162537E-02
  0.9778492E+00  0.9886086E+00 -0.1229651E-01 -0.9778492E+00  0.0000000E+00
  0.9656685E+00  0.9733539E+00 -0.1229651E-01 -0.9656685E+00  0.0000000E+00
  0.9534879E+00  0.9580991E+00  0.0000000E+00 -0.9534879E+00  0.0000000E+00
  0.9413072E+00  0.9428443E+00  0.0000000E+00 -0.9413072E+00  0.0000000E+00
  0.9256632E+00  0.9287407E+00  0.0000000E+00 -0.9256632E+00  0.0000000E+00
  0.9065558E+00  0.9157884E+00  0.0000000E+00 -0.9065558E+00  0.0000000E+00
  0.8874484E+00  0.9028359E+00 -0.2462013E-01 -0.8874484E+00  0.0000000E+00
  0.8683409E+00  0.8898835E+00 -0.2462013E-01 -0.8683409E+00  0.0000000E+00
  0.8551685E+00  0.8782509E+00 -0.2308244E-01 -0.8551685E+00  0.0000000E+00
  0.8479310E+00  0.8679381E+00 -0.2000707E-01  0.1152069E+01  0.1152069E+01
  0.8406936E+00  0.8576252E+00 -0.1693169E-01 -0.8406936E+00  0.0000000E+00
  0.8334562E+00  0.8473125E+00 -0.1385632E-01 -0.8334562E+00  0.0000000E+00
  0.8251304E+00  0.8374498E+00 -0.1231941E-01 -0.8251304E+00  0.0000000E+00
  0.8157164E+00  0.8280373E+00 -0.1232095E-01  0.1842836E+00  0.1842836E+00
  0.8063024E+00  0.8186249E+00 -0.1232250E-01  0.1936976E+00  0.1936976E+00
  0.7968884E+00  0.8092124E+00 -0.1232404E-01 -0.7968884E+00  0.0000000E+00
  0.7878411E+00  0.8001668E+00 -0.1232570E-01 -0.7878411E+00  0.0000000E+00
  0.7791604E+00  0.7914879E+00 -0.1232748E-01 -0.7791604E+00  0.0000000E+00
  0.7704799E+00  0.7828091E+00 -0.1232925E-01  0.2295201E+00  0.2295201E+00
  0.7617992E+00  0.7741302E+00 -0.1233102E-01 -0.7617992E+00  0.0000000E+00
  0.7534040E+00  0.7657369E+00 -0.1233288E-01 -0.7534040E+00  0.0000000E+00
  0.7452940E+00  0.7576289E+00 -0.1233483E-01 -0.7452940E+00  0.0000000E+00
  0.7371842E+00  0.7495210E+00 -0.1233678E-01  0.2628158E+00  0.2628158E+00
  0.7290742E+00  0.7414129E+00 -0.1233872E-01 -0.7290742E+00  0.0000000E+00
  0.7211738E+00  0.7335145E+00 -0.1234070E-01 -0.7211738E+00  0.0000000E+00
  0.7134828E+00  0.7258255E+00 -0.1234270E-01 -0.7134828E+00  0.0000000E+00
  0.7057918E+00  0.7181365E+00 -0.1234470E-01 -0.7057918E+00  0.0000000E+00
  0.6981009E+00  0.7104475E+00 -0.1234671E-01 -0.6981009E+00  0.0000000E+00
  0.6921309E+00  0.7029351E+00 -0.1234771E-01 -0.6921309E+00  0.0000000E+00
  0.6878819E+00  0.6955992E+00 -0.1234771E-01  0.3121181E+00  0.3121181E+00
  0.6836329E+00  0.6882632E+00  0.0000000E+00 -0.6836329E+00  0.0000000E+00
  0.6793839E+00  0.6809273E+00  0.0000000E+00 -0.6793839E+00  0.0000000E+00
  0.6735767E+00  0.6735767E+00  0.0000000E+00 -0.6735767E+00  0.0000000E+00
  0.6662114E+00  0.6662114E+00  0.0000000E+00 -0.6662114E+00  0.0000000E+00
  0.6588461E+00  0.6588461E+00  0.0000000E+00 -0.6588461E+00  0.0000000E+00
  0.6514807E+00  0.6514807E+00  0.0000000E+00 -0.6514807E+00  0.0000000E+00
  0.6427417E+00  0.6442878E+00  0.0000000E+00 -0.6427417E+00  0.0000000E+00
  0.6326291E+00  0.6372674E+00  0.0000000E+00 -0.6326291E+00  0.0000000E+00
  0.6225164E+00  0.6302469E+00 -0.1236873E-01  0.3774836E+00  0.3774836E+00
  0.6124038E+00  0.6232264E+00 -0.1236873E-01 -0.6124038E+00  0.0000000E+00
  0.6026354E+00  0.6165522E+00 -0.1391673E-01 -0.6026354E+00  0.0000000E+00
  0.5932115E+00  0.6102242E+00 -0.1701271E-01 -0.5932115E+00  0.0000000E+00
  0.5837874E+00  0.6038961E+00 -0.2010870E-01  0.1416213E+01  0.1416213E+01
  0.5743635E+00  0.5975682E+00 -0.2320469E-01 -0.5743635E+00  0.0000000E+00
  0.5683114E+00  0.5915180E+00 -0.2320659E-01 -0.5683114E+00  0.0000000E+00
  0.5656312E+00  0.5857456E+00 -0.2011441E-01 -0.5656312E+00  0.0000000E+00
  0.5629510E+00  0.5799732E+00 -0.1702223E-01 -0.5629510E+00  0.0000000E+00
  0.5602708E+00  0.5742008E+00 -0.1393004E-01 -0.5602708E+00  0.0000000E+00
  0.5574673E+00  0.5683033E+00 -0.1238395E-01  0.4425327E+00  0.4425327E+00
  0.5545406E+00  0.5622806E+00 -0.1238395E-01 -0.5545406E+00  0.0000000E+00
  0.5516140E+00  0.5562580E+00  0.0000000E+00 -0.5516140E+00  0.0000000E+00
  0.5486873E+00  0.5502353E+00  0.0000000E+00 -0.5486873E+00  0.0000000E+00
  0.5425744E+00  0.5441243E+00  0.0000000E+00 -0.5425744E+00  0.0000000E+00
  0.5332754E+00  0.5379250E+00  0.0000000E+00 -0.5332754E+00  0.0000000E+00
  0.5239764E+00  0.5317257E+00 -0.1239885E-01 -0.5239764E+00  0.0000000E+00
  0.5146775E+00  0.5255264E+00 -0.1239885E-01 -0.5146775E+00  0.0000000E+00
  0.5088089E+00  0.5196579E+00 -0.1239885E-01 -0.5088089E+00  0.0000000E+00
  0.5063707E+00  0.5141199E+00 -0.1239885E-01  0.4936293E+00  0.4936293E+00
  0.5039324E+00  0.5085820E+00  0.0000000E+00 -0.5039324E+00  0.0000000E+00
  0.5014942E+00  0.5030441E+00  0.0000000E+00 -0.5014942E+00  0.0000000E+00
  0.4974699E+00  0.4974699E+00  0.0000000E+00 -0.4974699E+00  0.0000000E+00
  0.4918592E+00  0.4918592E+00  0.0000000E+00 -0.4918592E+00  0.0000000E+00
  0.4862486E+00  0.4862486E+00  0.0000000E+00 -0.4862486E+00  0.0000000E+00
  0.4806380E+00  0.4806380E+00  0.0000000E+00 -0.4806380E+00  0.0000000E+00
  0.4704793E+00  0.4751363E+00  0.0000000E+00 -0.4704793E+00  0.0000000E+00
  0.4557724E+00  0.4697435E+00  0.0000000E+00 -0.4557724E+00  0.0000000E+00
  0.4410655E+00  0.4643507E+00 -0.3725631E-01  0.1558934E+01  0.1558934E+01
  0.4263586E+00  0.4589579E+00 -0.3725631E-01  0.5736414E+00  0.5736414E+00
  0.4216093E+00  0.4542085E+00 -0.3725631E-01 -0.4216093E+00  0.0000000E+00
  0.4268174E+00  0.4501025E+00 -0.3725631E-01 -0.4268174E+00  0.0000000E+00
  0.4320255E+00  0.4459966E+00  0.0000000E+00 -0.4320255E+00  0.0000000E+00
  0.4372336E+00  0.4418906E+00  0.0000000E+00 -0.4372336E+00  0.0000000E+00
  0.4372964E+00  0.4372964E+00  0.0000000E+00 -0.4372964E+00  0.0000000E+00
  0.4322138E+00  0.4322138E+00  0.0000000E+00 -0.4322138E+00  0.0000000E+00
  0.4271313E+00  0.4271313E+00  0.0000000E+00 -0.4271313E+00  0.0000000E+00
  0.4220487E+00  0.4220487E+00  0.0000000E+00 -0.4220487E+00  0.0000000E+00
  0.4170154E+00  0.4170154E+00  0.0000000E+00 -0.4170154E+00  0.0000000E+00
  0.4120313E+00  0.4120313E+00  0.0000000E+00 -0.4120313E+00  0.0000000E+00
  0.4070472E+00  0.4070472E+00  0.0000000E+00 -0.4070472E+00  0.0000000E+00
  0.4020631E+00  0.4020631E+00  0.0000000E+00 -0.4020631E+00  0.0000000E+00
  0.3941469E+00  0.3972589E+00  0.0000000E+00 -0.3941469E+00  0.0000000E+00
  0.3832987E+00  0.3926346E+00  0.0000000E+00 -0.3832987E+00  0.0000000E+00
  0.3724504E+00  0.3880103E+00 -0.2489588E-01  0.6275496E+00  0.6275496E+00
  0.3616021E+00  0.3833860E+00 -0.2489588E-01 -0.3616021E+00  0.0000000E+00
  0.3558790E+00  0.3792201E+00 -0.2334104E-01 -0.3558790E+00  0.0000000E+00
  0.3552813E+00  0.3755126E+00 -0.2023137E-01  0.6447188E+00  0.6447188E+00
  0.3546835E+00  0.3718052E+00 -0.1712170E-01 -0.3546835E+00  0.0000000E+00
  0.3540857E+00  0.3680978E+00 -0.1401203E-01 -0.3540857E+00  0.0000000E+00
  0.3518015E+00  0.3642593E+00 -0.1245787E-01 -0.3518015E+00  0.0000000E+00
  0.3478307E+00  0.3602899E+00 -0.1245922E-01  0.6521693E+00  0.6521693E+00
  0.3438599E+00  0.3563204E+00 -0.1246057E-01 -0.3438599E+00  0.0000000E+00
  0.3398891E+00  0.3523510E+00 -0.1246192E-01 -0.3398891E+00  0.0000000E+00
  0.3359382E+00  0.3484018E+00 -0.1246364E-01  0.6640618E+00  0.6640618E+00
  0.3320071E+00  0.3444729E+00 -0.1246573E-01 -0.3320071E+00  0.0000000E+00
  0.3280761E+00  0.3405439E+00 -0.1246781E-01  0.6719239E+00  0.6719239E+00
  0.3241450E+00  0.3366150E+00 -0.1246990E-01 -0.3241450E+00  0.0000000E+00
  0.3218623E+00  0.3327744E+00 -0.1247095E-01 -0.3218623E+00  0.0000000E+00
  0.3212278E+00  0.3290222E+00 -0.1247095E-01 -0.3212278E+00  0.0000000E+00
  0.3205933E+00  0.3252699E+00  0.0000000E+00 -0.3205933E+00  0.0000000E+00
  0.3199589E+00  0.3215177E+00  0.0000000E+00 -0.3199589E+00  0.0000000E+00
  0.3176736E+00  0.3176736E+00  0.0000000E+00 -0.3176736E+00  0.0000000E+00
  0.3137375E+00  0.3137375E+00  0.0000000E+00 -0.3137375E+00  0.0000000E+00
  0.3098014E+00  0.3098014E+00  0.0000000E+00 -0.3098014E+00  0.0000000E+00
  0.3058653E+00  0.3058653E+00  0.0000000E+00 -0.3058653E+00  0.0000000E+00
  0.3004731E+00  0.3020346E+00  0.0000000E+00 -0.3004731E+00  0.0000000E+00
  0.2936249E+00  0.2983094E+00  0.0000000E+00 -0.2936249E+00  0.0000000E+00
  0.2867766E+00  0.2945842E+00 -0.1249215E-01 -0.2867766E+00  0.0000000E+00
  0.2799284E+00  0.2908590E+00 -0.1249215E-01 -0.2799284E+00  0.0000000E+00
  0.2764944E+00  0.2874251E+00 -0.1249215E-01  0.7235056E+00  0.7235056E+00
  0.2764749E+00  0.2842825E+00 -0.1249215E-01 -0.2764749E+00  0.0000000E+00
  0.2764553E+00  0.2811399E+00  0.0000000E+00 -0.2764553E+00  0.0000000E+00
  0.2764357E+00  0.2779973E+00  0.0000000E+00 -0.2764357E+00  0.0000000E+00
  0.2731839E+00  0.2747471E+00  0.0000000E+00 -0.2731839E+00  0.0000000E+00
  0.2666999E+00  0.2713894E+00  0.0000000E+00 -0.2666999E+00  0.0000000E+00
  0.2602158E+00  0.2680316E+00 -0.1250527E-01  0.7397841E+00  0.7397841E+00
  0.2537318E+00  0.2646739E+00 -0.1250527E-01 -0.2537318E+00  0.0000000E+00
  0.2505979E+00  0.2615400E+00 -0.1250527E-01 -0.2505979E+00  0.0000000E+00
  0.2508141E+00  0.2586299E+00 -0.1250527E-01 -0.2508141E+00  0.0000000E+00
  0.2510303E+00  0.2557198E+00  0.0000000E+00 -0.2510303E+00  0.0000000E+00
  0.2512466E+00  0.2528097E+00  0.0000000E+00 -0.2512466E+00  0.0000000E+00
  0.2513547E+00  0.2497790E+00  0.0000000E+00 -0.2513547E+00  0.0000000E+00
  0.2513547E+00  0.2466277E+00  0.0000000E+00 -0.2513547E+00  0.0000000E+00
 -0.3679780E+01  0.2434765E+00 -0.3918530E+01  0.5679780E+01  0.5679780E+01
 -0.3679780E+01  0.2403252E+00 -0.3918530E+01  0.4679780E+01  0.4679780E+01
 -0.3679780E+01  0.2387495E+00 -0.3918530E+01  0.3679780E+01  0.3679780E+01
 -0.3679780E+01  0.2387495E+00 -0.3918530E+01  0.3136798E+03  0.3136798E+03
