 0.13188E+04  0.91903E+00
 0.13230E+04  0.95350E+00
 0.13243E+04  0.93146E+00
 0.13263E+04  0.98470E+00
 0.13286E+04  0.93428E+00
 0.13301E+04  0.95483E+00
 0.13329E+04  0.97515E+00
 0.13342E+04  0.95394E+00
 0.13370E+04  0.93946E+00
 0.13389E+04  0.91777E+00
 0.13403E+04  0.99680E+00
 0.13421E+04  0.99489E+00
 0.13427E+04  0.10122E+01
 0.13468E+04  0.98909E+00
 0.13491E+04  0.95234E+00
 0.13512E+04  0.97319E+00
 0.13540E+04  0.98808E+00
 0.13549E+04  0.10037E+01
 0.13571E+04  0.96159E+00
 0.13590E+04  0.95716E+00
 0.13623E+04  0.99454E+00
 0.13670E+04  0.99433E+00
 0.13756E+04  0.92479E+00
 0.13798E+04  0.95418E+00
 0.13847E+04  0.98859E+00
 0.13881E+04  0.98233E+00
 0.13928E+04  0.97156E+00
 0.13963E+04  0.96011E+00
 0.13991E+04  0.94373E+00
 0.14038E+04  0.93365E+00
 0.14077E+04  0.97763E+00
 0.14110E+04  0.91897E+00
 0.14139E+04  0.88387E+00
 0.14170E+04  0.86963E+00
 0.14216E+04  0.90047E+00
 0.14269E+04  0.89421E+00
 0.14316E+04  0.98423E+00
 0.14355E+04  0.90674E+00
 0.14401E+04  0.95727E+00
 0.14435E+04  0.93082E+00
 0.14464E+04  0.90068E+00
 0.14517E+04  0.90343E+00
 0.14558E+04  0.97352E+00
 0.14598E+04  0.10054E+01
 0.14643E+04  0.92816E+00
 0.14665E+04  0.94503E+00
 0.14677E+04  0.96346E+00
 0.14698E+04  0.98036E+00
 0.14730E+04  0.94813E+00
 0.14743E+04  0.91596E+00
 0.14777E+04  0.93594E+00
 0.14800E+04  0.88343E+00
 0.14818E+04  0.90997E+00
 0.14847E+04  0.97814E+00
 0.14876E+04  0.91453E+00
 0.14900E+04  0.97820E+00
 0.14926E+04  0.89630E+00
 0.14951E+04  0.10229E+01
 0.14975E+04  0.95348E+00
 0.14990E+04  0.94522E+00
 0.15041E+04  0.90927E+00
 0.15055E+04  0.98179E+00
 0.15097E+04  0.10275E+01
 0.15114E+04  0.95417E+00
 0.15151E+04  0.97990E+00
 0.15174E+04  0.92163E+00
 0.15219E+04  0.98456E+00
 0.15241E+04  0.98300E+00
 0.15249E+04  0.88583E+00
 0.15286E+04  0.89637E+00
 0.15328E+04  0.98099E+00
 0.15348E+04  0.10602E+01
 0.15363E+04  0.92427E+00
 0.15381E+04  0.94039E+00
 0.15410E+04  0.91166E+00
 0.15434E+04  0.92548E+00
 0.15462E+04  0.95540E+00
 0.15486E+04  0.97567E+00
 0.15503E+04  0.91849E+00
 0.15533E+04  0.96772E+00
 0.15540E+04  0.92464E+00
 0.15565E+04  0.90732E+00
 0.15583E+04  0.93949E+00
 0.15613E+04  0.97024E+00
 0.15627E+04  0.92123E+00
 0.15652E+04  0.89727E+00
 0.15681E+04  0.97907E+00
 0.15702E+04  0.90327E+00
 0.15716E+04  0.93546E+00
 0.15747E+04  0.98288E+00
 0.15760E+04  0.91192E+00
 0.15784E+04  0.95209E+00
 0.15806E+04  0.97271E+00
 0.15825E+04  0.94258E+00
 0.15851E+04  0.90174E+00
 0.15863E+04  0.88191E+00
 0.15885E+04  0.86480E+00
 0.15916E+04  0.86833E+00
 0.15942E+04  0.96388E+00
 0.15978E+04  0.10232E+01
 0.16006E+04  0.10420E+01
 0.16019E+04  0.10203E+01
 0.16053E+04  0.99137E+00
 0.16088E+04  0.97234E+00
 0.16113E+04  0.95528E+00
 0.16144E+04  0.94391E+00
 0.16165E+04  0.10025E+01
 0.16194E+04  0.95004E+00
 0.16224E+04  0.96915E+00
 0.16236E+04  0.10066E+01
 0.16264E+04  0.10051E+01
 0.16280E+04  0.96243E+00
 0.16293E+04  0.93120E+00
 0.16314E+04  0.98914E+00
 0.16326E+04  0.10063E+01
 0.16354E+04  0.10099E+01
 0.16373E+04  0.96530E+00
 0.16392E+04  0.93443E+00
 0.16427E+04  0.91762E+00
 0.16442E+04  0.95451E+00
 0.16454E+04  0.97888E+00
 0.16472E+04  0.10023E+01
 0.16498E+04  0.92602E+00
 0.16531E+04  0.97610E+00
 0.16549E+04  0.10140E+01
 0.16560E+04  0.93694E+00
 0.16591E+04  0.94062E+00
 0.16615E+04  0.97758E+00
 0.16628E+04  0.92885E+00
 0.16662E+04  0.96177E+00
 0.16686E+04  0.99727E+00
 0.16705E+04  0.96156E+00
 0.16753E+04  0.90900E+00
 0.16779E+04  0.98154E+00
 0.16792E+04  0.94098E+00
 0.16810E+04  0.97804E+00
 0.16836E+04  0.93333E+00
 0.16847E+04  0.98626E+00
 0.16870E+04  0.95579E+00
 0.16904E+04  0.91343E+00
 0.16915E+04  0.10263E+01
 0.16946E+04  0.99854E+00
 0.16974E+04  0.97956E+00
 0.17012E+04  0.96163E+00
 0.17039E+04  0.98375E+00
 0.17055E+04  0.97244E+00
 0.17081E+04  0.94330E+00
 0.17111E+04  0.96968E+00
 0.17135E+04  0.99358E+00
 0.17164E+04  0.97220E+00
 0.17198E+04  0.97057E+00
 0.17214E+04  0.94353E+00
 0.17225E+04  0.99885E+00
 0.17251E+04  0.97110E+00
 0.17288E+04  0.96580E+00
 0.17309E+04  0.98582E+00
 0.17350E+04  0.95749E+00
 0.17377E+04  0.10077E+01
 0.17405E+04  0.10053E+01
 0.17433E+04  0.97909E+00
 0.17462E+04  0.95483E+00
 0.17480E+04  0.97081E+00
 0.17508E+04  0.96415E+00
 0.17527E+04  0.93640E+00
 0.17557E+04  0.96987E+00
 0.17576E+04  0.99219E+00
 0.17592E+04  0.94588E+00
 0.17610E+04  0.96203E+00
 0.17635E+04  0.95686E+00
 0.17657E+04  0.95333E+00
 0.17687E+04  0.97510E+00
 0.17712E+04  0.10004E+01
 0.17728E+04  0.95538E+00
 0.17735E+04  0.93365E+00
 0.17751E+04  0.90472E+00
 0.17778E+04  0.92619E+00
 0.17799E+04  0.96146E+00
 0.17823E+04  0.99935E+00
 0.17839E+04  0.97853E+00
 0.17864E+04  0.95240E+00
 0.17877E+04  0.93933E+00
 0.17902E+04  0.91297E+00
 0.17924E+04  0.94254E+00
 0.17933E+04  0.92679E+00
 0.17949E+04  0.90971E+00
 0.17977E+04  0.91275E+00
 0.18001E+04  0.95754E+00
 0.18032E+04  0.94200E+00
 0.18051E+04  0.92082E+00
 0.18066E+04  0.97127E+00
 0.18075E+04  0.94684E+00
 0.18106E+04  0.94606E+00
 0.18138E+04  0.91758E+00
 0.18165E+04  0.94198E+00
 0.18183E+04  0.97617E+00
 0.18196E+04  0.96259E+00
 0.18212E+04  0.93642E+00
 0.18240E+04  0.91573E+00
 0.18268E+04  0.90136E+00
 0.18274E+04  0.93891E+00
 0.18292E+04  0.97355E+00
 0.18307E+04  0.97088E+00
 0.18342E+04  0.95959E+00
 0.18367E+04  0.94484E+00
 0.18397E+04  0.97234E+00
 0.18422E+04  0.96196E+00
 0.18454E+04  0.92123E+00
 0.18475E+04  0.95235E+00
 0.18487E+04  0.98259E+00
 0.18515E+04  0.95684E+00
 0.18536E+04  0.98594E+00
 0.18547E+04  0.92458E+00
 0.18565E+04  0.94894E+00
 0.18586E+04  0.97370E+00
 0.18614E+04  0.95431E+00
 0.18630E+04  0.93577E+00
 0.18642E+04  0.98001E+00
 0.18669E+04  0.10102E+01
 0.18691E+04  0.99463E+00
 0.18704E+04  0.97793E+00
 0.18723E+04  0.94813E+00
 0.18757E+04  0.94960E+00
 0.18775E+04  0.98368E+00
 0.18788E+04  0.93236E+00
 0.18803E+04  0.96156E+00
 0.18846E+04  0.98247E+00
 0.18877E+04  0.98593E+00
 0.18893E+04  0.94363E+00
 0.18914E+04  0.10342E+01
 0.18918E+04  0.93702E+00
 0.18963E+04  0.84367E+00
 0.18977E+04  0.91998E+00
 0.19008E+04  0.95846E+00
 0.19036E+04  0.93319E+00
 0.19055E+04  0.90220E+00
 0.19070E+04  0.96283E+00
 0.19082E+04  0.94757E+00
 0.19107E+04  0.97403E+00
 0.19132E+04  0.95773E+00
 0.19144E+04  0.98048E+00
 0.19159E+04  0.96786E+00
 0.19216E+04  0.93322E+00
 0.19228E+04  0.96097E+00
 0.19254E+04  0.87463E+00
 0.19266E+04  0.89754E+00
 0.19286E+04  0.99624E+00
 0.19305E+04  0.94507E+00
 0.19342E+04  0.96117E+00
 0.19365E+04  0.90756E+00
 0.19383E+04  0.93635E+00
 0.19407E+04  0.95846E+00
 0.19426E+04  0.92124E+00
 0.19441E+04  0.95961E+00
 0.19467E+04  0.91557E+00
 0.19488E+04  0.94739E+00
 0.19518E+04  0.10323E+01
 0.19533E+04  0.10489E+01
 0.19560E+04  0.11067E+01
 0.19591E+04  0.11106E+01
 0.19613E+04  0.11083E+01
 0.19617E+04  0.10611E+01
 0.19637E+04  0.93316E+00
 0.19658E+04  0.95795E+00
 0.19674E+04  0.92942E+00
 0.19711E+04  0.93324E+00
 0.19722E+04  0.84339E+00
 0.19734E+04  0.82429E+00
 0.19749E+04  0.85863E+00
 0.19776E+04  0.91968E+00
 0.19809E+04  0.10149E+01
 0.19826E+04  0.92474E+00
 0.19857E+04  0.94079E+00
 0.19875E+04  0.98630E+00
 0.19918E+04  0.10167E+01
 0.19943E+04  0.97034E+00
 0.19969E+04  0.91868E+00
 0.19990E+04  0.95976E+00
 0.20018E+04  0.94967E+00
 0.20052E+04  0.94276E+00
 0.20067E+04  0.95743E+00
 0.20085E+04  0.97765E+00
 0.20110E+04  0.98295E+00
 0.20120E+04  0.96562E+00
 0.20144E+04  0.97342E+00
 0.20157E+04  0.94834E+00
 0.20182E+04  0.93770E+00
 0.20200E+04  0.97136E+00
 0.20228E+04  0.94778E+00
 0.20247E+04  0.95238E+00
 0.20263E+04  0.90596E+00
 0.20275E+04  0.92854E+00
 0.20293E+04  0.99457E+00
 0.20312E+04  0.94836E+00
 0.20330E+04  0.96365E+00
 0.20349E+04  0.93602E+00
 0.20375E+04  0.88468E+00
 0.20389E+04  0.94820E+00
 0.20405E+04  0.91731E+00
 0.20420E+04  0.93778E+00
 0.20448E+04  0.96781E+00
 0.20461E+04  0.92567E+00
 0.20482E+04  0.98503E+00
 0.20501E+04  0.95970E+00
 0.20514E+04  0.91451E+00
 0.20529E+04  0.95714E+00
 0.20547E+04  0.95072E+00
 0.20563E+04  0.91941E+00
 0.20600E+04  0.91202E+00
 0.20628E+04  0.92027E+00
 0.20631E+04  0.95381E+00
 0.20671E+04  0.97452E+00
 0.20693E+04  0.95178E+00
 0.20720E+04  0.97691E+00
 0.20761E+04  0.98671E+00
 0.20764E+04  0.92822E+00
 0.20779E+04  0.95773E+00
 0.20795E+04  0.93405E+00
 0.20838E+04  0.96091E+00
 0.20858E+04  0.86683E+00
 0.20873E+04  0.91356E+00
 0.20898E+04  0.85920E+00
 0.20911E+04  0.82059E+00
 0.20942E+04  0.80909E+00
 0.20949E+04  0.76119E+00
 0.20978E+04  0.68348E+00
 0.20990E+04  0.70443E+00
 0.21016E+04  0.86437E+00
 0.21017E+04  0.75534E+00
 0.21053E+04  0.91099E+00
 0.21079E+04  0.10146E+01
 0.21129E+04  0.99380E+00
 0.21142E+04  0.95449E+00
 0.21158E+04  0.90372E+00
 0.21174E+04  0.88193E+00
 0.21216E+04  0.96194E+00
 0.21232E+04  0.89908E+00
 0.21256E+04  0.95718E+00
 0.21260E+04  0.88999E+00
 0.21306E+04  0.95923E+00
 0.21319E+04  0.93099E+00
 0.21362E+04  0.92333E+00
 0.21380E+04  0.95476E+00
 0.21412E+04  0.91327E+00
 0.21434E+04  0.88252E+00
 0.21461E+04  0.90899E+00
 0.21489E+04  0.94467E+00
 0.21511E+04  0.87765E+00
 0.21542E+04  0.93782E+00
 0.21576E+04  0.92905E+00
 0.21595E+04  0.89450E+00
 0.21622E+04  0.94565E+00
 0.21638E+04  0.88939E+00
 0.21659E+04  0.96759E+00
 0.21678E+04  0.91754E+00
 0.21697E+04  0.88875E+00
 0.21739E+04  0.96025E+00
 0.21755E+04  0.91875E+00
 0.21771E+04  0.88638E+00
 0.21795E+04  0.95345E+00
 0.21830E+04  0.93209E+00
 0.21855E+04  0.90035E+00
 0.21883E+04  0.85314E+00
 0.21899E+04  0.78287E+00
 0.21912E+04  0.77769E+00
 0.21935E+04  0.87655E+00
 0.21948E+04  0.82762E+00
 0.21957E+04  0.90675E+00
 0.21969E+04  0.93298E+00
 0.21988E+04  0.92850E+00
 0.21988E+04  0.87508E+00
 0.22015E+04  0.92479E+00
 0.22022E+04  0.85925E+00
 0.22037E+04  0.89215E+00
 0.22056E+04  0.87176E+00
 0.22071E+04  0.90162E+00
 0.22105E+04  0.92383E+00
 0.22133E+04  0.92648E+00
 0.22152E+04  0.89638E+00
 0.22158E+04  0.95757E+00
 0.22176E+04  0.94015E+00
 0.22195E+04  0.96759E+00
 0.22198E+04  0.91664E+00
 0.22226E+04  0.87751E+00
 0.22242E+04  0.91432E+00
 0.22256E+04  0.97039E+00
 0.22269E+04  0.93621E+00
 0.22294E+04  0.89336E+00
 0.22303E+04  0.94268E+00
 0.22328E+04  0.93211E+00
 0.22346E+04  0.10280E+01
 0.22356E+04  0.90228E+00
 0.22371E+04  0.93294E+00
 0.22390E+04  0.97710E+00
 0.22415E+04  0.95670E+00
 0.22421E+04  0.90500E+00
 0.22436E+04  0.93912E+00
 0.22452E+04  0.97012E+00
 0.22471E+04  0.91946E+00
 0.22480E+04  0.94001E+00
 0.22520E+04  0.95041E+00
 0.22551E+04  0.90711E+00
 0.22576E+04  0.90278E+00
 0.22598E+04  0.90810E+00
 0.22647E+04  0.88928E+00
 0.22669E+04  0.89794E+00
 0.22690E+04  0.95006E+00
 0.22743E+04  0.95848E+00
 0.22759E+04  0.92298E+00
 0.22783E+04  0.91509E+00
 0.22792E+04  0.95644E+00
 0.22836E+04  0.89286E+00
 0.22857E+04  0.97966E+00
 0.22882E+04  0.93444E+00
 0.22904E+04  0.97742E+00
 0.22932E+04  0.95963E+00
 0.22957E+04  0.90720E+00
 0.22969E+04  0.97690E+00
 0.22984E+04  0.94058E+00
 0.23238E+04  0.88198E+00
 0.23258E+04  0.89506E+00
 0.23292E+04  0.92077E+00
 0.23305E+04  0.87338E+00
 0.23346E+04  0.89973E+00
 0.23357E+04  0.85193E+00
 0.23395E+04  0.89243E+00
 0.23401E+04  0.81810E+00
 0.23429E+04  0.80588E+00
 0.23465E+04  0.79131E+00
 0.23509E+04  0.78886E+00
 0.23543E+04  0.74773E+00
 0.23561E+04  0.80448E+00
 0.23589E+04  0.82126E+00
 0.23617E+04  0.77655E+00
 0.23633E+04  0.81298E+00
 0.23653E+04  0.80865E+00
 0.23669E+04  0.81871E+00
 0.23699E+04  0.89193E+00
 0.23715E+04  0.80458E+00
 0.23731E+04  0.79692E+00
 0.23746E+04  0.78621E+00
 0.23777E+04  0.76775E+00
 0.23823E+04  0.86660E+00
 0.23839E+04  0.78427E+00
 0.23862E+04  0.84584E+00
 0.23875E+04  0.81693E+00
 0.23898E+04  0.83973E+00
 0.23914E+04  0.77786E+00
 0.23939E+04  0.80382E+00
 0.23965E+04  0.77562E+00
 0.23978E+04  0.81586E+00
 0.24001E+04  0.83884E+00
 0.24029E+04  0.91389E+00
 0.24047E+04  0.89416E+00
 0.24063E+04  0.86809E+00
 0.24079E+04  0.80540E+00
 0.24091E+04  0.85817E+00
 0.24112E+04  0.89042E+00
 0.24140E+04  0.86519E+00
 0.24176E+04  0.84353E+00
 0.24196E+04  0.94358E+00
 0.24207E+04  0.86754E+00
 0.24233E+04  0.85112E+00
 0.24256E+04  0.85914E+00
 0.24269E+04  0.84470E+00
 0.24284E+04  0.87378E+00
 0.24313E+04  0.85750E+00
 0.24324E+04  0.77130E+00
 0.24352E+04  0.78581E+00
 0.24370E+04  0.76842E+00
 0.24389E+04  0.68537E+00
 0.24406E+04  0.78355E+00
 0.24430E+04  0.68180E+00
 0.24456E+04  0.69292E+00
 0.24476E+04  0.69426E+00
 0.24512E+04  0.69348E+00
 0.24519E+04  0.54857E+00
 0.24531E+04  0.59035E+00
 0.24549E+04  0.64207E+00
 0.24577E+04  0.64380E+00
 0.24598E+04  0.64510E+00
 0.24626E+04  0.74566E+00
 0.24640E+04  0.92218E+00
 0.24665E+04  0.10298E+01
 0.24682E+04  0.12460E+01
 0.24702E+04  0.13348E+01
 0.24715E+04  0.12368E+01
 0.24730E+04  0.12995E+01
 0.24756E+04  0.12509E+01
 0.24782E+04  0.12183E+01
 0.24795E+04  0.12197E+01
 0.24814E+04  0.11311E+01
 0.24834E+04  0.11429E+01
 0.24858E+04  0.11486E+01
 0.24873E+04  0.11339E+01
 0.24889E+04  0.10736E+01
 0.24910E+04  0.10789E+01
 0.24961E+04  0.10609E+01
 0.24972E+04  0.99638E+00
 0.24997E+04  0.10446E+01
 0.25033E+04  0.11336E+01
 0.25055E+04  0.88506E+00
 0.25077E+04  0.10290E+01
 0.25093E+04  0.96093E+00
 0.25111E+04  0.98901E+00
 0.25138E+04  0.88511E+00
 0.25157E+04  0.10896E+01
 0.25179E+04  0.91175E+00
 0.25205E+04  0.90387E+00
 0.25215E+04  0.84788E+00
 0.25228E+04  0.91245E+00
 0.25256E+04  0.95499E+00
 0.25275E+04  0.11312E+01
 0.25288E+04  0.12334E+01
 0.25313E+04  0.12462E+01
 0.25340E+04  0.10972E+01
 0.25357E+04  0.12881E+01
 0.25381E+04  0.11858E+01
 0.25399E+04  0.11335E+01
 0.25417E+04  0.11353E+01
 0.25443E+04  0.10800E+01
 0.25456E+04  0.11119E+01
 0.25488E+04  0.93062E+00
 0.25508E+04  0.10349E+01
 0.25523E+04  0.11047E+01
 0.25533E+04  0.11331E+01
 0.25554E+04  0.10631E+01
 0.25585E+04  0.11142E+01
 0.25611E+04  0.11167E+01
 0.25636E+04  0.11365E+01
 0.25662E+04  0.10975E+01
 0.25680E+04  0.11339E+01
 0.25701E+04  0.11290E+01
 0.25721E+04  0.11866E+01
 0.25742E+04  0.10878E+01
 0.25757E+04  0.11206E+01
 0.25778E+04  0.11436E+01
 0.25798E+04  0.12156E+01
 0.25827E+04  0.11625E+01
 0.25834E+04  0.12264E+01
 0.25855E+04  0.11618E+01
 0.25881E+04  0.11644E+01
 0.25902E+04  0.11630E+01
 0.25920E+04  0.11825E+01
 0.25930E+04  0.12188E+01
 0.25948E+04  0.11676E+01
 0.25976E+04  0.11634E+01
 0.25989E+04  0.11824E+01
 0.26015E+04  0.11246E+01
 0.26031E+04  0.11012E+01
 0.26057E+04  0.11001E+01
 0.26073E+04  0.10302E+01
 0.26088E+04  0.10065E+01
 0.26106E+04  0.10475E+01
 0.26121E+04  0.10775E+01
 0.26144E+04  0.11659E+01
 0.26169E+04  0.12404E+01
 0.26184E+04  0.12888E+01
 0.26195E+04  0.12179E+01
 0.26203E+04  0.12621E+01
 0.26216E+04  0.11370E+01
 0.26223E+04  0.12317E+01
 0.26234E+04  0.11858E+01
 0.26249E+04  0.12091E+01
 0.26284E+04  0.10892E+01
 0.26297E+04  0.10286E+01
 0.26322E+04  0.11620E+01
 0.26334E+04  0.12178E+01
 0.26357E+04  0.12421E+01
 0.26381E+04  0.12446E+01
 0.26409E+04  0.11999E+01
 0.26430E+04  0.11580E+01
 0.26466E+04  0.12463E+01
 0.26476E+04  0.11810E+01
 0.26495E+04  0.11534E+01
 0.26507E+04  0.11989E+01
 0.26538E+04  0.12205E+01
 0.26563E+04  0.12936E+01
 0.26602E+04  0.12978E+01
 0.26618E+04  0.12586E+01
 0.26635E+04  0.13201E+01
 0.26662E+04  0.11811E+01
 0.26670E+04  0.12230E+01
 0.26695E+04  0.12256E+01
 0.26719E+04  0.11905E+01
 0.26731E+04  0.12368E+01
 0.26762E+04  0.12588E+01
 0.26773E+04  0.11658E+01
 0.26785E+04  0.12914E+01
 0.26793E+04  0.13338E+01
 0.26798E+04  0.12438E+01
 0.26817E+04  0.11739E+01
 0.26848E+04  0.11164E+01
 0.26855E+04  0.11891E+01
 0.26886E+04  0.11466E+01
 0.26890E+04  0.97212E+00
 0.26902E+04  0.11481E+01
 0.26933E+04  0.11549E+01
 0.26969E+04  0.11737E+01
 0.26982E+04  0.10908E+01
 0.26997E+04  0.11842E+01
 0.27018E+04  0.12054E+01
 0.27033E+04  0.11647E+01
 0.27056E+04  0.12170E+01
 0.27074E+04  0.11918E+01
 0.27095E+04  0.11167E+01
 0.27113E+04  0.11493E+01
 0.27126E+04  0.12473E+01
 0.27152E+04  0.11454E+01
 0.27170E+04  0.11316E+01
 0.27193E+04  0.11065E+01
 0.27217E+04  0.10815E+01
 0.27225E+04  0.10316E+01
 0.27233E+04  0.10011E+01
 0.27255E+04  0.11397E+01
 0.27296E+04  0.12376E+01
 0.27316E+04  0.12867E+01
 0.27330E+04  0.11508E+01
 0.27345E+04  0.11837E+01
 0.27373E+04  0.12297E+01
 0.27379E+04  0.11791E+01
 0.27409E+04  0.11979E+01
 0.27430E+04  0.11367E+01
 0.27440E+04  0.11891E+01
 0.27463E+04  0.12627E+01
 0.27495E+04  0.11905E+01
 0.27518E+04  0.11888E+01
 0.27528E+04  0.12615E+01
 0.27540E+04  0.12946E+01
 0.27571E+04  0.12899E+01
 0.27598E+04  0.11727E+01
 0.27634E+04  0.12043E+01
 0.27647E+04  0.10931E+01
 0.27686E+04  0.10644E+01
 0.27696E+04  0.11056E+01
 0.27717E+04  0.10914E+01
 0.27730E+04  0.10764E+01
 0.27748E+04  0.10254E+01
 0.27776E+04  0.10805E+01
 0.27782E+04  0.10243E+01
 0.27807E+04  0.10142E+01
 0.27828E+04  0.10242E+01
 0.27846E+04  0.10461E+01
 0.27856E+04  0.10959E+01
 0.27872E+04  0.95446E+00
 0.27893E+04  0.90299E+00
 0.27908E+04  0.99013E+00
 0.27939E+04  0.96398E+00
 0.27957E+04  0.93259E+00
 0.27981E+04  0.89333E+00
 0.27991E+04  0.94352E+00
 0.28006E+04  0.90349E+00
 0.28040E+04  0.86065E+00
 0.28058E+04  0.98198E+00
 0.28071E+04  0.94578E+00
 0.28112E+04  0.83690E+00
 0.28148E+04  0.88115E+00
 0.28169E+04  0.85353E+00
 0.28204E+04  0.98572E+00
 0.28206E+04  0.11030E+01
 0.28237E+04  0.12441E+01
 0.28252E+04  0.11953E+01
 0.28294E+04  0.12078E+01
 0.28299E+04  0.11620E+01
 0.28320E+04  0.11049E+01
 0.28338E+04  0.10686E+01
 0.28360E+04  0.12439E+01
 0.28381E+04  0.12036E+01
 0.28407E+04  0.11129E+01
 0.28433E+04  0.10685E+01
 0.28443E+04  0.11629E+01
 0.28459E+04  0.11218E+01
 0.28477E+04  0.11704E+01
 0.28497E+04  0.12918E+01
 0.28518E+04  0.12170E+01
 0.28539E+04  0.10864E+01
 0.28559E+04  0.12468E+01
 0.28587E+04  0.13699E+01
 0.28597E+04  0.12850E+01
 0.28616E+04  0.12353E+01
 0.28634E+04  0.12845E+01
 0.28646E+04  0.13116E+01
 0.28672E+04  0.12625E+01
 0.28693E+04  0.12170E+01
 0.28713E+04  0.12970E+01
 0.28734E+04  0.12557E+01
 0.28750E+04  0.12269E+01
 0.28770E+04  0.13464E+01
 0.28789E+04  0.12090E+01
 0.28809E+04  0.13026E+01
 0.28830E+04  0.12305E+01
 0.28853E+04  0.12590E+01
 0.28873E+04  0.12785E+01
 0.28902E+04  0.12463E+01
 0.28909E+04  0.12866E+01
 0.28927E+04  0.13632E+01
 0.28945E+04  0.13167E+01
 0.28974E+04  0.13065E+01
 0.28987E+04  0.11974E+01
 0.29005E+04  0.12257E+01
 0.29026E+04  0.11879E+01
 0.29041E+04  0.11317E+01
 0.29067E+04  0.11163E+01
 0.29096E+04  0.10700E+01
 0.29116E+04  0.11341E+01
 0.29127E+04  0.10548E+01
 0.29135E+04  0.10734E+01
 0.29145E+04  0.10519E+01
 0.29176E+04  0.10546E+01
 0.29199E+04  0.10789E+01
 0.29209E+04  0.10574E+01
 0.29230E+04  0.11041E+01
 0.29248E+04  0.11552E+01
 0.29263E+04  0.12241E+01
 0.29284E+04  0.11225E+01
 0.29305E+04  0.10341E+01
 0.29323E+04  0.99039E+00
 0.29369E+04  0.11528E+01
 0.29389E+04  0.13226E+01
 0.29407E+04  0.12427E+01
 0.29423E+04  0.11396E+01
 0.29451E+04  0.11923E+01
 0.29469E+04  0.12077E+01
 0.29492E+04  0.11642E+01
 0.29518E+04  0.11758E+01
 0.29526E+04  0.11444E+01
 0.29549E+04  0.11649E+01
 0.29560E+04  0.10878E+01
 0.29583E+04  0.11497E+01
 0.29591E+04  0.11182E+01
 0.29608E+04  0.12395E+01
 0.29626E+04  0.11536E+01
 0.29645E+04  0.10861E+01
 0.29668E+04  0.10973E+01
 0.29686E+04  0.11360E+01
 0.29701E+04  0.11002E+01
 0.29728E+04  0.10143E+01
 0.29743E+04  0.96442E+00
 0.29756E+04  0.92822E+00
 0.29780E+04  0.89740E+00
 0.29797E+04  0.96402E+00
 0.29821E+04  0.88176E+00
 0.29834E+04  0.93886E+00
 0.29849E+04  0.94471E+00
 0.29860E+04  0.85651E+00
 0.29885E+04  0.98035E+00
 0.29898E+04  0.92031E+00
 0.29914E+04  0.85567E+00
 0.29937E+04  0.80550E+00
 0.29968E+04  0.90201E+00
 0.29988E+04  0.88934E+00
 0.30001E+04  0.86191E+00
 0.30025E+04  0.80201E+00
 0.30040E+04  0.97854E+00
 0.30053E+04  0.87038E+00
 0.30076E+04  0.84828E+00
 0.30094E+04  0.97808E+00
 0.30114E+04  0.10226E+01
 0.30144E+04  0.13546E+01
 0.30156E+04  0.14658E+01
 0.30177E+04  0.14777E+01
 0.30210E+04  0.15390E+01
 0.30223E+04  0.16029E+01
 0.30245E+04  0.18124E+01
 0.30268E+04  0.17817E+01
 0.30286E+04  0.17359E+01
 0.30310E+04  0.17294E+01
 0.30325E+04  0.17023E+01
 0.30342E+04  0.14431E+01
 0.30370E+04  0.14365E+01
 0.30388E+04  0.14579E+01
 0.30409E+04  0.13192E+01
 0.30425E+04  0.13501E+01
 0.30438E+04  0.12491E+01
 0.30466E+04  0.12079E+01
 0.30485E+04  0.10925E+01
 0.30506E+04  0.97201E+00
