           0
 F
           0
 F
           4
  4.4999999E-07
  0.0000000E+00
   1.900000    
  0.2000000    
   1.200000    
           2
   1000.000    
  0.0000000E+00
 F
  0.0000000E+00
   273.0000    
        1024
  0.0000000E+00   3.643000       32.26400    
  0.0000000E+00  0.0000000E+00  0.0000000E+00  0.2730000E+03  0.2730000E+03
 -0.1198038E+01  0.0000000E+00 -0.1198038E+01  0.9719804E+02  0.9719804E+02
  0.0000000E+00  0.0000000E+00  0.0000000E+00  0.1370000E+03  0.1370000E+03
  0.0000000E+00  0.0000000E+00  0.0000000E+00  0.7200000E+02  0.7200000E+02
 -0.1198038E+01  0.0000000E+00 -0.1198038E+01  0.1061980E+03  0.1061980E+03
 -0.1198038E+01  0.0000000E+00 -0.1198038E+01  0.4919804E+02  0.4919804E+02
 -0.1231253E+01  0.0000000E+00 -0.1241051E+01  0.6523125E+02  0.6523125E+02
 -0.1297683E+01  0.0000000E+00 -0.1327075E+01  0.2729768E+02  0.2729768E+02
 -0.1364113E+01  0.7837939E-01 -0.1413100E+01  0.9736411E+02  0.9736411E+02
 -0.1430543E+01  0.7837939E-01 -0.1499125E+01  0.8043054E+02  0.8043054E+02
 -0.1336487E+01  0.9360269E-01 -0.1430090E+01  0.8133649E+02  0.8133649E+02
 -0.1081946E+01  0.1240493E+00 -0.1205996E+01  0.5608195E+02  0.5608195E+02
 -0.8274056E+00  0.1544959E+00 -0.9819015E+00  0.4182740E+02  0.4182740E+02
 -0.5728647E+00  0.1849426E+00 -0.7578073E+00  0.4057286E+02  0.4057286E+02
 -0.5829263E+00  0.2059000E+00 -0.7888263E+00  0.2858293E+02  0.2858293E+02
 -0.8575904E+00  0.2173683E+00 -0.1074959E+01  0.2085759E+02  0.2085759E+02
 -0.1132254E+01  0.2288366E+00 -0.1361091E+01  0.1411322E+03  0.1411322E+03
 -0.1406918E+01  0.2403049E+00 -0.1647223E+01  0.7640692E+02  0.7640692E+02
 -0.1461381E+01  0.2559759E+00 -0.1717357E+01  0.8046138E+02  0.8046138E+02
 -0.1295641E+01  0.2758497E+00 -0.1571491E+01  0.4729564E+02  0.4729564E+02
 -0.1129901E+01  0.2957234E+00 -0.1425625E+01  0.8112990E+02  0.8112990E+02
 -0.9641616E+00  0.3155972E+00 -0.1279759E+01  0.5696416E+02  0.5696416E+02
 -0.8686492E+00  0.3325562E+00 -0.1201205E+01  0.6186865E+02  0.6186865E+02
 -0.8433641E+00  0.3466004E+00 -0.1189965E+01  0.2884336E+02  0.2884336E+02
 -0.8180791E+00  0.3606447E+00 -0.1178724E+01  0.7681808E+02  0.7681808E+02
 -0.7927940E+00  0.3746890E+00 -0.1167483E+01  0.4479279E+02  0.4479279E+02
 -0.7095422E+00  0.3852901E+00 -0.1094832E+01  0.6370954E+02  0.6370954E+02
 -0.5683233E+00  0.3924480E+00 -0.9607714E+00  0.3456833E+02  0.3456833E+02
 -0.4271046E+00  0.3996059E+00 -0.8267105E+00  0.3742710E+02  0.3742710E+02
 -0.2858857E+00  0.4067639E+00 -0.6926496E+00  0.2528588E+02  0.2528588E+02
 -0.3128339E+00  0.4088497E+00 -0.7216836E+00  0.3031283E+02  0.3031283E+02
 -0.5079491E+00  0.4058633E+00 -0.9138123E+00  0.2550795E+02  0.2550795E+02
 -0.7030643E+00  0.4028769E+00 -0.1105941E+01  0.9570306E+02  0.9570306E+02
 -0.8981794E+00  0.3998905E+00 -0.1298070E+01  0.6689818E+02  0.6689818E+02
 -0.9248596E+00  0.4028259E+00 -0.1327685E+01  0.5192486E+02  0.5192486E+02
 -0.7831048E+00  0.4116832E+00 -0.1194788E+01  0.4978310E+02  0.4978310E+02
 -0.6413500E+00  0.4205405E+00 -0.1061890E+01  0.7064135E+02  0.7064135E+02
 -0.4995953E+00  0.4293977E+00 -0.9289930E+00  0.4249960E+02  0.4249960E+02
 -0.4494219E+00  0.4356034E+00 -0.8850252E+00  0.3044942E+02  0.3044942E+02
 -0.4908299E+00  0.4391573E+00 -0.9299873E+00  0.1849083E+02  0.1849083E+02
 -0.5322379E+00  0.4427113E+00 -0.9749492E+00  0.6653223E+02  0.6653223E+02
 -0.5736459E+00  0.4462652E+00 -0.1019911E+01  0.4657365E+02  0.4657365E+02
 -0.5440078E+00  0.4495822E+00 -0.9935900E+00  0.3454401E+02  0.3454401E+02
 -0.4433233E+00  0.4526623E+00 -0.8959855E+00  0.4444333E+02  0.4444333E+02
 -0.3426389E+00  0.4557423E+00 -0.7983811E+00  0.3434264E+02  0.3434264E+02
 -0.2419545E+00  0.4588223E+00 -0.7007768E+00  0.3024195E+02  0.3024195E+02
 -0.2713784E+00  0.4589800E+00 -0.7303584E+00  0.3527138E+02  0.3527138E+02
 -0.4309107E+00  0.4562154E+00 -0.8871261E+00  0.1943091E+02  0.1943091E+02
 -0.5904431E+00  0.4534506E+00 -0.1043894E+01  0.7459045E+02  0.7459045E+02
 -0.7499754E+00  0.4506860E+00 -0.1200661E+01  0.4774998E+02  0.4774998E+02
 -0.7986879E+00  0.4532271E+00 -0.1251915E+01  0.7079869E+02  0.7079869E+02
 -0.7365806E+00  0.4610740E+00 -0.1197655E+01  0.4173658E+02  0.4173658E+02
 -0.6744733E+00  0.4689209E+00 -0.1143394E+01  0.5967447E+02  0.5967447E+02
 -0.6123660E+00  0.4767677E+00 -0.1089134E+01  0.3061237E+02  0.3061237E+02
 -0.1520971E+02  0.4838734E+00 -0.1569358E+02  0.5120971E+02  0.5120971E+02
 -0.4446650E+02  0.4902380E+00 -0.4495674E+02  0.1124665E+03  0.1124665E+03
 -0.7372329E+02  0.4966025E+00 -0.7421989E+02  0.2217233E+03  0.2217233E+03
 -0.1029801E+03  0.5029669E+00 -0.1034830E+03  0.3929980E+04  0.3929980E+04
 -0.1245189E+03  0.1603239E+01 -0.1261221E+03  0.9082519E+04  0.9082519E+04
 -0.1383397E+03  0.3797418E+01 -0.1421371E+03  0.8707340E+04  0.8707340E+04
 -0.1521605E+03  0.5991598E+01 -0.1581521E+03  0.8523160E+04  0.8523160E+04
 -0.1659813E+03  0.8185777E+01 -0.1741671E+03  0.8335981E+04  0.8335981E+04
 -0.1693132E+03  0.1102973E+02 -0.1803430E+03  0.8355313E+04  0.8355313E+04
 -0.1621563E+03  0.1452345E+02 -0.1766797E+03  0.8323156E+04  0.8323156E+04
 -0.1549993E+03  0.1801717E+02 -0.1730165E+03  0.8229999E+04  0.8229999E+04
 -0.1478423E+03  0.2151089E+02 -0.1693532E+03  0.7852842E+04  0.7852842E+04
 -0.1395143E+03  0.2456158E+02 -0.1640759E+03  0.7248514E+04  0.7248514E+04
 -0.1300152E+03  0.2716924E+02 -0.1571845E+03  0.7176015E+04  0.7176015E+04
 -0.1205162E+03  0.2977691E+02 -0.1502931E+03  0.7630516E+04  0.7630516E+04
 -0.1110171E+03  0.3238456E+02 -0.1434017E+03  0.6808017E+04  0.6808017E+04
 -0.1015402E+03  0.3436324E+02 -0.1359034E+03  0.5824540E+04  0.5824540E+04
 -0.9208540E+02  0.3571294E+02 -0.1277983E+03  0.5104085E+04  0.5104085E+04
 -0.8263062E+02  0.3706263E+02 -0.1196933E+03  0.4744631E+04  0.4744631E+04
 -0.7317585E+02  0.3841232E+02 -0.1115882E+03  0.4736176E+04  0.4736176E+04
 -0.6784104E+02  0.3927574E+02 -0.1071168E+03  0.4988841E+04  0.4988841E+04
 -0.6662620E+02  0.3965289E+02 -0.1062791E+03  0.5023626E+04  0.5023626E+04
 -0.6541137E+02  0.4003003E+02 -0.1054414E+03  0.5074411E+04  0.5074411E+04
 -0.6419653E+02  0.4040717E+02 -0.1046037E+03  0.4770196E+04  0.4770196E+04
 -0.6280538E+02  0.4071675E+02 -0.1035221E+03  0.4670805E+04  0.4670805E+04
 -0.6123791E+02  0.4095878E+02 -0.1021967E+03  0.4378238E+04  0.4378238E+04
 -0.5967044E+02  0.4120080E+02 -0.1008712E+03  0.4342670E+04  0.4342670E+04
 -0.5810297E+02  0.4144283E+02 -0.9954580E+02  0.4382103E+04  0.4382103E+04
 -0.5772272E+02  0.4168550E+02 -0.9940822E+02  0.4701723E+04  0.4701723E+04
 -0.5852969E+02  0.4192882E+02 -0.1004585E+03  0.4523530E+04  0.4523530E+04
 -0.5933667E+02  0.4217214E+02 -0.1015088E+03  0.4547337E+04  0.4547337E+04
 -0.6014364E+02  0.4241546E+02 -0.1025591E+03  0.4598144E+04  0.4598144E+04
 -0.6035841E+02  0.4272013E+02 -0.1030785E+03  0.4742358E+04  0.4742358E+04
 -0.5998096E+02  0.4308615E+02 -0.1030671E+03  0.4702981E+04  0.4702981E+04
 -0.5960352E+02  0.4345216E+02 -0.1030557E+03  0.4662604E+04  0.4662604E+04
 -0.5922607E+02  0.4381818E+02 -0.1030443E+03  0.4646226E+04  0.4646226E+04
 -0.5814025E+02  0.4419139E+02 -0.1023316E+03  0.4662140E+04  0.4662140E+04
 -0.5634605E+02  0.4457180E+02 -0.1009179E+03  0.4412346E+04  0.4412346E+04
 -0.5455185E+02  0.4495221E+02 -0.9950406E+02  0.4423552E+04  0.4423552E+04
 -0.5275765E+02  0.4533261E+02 -0.9809026E+02  0.4257758E+04  0.4257758E+04
 -0.5115784E+02  0.4565364E+02 -0.9681148E+02  0.4299158E+04  0.4299158E+04
 -0.4975241E+02  0.4591528E+02 -0.9566769E+02  0.4415752E+04  0.4415752E+04
 -0.4834697E+02  0.4617693E+02 -0.9452390E+02  0.4224347E+04  0.4224347E+04
 -0.4694154E+02  0.4643857E+02 -0.9338011E+02  0.4042942E+04  0.4042942E+04
 -0.4587386E+02  0.4665524E+02 -0.9252909E+02  0.4205874E+04  0.4205874E+04
 -0.4514392E+02  0.4682692E+02 -0.9197083E+02  0.4124144E+04  0.4124144E+04
 -0.4441398E+02  0.4699860E+02 -0.9141257E+02  0.4105414E+04  0.4105414E+04
 -0.4368404E+02  0.4717028E+02 -0.9085432E+02  0.4123684E+04  0.4123684E+04
 -0.4347917E+02  0.4733487E+02 -0.9081404E+02  0.3972479E+04  0.3972479E+04
 -0.4379938E+02  0.4749236E+02 -0.9129175E+02  0.4017799E+04  0.4017799E+04
 -0.4411959E+02  0.4764986E+02 -0.9176945E+02  0.4071120E+04  0.4071120E+04
 -0.4443980E+02  0.4780736E+02 -0.9224715E+02  0.4088440E+04  0.4088440E+04
 -0.4482527E+02  0.4800455E+02 -0.9282983E+02  0.4306825E+04  0.4306825E+04
 -0.4527601E+02  0.4824144E+02 -0.9351745E+02  0.4112276E+04  0.4112276E+04
 -0.4572675E+02  0.4847833E+02 -0.9420509E+02  0.4082727E+04  0.4082727E+04
 -0.4617749E+02  0.4871522E+02 -0.9489271E+02  0.4199178E+04  0.4199178E+04
 -0.4647182E+02  0.4898895E+02 -0.9546077E+02  0.4331472E+04  0.4331472E+04
 -0.4660974E+02  0.4929951E+02 -0.9590925E+02  0.4367610E+04  0.4367610E+04
 -0.4674766E+02  0.4961007E+02 -0.9635773E+02  0.4257748E+04  0.4257748E+04
 -0.4688558E+02  0.4992064E+02 -0.9680621E+02  0.4311886E+04  0.4311886E+04
 -0.4685166E+02  0.5024298E+02 -0.9709464E+02  0.4414852E+04  0.4414852E+04
 -0.4664590E+02  0.5057713E+02 -0.9722303E+02  0.4185646E+04  0.4185646E+04
 -0.4644014E+02  0.5091127E+02 -0.9735140E+02  0.4296440E+04  0.4296440E+04
 -0.4623438E+02  0.5124541E+02 -0.9747979E+02  0.4231234E+04  0.4231234E+04
 -0.4602616E+02  0.5158357E+02 -0.9760973E+02  0.4326026E+04  0.4326026E+04
 -0.4581548E+02  0.5192575E+02 -0.9774123E+02  0.4433815E+04  0.4433815E+04
 -0.4560480E+02  0.5226793E+02 -0.9787274E+02  0.4356605E+04  0.4356605E+04
 -0.4539413E+02  0.5261012E+02 -0.9800425E+02  0.4355394E+04  0.4355394E+04
 -0.4517015E+02  0.5295731E+02 -0.9812746E+02  0.4460170E+04  0.4460170E+04
 -0.4493287E+02  0.5330952E+02 -0.9824239E+02  0.4232933E+04  0.4232933E+04
 -0.4469559E+02  0.5366173E+02 -0.9835733E+02  0.4390696E+04  0.4390696E+04
 -0.4445832E+02  0.5401394E+02 -0.9847226E+02  0.4257458E+04  0.4257458E+04
 -0.4437761E+02  0.5436222E+02 -0.9873983E+02  0.4298377E+04  0.4298377E+04
 -0.4445347E+02  0.5470658E+02 -0.9916005E+02  0.4563454E+04  0.4563454E+04
 -0.4452934E+02  0.5505093E+02 -0.9958026E+02  0.4507529E+04  0.4507529E+04
 -0.4460520E+02  0.5539528E+02 -0.1000005E+03  0.4389605E+04  0.4389605E+04
 -0.4466427E+02  0.5574002E+02 -0.1004043E+03  0.4459664E+04  0.4459664E+04
 -0.4470655E+02  0.5608515E+02 -0.1007917E+03  0.4463707E+04  0.4463707E+04
 -0.4474883E+02  0.5643028E+02 -0.1011791E+03  0.4487749E+04  0.4487749E+04
 -0.4479111E+02  0.5677541E+02 -0.1015665E+03  0.4473791E+04  0.4473791E+04
 -0.4487801E+02  0.5710976E+02 -0.1019878E+03  0.4494878E+04  0.4494878E+04
 -0.4500952E+02  0.5743334E+02 -0.1024429E+03  0.4530010E+04  0.4530010E+04
 -0.4514103E+02  0.5775691E+02 -0.1028979E+03  0.4539141E+04  0.4539141E+04
 -0.4527254E+02  0.5808049E+02 -0.1033530E+03  0.4570272E+04  0.4570272E+04
 -0.4506347E+02  0.5840028E+02 -0.1034638E+03  0.4654063E+04  0.4654063E+04
 -0.4451383E+02  0.5871630E+02 -0.1032301E+03  0.4464514E+04  0.4464514E+04
 -0.4396418E+02  0.5903233E+02 -0.1029965E+03  0.4478964E+04  0.4478964E+04
 -0.4341454E+02  0.5934835E+02 -0.1027629E+03  0.4446415E+04  0.4446415E+04
 -0.4332468E+02  0.5964188E+02 -0.1029666E+03  0.4659325E+04  0.4659325E+04
 -0.4369461E+02  0.5991293E+02 -0.1036075E+03  0.4500695E+04  0.4500695E+04
 -0.4406454E+02  0.6018398E+02 -0.1042485E+03  0.4715064E+04  0.4715064E+04
 -0.4443447E+02  0.6045503E+02 -0.1048895E+03  0.4521435E+04  0.4521435E+04
 -0.4436182E+02  0.6074723E+02 -0.1051091E+03  0.4699362E+04  0.4699362E+04
 -0.4384660E+02  0.6106060E+02 -0.1049072E+03  0.4626847E+04  0.4626847E+04
 -0.4333137E+02  0.6137396E+02 -0.1047053E+03  0.4546332E+04  0.4546332E+04
 -0.4281614E+02  0.6168732E+02 -0.1045035E+03  0.4520816E+04  0.4520816E+04
 -0.4260135E+02  0.6198455E+02 -0.1045859E+03  0.4731602E+04  0.4731602E+04
 -0.4268698E+02  0.6226564E+02 -0.1049526E+03  0.4643687E+04  0.4643687E+04
 -0.4277261E+02  0.6254672E+02 -0.1053193E+03  0.4684772E+04  0.4684772E+04
 -0.4285824E+02  0.6282781E+02 -0.1056861E+03  0.4701858E+04  0.4701858E+04
 -0.4301227E+02  0.6311362E+02 -0.1061259E+03  0.4712012E+04  0.4712012E+04
 -0.4323469E+02  0.6340416E+02 -0.1066388E+03  0.4610235E+04  0.4610235E+04
 -0.4345711E+02  0.6369469E+02 -0.1071518E+03  0.4610457E+04  0.4610457E+04
 -0.4367953E+02  0.6398523E+02 -0.1076648E+03  0.4695680E+04  0.4695680E+04
 -0.4387877E+02  0.6427859E+02 -0.1081574E+03  0.4725879E+04  0.4725879E+04
 -0.4405482E+02  0.6457480E+02 -0.1086296E+03  0.4875055E+04  0.4875055E+04
 -0.4423087E+02  0.6487099E+02 -0.1091019E+03  0.4867231E+04  0.4867231E+04
 -0.4440693E+02  0.6516720E+02 -0.1095741E+03  0.4842407E+04  0.4842407E+04
 -0.4427697E+02  0.6547339E+02 -0.1097504E+03  0.4930277E+04  0.4930277E+04
 -0.4384101E+02  0.6578957E+02 -0.1096306E+03  0.4608841E+04  0.4608841E+04
 -0.4340504E+02  0.6610574E+02 -0.1095108E+03  0.4838405E+04  0.4838405E+04
 -0.4296908E+02  0.6642192E+02 -0.1093910E+03  0.4707969E+04  0.4707969E+04
 -0.4263525E+02  0.6672025E+02 -0.1093555E+03  0.4749635E+04  0.4749635E+04
 -0.4240358E+02  0.6700072E+02 -0.1094043E+03  0.4882404E+04  0.4882404E+04
 -0.4217190E+02  0.6728119E+02 -0.1094531E+03  0.4748172E+04  0.4748172E+04
 -0.4194022E+02  0.6756166E+02 -0.1095019E+03  0.4896940E+04  0.4896940E+04
 -0.4165960E+02  0.6783447E+02 -0.1094941E+03  0.4925660E+04  0.4925660E+04
 -0.4133005E+02  0.6809959E+02 -0.1094296E+03  0.4663330E+04  0.4663330E+04
 -0.4100049E+02  0.6836472E+02 -0.1093652E+03  0.4829000E+04  0.4829000E+04
 -0.4067094E+02  0.6862984E+02 -0.1093008E+03  0.4618671E+04  0.4618671E+04
 -0.4077765E+02  0.6888630E+02 -0.1096640E+03  0.4763778E+04  0.4763778E+04
 -0.4132063E+02  0.6913408E+02 -0.1104547E+03  0.4997321E+04  0.4997321E+04
 -0.4186361E+02  0.6938185E+02 -0.1112455E+03  0.4913864E+04  0.4913864E+04
 -0.4240659E+02  0.6962963E+02 -0.1120362E+03  0.5094407E+04  0.5094407E+04
 -0.4252066E+02  0.6990788E+02 -0.1124286E+03  0.4873521E+04  0.4873521E+04
 -0.4220582E+02  0.7021662E+02 -0.1124224E+03  0.4877206E+04  0.4877206E+04
 -0.4189098E+02  0.7052535E+02 -0.1124163E+03  0.4945891E+04  0.4945891E+04
 -0.4157614E+02  0.7083409E+02 -0.1124102E+03  0.4715576E+04  0.4715576E+04
 -0.4127921E+02  0.7112229E+02 -0.1124015E+03  0.5003279E+04  0.5003279E+04
 -0.4100019E+02  0.7138995E+02 -0.1123902E+03  0.4949000E+04  0.4949000E+04
 -0.4072118E+02  0.7165762E+02 -0.1123788E+03  0.4898721E+04  0.4898721E+04
 -0.4044217E+02  0.7192528E+02 -0.1123675E+03  0.4873442E+04  0.4873442E+04
 -0.4035822E+02  0.7217972E+02 -0.1125379E+03  0.4967358E+04  0.4967358E+04
 -0.4046933E+02  0.7242092E+02 -0.1128903E+03  0.4868469E+04  0.4868469E+04
 -0.4058044E+02  0.7266212E+02 -0.1132426E+03  0.4963581E+04  0.4963581E+04
 -0.4069156E+02  0.7290333E+02 -0.1135949E+03  0.4928691E+04  0.4928691E+04
 -0.4066931E+02  0.7315626E+02 -0.1138256E+03  0.4927669E+04  0.4927669E+04
 -0.4051370E+02  0.7342090E+02 -0.1139346E+03  0.5046514E+04  0.5046514E+04
 -0.4035809E+02  0.7368555E+02 -0.1140436E+03  0.5026358E+04  0.5026358E+04
 -0.4020248E+02  0.7395019E+02 -0.1141527E+03  0.4878203E+04  0.4878203E+04
 -0.3983027E+02  0.7421345E+02 -0.1140437E+03  0.5078830E+04  0.5078830E+04
 -0.3924146E+02  0.7447532E+02 -0.1137168E+03  0.4973242E+04  0.4973242E+04
 -0.3865266E+02  0.7473720E+02 -0.1133899E+03  0.4837653E+04  0.4837653E+04
 -0.3806385E+02  0.7499907E+02 -0.1130629E+03  0.4821064E+04  0.4821064E+04
 -0.3817225E+02  0.7523608E+02 -0.1134083E+03  0.5062172E+04  0.5062172E+04
 -0.3897787E+02  0.7544825E+02 -0.1144261E+03  0.5017978E+04  0.5017978E+04
 -0.3978349E+02  0.7566041E+02 -0.1154439E+03  0.4991784E+04  0.4991784E+04
 -0.4058910E+02  0.7587257E+02 -0.1164617E+03  0.5140589E+04  0.5140589E+04
 -0.4090655E+02  0.7612547E+02 -0.1170320E+03  0.5235907E+04  0.5235907E+04
 -0.4073584E+02  0.7641911E+02 -0.1171550E+03  0.5041736E+04  0.5041736E+04
 -0.4056513E+02  0.7671274E+02 -0.1172779E+03  0.4994565E+04  0.4994565E+04
 -0.4039442E+02  0.7700637E+02 -0.1174008E+03  0.5106395E+04  0.5106395E+04
 -0.3996129E+02  0.7728969E+02 -0.1172510E+03  0.5070961E+04  0.5070961E+04
 -0.3926575E+02  0.7756268E+02 -0.1168284E+03  0.5228266E+04  0.5228266E+04
 -0.3857021E+02  0.7783567E+02 -0.1164059E+03  0.5058570E+04  0.5058570E+04
 -0.3787467E+02  0.7810866E+02 -0.1159833E+03  0.5064875E+04  0.5064875E+04
 -0.3760198E+02  0.7834670E+02 -0.1159487E+03  0.5084602E+04  0.5084602E+04
 -0.3775213E+02  0.7854980E+02 -0.1163019E+03  0.4899752E+04  0.4899752E+04
 -0.3790229E+02  0.7875290E+02 -0.1166552E+03  0.5073902E+04  0.5073902E+04
 -0.3805244E+02  0.7895600E+02 -0.1170084E+03  0.5039052E+04  0.5039052E+04
 -0.3844612E+02  0.7917204E+02 -0.1176182E+03  0.5011446E+04  0.5011446E+04
 -0.3908331E+02  0.7940103E+02 -0.1184843E+03  0.5240083E+04  0.5240083E+04
 -0.3972050E+02  0.7963001E+02 -0.1193505E+03  0.5116721E+04  0.5116721E+04
 -0.4035769E+02  0.7985900E+02 -0.1202167E+03  0.5288358E+04  0.5288358E+04
 -0.4044030E+02  0.8012752E+02 -0.1205678E+03  0.5296440E+04  0.5296440E+04
 -0.3996835E+02  0.8043557E+02 -0.1204039E+03  0.5282968E+04  0.5282968E+04
 -0.3949639E+02  0.8074362E+02 -0.1202400E+03  0.5192497E+04  0.5192497E+04
 -0.3902444E+02  0.8105167E+02 -0.1200761E+03  0.5093024E+04  0.5093024E+04
 -0.3889713E+02  0.8133743E+02 -0.1202346E+03  0.5276897E+04  0.5276897E+04
 -0.3911446E+02  0.8160089E+02 -0.1207153E+03  0.5316114E+04  0.5316114E+04
 -0.3933179E+02  0.8186435E+02 -0.1211961E+03  0.5287332E+04  0.5287332E+04
 -0.3954912E+02  0.8212782E+02 -0.1216769E+03  0.5343549E+04  0.5343549E+04
 -0.3951151E+02  0.8239023E+02 -0.1219017E+03  0.5281512E+04  0.5281512E+04
 -0.3921896E+02  0.8265159E+02 -0.1218706E+03  0.5167219E+04  0.5167219E+04
 -0.3892641E+02  0.8291296E+02 -0.1218394E+03  0.5293926E+04  0.5293926E+04
 -0.3863387E+02  0.8317432E+02 -0.1218082E+03  0.5173634E+04  0.5173634E+04
 -0.3858308E+02  0.8342411E+02 -0.1220072E+03  0.5239583E+04  0.5239583E+04
 -0.3877406E+02  0.8366232E+02 -0.1224364E+03  0.5352774E+04  0.5352774E+04
 -0.3896504E+02  0.8390054E+02 -0.1228656E+03  0.5326965E+04  0.5326965E+04
 -0.3915602E+02  0.8413874E+02 -0.1232948E+03  0.5345156E+04  0.5345156E+04
 -0.3912112E+02  0.8438933E+02 -0.1235105E+03  0.5411121E+04  0.5411121E+04
 -0.3886036E+02  0.8465228E+02 -0.1235126E+03  0.5282860E+04  0.5282860E+04
 -0.3859959E+02  0.8491522E+02 -0.1235148E+03  0.5203600E+04  0.5203600E+04
 -0.3833882E+02  0.8517817E+02 -0.1235170E+03  0.5326339E+04  0.5326339E+04
 -0.3813974E+02  0.8543158E+02 -0.1235713E+03  0.5375140E+04  0.5375140E+04
 -0.3800235E+02  0.8567544E+02 -0.1236778E+03  0.5465002E+04  0.5465002E+04
 -0.3786497E+02  0.8591930E+02 -0.1237843E+03  0.5400865E+04  0.5400865E+04
 -0.3772758E+02  0.8616315E+02 -0.1238907E+03  0.5352728E+04  0.5352728E+04
 -0.3773508E+02  0.8640289E+02 -0.1241380E+03  0.5456735E+04  0.5456735E+04
 -0.3788746E+02  0.8663851E+02 -0.1245260E+03  0.5247888E+04  0.5247888E+04
 -0.3803983E+02  0.8687412E+02 -0.1249140E+03  0.5390040E+04  0.5390040E+04
 -0.3819221E+02  0.8710974E+02 -0.1253020E+03  0.5328192E+04  0.5328192E+04
 -0.3821923E+02  0.8735703E+02 -0.1255763E+03  0.5436219E+04  0.5436219E+04
 -0.3812090E+02  0.8761599E+02 -0.1257369E+03  0.5581121E+04  0.5581121E+04
 -0.3802256E+02  0.8787496E+02 -0.1258975E+03  0.5433022E+04  0.5433022E+04
 -0.3792422E+02  0.8813392E+02 -0.1260582E+03  0.5445924E+04  0.5445924E+04
 -0.3801635E+02  0.8838108E+02 -0.1263974E+03  0.5478016E+04  0.5478016E+04
 -0.3829895E+02  0.8861642E+02 -0.1269154E+03  0.5363299E+04  0.5363299E+04
 -0.3858156E+02  0.8885177E+02 -0.1274333E+03  0.5418582E+04  0.5418582E+04
 -0.3886416E+02  0.8908710E+02 -0.1279513E+03  0.5428864E+04  0.5428864E+04
 -0.3925887E+02  0.8933826E+02 -0.1285971E+03  0.5533259E+04  0.5533259E+04
 -0.3976570E+02  0.8960521E+02 -0.1293709E+03  0.5702766E+04  0.5702766E+04
 -0.4027253E+02  0.8987215E+02 -0.1301447E+03  0.5785272E+04  0.5785272E+04
 -0.4077935E+02  0.9013911E+02 -0.1309185E+03  0.5657779E+04  0.5657779E+04
 -0.4076246E+02  0.9043372E+02 -0.1311962E+03  0.5683763E+04  0.5683763E+04
 -0.4022186E+02  0.9075601E+02 -0.1309779E+03  0.5499222E+04  0.5499222E+04
 -0.3968126E+02  0.9107830E+02 -0.1307596E+03  0.5689681E+04  0.5689681E+04
 -0.3914066E+02  0.9140059E+02 -0.1305412E+03  0.5513141E+04  0.5513141E+04
 -0.3877817E+02  0.9169360E+02 -0.1304718E+03  0.5552778E+04  0.5552778E+04
 -0.3859378E+02  0.9195735E+02 -0.1305511E+03  0.5729594E+04  0.5729594E+04
 -0.3840939E+02  0.9222111E+02 -0.1306305E+03  0.5544409E+04  0.5544409E+04
 -0.3822499E+02  0.9248486E+02 -0.1307099E+03  0.5648225E+04  0.5648225E+04
 -0.3796873E+02  0.9273730E+02 -0.1307060E+03  0.5711969E+04  0.5711969E+04
 -0.3764059E+02  0.9297842E+02 -0.1306190E+03  0.5639641E+04  0.5639641E+04
 -0.3731245E+02  0.9321955E+02 -0.1305320E+03  0.5525312E+04  0.5525312E+04
 -0.3698430E+02  0.9346068E+02 -0.1304450E+03  0.5460984E+04  0.5460984E+04
 -0.3706880E+02  0.9368926E+02 -0.1307581E+03  0.5738069E+04  0.5738069E+04
 -0.3756594E+02  0.9390531E+02 -0.1314713E+03  0.5757566E+04  0.5757566E+04
 -0.3806309E+02  0.9412135E+02 -0.1321844E+03  0.5668063E+04  0.5668063E+04
 -0.3856023E+02  0.9433739E+02 -0.1328976E+03  0.5792560E+04  0.5792560E+04
 -0.3860406E+02  0.9457459E+02 -0.1331787E+03  0.5705604E+04  0.5705604E+04
 -0.3819459E+02  0.9483297E+02 -0.1330275E+03  0.5698195E+04  0.5698195E+04
 -0.3778511E+02  0.9509133E+02 -0.1328764E+03  0.5591785E+04  0.5591785E+04
 -0.3737564E+02  0.9534971E+02 -0.1327253E+03  0.5580375E+04  0.5580375E+04
 -0.3733854E+02  0.9559162E+02 -0.1329301E+03  0.5826338E+04  0.5826338E+04
 -0.3767381E+02  0.9581709E+02 -0.1334909E+03  0.5763674E+04  0.5763674E+04
 -0.3800908E+02  0.9604256E+02 -0.1340516E+03  0.5704009E+04  0.5704009E+04
 -0.3834436E+02  0.9626803E+02 -0.1346124E+03  0.5831344E+04  0.5831344E+04
 -0.3839489E+02  0.9651222E+02 -0.1349071E+03  0.5868395E+04  0.5868395E+04
 -0.3816070E+02  0.9677515E+02 -0.1349358E+03  0.5748161E+04  0.5748161E+04
 -0.3792650E+02  0.9703807E+02 -0.1349646E+03  0.5765926E+04  0.5765926E+04
 -0.3769231E+02  0.9730099E+02 -0.1349933E+03  0.5714692E+04  0.5714692E+04
 -0.3755393E+02  0.9755545E+02 -0.1351094E+03  0.5815554E+04  0.5815554E+04
 -0.3751137E+02  0.9780143E+02 -0.1353128E+03  0.5882511E+04  0.5882511E+04
 -0.3746881E+02  0.9804742E+02 -0.1355162E+03  0.5833469E+04  0.5833469E+04
 -0.3742625E+02  0.9829340E+02 -0.1357196E+03  0.5735426E+04  0.5735426E+04
 -0.3723462E+02  0.9853790E+02 -0.1357725E+03  0.5982235E+04  0.5982235E+04
 -0.3689394E+02  0.9878091E+02 -0.1356749E+03  0.5773894E+04  0.5773894E+04
 -0.3655326E+02  0.9902391E+02 -0.1355772E+03  0.5728553E+04  0.5728553E+04
 -0.3621258E+02  0.9926692E+02 -0.1354795E+03  0.5739212E+04  0.5739212E+04
 -0.3614584E+02  0.9948830E+02 -0.1356341E+03  0.5764146E+04  0.5764146E+04
 -0.3635304E+02  0.9968805E+02 -0.1360411E+03  0.5930353E+04  0.5930353E+04
 -0.3656023E+02  0.9988779E+02 -0.1364480E+03  0.5844560E+04  0.5844560E+04
 -0.3676743E+02  0.1000875E+03 -0.1368550E+03  0.5972768E+04  0.5972768E+04
 -0.3678604E+02  0.1003012E+03 -0.1370872E+03  0.5834786E+04  0.5834786E+04
 -0.3661604E+02  0.1005286E+03 -0.1371447E+03  0.5781616E+04  0.5781616E+04
 -0.3644605E+02  0.1007561E+03 -0.1372021E+03  0.5934446E+04  0.5934446E+04
 -0.3627605E+02  0.1009836E+03 -0.1372596E+03  0.5722276E+04  0.5722276E+04
 -0.3602668E+02  0.1012077E+03 -0.1372344E+03  0.5792027E+04  0.5792027E+04
 -0.3569794E+02  0.1014284E+03 -0.1371263E+03  0.6022698E+04  0.6022698E+04
 -0.3536919E+02  0.1016491E+03 -0.1370183E+03  0.5767369E+04  0.5767369E+04
 -0.3504044E+02  0.1018699E+03 -0.1369103E+03  0.5832041E+04  0.5832041E+04
 -0.3492255E+02  0.1020768E+03 -0.1369994E+03  0.5989922E+04  0.5989922E+04
 -0.3501551E+02  0.1022700E+03 -0.1372855E+03  0.5812016E+04  0.5812016E+04
 -0.3510847E+02  0.1024632E+03 -0.1375717E+03  0.5879108E+04  0.5879108E+04
 -0.3520143E+02  0.1026564E+03 -0.1378578E+03  0.5744202E+04  0.5744202E+04
 -0.3506428E+02  0.1028597E+03 -0.1379240E+03  0.5918064E+04  0.5918064E+04
 -0.3469703E+02  0.1030730E+03 -0.1377701E+03  0.6062697E+04  0.6062697E+04
 -0.3432978E+02  0.1032864E+03 -0.1376162E+03  0.5964330E+04  0.5964330E+04
 -0.3396252E+02  0.1034998E+03 -0.1374623E+03  0.5865962E+04  0.5865962E+04
 -0.3368629E+02  0.1036999E+03 -0.1373862E+03  0.5876687E+04  0.5876687E+04
 -0.3350107E+02  0.1038867E+03 -0.1373878E+03  0.5794501E+04  0.5794501E+04
 -0.3331585E+02  0.1040736E+03 -0.1373894E+03  0.5854316E+04  0.5854316E+04
 -0.3313064E+02  0.1042604E+03 -0.1373911E+03  0.5757131E+04  0.5757131E+04
 -0.3321029E+02  0.1044353E+03 -0.1376456E+03  0.5899210E+04  0.5899210E+04
 -0.3355480E+02  0.1045981E+03 -0.1381528E+03  0.5900555E+04  0.5900555E+04
 -0.3389932E+02  0.1047608E+03 -0.1386602E+03  0.6003899E+04  0.6003899E+04
 -0.3424384E+02  0.1049236E+03 -0.1391675E+03  0.5902244E+04  0.5902244E+04
 -0.3423470E+02  0.1051108E+03 -0.1393454E+03  0.5878235E+04  0.5878235E+04
 -0.3387191E+02  0.1053222E+03 -0.1391941E+03  0.5970872E+04  0.5970872E+04
 -0.3350911E+02  0.1055336E+03 -0.1390427E+03  0.5844509E+04  0.5844509E+04
 -0.3314632E+02  0.1057450E+03 -0.1388913E+03  0.5963146E+04  0.5963146E+04
 -0.3288398E+02  0.1059425E+03 -0.1388265E+03  0.6021884E+04  0.6021884E+04
 -0.3272210E+02  0.1061262E+03 -0.1388483E+03  0.5818722E+04  0.5818722E+04
 -0.3256020E+02  0.1063098E+03 -0.1388700E+03  0.6002560E+04  0.6002560E+04
 -0.3239832E+02  0.1064934E+03 -0.1388917E+03  0.5856398E+04  0.5856398E+04
 -0.3247064E+02  0.1066712E+03 -0.1391418E+03  0.5930471E+04  0.5930471E+04
 -0.3277718E+02  0.1068432E+03 -0.1396204E+03  0.5877777E+04  0.5877777E+04
 -0.3308371E+02  0.1070153E+03 -0.1400990E+03  0.6107083E+04  0.6107083E+04
 -0.3339025E+02  0.1071873E+03 -0.1405775E+03  0.5743390E+04  0.5743390E+04
 -0.3320531E+02  0.1073803E+03 -0.1405856E+03  0.5997205E+04  0.5997205E+04
 -0.3252890E+02  0.1075943E+03 -0.1401232E+03  0.6147529E+04  0.6147529E+04
 -0.3185248E+02  0.1078083E+03 -0.1396608E+03  0.5833853E+04  0.5833853E+04
 -0.3117606E+02  0.1080223E+03 -0.1391983E+03  0.5941176E+04  0.5941176E+04
 -0.3109670E+02  0.1082052E+03 -0.1393019E+03  0.5894097E+04  0.5894097E+04
 -0.3161438E+02  0.1083571E+03 -0.1399715E+03  0.6010614E+04  0.6010614E+04
 -0.3213206E+02  0.1085089E+03 -0.1406410E+03  0.5970132E+04  0.5970132E+04
 -0.3264974E+02  0.1086608E+03 -0.1413106E+03  0.5890650E+04  0.5890650E+04
 -0.3290784E+02  0.1088358E+03 -0.1417436E+03  0.6020908E+04  0.6020908E+04
 -0.3290635E+02  0.1090338E+03 -0.1419402E+03  0.6173906E+04  0.6173906E+04
 -0.3290486E+02  0.1092319E+03 -0.1421367E+03  0.5977905E+04  0.5977905E+04
 -0.3290336E+02  0.1094300E+03 -0.1423333E+03  0.6040903E+04  0.6040903E+04
 -0.3253540E+02  0.1096330E+03 -0.1421684E+03  0.6124535E+04  0.6124535E+04
 -0.3180095E+02  0.1098411E+03 -0.1416421E+03  0.6039801E+04  0.6039801E+04
 -0.3106650E+02  0.1100492E+03 -0.1411157E+03  0.5814066E+04  0.5814066E+04
 -0.3033206E+02  0.1102573E+03 -0.1405893E+03  0.5856332E+04  0.5856332E+04
 -0.3018926E+02  0.1104280E+03 -0.1406173E+03  0.5930189E+04  0.5930189E+04
 -0.3063812E+02  0.1105613E+03 -0.1411994E+03  0.6220638E+04  0.6220638E+04
 -0.3108698E+02  0.1106947E+03 -0.1417817E+03  0.6074087E+04  0.6074087E+04
 -0.3153584E+02  0.1108280E+03 -0.1423638E+03  0.5954536E+04  0.5954536E+04
 -0.3176254E+02  0.1109889E+03 -0.1427514E+03  0.6125763E+04  0.6125763E+04
 -0.3176706E+02  0.1111772E+03 -0.1429443E+03  0.6069767E+04  0.6069767E+04
 -0.3177159E+02  0.1113655E+03 -0.1431371E+03  0.5994771E+04  0.5994771E+04
 -0.3177612E+02  0.1115539E+03 -0.1433300E+03  0.6119776E+04  0.6119776E+04
 -0.3171112E+02  0.1117487E+03 -0.1434598E+03  0.6048711E+04  0.6048711E+04
 -0.3157660E+02  0.1119500E+03 -0.1435266E+03  0.6195577E+04  0.6195577E+04
 -0.3144208E+02  0.1121513E+03 -0.1435934E+03  0.6117442E+04  0.6117442E+04
 -0.3130756E+02  0.1123526E+03 -0.1436602E+03  0.5962308E+04  0.5962308E+04
 -0.3150145E+02  0.1125420E+03 -0.1440435E+03  0.6062501E+04  0.6062501E+04
 -0.3202375E+02  0.1127196E+03 -0.1447433E+03  0.6200024E+04  0.6200024E+04
 -0.3254605E+02  0.1128972E+03 -0.1454432E+03  0.6183546E+04  0.6183546E+04
 -0.3306835E+02  0.1130747E+03 -0.1461431E+03  0.6068068E+04  0.6068068E+04
 -0.3306668E+02  0.1132789E+03 -0.1463455E+03  0.6295067E+04  0.6295067E+04
 -0.3254105E+02  0.1135096E+03 -0.1460507E+03  0.6253541E+04  0.6253541E+04
 -0.3201541E+02  0.1137404E+03 -0.1457558E+03  0.6130016E+04  0.6130016E+04
 -0.3148977E+02  0.1139711E+03 -0.1454609E+03  0.6179490E+04  0.6179490E+04
 -0.3123164E+02  0.1141752E+03 -0.1454068E+03  0.6184231E+04  0.6184231E+04
 -0.3124101E+02  0.1143525E+03 -0.1455935E+03  0.6099241E+04  0.6099241E+04
 -0.3125038E+02  0.1145299E+03 -0.1457803E+03  0.6267250E+04  0.6267250E+04
 -0.3125975E+02  0.1147073E+03 -0.1459670E+03  0.6165260E+04  0.6165260E+04
 -0.3104951E+02  0.1148843E+03 -0.1459338E+03  0.6114049E+04  0.6114049E+04
 -0.3061964E+02  0.1150609E+03 -0.1456805E+03  0.6172620E+04  0.6172620E+04
 -0.3018977E+02  0.1152375E+03 -0.1454273E+03  0.6075190E+04  0.6075190E+04
 -0.2975990E+02  0.1154142E+03 -0.1451741E+03  0.6071760E+04  0.6071760E+04
 -0.2946770E+02  0.1155732E+03 -0.1450408E+03  0.6236468E+04  0.6236468E+04
 -0.2931316E+02  0.1157144E+03 -0.1450276E+03  0.6160313E+04  0.6160313E+04
 -0.2915862E+02  0.1158557E+03 -0.1450143E+03  0.6043159E+04  0.6043159E+04
 -0.2900408E+02  0.1159970E+03 -0.1450011E+03  0.6117004E+04  0.6117004E+04
 -0.2910096E+02  0.1161347E+03 -0.1452357E+03  0.6160101E+04  0.6160101E+04
 -0.2944925E+02  0.1162690E+03 -0.1457182E+03  0.6217449E+04  0.6217449E+04
 -0.2979755E+02  0.1164032E+03 -0.1462007E+03  0.6271797E+04  0.6271797E+04
 -0.3014585E+02  0.1165374E+03 -0.1466832E+03  0.6249146E+04  0.6249146E+04
 -0.3013234E+02  0.1166910E+03 -0.1468233E+03  0.6097132E+04  0.6097132E+04
 -0.2975704E+02  0.1168640E+03 -0.1466210E+03  0.6179757E+04  0.6179757E+04
 -0.2938173E+02  0.1170370E+03 -0.1464187E+03  0.6206382E+04  0.6206382E+04
 -0.2900643E+02  0.1172100E+03 -0.1462165E+03  0.6126006E+04  0.6126006E+04
 -0.2852995E+02  0.1173669E+03 -0.1458969E+03  0.6149530E+04  0.6149530E+04
 -0.2795229E+02  0.1175076E+03 -0.1454599E+03  0.6167952E+04  0.6167952E+04
 -0.2737464E+02  0.1176483E+03 -0.1450230E+03  0.6090375E+04  0.6090375E+04
 -0.2679698E+02  0.1177890E+03 -0.1445860E+03  0.6180797E+04  0.6180797E+04
 -0.2654415E+02  0.1179024E+03 -0.1444466E+03  0.6112544E+04  0.6112544E+04
 -0.2661615E+02  0.1179885E+03 -0.1446046E+03  0.5961616E+04  0.5961616E+04
 -0.2668816E+02  0.1180745E+03 -0.1447627E+03  0.5998688E+04  0.5998688E+04
 -0.2676016E+02  0.1181606E+03 -0.1449207E+03  0.6239760E+04  0.6239760E+04
 -0.2679922E+02  0.1182577E+03 -0.1450569E+03  0.6076799E+04  0.6076799E+04
 -0.2680533E+02  0.1183659E+03 -0.1451712E+03  0.6131805E+04  0.6131805E+04
 -0.2681144E+02  0.1184741E+03 -0.1452855E+03  0.6082812E+04  0.6082812E+04
 -0.2681755E+02  0.1185823E+03 -0.1453998E+03  0.6234817E+04  0.6234817E+04
 -0.2678884E+02  0.1186999E+03 -0.1454887E+03  0.6136789E+04  0.6136789E+04
 -0.2672532E+02  0.1188268E+03 -0.1455522E+03  0.6074725E+04  0.6074725E+04
 -0.2666180E+02  0.1189538E+03 -0.1456156E+03  0.6012662E+04  0.6012662E+04
 -0.2659828E+02  0.1190808E+03 -0.1456791E+03  0.6071598E+04  0.6071598E+04
 -0.2613231E+02  0.1192092E+03 -0.1453415E+03  0.6175132E+04  0.6175132E+04
 -0.2526390E+02  0.1193390E+03 -0.1446029E+03  0.6314264E+04  0.6314264E+04
 -0.2439548E+02  0.1194688E+03 -0.1438643E+03  0.5899396E+04  0.5899396E+04
 -0.2352706E+02  0.1195986E+03 -0.1431257E+03  0.6131527E+04  0.6131527E+04
 -0.2256085E+02  0.1196823E+03 -0.1422431E+03  0.6059561E+04  0.6059561E+04
 -0.2149686E+02  0.1197199E+03 -0.1412167E+03  0.5907497E+04  0.5907497E+04
 -0.2043287E+02  0.1197574E+03 -0.1401903E+03  0.5996433E+04  0.5996433E+04
 -0.1936887E+02  0.1197950E+03 -0.1391638E+03  0.5706369E+04  0.5706369E+04
 -0.1671741E+02  0.1197855E+03 -0.1365029E+03  0.5829717E+04  0.5829717E+04
 -0.1247848E+02  0.1197290E+03 -0.1322075E+03  0.5749479E+04  0.5749479E+04
 -0.8239549E+01  0.1196725E+03 -0.1279120E+03  0.5425240E+04  0.5425240E+04
 -0.4000618E+01  0.1196160E+03 -0.1236166E+03  0.5271000E+04  0.5271000E+04
 -0.1881153E+01  0.1193619E+03 -0.1180495E+03  0.5024881E+04  0.5024881E+04
 -0.1881153E+01  0.1189102E+03 -0.1112107E+03  0.4627881E+04  0.4627881E+04
  0.2366732E+02  0.1184585E+03 -0.1043719E+03  0.4344333E+04  0.4344333E+04
  0.2366732E+02  0.1180068E+03 -0.9753308E+02  0.4018333E+04  0.4018333E+04
  0.2529657E+02  0.1172702E+03 -0.9197363E+02  0.3679703E+04  0.3679703E+04
  0.2855506E+02  0.1162486E+03 -0.8769350E+02  0.3608445E+04  0.3608445E+04
  0.3181355E+02  0.1152269E+03 -0.8341338E+02  0.3260187E+04  0.3260187E+04
  0.3507204E+02  0.1142053E+03 -0.7913326E+02  0.3327928E+04  0.3327928E+04
  0.3663070E+02  0.1131063E+03 -0.7647562E+02  0.3169369E+04  0.3169369E+04
  0.3648952E+02  0.1119300E+03 -0.7544045E+02  0.2990510E+04  0.2990510E+04
  0.3634834E+02  0.1107536E+03 -0.7440530E+02  0.3042652E+04  0.3042652E+04
  0.3620716E+02  0.1095773E+03 -0.7337012E+02  0.2939793E+04  0.2939793E+04
  0.3584757E+02  0.1085232E+03 -0.7267559E+02  0.2968152E+04  0.2968152E+04
  0.3526956E+02  0.1075912E+03 -0.7232167E+02  0.3079730E+04  0.3079730E+04
  0.3469155E+02  0.1066593E+03 -0.7196775E+02  0.2886308E+04  0.2886308E+04
  0.3411354E+02  0.1057274E+03 -0.7161383E+02  0.2925886E+04  0.2925886E+04
  0.3357839E+02  0.1049150E+03 -0.7133659E+02  0.3057422E+04  0.3057422E+04
  0.3308609E+02  0.1042221E+03 -0.7113600E+02  0.2922914E+04  0.2922914E+04
  0.3259380E+02  0.1035292E+03 -0.7093542E+02  0.2855406E+04  0.2855406E+04
  0.3210150E+02  0.1028363E+03 -0.7073484E+02  0.2947898E+04  0.2947898E+04
  0.3152703E+02  0.1022193E+03 -0.7069224E+02  0.2853473E+04  0.2853473E+04
  0.3087038E+02  0.1016780E+03 -0.7080761E+02  0.3007130E+04  0.3007130E+04
  0.3021374E+02  0.1011367E+03 -0.7092297E+02  0.3047786E+04  0.3047786E+04
  0.2955709E+02  0.1005954E+03 -0.7103835E+02  0.2864443E+04  0.2864443E+04
  0.2909128E+02  0.1001156E+03 -0.7102427E+02  0.2945909E+04  0.2945909E+04
  0.2881632E+02  0.9969707E+02 -0.7088076E+02  0.2890184E+04  0.2890184E+04
  0.2854135E+02  0.9927859E+02 -0.7073724E+02  0.2945459E+04  0.2945459E+04
  0.2826639E+02  0.9886012E+02 -0.7059373E+02  0.2794734E+04  0.2794734E+04
  0.2798898E+02  0.9847050E+02 -0.7048152E+02  0.2950011E+04  0.2950011E+04
  0.2770913E+02  0.9810977E+02 -0.7040063E+02  0.2967291E+04  0.2967291E+04
  0.2742929E+02  0.9774903E+02 -0.7031975E+02  0.2876571E+04  0.2876571E+04
  0.2714944E+02  0.9738830E+02 -0.7023886E+02  0.2978851E+04  0.2978851E+04
  0.2693651E+02  0.9704829E+02 -0.7011178E+02  0.2976063E+04  0.2976063E+04
  0.2679049E+02  0.9672898E+02 -0.6993849E+02  0.2775209E+04  0.2775209E+04
  0.2664447E+02  0.9640969E+02 -0.6976521E+02  0.2909355E+04  0.2909355E+04
  0.2649846E+02  0.9609039E+02 -0.6959193E+02  0.2791501E+04  0.2791501E+04
  0.2654392E+02  0.9578091E+02 -0.6923698E+02  0.2891456E+04  0.2891456E+04
  0.2678086E+02  0.9548124E+02 -0.6870038E+02  0.2881219E+04  0.2881219E+04
  0.2701780E+02  0.9518157E+02 -0.6816376E+02  0.2804982E+04  0.2804982E+04
  0.2725474E+02  0.9488190E+02 -0.6762716E+02  0.2759745E+04  0.2759745E+04
  0.2783611E+02  0.9457151E+02 -0.6673540E+02  0.2807164E+04  0.2807164E+04
  0.2876189E+02  0.9425039E+02 -0.6548849E+02  0.2733238E+04  0.2733238E+04
  0.2968768E+02  0.9392928E+02 -0.6424158E+02  0.2607312E+04  0.2607312E+04
  0.3061347E+02  0.9360815E+02 -0.6299469E+02  0.2633386E+04  0.2633386E+04
  0.3149059E+02  0.9324267E+02 -0.6175208E+02  0.2519510E+04  0.2519510E+04
  0.3231903E+02  0.9283282E+02 -0.6051379E+02  0.2495681E+04  0.2495681E+04
  0.3314747E+02  0.9242297E+02 -0.5927549E+02  0.2432853E+04  0.2432853E+04
  0.3397591E+02  0.9201311E+02 -0.5803720E+02  0.2349024E+04  0.2349024E+04
  0.3472339E+02  0.9157057E+02 -0.5684718E+02  0.2371277E+04  0.2371277E+04
  0.3538989E+02  0.9109534E+02 -0.5570545E+02  0.2264610E+04  0.2264610E+04
  0.3605639E+02  0.9062010E+02 -0.5456371E+02  0.2235944E+04  0.2235944E+04
  0.3672289E+02  0.9014487E+02 -0.5342198E+02  0.2197277E+04  0.2197277E+04
  0.3696755E+02  0.8965277E+02 -0.5268523E+02  0.2133032E+04  0.2133032E+04
  0.3679036E+02  0.8914381E+02 -0.5235346E+02  0.2081210E+04  0.2081210E+04
  0.3661317E+02  0.8863486E+02 -0.5202169E+02  0.2098387E+04  0.2098387E+04
  0.3643598E+02  0.8812590E+02 -0.5168993E+02  0.2083564E+04  0.2083564E+04
  0.3625922E+02  0.8764454E+02 -0.5138532E+02  0.2163741E+04  0.2163741E+04
  0.3608291E+02  0.8719077E+02 -0.5110786E+02  0.2080917E+04  0.2080917E+04
  0.3590660E+02  0.8673701E+02 -0.5083041E+02  0.2044093E+04  0.2044093E+04
  0.3573029E+02  0.8628324E+02 -0.5055295E+02  0.2039270E+04  0.2039270E+04
  0.3568957E+02  0.8585181E+02 -0.5016225E+02  0.2027310E+04  0.2027310E+04
  0.3578444E+02  0.8544274E+02 -0.4965830E+02  0.2119216E+04  0.2119216E+04
  0.3587931E+02  0.8503365E+02 -0.4915435E+02  0.1913121E+04  0.1913121E+04
  0.3597417E+02  0.8462458E+02 -0.4865040E+02  0.1976026E+04  0.1976026E+04
  0.3613187E+02  0.8421533E+02 -0.4808346E+02  0.2000868E+04  0.2000868E+04
  0.3635239E+02  0.8380593E+02 -0.4745354E+02  0.1999648E+04  0.1999648E+04
  0.3657290E+02  0.8339652E+02 -0.4682362E+02  0.1914427E+04  0.1914427E+04
  0.3679342E+02  0.8298712E+02 -0.4619370E+02  0.1833207E+04  0.1833207E+04
  0.3690434E+02  0.8256884E+02 -0.4566451E+02  0.1905096E+04  0.1905096E+04
  0.3690564E+02  0.8214167E+02 -0.4523603E+02  0.1813094E+04  0.1813094E+04
  0.3690696E+02  0.8171452E+02 -0.4480756E+02  0.1886093E+04  0.1886093E+04
  0.3690826E+02  0.8128735E+02 -0.4437909E+02  0.1803092E+04  0.1803092E+04
  0.3766311E+02  0.8086622E+02 -0.4320311E+02  0.1795337E+04  0.1795337E+04
  0.3917150E+02  0.8045110E+02 -0.4127961E+02  0.1693828E+04  0.1693828E+04
  0.4067988E+02  0.8003600E+02 -0.3935612E+02  0.1662320E+04  0.1662320E+04
  0.4218826E+02  0.7962089E+02 -0.3743262E+02  0.1483812E+04  0.1483812E+04
  0.4463032E+02  0.7913839E+02 -0.3450806E+02  0.1461370E+04  0.1461370E+04
  0.4800605E+02  0.7858848E+02 -0.3058243E+02  0.1266994E+04  0.1266994E+04
  0.5138178E+02  0.7803858E+02 -0.2665681E+02  0.1134618E+04  0.1134618E+04
  0.5475750E+02  0.7748867E+02 -0.2273117E+02  0.8952425E+03  0.8952425E+03
  0.5773296E+02  0.7678239E+02 -0.1904943E+02  0.6802670E+03  0.6802670E+03
  0.6030814E+02  0.7591971E+02 -0.1561157E+02  0.5086919E+03  0.5086919E+03
  0.6288332E+02  0.7505704E+02 -0.1217371E+02  0.3491167E+03  0.3491167E+03
  0.6545850E+02  0.7419436E+02 -0.8735856E+01  0.2265415E+03  0.2265415E+03
  0.6671017E+02  0.7323889E+02 -0.6528723E+01  0.1912898E+03  0.1912898E+03
  0.6663832E+02  0.7219064E+02 -0.5552316E+01  0.1333617E+03  0.1333617E+03
  0.6656647E+02  0.7114238E+02 -0.4575909E+01  0.9543353E+02  0.9543353E+02
  0.6649462E+02  0.7009412E+02 -0.3599502E+01  0.7650538E+02  0.7650538E+02
  0.6609894E+02  0.6911137E+02 -0.3012439E+01  0.4590106E+02  0.4590106E+02
  0.6537943E+02  0.6819415E+02 -0.2814721E+01  0.3262057E+02  0.3262057E+02
  0.6465991E+02  0.6727692E+02 -0.2617004E+01  0.4034009E+02  0.4034009E+02
  0.6394040E+02  0.6635969E+02 -0.2419286E+01  0.3905960E+02  0.3905960E+02
  0.6328625E+02  0.6553574E+02 -0.2249489E+01  0.2571375E+02  0.2571375E+02
  0.6269748E+02  0.6480508E+02 -0.2107613E+01  0.2430252E+02  0.2430252E+02
  0.6210870E+02  0.6407443E+02 -0.1965737E+01  0.8891304E+01  0.8891304E+01
  0.6151992E+02  0.6334378E+02 -0.1823862E+01  0.1948008E+02  0.1948008E+02
  0.6092337E+02  0.6267254E+02 -0.1749176E+01  0.1807663E+02  0.1807663E+02
  0.6031904E+02  0.6206071E+02 -0.1741680E+01 -0.1319038E+01  0.0000000E+00
  0.5971471E+02  0.6144889E+02 -0.1734184E+01  0.7285290E+01  0.7285290E+01
  0.5911038E+02  0.6083707E+02 -0.1726688E+01  0.4889618E+01  0.4889618E+01
  0.5855957E+02  0.6026763E+02 -0.1708059E+01  0.2744043E+02  0.2744043E+02
  0.5806227E+02  0.5974057E+02 -0.1678299E+01  0.9937729E+01  0.9937729E+01
  0.5756497E+02  0.5921351E+02 -0.1648538E+01  0.3435032E+01  0.3435032E+01
  0.5706767E+02  0.5868645E+02 -0.1618778E+01  0.6932331E+01  0.6932331E+01
  0.5662025E+02  0.5818719E+02 -0.1566946E+01  0.1337975E+02  0.1337975E+02
  0.5622271E+02  0.5771576E+02 -0.1493043E+01  0.1377729E+02  0.1377729E+02
  0.5582517E+02  0.5724431E+02 -0.1419140E+01  0.2174828E+01  0.2174828E+01
  0.5542764E+02  0.5677287E+02 -0.1345237E+01 -0.5427635E+01  0.0000000E+00
  0.5501830E+02  0.5631832E+02 -0.1300016E+01 -0.2018303E+01  0.0000000E+00
  0.5459718E+02  0.5588065E+02 -0.1283475E+01  0.4028244E+00  0.4028244E+00
  0.5417605E+02  0.5544298E+02 -0.1266934E+01 -0.1317605E+02  0.0000000E+00
  0.5375492E+02  0.5500531E+02 -0.1250393E+01  0.1124508E+02  0.1124508E+02
  0.5333490E+02  0.5458314E+02 -0.1248239E+01 -0.4334896E+01  0.0000000E+00
  0.5291598E+02  0.5417645E+02 -0.1260471E+01 -0.2915981E+01  0.0000000E+00
  0.5249706E+02  0.5376976E+02 -0.1272704E+01 -0.5497059E+01  0.0000000E+00
  0.5207814E+02  0.5336308E+02 -0.1284936E+01  0.9218559E+00  0.9218559E+00
  0.5168880E+02  0.5297078E+02 -0.1281978E+01  0.9311195E+01  0.9311195E+01
  0.5132905E+02  0.5259288E+02 -0.1263830E+01  0.6709518E+00  0.6709518E+00
  0.5096930E+02  0.5221498E+02 -0.1245682E+01  0.3030704E+01  0.3030704E+01
  0.5060954E+02  0.5183707E+02 -0.1227533E+01 -0.7609539E+01  0.0000000E+00
  0.5026682E+02  0.5146939E+02 -0.1202573E+01  0.3733185E+01  0.3733185E+01
  0.4994113E+02  0.5111193E+02 -0.1170800E+01  0.5887222E-01  0.5887222E-01
  0.4961544E+02  0.5075447E+02 -0.1139028E+01 -0.7615440E+01  0.0000000E+00
  0.4928975E+02  0.5039701E+02 -0.1107255E+01 -0.8289753E+01  0.0000000E+00
  0.4896300E+02  0.5004696E+02 -0.1083959E+01  0.4036999E+01  0.4036999E+01
  0.4863519E+02  0.4970433E+02 -0.1069140E+01 -0.4635189E+01  0.0000000E+00
  0.4830738E+02  0.4936170E+02 -0.1054321E+01 -0.1430738E+02  0.0000000E+00
  0.4797957E+02  0.4901907E+02 -0.1039502E+01 -0.4979568E+01  0.0000000E+00
  0.4765967E+02  0.4868348E+02 -0.1023808E+01 -0.4659668E+01  0.0000000E+00
  0.4734768E+02  0.4835492E+02 -0.1007240E+01  0.2652321E+01  0.2652321E+01
  0.4703569E+02  0.4802636E+02 -0.9906712E+00 -0.1103569E+02  0.0000000E+00
  0.4672370E+02  0.4769780E+02 -0.9741026E+00 -0.7723701E+01  0.0000000E+00
  0.4640911E+02  0.4737498E+02 -0.9658639E+00  0.5908852E+00  0.5908852E+00
  0.4609193E+02  0.4705788E+02 -0.9659553E+00 -0.9091927E+01  0.0000000E+00
  0.4577474E+02  0.4674079E+02 -0.9660466E+00 -0.5774742E+01  0.0000000E+00
  0.4545755E+02  0.4642369E+02 -0.9661379E+00 -0.4457554E+01  0.0000000E+00
  0.4513667E+02  0.4611202E+02 -0.9753523E+00 -0.7136669E+01  0.0000000E+00
  0.4481208E+02  0.4580577E+02 -0.9936897E+00 -0.4812077E+01  0.0000000E+00
  0.4448749E+02  0.4549952E+02 -0.1012027E+01 -0.2487492E+01  0.0000000E+00
  0.4416290E+02  0.4519326E+02 -0.1030364E+01  0.2837101E+01  0.2837101E+01
  0.4385786E+02  0.4489209E+02 -0.1034232E+01 -0.1285786E+02  0.0000000E+00
  0.4357236E+02  0.4459599E+02 -0.1023631E+01  0.7427639E+01  0.7427639E+01
  0.4328687E+02  0.4429989E+02 -0.1013030E+01 -0.6286865E+01  0.0000000E+00
  0.4300137E+02  0.4400380E+02 -0.1002428E+01 -0.3001369E+01  0.0000000E+00
  0.4270480E+02  0.4371035E+02 -0.1005550E+01  0.2295204E+01  0.2295204E+01
  0.4239715E+02  0.4341954E+02 -0.1022394E+01 -0.3971481E+00  0.0000000E+00
  0.4208950E+02  0.4312874E+02 -0.1039239E+01  0.1391050E+02  0.1391050E+02
  0.4178185E+02  0.4283793E+02 -0.1056084E+01 -0.1781849E+01  0.0000000E+00
  0.4151013E+02  0.4255194E+02 -0.1041808E+01 -0.9510132E+01  0.0000000E+00
  0.4127435E+02  0.4227076E+02 -0.9964115E+00  0.5725651E+01  0.5725651E+01
  0.4103857E+02  0.4198958E+02 -0.9510152E+00 -0.9038567E+01  0.0000000E+00
  0.4080278E+02  0.4170840E+02 -0.9056190E+00 -0.6802784E+01  0.0000000E+00
  0.4052681E+02  0.4143033E+02 -0.9035259E+00 -0.4526806E+01  0.0000000E+00
  0.4021064E+02  0.4115537E+02 -0.9447362E+00  0.2789364E+01  0.2789364E+01
  0.3989447E+02  0.4088041E+02 -0.9859464E+00  0.2105534E+01  0.2105534E+01
  0.3957830E+02  0.4060545E+02 -0.1027157E+01 -0.4578297E+01  0.0000000E+00
  0.3931047E+02  0.4033848E+02 -0.1028019E+01  0.8689533E+01  0.8689533E+01
  0.3909097E+02  0.4007950E+02 -0.9885323E+00  0.7909031E+01  0.7909031E+01
  0.3887148E+02  0.3982052E+02 -0.9490460E+00  0.3128521E+01  0.3128521E+01
  0.3865198E+02  0.3956154E+02 -0.9095597E+00 -0.6519814E+00  0.0000000E+00
  0.3842073E+02  0.3930601E+02 -0.8852817E+00 -0.3420727E+01  0.0000000E+00
  0.3817770E+02  0.3905391E+02 -0.8762119E+00 -0.7177700E+01  0.0000000E+00
  0.3793468E+02  0.3880182E+02 -0.8671421E+00 -0.7934681E+01  0.0000000E+00
  0.3769165E+02  0.3854973E+02 -0.8580723E+00  0.5308346E+01  0.5308346E+01
  0.3744265E+02  0.3830155E+02 -0.8589024E+00 -0.8442646E+01  0.0000000E+00
  0.3718764E+02  0.3805728E+02 -0.8696322E+00  0.8123589E+00  0.8123589E+00
  0.3693264E+02  0.3781300E+02 -0.8803621E+00 -0.9932644E+01  0.0000000E+00
  0.3667764E+02  0.3756873E+02 -0.8910919E+00  0.1132236E+02  0.1132236E+02
  0.3642894E+02  0.3732928E+02 -0.9003384E+00  0.4571056E+01  0.4571056E+01
  0.3618654E+02  0.3709465E+02 -0.9081016E+00 -0.5186543E+01  0.0000000E+00
  0.3594415E+02  0.3686001E+02 -0.9158648E+00  0.4055851E+01  0.4055851E+01
  0.3570175E+02  0.3662538E+02 -0.9236279E+00  0.1429825E+02  0.1429825E+02
  0.3548775E+02  0.3639473E+02 -0.9069853E+00 -0.6487747E+01  0.0000000E+00
  0.3530214E+02  0.3616808E+02 -0.8659371E+00 -0.2302139E+01  0.0000000E+00
  0.3511654E+02  0.3594142E+02 -0.8248888E+00 -0.7116535E+01  0.0000000E+00
  0.3493093E+02  0.3571477E+02 -0.7838405E+00 -0.1930927E+01  0.0000000E+00
  0.3471838E+02  0.3548939E+02 -0.7710125E+00 -0.1718376E+01  0.0000000E+00
  0.3447889E+02  0.3526529E+02 -0.7864046E+00 -0.3478886E+01  0.0000000E+00
  0.3423939E+02  0.3504119E+02 -0.8017967E+00 -0.9239391E+01  0.0000000E+00
  0.3399990E+02  0.3481709E+02 -0.8171888E+00  0.3000099E+01  0.3000099E+01
  0.3376271E+02  0.3459681E+02 -0.8340903E+00  0.4237286E+01  0.4237286E+01
  0.3352784E+02  0.3438034E+02 -0.8525011E+00  0.1472164E+01  0.1472164E+01
  0.3329296E+02  0.3416387E+02 -0.8709118E+00 -0.3292957E+01  0.0000000E+00
  0.3305808E+02  0.3394740E+02 -0.8893226E+00  0.1194192E+02  0.1194192E+02
  0.3284569E+02  0.3373508E+02 -0.8893923E+00  0.9154308E+01  0.9154308E+01
  0.3265579E+02  0.3352691E+02 -0.8711208E+00 -0.2655788E+01  0.0000000E+00
  0.3246589E+02  0.3331874E+02 -0.8528492E+00  0.1453411E+02  0.1453411E+02
  0.3227599E+02  0.3311057E+02 -0.8345777E+00 -0.2275990E+01  0.0000000E+00
  0.3207613E+02  0.3290390E+02 -0.8277727E+00  0.3923874E+01  0.3923874E+01
  0.3186630E+02  0.3269873E+02 -0.8324345E+00 -0.9866297E+01  0.0000000E+00
  0.3165647E+02  0.3249356E+02 -0.8370962E+00  0.2343533E+01  0.2343533E+01
  0.3144664E+02  0.3228839E+02 -0.8417579E+00 -0.2446636E+01  0.0000000E+00
  0.3124765E+02  0.3208569E+02 -0.8380395E+00  0.4752352E+01  0.4752352E+01
  0.3105950E+02  0.3188544E+02 -0.8259408E+00  0.7940498E+01  0.7940498E+01
  0.3087136E+02  0.3168520E+02 -0.8138422E+00  0.1412864E+02  0.1412864E+02
  0.3068321E+02  0.3148495E+02 -0.8017436E+00 -0.6832085E+00  0.0000000E+00
  0.3050217E+02  0.3128645E+02 -0.7842817E+00 -0.2502167E+01  0.0000000E+00
  0.3032823E+02  0.3108969E+02 -0.7614565E+00 -0.3328228E+01  0.0000000E+00
  0.3015429E+02  0.3089292E+02 -0.7386314E+00  0.4845709E+01  0.4845709E+01
  0.2998035E+02  0.3069616E+02 -0.7158062E+00 -0.9803524E+00  0.0000000E+00
  0.2980215E+02  0.3050046E+02 -0.6983156E+00 -0.1802147E+01  0.0000000E+00
  0.2961968E+02  0.3030584E+02 -0.6861596E+00 -0.6619677E+01  0.0000000E+00
  0.2943721E+02  0.3011121E+02 -0.6740035E+00 -0.3437206E+01  0.0000000E+00
  0.2925474E+02  0.2991658E+02 -0.6618475E+00 -0.3254736E+01  0.0000000E+00
  0.2906490E+02  0.2972375E+02 -0.6588551E+00 -0.8064898E+01  0.0000000E+00
  0.2886769E+02  0.2953272E+02 -0.6650263E+00  0.5132305E+01  0.5132305E+01
  0.2867049E+02  0.2934169E+02 -0.6711975E+00 -0.6704903E+00  0.0000000E+00
  0.2847329E+02  0.2915066E+02 -0.6773687E+00 -0.5473288E+01  0.0000000E+00
  0.2828878E+02  0.2896237E+02 -0.6735948E+00  0.4711224E+01  0.4711224E+01
  0.2811696E+02  0.2877683E+02 -0.6598756E+00 -0.1116959E+01  0.0000000E+00
  0.2794514E+02  0.2859130E+02 -0.6461565E+00  0.6054859E+01  0.6054859E+01
  0.2777332E+02  0.2840576E+02 -0.6324373E+00 -0.5773323E+01  0.0000000E+00
  0.2759612E+02  0.2822171E+02 -0.6255963E+00 -0.4596117E+01  0.0000000E+00
  0.2741353E+02  0.2803916E+02 -0.6256335E+00 -0.4413527E+01  0.0000000E+00
  0.2723093E+02  0.2785660E+02 -0.6256707E+00  0.3769068E+01  0.3769068E+01
  0.2704834E+02  0.2767405E+02 -0.6257079E+00 -0.7048342E+01  0.0000000E+00
  0.2685388E+02  0.2749347E+02 -0.6395940E+00  0.1461201E+00  0.1461201E+00
  0.2664755E+02  0.2731488E+02 -0.6673289E+00 -0.2647551E+01  0.0000000E+00
  0.2644122E+02  0.2713629E+02 -0.6950639E+00  0.5558777E+01  0.5558777E+01
  0.2623489E+02  0.2695769E+02 -0.7227988E+00  0.7651062E+00  0.7651062E+00
  0.2605648E+02  0.2678246E+02 -0.7259811E+00  0.6943521E+01  0.6943521E+01
  0.2590598E+02  0.2661059E+02 -0.7046108E+00  0.2094023E+01  0.2094023E+01
  0.2575548E+02  0.2643871E+02 -0.6832404E+00 -0.7554760E+00  0.0000000E+00
  0.2560497E+02  0.2626684E+02 -0.6618700E+00  0.3950253E+00  0.3950253E+00
  0.2544809E+02  0.2609547E+02 -0.6473807E+00 -0.1448093E+01  0.0000000E+00
  0.2528483E+02  0.2592460E+02 -0.6397723E+00  0.5715168E+01  0.5715168E+01
  0.2512157E+02  0.2575374E+02 -0.6321639E+00 -0.4121572E+01  0.0000000E+00
  0.2495831E+02  0.2558287E+02 -0.6245556E+00  0.8041689E+01  0.8041689E+01
  0.2478683E+02  0.2541300E+02 -0.6261662E+00 -0.5786835E+01  0.0000000E+00
  0.2460714E+02  0.2524414E+02 -0.6369958E+00  0.3392859E+01  0.3392859E+01
  0.2442745E+02  0.2507528E+02 -0.6478253E+00  0.6572550E+01  0.6572550E+01
  0.2424776E+02  0.2490641E+02 -0.6586549E+00  0.7522430E+00  0.7522430E+00
  0.2407504E+02  0.2473991E+02 -0.6648636E+00  0.3924957E+01  0.3924957E+01
  0.2390930E+02  0.2457576E+02 -0.6664516E+00  0.9069633E-01  0.9069633E-01
  0.2374356E+02  0.2441160E+02 -0.6680396E+00  0.4256435E+01  0.4256435E+01
  0.2357783E+02  0.2424745E+02 -0.6696275E+00  0.2422174E+01  0.2422174E+01
  0.2342610E+02  0.2408503E+02 -0.6589242E+00  0.2573898E+01  0.2573898E+01
  0.2328839E+02  0.2392432E+02 -0.6359295E+00  0.5711609E+01  0.5711609E+01
  0.2315068E+02  0.2376361E+02 -0.6129348E+00 -0.1506786E+00  0.0000000E+00
  0.2301297E+02  0.2360291E+02 -0.5899401E+00  0.9870319E+00  0.9870319E+00
  0.2286006E+02  0.2344240E+02 -0.5823435E+00 -0.2860058E+01  0.0000000E+00
  0.2269195E+02  0.2328209E+02 -0.5901448E+00  0.4308052E+01  0.4308052E+01
  0.2252384E+02  0.2312178E+02 -0.5979462E+00  0.4761639E+00  0.4761639E+00
  0.2235573E+02  0.2296147E+02 -0.6057475E+00 -0.3557262E+00  0.0000000E+00
  0.2218494E+02  0.2280310E+02 -0.6181634E+00  0.1081506E+02  0.1081506E+02
  0.2201148E+02  0.2264668E+02 -0.6351939E+00 -0.1011480E+01  0.0000000E+00
  0.2183802E+02  0.2249025E+02 -0.6522245E+00  0.3161978E+01  0.3161978E+01
  0.2166456E+02  0.2233382E+02 -0.6692550E+00  0.1335440E+01  0.1335440E+01
  0.2151901E+02  0.2217987E+02 -0.6608592E+00  0.6480988E+01  0.6480988E+01
  0.2140137E+02  0.2202841E+02 -0.6270369E+00  0.1259863E+02  0.1259863E+02
  0.2128373E+02  0.2187695E+02 -0.5932147E+00  0.4716267E+01  0.4716267E+01
  0.2116609E+02  0.2172549E+02 -0.5593925E+00 -0.4166094E+01  0.0000000E+00
  0.2103649E+02  0.2157361E+02 -0.5371163E+00  0.6963507E+01  0.6963507E+01
  0.2089493E+02  0.2142132E+02 -0.5263862E+00 -0.3894932E+01  0.0000000E+00
  0.2075337E+02  0.2126903E+02 -0.5156561E+00  0.6246632E+01  0.6246632E+01
  0.2061181E+02  0.2111673E+02 -0.5049259E+00  0.5388193E+01  0.5388193E+01
  0.2046718E+02  0.2096523E+02 -0.4980410E+00 -0.6467184E+01  0.0000000E+00
  0.2031950E+02  0.2081450E+02 -0.4950011E+00 -0.6319500E+01  0.0000000E+00
  0.2017182E+02  0.2066378E+02 -0.4919613E+00  0.2828182E+01  0.2828182E+01
  0.2002413E+02  0.2051306E+02 -0.4889215E+00  0.5975866E+01  0.5975866E+01
  0.1988732E+02  0.2036395E+02 -0.4766331E+00 -0.7887316E+01  0.0000000E+00
  0.1976136E+02  0.2021646E+02 -0.4550962E+00 -0.1761364E+01  0.0000000E+00
  0.1963541E+02  0.2006897E+02 -0.4335592E+00 -0.2635410E+01  0.0000000E+00
  0.1950946E+02  0.1992148E+02 -0.4120223E+00 -0.5509459E+01  0.0000000E+00
  0.1936706E+02  0.1977452E+02 -0.4074591E+00 -0.1367064E+01  0.0000000E+00
  0.1920823E+02  0.1962810E+02 -0.4198695E+00 -0.3208227E+01  0.0000000E+00
  0.1904939E+02  0.1948167E+02 -0.4322799E+00 -0.4939270E-01  0.0000000E+00
  0.1889056E+02  0.1933525E+02 -0.4446903E+00  0.6109444E+01  0.6109444E+01
  0.1875790E+02  0.1919105E+02 -0.4331560E+00  0.2421036E+00  0.2421036E+00
  0.1865141E+02  0.1904909E+02 -0.3976767E+00 -0.8651413E+01  0.0000000E+00
  0.1854493E+02  0.1890713E+02 -0.3621974E+00 -0.9544931E+01  0.0000000E+00
  0.1843845E+02  0.1876517E+02 -0.3267181E+00 -0.1438448E+01  0.0000000E+00
  0.1829630E+02  0.1862309E+02 -0.3267798E+00 -0.6296305E+01  0.0000000E+00
  0.1811850E+02  0.1848088E+02 -0.3623823E+00 -0.6118502E+01  0.0000000E+00
  0.1794070E+02  0.1833869E+02 -0.3979848E+00 -0.2940701E+01  0.0000000E+00
  0.1776290E+02  0.1819649E+02 -0.4335873E+00  0.4237103E+01  0.4237103E+01
  0.1760694E+02  0.1805758E+02 -0.4506384E+00 -0.1606939E+01  0.0000000E+00
  0.1747283E+02  0.1792196E+02 -0.4491382E+00  0.2527174E+01  0.2527174E+01
  0.1733871E+02  0.1778635E+02 -0.4476379E+00  0.3661285E+01  0.3661285E+01
  0.1720460E+02  0.1765074E+02 -0.4461377E+00  0.1795399E+01  0.1795399E+01
  0.1707358E+02  0.1751666E+02 -0.4430796E+00 -0.2073578E+01  0.0000000E+00
  0.1694565E+02  0.1738411E+02 -0.4384635E+00  0.5435371E-01  0.5435371E-01
  0.1681771E+02  0.1725156E+02 -0.4338475E+00 -0.1817713E+01  0.0000000E+00
  0.1668978E+02  0.1711901E+02 -0.4292315E+00 -0.6689781E+01  0.0000000E+00
  0.1656783E+02  0.1698705E+02 -0.4192215E+00  0.9432165E+01  0.9432165E+01
  0.1645187E+02  0.1685569E+02 -0.4038174E+00  0.1548126E+01  0.1548126E+01
  0.1633591E+02  0.1672433E+02 -0.3884133E+00 -0.2335913E+01  0.0000000E+00
  0.1621995E+02  0.1659296E+02 -0.3730093E+00 -0.2199516E+00  0.0000000E+00
  0.1608810E+02  0.1646194E+02 -0.3738491E+00  0.1911903E+01  0.1911903E+01
  0.1594034E+02  0.1633128E+02 -0.3909327E+00 -0.4940345E+01  0.0000000E+00
  0.1579259E+02  0.1620061E+02 -0.4080164E+00  0.2207407E+01  0.2207407E+01
  0.1564484E+02  0.1606994E+02 -0.4251000E+00  0.8355159E+01  0.8355159E+01
  0.1550927E+02  0.1594139E+02 -0.4321221E+00  0.3490732E+01  0.3490732E+01
  0.1538587E+02  0.1581496E+02 -0.4290825E+00 -0.6385875E+01  0.0000000E+00
  0.1526248E+02  0.1568853E+02 -0.4260429E+00 -0.3262482E+01  0.0000000E+00
  0.1513909E+02  0.1556209E+02 -0.4230033E+00  0.3860911E+01  0.3860911E+01
  0.1501992E+02  0.1543679E+02 -0.4168648E+00 -0.1992321E-01  0.0000000E+00
  0.1490499E+02  0.1531261E+02 -0.4076274E+00  0.7095014E+01  0.7095014E+01
  0.1479005E+02  0.1518844E+02 -0.3983899E+00  0.3209950E+01  0.3209950E+01
  0.1467511E+02  0.1506427E+02 -0.3891525E+00  0.7324887E+01  0.7324887E+01
  0.1455531E+02  0.1494064E+02 -0.3853255E+00 -0.5555310E+01  0.0000000E+00
  0.1443064E+02  0.1481755E+02 -0.3869089E+00 -0.1430642E+01  0.0000000E+00
  0.1430597E+02  0.1469447E+02 -0.3884924E+00 -0.3059740E+00  0.0000000E+00
  0.1418131E+02  0.1457138E+02 -0.3900758E+00  0.8818694E+01  0.8818694E+01
  0.1405163E+02  0.1444951E+02 -0.3978721E+00  0.9483652E+00  0.9483652E+00
  0.1391696E+02  0.1432884E+02 -0.4118814E+00 -0.2916961E+01  0.0000000E+00
  0.1378229E+02  0.1420818E+02 -0.4258907E+00  0.2177124E+00  0.2177124E+00
  0.1364761E+02  0.1408751E+02 -0.4399000E+00 -0.6476135E+00  0.0000000E+00
  0.1353346E+02  0.1396875E+02 -0.4352939E+00  0.1646655E+02  0.1646655E+02
  0.1343981E+02  0.1385188E+02 -0.4120723E+00  0.1560187E+01  0.1560187E+01
  0.1334617E+02  0.1373502E+02 -0.3888508E+00  0.7653829E+01  0.7653829E+01
  0.1325253E+02  0.1361816E+02 -0.3656293E+00  0.1747472E+01  0.1747472E+01
  0.1314951E+02  0.1350122E+02 -0.3517053E+00 -0.2149511E+01  0.0000000E+00
  0.1303712E+02  0.1338420E+02 -0.3470789E+00 -0.3037120E+01  0.0000000E+00
  0.1292473E+02  0.1326718E+02 -0.3424525E+00  0.2075272E+01  0.2075272E+01
  0.1281234E+02  0.1315016E+02 -0.3378261E+00 -0.8123369E+00  0.0000000E+00
  0.1270385E+02  0.1303394E+02 -0.3300978E+00  0.7296155E+01  0.7296155E+01
  0.1259925E+02  0.1291852E+02 -0.3192677E+00 -0.5599254E+01  0.0000000E+00
  0.1249466E+02  0.1280310E+02 -0.3084375E+00 -0.5494662E+01  0.0000000E+00
  0.1239007E+02  0.1268768E+02 -0.2976074E+00  0.2609929E+01  0.2609929E+01
  0.1227545E+02  0.1257311E+02 -0.2976582E+00  0.3724552E+01  0.3724552E+01
  0.1215079E+02  0.1245938E+02 -0.3085899E+00 -0.3150792E+01  0.0000000E+00
  0.1202614E+02  0.1234566E+02 -0.3195217E+00  0.6973864E+01  0.6973864E+01
  0.1190148E+02  0.1223193E+02 -0.3304535E+00 -0.1901481E+01  0.0000000E+00
  0.1178568E+02  0.1212006E+02 -0.3343795E+00 -0.2785680E+01  0.0000000E+00
  0.1167873E+02  0.1201003E+02 -0.3312998E+00  0.4321268E+01  0.4321268E+01
  0.1157178E+02  0.1190000E+02 -0.3282202E+00  0.4282160E+00  0.4282160E+00
  0.1146484E+02  0.1178998E+02 -0.3251405E+00  0.5351639E+00  0.5351639E+00
  0.1136597E+02  0.1168103E+02 -0.3150601E+00  0.1634028E+01  0.1634028E+01
  0.1127519E+02  0.1157317E+02 -0.2979789E+00  0.3724812E+01  0.3724812E+01
  0.1118441E+02  0.1146530E+02 -0.2808977E+00 -0.4184406E+01  0.0000000E+00
  0.1109362E+02  0.1135744E+02 -0.2638166E+00 -0.1093623E+01  0.0000000E+00
  0.1099837E+02  0.1124977E+02 -0.2513985E+00  0.2001627E+01  0.2001627E+01
  0.1089865E+02  0.1114230E+02 -0.2436435E+00  0.1013451E+00  0.1013451E+00
  0.1079894E+02  0.1103483E+02 -0.2358885E+00 -0.1798936E+01  0.0000000E+00
  0.1069922E+02  0.1092735E+02 -0.2281335E+00 -0.6992178E+00  0.0000000E+00
  0.1059875E+02  0.1082069E+02 -0.2219353E+00 -0.5598755E+01  0.0000000E+00
  0.1049755E+02  0.1071484E+02 -0.2172938E+00  0.1502453E+01  0.1502453E+01
  0.1039634E+02  0.1060899E+02 -0.2126524E+00 -0.2396340E+01  0.0000000E+00
  0.1029513E+02  0.1050314E+02 -0.2080109E+00 -0.1295133E+01  0.0000000E+00
  0.1019195E+02  0.1039844E+02 -0.2064841E+00  0.1808048E+01  0.1808048E+01
  0.1008680E+02  0.1029487E+02 -0.2080719E+00 -0.6086799E+01  0.0000000E+00
  0.9981645E+01  0.1019131E+02 -0.2096598E+00 -0.3981645E+01  0.0000000E+00
  0.9876492E+01  0.1008774E+02 -0.2112476E+00 -0.1876492E+01  0.0000000E+00
  0.9778207E+01  0.9985580E+01 -0.2073737E+00 -0.7782068E+00  0.0000000E+00
  0.9686790E+01  0.9884829E+01 -0.1980379E+00  0.1313210E+01  0.1313210E+01
  0.9595374E+01  0.9784076E+01 -0.1887022E+00 -0.1595374E+01  0.0000000E+00
  0.9503957E+01  0.9683324E+01 -0.1793664E+00 -0.3503957E+01  0.0000000E+00
  0.9407866E+01  0.9583358E+01 -0.1754914E+00 -0.3407866E+01  0.0000000E+00
  0.9307100E+01  0.9484178E+01 -0.1770771E+00 -0.1307100E+01  0.0000000E+00
  0.9206334E+01  0.9384997E+01 -0.1786628E+00 -0.1206334E+01  0.0000000E+00
  0.9105568E+01  0.9285817E+01 -0.1802486E+00 -0.2105568E+01  0.0000000E+00
  0.9006057E+01  0.9187889E+01 -0.1818322E+00 -0.2006057E+01  0.0000000E+00
  0.8907799E+01  0.9091213E+01 -0.1834136E+00 -0.1907799E+01  0.0000000E+00
  0.8809542E+01  0.8994536E+01 -0.1849951E+00 -0.2809542E+01  0.0000000E+00
  0.8711284E+01  0.8897861E+01 -0.1865766E+00 -0.2711284E+01  0.0000000E+00
  0.8612103E+01  0.8802606E+01 -0.1905026E+00  0.1387897E+01  0.1387897E+01
  0.8511998E+01  0.8708772E+01 -0.1967731E+00 -0.5119982E+00  0.0000000E+00
  0.8411895E+01  0.8614938E+01 -0.2030437E+00  0.5881052E+00  0.5881052E+00
  0.8311790E+01  0.8521104E+01 -0.2093142E+00 -0.3311790E+01  0.0000000E+00
  0.8214556E+01  0.8428586E+01 -0.2140300E+00  0.4785444E+01  0.4785444E+01
  0.8120193E+01  0.8337383E+01 -0.2171909E+00 -0.1120193E+01  0.0000000E+00
  0.8025829E+01  0.8246181E+01 -0.2203519E+00 -0.2582932E-01  0.0000000E+00
  0.7931466E+01  0.8154978E+01 -0.2235129E+00  0.6853437E-01  0.6853437E-01
  0.7844523E+01  0.8064937E+01 -0.2204132E+00  0.6155477E+01  0.6155477E+01
  0.7765002E+01  0.7976055E+01 -0.2110529E+00 -0.1765002E+01  0.0000000E+00
  0.7685481E+01  0.7887174E+01 -0.2016925E+00  0.4314519E+01  0.4314519E+01
  0.7605960E+01  0.7798292E+01 -0.1923322E+00 -0.2605960E+01  0.0000000E+00
  0.7515201E+01  0.7709906E+01 -0.1947053E+00 -0.5152006E+00  0.0000000E+00
  0.7413203E+01  0.7622015E+01 -0.2088118E+00 -0.1413203E+01  0.0000000E+00
  0.7311205E+01  0.7534123E+01 -0.2229184E+00  0.3688795E+01  0.3688795E+01
  0.7209207E+01  0.7446232E+01 -0.2370249E+00  0.1790793E+01  0.1790793E+01
  0.7123002E+01  0.7360054E+01 -0.2370522E+00  0.8769984E+00  0.8769984E+00
  0.7052588E+01  0.7275588E+01 -0.2230001E+00  0.3947412E+01  0.3947412E+01
  0.6982174E+01  0.7191123E+01 -0.2089480E+00 -0.9821744E+00  0.0000000E+00
  0.6911761E+01  0.7106657E+01 -0.1948960E+00  0.4088239E+01  0.4088239E+01
  0.6838657E+01  0.7022619E+01 -0.1839611E+00 -0.8386574E+00  0.0000000E+00
  0.6762865E+01  0.6939008E+01 -0.1761434E+00  0.2371354E+00  0.2371354E+00
  0.6687071E+01  0.6855397E+01 -0.1683257E+00  0.3129287E+00  0.3129287E+00
  0.6611279E+01  0.6771786E+01 -0.1605080E+00 -0.6112785E+00  0.0000000E+00
  0.6530626E+01  0.6688804E+01 -0.1581778E+00  0.1469374E+01  0.1469374E+01
  0.6445116E+01  0.6606451E+01 -0.1613352E+00 -0.2445116E+01  0.0000000E+00
  0.6359604E+01  0.6524097E+01 -0.1644926E+00 -0.1359604E+01  0.0000000E+00
  0.6274094E+01  0.6441743E+01 -0.1676499E+00 -0.2740936E+00  0.0000000E+00
  0.6193954E+01  0.6360845E+01 -0.1668907E+00  0.3806046E+01  0.3806046E+01
  0.6119186E+01  0.6281401E+01 -0.1622149E+00 -0.1191859E+00  0.0000000E+00
  0.6044417E+01  0.6201957E+01 -0.1575391E+00 -0.4441738E-01  0.0000000E+00
  0.5969649E+01  0.6122513E+01 -0.1528633E+00  0.1030351E+01  0.1030351E+01
  0.5895161E+01  0.6044124E+01 -0.1489636E+00 -0.8951607E+00  0.0000000E+00
  0.5820951E+01  0.5966792E+01 -0.1458401E+00  0.1790490E+00  0.1790490E+00
  0.5746742E+01  0.5889458E+01 -0.1427166E+00  0.2532582E+00  0.2532582E+00
  0.5672532E+01  0.5812126E+01 -0.1395931E+00 -0.1672532E+01  0.0000000E+00
  0.5594652E+01  0.5735833E+01 -0.1411810E+00 -0.5946517E+00  0.0000000E+00
  0.5513100E+01  0.5660580E+01 -0.1474802E+00  0.1486900E+01  0.1486900E+01
  0.5431548E+01  0.5585328E+01 -0.1537794E+00  0.5684519E+00  0.5684519E+00
  0.5349997E+01  0.5510075E+01 -0.1600786E+00  0.1650003E+01  0.1650003E+01
  0.5282555E+01  0.5436372E+01 -0.1538170E+00  0.7174449E+00  0.7174449E+00
  0.5229224E+01  0.5364219E+01 -0.1349944E+00  0.1770776E+01  0.1770776E+01
  0.5175893E+01  0.5292065E+01 -0.1161719E+00 -0.1175893E+01  0.0000000E+00
  0.5122562E+01  0.5219912E+01 -0.9734937E-01 -0.1225624E+00  0.0000000E+00
  0.5056213E+01  0.5148084E+01 -0.9187013E-01 -0.3056213E+01  0.0000000E+00
  0.4976847E+01  0.5076581E+01 -0.9973417E-01 -0.1976847E+01  0.0000000E+00
  0.4897480E+01  0.5005078E+01 -0.1075982E+00  0.1025205E+00  0.1025205E+00
  0.4818113E+01  0.4933575E+01 -0.1154623E+00 -0.8181129E+00  0.0000000E+00
  0.4746624E+01  0.4863669E+01 -0.1170449E+00  0.2253376E+01  0.2253376E+01
  0.4683013E+01  0.4795360E+01 -0.1123462E+00 -0.1683013E+01  0.0000000E+00
  0.4619403E+01  0.4727050E+01 -0.1076475E+00 -0.2619403E+01  0.0000000E+00
  0.4555792E+01  0.4658741E+01 -0.1029488E+00  0.2444208E+01  0.2444208E+01
  0.4489505E+01  0.4591683E+01 -0.1021778E+00 -0.1489505E+01  0.0000000E+00
  0.4420543E+01  0.4525877E+01 -0.1053346E+00 -0.4205432E+00  0.0000000E+00
  0.4351580E+01  0.4460072E+01 -0.1084914E+00 -0.2351580E+01  0.0000000E+00
  0.4282618E+01  0.4394266E+01 -0.1116482E+00 -0.2282618E+01  0.0000000E+00
  0.4219714E+01  0.4329801E+01 -0.1100878E+00  0.1780286E+01  0.1780286E+01
  0.4162868E+01  0.4266678E+01 -0.1038102E+00  0.3837132E+01  0.3837132E+01
  0.4106022E+01  0.4203555E+01 -0.9753259E-01 -0.1106022E+01  0.0000000E+00
  0.4049177E+01  0.4140432E+01 -0.9125500E-01  0.1950823E+01  0.1950823E+01
  0.3992606E+01  0.4078366E+01 -0.8576045E-01 -0.1992606E+01  0.0000000E+00
  0.3936309E+01  0.4017358E+01 -0.8104894E-01 -0.9363093E+00  0.0000000E+00
  0.3880013E+01  0.3956350E+01 -0.7633742E-01 -0.8800130E+00  0.0000000E+00
  0.3823716E+01  0.3895342E+01 -0.7162591E-01 -0.2823716E+01  0.0000000E+00
  0.3765425E+01  0.3835487E+01 -0.7006199E-01 -0.7654252E+00  0.0000000E+00
  0.3705139E+01  0.3776785E+01 -0.7164567E-01  0.2948611E+00  0.2948611E+00
  0.3644853E+01  0.3718082E+01 -0.7322936E-01 -0.3644853E+01  0.0000000E+00
  0.3584566E+01  0.3659379E+01 -0.7481304E-01  0.2415434E+01  0.2415434E+01
  0.3521157E+01  0.3602284E+01 -0.8112668E-01  0.4788430E+00  0.4788430E+00
  0.3454625E+01  0.3546795E+01 -0.9217027E-01 -0.1454625E+01  0.0000000E+00
  0.3388092E+01  0.3491306E+01 -0.1032139E+00  0.2611908E+01  0.2611908E+01
  0.3321560E+01  0.3435817E+01 -0.1142575E+00 -0.3215597E+00  0.0000000E+00
  0.3271253E+01  0.3382367E+01 -0.1111143E+00  0.4728747E+01  0.4728747E+01
  0.3237171E+01  0.3330956E+01 -0.9378435E-01 -0.1237171E+01  0.0000000E+00
  0.3203089E+01  0.3279544E+01 -0.7645442E-01 -0.1203089E+01  0.0000000E+00
  0.3169008E+01  0.3228132E+01 -0.5912450E-01 -0.1169008E+01  0.0000000E+00
  0.3126691E+01  0.3177154E+01 -0.5046253E-01 -0.1266911E+00  0.0000000E+00
  0.3076139E+01  0.3126608E+01 -0.5046852E-01 -0.2076139E+01  0.0000000E+00
  0.3025587E+01  0.3076062E+01 -0.5047452E-01 -0.3025587E+01  0.0000000E+00
  0.2975035E+01  0.3025516E+01 -0.5048051E-01 -0.9750354E+00  0.0000000E+00
  0.2926325E+01  0.2976023E+01 -0.4969797E-01  0.2073675E+01  0.2073675E+01
  0.2879457E+01  0.2927584E+01 -0.4812688E-01 -0.1879457E+01  0.0000000E+00
  0.2832588E+01  0.2879144E+01 -0.4655579E-01 -0.8325884E+00  0.0000000E+00
  0.2785720E+01  0.2830705E+01 -0.4498470E-01 -0.7857199E+00  0.0000000E+00
  0.2738359E+01  0.2783350E+01 -0.4499075E-01  0.2616413E+00  0.2616413E+00
  0.2690505E+01  0.2737079E+01 -0.4657393E-01 -0.2690505E+01  0.0000000E+00
  0.2642651E+01  0.2690808E+01 -0.4815710E-01 -0.6426511E+00  0.0000000E+00
  0.2594797E+01  0.2644537E+01 -0.4974028E-01 -0.2594797E+01  0.0000000E+00
  0.2545623E+01  0.2599319E+01 -0.5369582E-01  0.3454377E+01  0.3454377E+01
  0.2495130E+01  0.2555153E+01 -0.6002371E-01 -0.2495130E+01  0.0000000E+00
  0.2444636E+01  0.2510988E+01 -0.6635160E-01 -0.4446359E+00  0.0000000E+00
  0.2394142E+01  0.2466821E+01 -0.7267949E-01  0.6058578E+00  0.6058578E+00
  0.2351994E+01  0.2423890E+01 -0.7189605E-01  0.1648006E+01  0.1648006E+01
  0.2318192E+01  0.2382193E+01 -0.6400127E-01  0.6818078E+00  0.6818078E+00
  0.2284390E+01  0.2340497E+01 -0.5610649E-01 -0.2843902E+00  0.0000000E+00
  0.2250588E+01  0.2298800E+01 -0.4821171E-01 -0.1250588E+01  0.0000000E+00
  0.2212562E+01  0.2257620E+01 -0.4505788E-01  0.7874379E+00  0.7874379E+00
  0.2170312E+01  0.2216957E+01 -0.4664498E-01 -0.1170312E+01  0.0000000E+00
  0.2128062E+01  0.2176294E+01 -0.4823209E-01 -0.1280620E+00  0.0000000E+00
  0.2085812E+01  0.2135631E+01 -0.4981919E-01 -0.8581209E-01  0.0000000E+00
  0.2047642E+01  0.2095884E+01 -0.4824249E-01 -0.1047642E+01  0.0000000E+00
  0.2013551E+01  0.2057053E+01 -0.4350197E-01  0.9864490E+00  0.9864490E+00
  0.1979460E+01  0.2018222E+01 -0.3876145E-01 -0.9794602E+00  0.0000000E+00
  0.1945369E+01  0.1979390E+01 -0.3402093E-01 -0.9453695E+00  0.0000000E+00
  0.1908928E+01  0.1941372E+01 -0.3244444E-01  0.1091072E+01  0.1091072E+01
  0.1870135E+01  0.1904167E+01 -0.3403198E-01 -0.1870135E+01  0.0000000E+00
  0.1831342E+01  0.1866961E+01 -0.3561953E-01  0.1168658E+01  0.1168658E+01
  0.1792549E+01  0.1829756E+01 -0.3720707E-01 -0.1792549E+01  0.0000000E+00
  0.1758021E+01  0.1793648E+01 -0.3562662E-01  0.1241979E+01  0.1241979E+01
  0.1727759E+01  0.1758637E+01 -0.3087818E-01 -0.1727759E+01  0.0000000E+00
  0.1697497E+01  0.1723626E+01 -0.2612974E-01 -0.6974968E+00  0.0000000E+00
  0.1667235E+01  0.1688616E+01 -0.2138130E-01 -0.6672345E+00  0.0000000E+00
  0.1633876E+01  0.1654470E+01 -0.2059367E-01 -0.6338760E+00  0.0000000E+00
  0.1597421E+01  0.1621188E+01 -0.2376684E-01 -0.1597421E+01  0.0000000E+00
  0.1560966E+01  0.1587906E+01 -0.2694001E-01  0.4390337E+00  0.4390337E+00
  0.1524511E+01  0.1554625E+01 -0.3011319E-01 -0.5245113E+00  0.0000000E+00
  0.1492426E+01  0.1522542E+01 -0.3011614E-01 -0.4924257E+00  0.0000000E+00
  0.1464709E+01  0.1491658E+01 -0.2694887E-01 -0.4647093E+00  0.0000000E+00
  0.1436993E+01  0.1460774E+01 -0.2378161E-01 -0.1436993E+01  0.0000000E+00
  0.1409276E+01  0.1429891E+01 -0.2061434E-01 -0.4092764E+00  0.0000000E+00
  0.1380084E+01  0.1399909E+01 -0.1982494E-01  0.6199161E+00  0.6199161E+00
  0.1349416E+01  0.1370829E+01 -0.2141341E-01 -0.1349416E+01  0.0000000E+00
  0.1318747E+01  0.1341749E+01 -0.2300188E-01 -0.3187472E+00  0.0000000E+00
  0.1288079E+01  0.1312669E+01 -0.2459036E-01  0.7119211E+00  0.7119211E+00
  0.1258416E+01  0.1284596E+01 -0.2618062E-01 -0.1258416E+01  0.0000000E+00
  0.1229758E+01  0.1257531E+01 -0.2777266E-01 -0.2297579E+00  0.0000000E+00
  0.1201100E+01  0.1230465E+01 -0.2936471E-01 -0.1201100E+01  0.0000000E+00
  0.1172442E+01  0.1203399E+01 -0.3095675E-01  0.8275577E+00  0.8275577E+00
  0.1147172E+01  0.1177338E+01 -0.3016608E-01 -0.1471723E+00  0.0000000E+00
  0.1125290E+01  0.1152283E+01 -0.2699270E-01  0.8747098E+00  0.8747098E+00
  0.1103408E+01  0.1127227E+01 -0.2381931E-01 -0.1034081E+00  0.0000000E+00
  0.1081526E+01  0.1102172E+01 -0.2064592E-01 -0.1081526E+01  0.0000000E+00
  0.1057180E+01  0.1077829E+01 -0.2064957E-01  0.9428201E+00  0.9428201E+00
  0.1030370E+01  0.1054200E+01 -0.2383027E-01 -0.1030370E+01  0.0000000E+00
  0.1003560E+01  0.1030571E+01 -0.2701097E-01  0.2996440E+01  0.2996440E+01
  0.9767500E+00  0.1006942E+01 -0.3019167E-01 -0.9767500E+00  0.0000000E+00
  0.9525842E+00  0.9843687E+00 -0.3178449E-01  0.4741579E-01  0.4741579E-01
  0.9310625E+00  0.9628519E+00 -0.3178943E-01 -0.9310625E+00  0.0000000E+00
  0.9095407E+00  0.9413351E+00 -0.3179436E-01 -0.9095407E+00  0.0000000E+00
  0.8880190E+00  0.9198183E+00 -0.3179930E-01 -0.8880190E+00  0.0000000E+00
  0.8690615E+00  0.8992740E+00 -0.3021255E-01  0.2130939E+01  0.2130939E+01
  0.8526681E+00  0.8797022E+00 -0.2703411E-01  0.1147332E+01  0.1147332E+01
  0.8362748E+00  0.8601305E+00 -0.2385567E-01  0.1163725E+01  0.1163725E+01
  0.8198814E+00  0.8405587E+00 -0.2067722E-01  0.1801186E+00  0.1801186E+00
  0.8050947E+00  0.8217967E+00 -0.1908800E-01 -0.8050947E+00  0.0000000E+00
  0.7919144E+00  0.8038444E+00 -0.1908800E-01 -0.7919144E+00  0.0000000E+00
  0.7787341E+00  0.7858921E+00  0.0000000E+00 -0.7787341E+00  0.0000000E+00
  0.7655538E+00  0.7679399E+00  0.0000000E+00 -0.7655538E+00  0.0000000E+00
  0.7491806E+00  0.7507731E+00  0.0000000E+00 -0.7491806E+00  0.0000000E+00
  0.7296143E+00  0.7343917E+00  0.0000000E+00 -0.7296143E+00  0.0000000E+00
  0.7100481E+00  0.7180105E+00 -0.1273981E-01 -0.7100481E+00  0.0000000E+00
  0.6904818E+00  0.7016292E+00 -0.1273981E-01  0.3095182E+00  0.3095182E+00
  0.6744386E+00  0.6863826E+00 -0.1194396E-01 -0.6744386E+00  0.0000000E+00
  0.6619185E+00  0.6722707E+00 -0.1035224E-01  0.3380815E+00  0.3380815E+00
  0.6493983E+00  0.6581589E+00 -0.8760533E-02 -0.6493983E+00  0.0000000E+00
  0.6368782E+00  0.6440470E+00 -0.7168822E-02  0.3631218E+00  0.3631218E+00
  0.6234862E+00  0.6306567E+00 -0.7170462E-02 -0.6234862E+00  0.0000000E+00
  0.6092223E+00  0.6179878E+00 -0.8765454E-02 -0.6092223E+00  0.0000000E+00
  0.5949585E+00  0.6053189E+00 -0.1036045E-01 -0.5949585E+00  0.0000000E+00
  0.5806946E+00  0.5926501E+00 -0.1195544E-01  0.1419305E+01  0.1419305E+01
  0.5686086E+00  0.5805650E+00 -0.1195632E-01 -0.5686086E+00  0.0000000E+00
  0.5587006E+00  0.5690637E+00 -0.1036308E-01 -0.5587006E+00  0.0000000E+00
  0.5487925E+00  0.5575624E+00 -0.8769845E-02  0.4512075E+00  0.4512075E+00
  0.5388845E+00  0.5460611E+00 -0.7176609E-02 -0.5388845E+00  0.0000000E+00
  0.5269116E+00  0.5348876E+00 -0.7976020E-02 -0.5269116E+00  0.0000000E+00
  0.5128738E+00  0.5240418E+00 -0.1116808E-01 -0.5128738E+00  0.0000000E+00
  0.4988360E+00  0.5131961E+00 -0.1436014E-01 -0.4988360E+00  0.0000000E+00
  0.4847982E+00  0.5023504E+00 -0.1755220E-01  0.1515202E+01  0.1515202E+01
  0.4720345E+00  0.4919821E+00 -0.1994766E-01 -0.4720345E+00  0.0000000E+00
  0.4605448E+00  0.4820913E+00 -0.2154652E-01  0.5394552E+00  0.5394552E+00
  0.4490551E+00  0.4722005E+00 -0.2314538E-01  0.5509449E+00  0.5509449E+00
  0.4375654E+00  0.4623096E+00 -0.2474424E-01  0.5624346E+00  0.5624346E+00
  0.4296694E+00  0.4528189E+00 -0.2314940E-01  0.1570331E+01  0.1570331E+01
  0.4253672E+00  0.4437281E+00 -0.1836086E-01 -0.4253672E+00  0.0000000E+00
  0.4210651E+00  0.4346374E+00 -0.1357231E-01 -0.4210651E+00  0.0000000E+00
  0.4167629E+00  0.4255466E+00 -0.8783768E-02 -0.4167629E+00  0.0000000E+00
  0.4109102E+00  0.4165010E+00 -0.6389495E-02  0.5890898E+00  0.5890898E+00
  0.4035070E+00  0.4075005E+00 -0.6389495E-02 -0.4035070E+00  0.0000000E+00
  0.3961039E+00  0.3984999E+00  0.0000000E+00 -0.3961039E+00  0.0000000E+00
  0.3887007E+00  0.3894994E+00  0.0000000E+00 -0.3887007E+00  0.0000000E+00
  0.3783287E+00  0.3807274E+00  0.0000000E+00 -0.3783287E+00  0.0000000E+00
  0.3649879E+00  0.3721838E+00  0.0000000E+00 -0.3649879E+00  0.0000000E+00
  0.3516470E+00  0.3636402E+00 -0.1918917E-01  0.6483530E+00  0.6483530E+00
  0.3383061E+00  0.3550966E+00 -0.1918917E-01  0.6616939E+00  0.6616939E+00
  0.3287817E+00  0.3471721E+00 -0.1839044E-01  0.6712183E+00  0.6712183E+00
  0.3230737E+00  0.3398667E+00 -0.1679296E-01 -0.3230737E+00  0.0000000E+00
  0.3173658E+00  0.3325613E+00 -0.1519549E-01 -0.3173658E+00  0.0000000E+00
  0.3116578E+00  0.3252558E+00 -0.1359802E-01  0.6883422E+00  0.6883422E+00
  0.3070451E+00  0.3182445E+00 -0.1279928E-01  0.6929549E+00  0.6929549E+00
  0.3035276E+00  0.3115272E+00 -0.1279928E-01 -0.3035276E+00  0.0000000E+00
  0.3000101E+00  0.3048099E+00  0.0000000E+00 -0.3000101E+00  0.0000000E+00
  0.2964927E+00  0.2980926E+00  0.0000000E+00 -0.2964927E+00  0.0000000E+00
  0.2899189E+00  0.2915206E+00  0.0000000E+00 -0.2899189E+00  0.0000000E+00
  0.2802890E+00  0.2850940E+00  0.0000000E+00 -0.2802890E+00  0.0000000E+00
  0.2706591E+00  0.2786674E+00 -0.1281327E-01  0.1729341E+01  0.1729341E+01
  0.2610291E+00  0.2722407E+00 -0.1281327E-01 -0.2610291E+00  0.0000000E+00
  0.2542831E+00  0.2662959E+00 -0.1201283E-01 -0.2542831E+00  0.0000000E+00
  0.2504210E+00  0.2608330E+00 -0.1041195E-01 -0.2504210E+00  0.0000000E+00
  0.2465589E+00  0.2553700E+00 -0.8811067E-02 -0.2465589E+00  0.0000000E+00
  0.2426969E+00  0.2499070E+00 -0.7210187E-02 -0.2426969E+00  0.0000000E+00
  0.2382757E+00  0.2446859E+00 -0.6410200E-02  0.7617244E+00  0.7617244E+00
  0.2332954E+00  0.2397065E+00 -0.6411108E-02 -0.2332954E+00  0.0000000E+00
  0.2283151E+00  0.2347271E+00 -0.6412016E-02 -0.2283151E+00  0.0000000E+00
  0.2233348E+00  0.2297477E+00 -0.6412924E-02 -0.2233348E+00  0.0000000E+00
  0.2177729E+00  0.2249890E+00 -0.7216018E-02  0.7822270E+00  0.7822270E+00
  0.2116295E+00  0.2204508E+00 -0.8821298E-02 -0.2116295E+00  0.0000000E+00
  0.2054861E+00  0.2159127E+00 -0.1042658E-01  0.7945139E+00  0.7945139E+00
  0.1993427E+00  0.2113746E+00 -0.1203186E-01 -0.1993427E+00  0.0000000E+00
  0.1943140E+00  0.2071490E+00 -0.1283502E-01  0.8056860E+00  0.8056860E+00
  0.1903999E+00  0.2032360E+00 -0.1283607E-01 -0.1903999E+00  0.0000000E+00
  0.1864859E+00  0.1993230E+00 -0.1283713E-01 -0.1864859E+00  0.0000000E+00
  0.1825718E+00  0.1954100E+00 -0.1283818E-01 -0.1825718E+00  0.0000000E+00
  0.1796806E+00  0.1917174E+00 -0.1203680E-01  0.1820319E+01  0.1820319E+01
  0.1778122E+00  0.1882452E+00 -0.1043300E-01 -0.1778122E+00  0.0000000E+00
  0.1759438E+00  0.1847730E+00 -0.8829200E-02 -0.1759438E+00  0.0000000E+00
  0.1740754E+00  0.1813008E+00 -0.7225398E-02 -0.1740754E+00  0.0000000E+00
  0.1723356E+00  0.1779562E+00 -0.6423498E-02 -0.1723356E+00  0.0000000E+00
  0.1707244E+00  0.1747391E+00 -0.6423498E-02  0.8292756E+00  0.8292756E+00
  0.1691131E+00  0.1715219E+00  0.0000000E+00 -0.1691131E+00  0.0000000E+00
  0.1675019E+00  0.1683048E+00  0.0000000E+00 -0.1675019E+00  0.0000000E+00
  0.1652380E+00  0.1652380E+00  0.0000000E+00 -0.1652380E+00  0.0000000E+00
  0.1623216E+00  0.1623216E+00  0.0000000E+00 -0.1623216E+00  0.0000000E+00
  0.1594051E+00  0.1594051E+00  0.0000000E+00 -0.1594051E+00  0.0000000E+00
  0.1564886E+00  0.1564886E+00  0.0000000E+00 -0.1564886E+00  0.0000000E+00
  0.1538305E+00  0.1538305E+00  0.0000000E+00 -0.1538305E+00  0.0000000E+00
  0.1514305E+00  0.1514305E+00  0.0000000E+00 -0.1514305E+00  0.0000000E+00
  0.1490306E+00  0.1490306E+00  0.0000000E+00 -0.1490306E+00  0.0000000E+00
  0.1466307E+00  0.1466307E+00  0.0000000E+00 -0.1466307E+00  0.0000000E+00
  0.1436730E+00  0.1444776E+00  0.0000000E+00 -0.1436730E+00  0.0000000E+00
  0.1401575E+00  0.1425714E+00  0.0000000E+00 -0.1401575E+00  0.0000000E+00
  0.1366420E+00  0.1406652E+00 -0.6437136E-02 -0.1366420E+00  0.0000000E+00
  0.1331265E+00  0.1387590E+00 -0.6437136E-02 -0.1331265E+00  0.0000000E+00
  0.1314707E+00  0.1371032E+00 -0.6437136E-02 -0.1314707E+00  0.0000000E+00
  0.1316745E+00  0.1356977E+00 -0.6437136E-02  0.8683255E+00  0.8683255E+00
  0.1318784E+00  0.1342923E+00  0.0000000E+00 -0.1318784E+00  0.0000000E+00
  0.1320822E+00  0.1328869E+00  0.0000000E+00 -0.1320822E+00  0.0000000E+00
  0.1298928E+00  0.1315037E+00  0.0000000E+00 -0.1298928E+00  0.0000000E+00
  0.1253099E+00  0.1301429E+00  0.0000000E+00 -0.1253099E+00  0.0000000E+00
  0.1207271E+00  0.1287820E+00 -0.1288790E-01 -0.1207271E+00  0.0000000E+00
  0.1161443E+00  0.1274212E+00 -0.1288790E-01 -0.1161443E+00  0.0000000E+00
  0.1149672E+00  0.1262441E+00 -0.1288790E-01  0.1885033E+01  0.1885033E+01
  0.1171960E+00  0.1252510E+00 -0.1288790E-01 -0.1171960E+00  0.0000000E+00
  0.1194248E+00  0.1242578E+00  0.0000000E+00 -0.1194248E+00  0.0000000E+00
  0.1216536E+00  0.1232646E+00  0.0000000E+00 -0.1216536E+00  0.0000000E+00
  0.1227680E+00  0.1221562E+00  0.0000000E+00 -0.1227680E+00  0.0000000E+00
  0.1227680E+00  0.1209324E+00  0.0000000E+00 -0.1227680E+00  0.0000000E+00
 -0.2949092E+00  0.1197086E+00 -0.4127821E+00  0.2949092E+00  0.2949092E+00
 -0.2949092E+00  0.1184848E+00 -0.4127821E+00  0.2949092E+00  0.2949092E+00
 -0.2949092E+00  0.1178730E+00 -0.4127821E+00  0.2949092E+00  0.2949092E+00
 -0.2949092E+00  0.1178730E+00 -0.4127821E+00  0.6429491E+02  0.6429491E+02
