 File:An·lise amostras  Solution Type:Thick  fitting 1231 channels (  70-1300)
 Channel#, E(keV),   Data,        Fit, Residual,    Data-Fit
   70,   0.424,     3532.,      527.59,   -0.02,     3004.41
   71,   0.444,     3869.,      943.92,    0.00,     2925.08
   72,   0.464,     4568.,     1584.00,    0.02,     2984.00
   73,   0.484,     5312.,     2457.87,    0.02,     2854.13
   74,   0.504,     6254.,     3492.24,    0.02,     2761.76
   75,   0.524,     7146.,     4514.46,   -0.02,     2631.54
   76,   0.544,     7766.,     5288.71,   -0.06,     2477.29
   77,   0.564,     7880.,     5603.96,   -0.12,     2276.04
   78,   0.585,     7360.,     5371.37,   -0.15,     1988.63
   79,   0.605,     6702.,     4670.43,   -0.17,     2031.57
   80,   0.625,     5656.,     3712.29,   -0.17,     1943.71
   81,   0.645,     4852.,     2742.14,   -0.14,     2109.86
   82,   0.665,     4124.,     1940.83,   -0.07,     2183.17
   83,   0.685,     3581.,     1377.17,   -0.03,     2203.83
   84,   0.705,     3253.,     1022.66,    0.04,     2230.34
   85,   0.725,     2998.,      802.48,    0.08,     2195.52
   86,   0.745,     2821.,      645.69,    0.07,     2175.31
   87,   0.765,     2767.,      511.76,    0.08,     2255.24
   88,   0.785,     2546.,      390.62,    0.07,     2155.38
   89,   0.805,     2468.,      288.62,    0.05,     2179.38
   90,   0.825,     2413.,      212.88,    0.07,     2200.12
   91,   0.845,     2405.,      163.64,    0.03,     2241.36
   92,   0.866,     2245.,      134.09,    0.05,     2110.91
   93,   0.886,     2273.,      114.93,    0.03,     2158.07
   94,   0.906,     2213.,       99.02,    0.05,     2113.98
   95,   0.926,     2190.,       83.52,    0.00,     2106.48
   96,   0.946,     2142.,       69.39,    0.07,     2072.61
   97,   0.966,     2172.,       58.48,    0.11,     2113.52
   98,   0.986,     2100.,       52.24,    0.10,     2047.76
   99,   1.006,     2123.,       50.41,    0.12,     2072.59
  100,   1.026,     2118.,       51.29,    0.03,     2066.71
  101,   1.046,     1992.,       52.73,   -0.02,     1939.27
  102,   1.066,     2017.,       53.15,   -0.12,     1963.85
  103,   1.086,     1965.,       51.39,   -0.19,     1913.61
  104,   1.106,     1960.,       47.54,   -0.25,     1912.46
  105,   1.126,     1905.,       42.73,   -0.18,     1862.27
  106,   1.147,     1945.,       39.04,   -0.10,     1905.96
  107,   1.167,     1983.,       38.79,   -0.07,     1944.21
  108,   1.187,     1866.,       44.01,    0.12,     1821.99
  109,   1.207,     1942.,       55.79,    0.00,     1886.21
  110,   1.227,     1922.,       73.32,   -0.13,     1848.68
  111,   1.247,     1982.,       93.89,   -0.14,     1888.11
  112,   1.267,     1849.,      113.29,   -0.22,     1735.71
  113,   1.287,     1886.,      127.22,   -0.26,     1758.78
  114,   1.307,     2029.,      132.80,   -0.32,     1896.20
  115,   1.327,     1894.,      129.86,   -0.32,     1764.14
  116,   1.347,     1937.,      121.29,   -0.01,     1815.71
  117,   1.367,     1911.,      111.90,    0.02,     1799.10
  118,   1.387,     1925.,      106.93,   -0.07,     1818.07
  119,   1.407,     1983.,      109.67,    0.13,     1873.33
  120,   1.428,     1863.,      120.72,    0.00,     1742.28
  121,   1.448,     1982.,      137.38,   -0.06,     1844.62
  122,   1.468,     1942.,      154.62,   -0.04,     1787.38
  123,   1.488,     1985.,      166.65,   -0.56,     1818.35
  124,   1.508,     1994.,      169.19,   -0.35,     1824.81
  125,   1.528,     1980.,      160.52,   -0.53,     1819.48
  126,   1.548,     1908.,      142.32,   -0.47,     1765.68
  127,   1.568,     1970.,      118.76,   -0.35,     1851.24
  128,   1.588,     1952.,       95.17,   -0.60,     1856.83
  129,   1.608,     1965.,       76.41,   -0.48,     1888.59
  130,   1.628,     1986.,       65.89,   -0.27,     1920.11
  131,   1.648,     1948.,       64.81,   -0.28,     1883.19
  132,   1.668,     2019.,       72.03,   -0.34,     1946.97
  133,   1.688,     2068.,       84.34,   -0.57,     1983.66
  134,   1.709,     2100.,       97.14,   -0.69,     2002.86
  135,   1.729,     2131.,      105.77,   -0.63,     2025.23
  136,   1.749,     2140.,      106.99,   -0.66,     2033.01
  137,   1.769,     2216.,       99.95,   -0.74,     2116.05
  138,   1.789,     2232.,       86.16,   -1.03,     2145.84
  139,   1.809,     2289.,       69.06,   -1.09,     2219.94
  140,   1.829,     2315.,       52.27,   -0.74,     2262.73
  141,   1.849,     2295.,       39.19,   -0.60,     2255.81
  142,   1.869,     2403.,       32.74,    0.00,     2370.26
  143,   1.889,     2491.,       36.39,    0.17,     2454.61
  144,   1.909,     2588.,       55.44,   -0.27,     2532.56
  145,   1.929,     2727.,       97.69,   -0.62,     2629.31
  146,   1.949,     2827.,      172.62,   -2.52,     2654.38
  147,   1.969,     2939.,      288.36,   -4.78,     2650.64
  148,   1.990,     3242.,      447.40,   -7.09,     2794.59
  149,   2.010,     3337.,      644.94,   -7.96,     2692.06
  150,   2.030,     3738.,      878.15,   -7.29,     2859.85
  151,   2.050,     4306.,     1180.15,   -5.72,     3125.85
  152,   2.070,     5188.,     1696.29,   -3.66,     3491.71
  153,   2.090,     6938.,     2822.82,   -1.80,     4115.18
  154,   2.110,    10384.,     5414.86,   -0.06,     4969.14
  155,   2.130,    17552.,    11024.96,    1.31,     6527.04
  156,   2.150,    29704.,    22043.52,    2.40,     7660.48
  157,   2.170,    50624.,    41504.63,    3.14,     9119.37
  158,   2.190,    82304.,    72298.73,    3.38,    10005.27
  159,   2.210,   125376.,   115730.20,    3.18,     9645.80
  160,   2.230,   178432.,   169817.53,    2.38,     8614.47
  161,   2.250,   234048.,   228245.69,    1.14,     5802.31
  162,   2.271,   284416.,   280988.88,   -0.26,     3427.13
  163,   2.291,   316544.,   316977.88,   -1.57,     -433.88
  164,   2.311,   325120.,   327985.56,   -2.51,    -2865.56
  165,   2.331,   307712.,   311926.13,   -2.80,    -4214.13
  166,   2.351,   269440.,   273722.38,   -2.74,    -4282.38
  167,   2.371,   220928.,   223258.39,   -2.12,    -2330.39
  168,   2.391,   171648.,   171468.55,   -1.18,      179.45
  169,   2.411,   127552.,   126641.48,   -0.22,      910.52
  170,   2.431,    94944.,    92554.94,    0.80,     2389.06
  171,   2.451,    71584.,    68846.13,    1.52,     2737.87
  172,   2.471,    55056.,    52819.13,    1.69,     2236.87
  173,   2.491,    43968.,    41433.49,    1.97,     2534.51
  174,   2.511,    35168.,    32551.08,    2.04,     2616.92
  175,   2.531,    27392.,    25209.81,    1.60,     2182.19
  176,   2.552,    21664.,    19234.03,    0.96,     2429.97
  177,   2.572,    17160.,    14676.22,    0.66,     2483.78
  178,   2.592,    13816.,    11445.44,    0.11,     2370.56
  179,   2.612,    11280.,     9229.67,   -0.16,     2050.33
  180,   2.632,     9456.,     7620.17,   -0.04,     1835.83
  181,   2.652,     8058.,     6279.17,   -0.73,     1778.83
  182,   2.672,     6878.,     5034.90,   -1.20,     1843.10
  183,   2.692,     5760.,     3873.68,   -1.86,     1886.32
  184,   2.712,     4674.,     2866.01,   -2.46,     1807.99
  185,   2.732,     3754.,     2083.53,   -2.06,     1670.47
  186,   2.752,     3369.,     1548.56,   -1.64,     1820.44
  187,   2.772,     2941.,     1226.08,   -1.07,     1714.92
  188,   2.792,     2782.,     1045.38,   -1.10,     1736.62
  189,   2.812,     2742.,      930.92,   -1.11,     1811.08
  190,   2.833,     2475.,      826.56,   -0.59,     1648.44
  191,   2.853,     2472.,      705.20,   -0.25,     1766.80
  192,   2.873,     2338.,      565.60,    0.73,     1772.40
  193,   2.893,     2210.,      421.78,    1.04,     1788.22
  194,   2.913,     2073.,      291.04,    0.27,     1781.96
  195,   2.933,     1991.,      185.81,    1.25,     1805.19
  196,   2.953,     1896.,      110.16,    0.93,     1785.84
  197,   2.973,     1810.,       61.55,    1.09,     1748.45
  198,   2.993,     1783.,       33.87,    1.72,     1749.13
  199,   3.013,     1703.,       20.08,    0.54,     1682.92
  200,   3.033,     1728.,       14.44,    0.39,     1713.56
  201,   3.053,     1768.,       12.96,   -0.10,     1755.04
  202,   3.073,     1789.,       13.34,   -0.04,     1775.66
  203,   3.093,     1647.,       14.61,    0.13,     1632.39
  204,   3.114,     1722.,       17.00,    0.79,     1705.00
  205,   3.134,     1692.,       21.77,    1.32,     1670.23
  206,   3.154,     1675.,       30.98,    0.50,     1644.02
  207,   3.174,     1701.,       47.09,   -0.58,     1653.91
  208,   3.194,     1687.,       72.27,   -0.97,     1614.73
  209,   3.214,     1773.,      107.25,   -1.32,     1665.75
  210,   3.234,     1728.,      150.15,   -0.81,     1577.85
  211,   3.254,     1761.,      196.02,    0.03,     1564.98
  212,   3.274,     1770.,      237.32,   -0.03,     1532.68
  213,   3.294,     1848.,      265.89,    0.54,     1582.11
  214,   3.314,     1867.,      275.36,   -0.24,     1591.64
  215,   3.334,     1847.,      263.62,    0.06,     1583.38
  216,   3.354,     1811.,      233.39,    0.52,     1577.61
  217,   3.374,     1745.,      191.34,    1.21,     1553.66
  218,   3.395,     1644.,      145.88,    2.17,     1498.12
  219,   3.415,     1587.,      104.41,    1.79,     1482.59
  220,   3.435,     1573.,       71.97,    1.83,     1501.03
  221,   3.455,     1524.,       50.89,    0.69,     1473.11
  222,   3.475,     1555.,       41.57,   -0.12,     1513.43
  223,   3.495,     1446.,       43.65,   -0.62,     1402.35
  224,   3.515,     1499.,       56.99,   -1.19,     1442.01
  225,   3.535,     1447.,       82.24,   -1.08,     1364.76
  226,   3.555,     1468.,      120.48,   -1.14,     1347.52
  227,   3.575,     1471.,      172.36,   -1.80,     1298.64
  228,   3.595,     1529.,      236.54,   -1.61,     1292.46
  229,   3.615,     1662.,      308.33,   -2.13,     1353.67
  230,   3.635,     1729.,      379.07,   -1.29,     1349.93
  231,   3.655,     1748.,      437.26,   -0.91,     1310.74
  232,   3.676,     1805.,      471.31,    0.56,     1333.69
  233,   3.696,     1749.,      473.38,    1.24,     1275.62
  234,   3.716,     1775.,      442.26,    0.86,     1332.74
  235,   3.736,     1623.,      384.12,    0.12,     1238.88
  236,   3.756,     1626.,      310.50,   -0.73,     1315.50
  237,   3.776,     1517.,      234.80,   -0.25,     1282.20
  238,   3.796,     1422.,      168.62,    0.31,     1253.38
  239,   3.816,     1356.,      119.40,    0.39,     1236.60
  240,   3.836,     1254.,       89.92,    0.57,     1164.08
  241,   3.856,     1379.,       79.16,   -0.31,     1299.84
  242,   3.876,     1328.,       83.64,   -0.63,     1244.36
  243,   3.896,     1366.,       98.42,    0.17,     1267.58
  244,   3.916,     1294.,      118.11,    0.44,     1175.89
  245,   3.936,     1279.,      137.42,    1.61,     1141.58
  246,   3.957,     1347.,      151.79,    1.08,     1195.21
  247,   3.977,     1370.,      157.97,    0.41,     1212.03
  248,   3.997,     1316.,      154.47,   -1.17,     1161.53
  249,   4.017,     1300.,      141.93,   -1.31,     1158.07
  250,   4.037,     1286.,      122.44,   -0.14,     1163.56
  251,   4.057,     1219.,       99.23,    0.40,     1119.77
  252,   4.077,     1130.,       75.55,    0.12,     1054.45
  253,   4.097,     1171.,       54.26,   -0.16,     1116.74
  254,   4.117,     1149.,       37.28,   -1.03,     1111.72
  255,   4.137,     1151.,       25.63,   -1.39,     1125.37
  256,   4.157,     1102.,       19.74,   -0.51,     1082.26
  257,   4.177,     1093.,       20.18,    0.54,     1072.82
  258,   4.197,     1089.,       28.03,    1.15,     1060.97
  259,   4.217,     1076.,       45.66,    1.10,     1030.34
  260,   4.238,     1143.,       78.19,    0.45,     1064.81
  261,   4.258,     1185.,      134.31,    0.84,     1050.69
  262,   4.278,     1318.,      228.08,    1.27,     1089.92
  263,   4.298,     1378.,      379.02,    1.45,      998.98
  264,   4.318,     1585.,      610.20,    1.96,      974.80
  265,   4.338,     1935.,      942.45,    1.25,      992.55
  266,   4.358,     2393.,     1385.08,    0.64,     1007.92
  267,   4.378,     2877.,     1924.50,   -0.84,      952.50
  268,   4.398,     3455.,     2517.26,   -1.51,      937.74
  269,   4.418,     3901.,     3091.89,   -2.80,      809.11
  270,   4.438,     4462.,     3562.61,   -3.34,      899.39
  271,   4.458,     4708.,     3853.81,   -3.11,      854.19
  272,   4.478,     4750.,     3924.88,   -3.32,      825.12
  273,   4.498,     4528.,     3785.62,   -2.61,      742.38
  274,   4.519,     4416.,     3494.23,   -0.51,      921.77
  275,   4.539,     4108.,     3137.95,    0.72,      970.05
  276,   4.559,     3674.,     2803.31,    1.53,      870.69
  277,   4.579,     3510.,     2550.09,    1.41,      959.91
  278,   4.599,     3464.,     2396.95,    1.87,     1067.05
  279,   4.619,     3298.,     2324.26,    0.88,      973.74
  280,   4.639,     3204.,     2291.34,   -0.85,      912.66
  281,   4.659,     3097.,     2258.13,   -1.28,      838.87
  282,   4.679,     3121.,     2203.97,   -2.53,      917.03
  283,   4.699,     2944.,     2133.53,   -4.55,      810.47
  284,   4.719,     2911.,     2070.22,   -4.62,      840.78
  285,   4.739,     3039.,     2040.66,   -3.83,      998.34
  286,   4.759,     3072.,     2058.29,   -1.86,     1013.71
  287,   4.779,     3078.,     2113.96,    0.26,      964.04
  288,   4.800,     3249.,     2178.19,    2.59,     1070.81
  289,   4.820,     3387.,     2211.96,    4.77,     1175.04
  290,   4.840,     3343.,     2181.90,    4.56,     1161.10
  291,   4.860,     3303.,     2072.64,    5.29,     1230.36
  292,   4.880,     3045.,     1889.56,    5.28,     1155.44
  293,   4.900,     2813.,     1655.48,    4.33,     1157.52
  294,   4.920,     2476.,     1400.82,    3.28,     1075.18
  295,   4.940,     2297.,     1155.12,    1.99,     1141.88
  296,   4.960,     2019.,      940.95,    0.18,     1078.05
  297,   4.980,     1788.,      772.81,   -1.32,     1015.19
  298,   5.000,     1711.,      658.45,   -2.30,     1052.55
  299,   5.020,     1614.,      600.29,   -2.57,     1013.71
  300,   5.040,     1642.,      596.68,   -2.95,     1045.32
  301,   5.060,     1600.,      640.58,   -3.29,      959.42
  302,   5.081,     1725.,      719.30,   -2.72,     1005.70
  303,   5.101,     1832.,      814.49,   -2.08,     1017.51
  304,   5.121,     1901.,      904.52,   -1.64,      996.48
  305,   5.141,     1977.,      969.05,   -1.64,     1007.95
  306,   5.161,     2074.,      994.02,    0.30,     1079.98
  307,   5.181,     2070.,      975.36,    0.43,     1094.64
  308,   5.201,     1938.,      919.75,    0.40,     1018.25
  309,   5.221,     1916.,      841.68,    1.27,     1074.32
  310,   5.241,     1921.,      758.52,    1.69,     1162.48
  311,   5.261,     1715.,      685.12,    1.10,     1029.88
  312,   5.281,     1698.,      630.49,    0.96,     1067.51
  313,   5.301,     1728.,      596.90,    1.88,     1131.10
  314,   5.321,     1635.,      581.36,    2.21,     1053.64
  315,   5.341,     1655.,      578.46,    1.02,     1076.54
  316,   5.362,     1668.,      582.93,    1.85,     1085.07
  317,   5.382,     1711.,      591.13,    1.64,     1119.87
  318,   5.402,     1716.,      601.51,    0.42,     1114.49
  319,   5.422,     1668.,      613.75,   -0.25,     1054.25
  320,   5.442,     1703.,      627.71,   -0.60,     1075.29
  321,   5.462,     1658.,      642.05,   -1.50,     1015.95
  322,   5.482,     1695.,      654.01,   -2.63,     1040.99
  323,   5.502,     1675.,      658.83,   -3.19,     1016.17
  324,   5.522,     1678.,      652.28,   -2.35,     1025.72
  325,   5.542,     1640.,      631.65,   -2.04,     1008.35
  326,   5.562,     1628.,      597.43,   -1.75,     1030.57
  327,   5.582,     1629.,      553.39,   -0.92,     1075.61
  328,   5.602,     1636.,      505.93,    1.08,     1130.07
  329,   5.622,     1588.,      462.41,    1.39,     1125.59
  330,   5.643,     1474.,      429.33,    2.35,     1044.67
  331,   5.663,     1513.,      411.32,    2.35,     1101.68
  332,   5.683,     1568.,      410.06,    1.91,     1157.94
  333,   5.703,     1471.,      424.68,    0.06,     1046.32
  334,   5.723,     1574.,      452.57,   -2.44,     1121.43
  335,   5.743,     1578.,      489.72,   -2.58,     1088.28
  336,   5.763,     1617.,      531.86,   -3.12,     1085.14
  337,   5.783,     1600.,      575.14,   -4.10,     1024.86
  338,   5.803,     1655.,      617.00,   -2.88,     1038.00
  339,   5.823,     1783.,      656.65,   -0.71,     1126.35
  340,   5.843,     1833.,      695.18,   -0.05,     1137.82
  341,   5.863,     1880.,      734.95,    1.01,     1145.05
  342,   5.883,     1935.,      779.09,    3.31,     1155.91
  343,   5.903,     2163.,      830.40,    3.11,     1332.60
  344,   5.924,     2103.,      891.08,    2.54,     1211.93
  345,   5.944,     2182.,      962.71,    1.87,     1219.29
  346,   5.964,     2298.,     1046.12,    1.57,     1251.88
  347,   5.984,     2265.,     1142.61,    1.61,     1122.39
  348,   6.004,     2384.,     1254.59,    2.69,     1129.41
  349,   6.024,     2557.,     1386.94,    5.70,     1170.06
  350,   6.044,     2709.,     1550.17,    8.82,     1158.83
  351,   6.064,     2900.,     1768.03,   10.02,     1131.97
  352,   6.084,     3346.,     2093.73,    9.59,     1252.27
  353,   6.104,     3883.,     2643.52,    8.61,     1239.48
  354,   6.124,     4950.,     3657.71,    6.00,     1292.29
  355,   6.144,     6762.,     5597.97,    3.05,     1164.03
  356,   6.164,    10212.,     9281.44,    0.46,      930.56
  357,   6.184,    16512.,    16027.02,   -1.54,      484.98
  358,   6.205,    27704.,    27749.62,   -3.77,      -45.62
  359,   6.225,    46336.,    46896.22,   -5.06,     -560.22
  360,   6.245,    75328.,    76100.19,   -5.54,     -772.19
  361,   6.265,   116928.,   117476.15,   -5.55,     -548.15
  362,   6.285,   170560.,   171616.67,   -4.61,    -1056.67
  363,   6.305,   236160.,   236554.33,   -2.79,     -394.33
  364,   6.325,   307328.,   307130.59,   -1.03,      197.41
  365,   6.345,   376064.,   375230.53,    0.38,      833.47
  366,   6.365,   432384.,   431113.31,    1.77,     1270.69
  367,   6.385,   467584.,   465620.88,    2.38,     1963.13
  368,   6.405,   474624.,   472617.47,    1.94,     2006.53
  369,   6.425,   452480.,   450769.72,    1.67,     1710.28
  370,   6.445,   406016.,   403937.50,    1.30,     2078.50
  371,   6.465,   340864.,   340063.72,    0.72,      800.28
  372,   6.486,   268928.,   268949.97,    0.05,      -21.97
  373,   6.506,   200704.,   199818.95,   -0.41,      885.05
  374,   6.526,   140992.,   139464.31,   -0.77,     1527.69
  375,   6.546,    92960.,    91450.81,   -1.11,     1509.19
  376,   6.566,    58544.,    56350.71,   -0.41,     2193.29
  377,   6.586,    34928.,    32644.40,    1.20,     2283.60
  378,   6.606,    19696.,    17800.28,    2.23,     1895.72
  379,   6.626,    11236.,     9163.34,    2.67,     2072.66
  380,   6.646,     6530.,     4488.95,    3.55,     2041.05
  381,   6.666,     3914.,     2138.45,    2.61,     1775.55
  382,   6.686,     2724.,     1048.53,   -0.13,     1675.47
  383,   6.706,     2268.,      597.89,   -2.34,     1670.11
  384,   6.726,     2138.,      460.00,   -5.77,     1678.00
  385,   6.746,     2219.,      485.99,  -10.08,     1733.01
  386,   6.767,     2363.,      629.53,  -12.43,     1733.47
  387,   6.787,     2732.,      908.72,  -11.74,     1823.28
  388,   6.807,     3272.,     1394.67,  -11.00,     1877.33
  389,   6.827,     4096.,     2216.63,   -7.01,     1879.37
  390,   6.847,     5584.,     3573.32,   -4.05,     2010.68
  391,   6.867,     7962.,     5737.34,    0.97,     2224.66
  392,   6.887,    11500.,     9036.30,    5.02,     2463.70
  393,   6.907,    16728.,    13795.44,   10.31,     2932.56
  394,   6.927,    23128.,    20235.88,   14.38,     2892.13
  395,   6.947,    31760.,    28340.09,   17.91,     3419.91
  396,   6.967,    40928.,    37729.05,   18.51,     3198.95
  397,   6.987,    51296.,    47604.00,   17.16,     3692.00
  398,   7.007,    59792.,    56810.83,   13.73,     2981.17
  399,   7.027,    67008.,    64041.03,    8.53,     2966.97
  400,   7.048,    69984.,    68129.64,    2.17,     1854.36
  401,   7.068,    69568.,    68361.96,   -3.41,     1206.04
  402,   7.088,    65232.,    64675.25,   -9.10,      556.75
  403,   7.108,    57376.,    57677.93,  -12.92,     -301.93
  404,   7.128,    48192.,    48482.85,  -16.19,     -290.85
  405,   7.148,    38160.,    38411.05,  -15.93,     -251.05
  406,   7.168,    28768.,    28683.23,  -14.63,       84.77
  407,   7.188,    20344.,    20190.11,  -11.41,      153.89
  408,   7.208,    13892.,    13398.31,   -6.62,      493.69
  409,   7.228,     9292.,     8383.86,   -1.45,      908.14
  410,   7.248,     5814.,     4948.00,    2.93,      866.00
  411,   7.268,     3573.,     2755.09,    6.06,      817.91
  412,   7.288,     2241.,     1447.81,    8.60,      793.19
  413,   7.308,     1428.,      718.47,    8.46,      709.53
  414,   7.329,     1022.,      336.97,    5.91,      685.03
  415,   7.349,      799.,      149.51,    2.39,      649.49
  416,   7.369,      706.,       62.84,   -1.10,      643.16
  417,   7.389,      624.,       25.16,   -5.39,      598.84
  418,   7.409,      625.,        9.76,   -9.14,      615.24
  419,   7.429,      627.,        3.80,   -9.94,      623.20
  420,   7.449,      651.,        1.62,   -9.97,      649.38
  421,   7.469,      676.,        0.88,   -9.30,      675.12
  422,   7.489,      654.,        0.75,   -8.15,      653.25
  423,   7.509,      736.,        0.84,   -6.99,      735.16
  424,   7.529,      802.,        1.00,   -7.13,      801.00
  425,   7.549,      831.,        1.19,   -5.90,      829.81
  426,   7.569,      833.,        1.45,   -5.41,      831.55
  427,   7.589,      900.,        1.80,   -5.10,      898.20
  428,   7.609,      905.,        2.47,   -4.30,      902.53
  429,   7.630,     1026.,        4.06,   -2.10,     1021.94
  430,   7.650,     1032.,        8.23,   -0.86,     1023.77
  431,   7.670,     1109.,       19.18,    2.83,     1089.82
  432,   7.690,     1192.,       46.99,    5.77,     1145.01
  433,   7.710,     1422.,      114.51,    8.15,     1307.49
  434,   7.730,     1558.,      270.30,    8.16,     1287.70
  435,   7.750,     1949.,      610.82,    8.74,     1338.18
  436,   7.770,     2832.,     1314.51,    6.92,     1517.49
  437,   7.790,     4098.,     2686.92,    4.74,     1411.08
  438,   7.810,     6582.,     5209.13,    2.75,     1372.87
  439,   7.830,    10984.,     9570.19,    0.62,     1413.81
  440,   7.850,    17496.,    16652.59,   -2.04,      843.41
  441,   7.870,    28312.,    27433.81,   -3.20,      878.19
  442,   7.890,    43232.,    42777.40,   -3.14,      454.60
  443,   7.911,    63904.,    63121.51,   -4.29,      782.49
  444,   7.931,    88544.,    88126.39,   -2.75,      417.61
  445,   7.951,   116928.,   116398.76,   -0.03,      529.24
  446,   7.971,   146688.,   145434.17,    0.71,     1253.83
  447,   7.991,   172288.,   171883.34,    1.85,      404.66
  448,   8.011,   194112.,   192145.13,    3.20,     1966.88
  449,   8.031,   205504.,   203157.73,    3.42,     2346.27
  450,   8.051,   204032.,   203156.72,    2.70,      875.28
  451,   8.071,   193216.,   192137.98,    1.52,     1078.02
  452,   8.091,   173248.,   171856.42,    1.65,     1391.58
  453,   8.111,   145600.,   145372.89,   -0.45,      227.11
  454,   8.131,   116256.,   116293.74,   -2.79,      -37.74
  455,   8.151,    88160.,    87978.05,   -2.78,      181.95
  456,   8.171,    63584.,    62940.47,   -2.83,      643.53
  457,   8.192,    42704.,    42581.25,   -4.00,      122.75
  458,   8.212,    27816.,    27241.72,   -2.56,      574.28
  459,   8.232,    17464.,    16480.50,   -0.12,      983.50
  460,   8.252,    10240.,     9427.91,    0.94,      812.09
  461,   8.272,     5854.,     5099.81,    0.76,      754.19
  462,   8.292,     3302.,     2608.45,    1.17,      693.55
  463,   8.312,     1963.,     1261.65,    3.36,      701.35
  464,   8.332,     1142.,      577.33,    3.23,      564.67
  465,   8.352,      796.,      250.50,    1.42,      545.50
  466,   8.372,      626.,      104.05,   -0.40,      521.95
  467,   8.392,      557.,       43.22,   -1.71,      513.78
  468,   8.412,      560.,       21.18,   -5.07,      538.82
  469,   8.432,      508.,       16.82,   -7.72,      491.18
  470,   8.452,      589.,       21.86,   -8.00,      567.14
  471,   8.473,      550.,       34.06,   -8.62,      515.94
  472,   8.493,      598.,       54.09,   -7.68,      543.91
  473,   8.513,      649.,       84.11,   -5.81,      564.89
  474,   8.533,      713.,      127.00,   -4.45,      586.00
  475,   8.553,      762.,      186.36,   -3.12,      575.64
  476,   8.573,      870.,      266.88,   -2.38,      603.12
  477,   8.593,     1057.,      375.52,   -1.13,      681.48
  478,   8.613,     1248.,      524.28,   -0.69,      723.72
  479,   8.633,     1410.,      734.59,   -0.15,      675.41
  480,   8.653,     1782.,     1044.04,    1.24,      737.96
  481,   8.673,     2344.,     1513.50,    2.22,      830.50
  482,   8.693,     3061.,     2232.42,    2.95,      828.58
  483,   8.713,     4132.,     3317.34,    3.86,      814.66
  484,   8.733,     5696.,     4898.72,    4.32,      797.28
  485,   8.754,     7962.,     7092.32,    3.95,      869.68
  486,   8.774,    10928.,     9956.75,    4.68,      971.25
  487,   8.794,    14328.,    13446.20,    4.30,      881.80
  488,   8.814,    18320.,    17373.58,    3.51,      946.42
  489,   8.834,    22240.,    21403.05,    2.64,      836.95
  490,   8.854,    25624.,    25084.82,    1.70,      539.18
  491,   8.874,    28816.,    27932.94,    0.63,      883.06
  492,   8.894,    30176.,    29528.01,   -0.48,      647.99
  493,   8.914,    30144.,    29618.09,   -0.78,      525.91
  494,   8.934,    28624.,    28181.89,   -1.47,      442.11
  495,   8.954,    25856.,    25433.93,   -1.56,      422.07
  496,   8.974,    22160.,    21770.62,   -0.79,      389.38
  497,   8.994,    18080.,    17674.68,   -1.11,      405.32
  498,   9.014,    14124.,    13610.72,   -0.96,      513.28
  499,   9.035,    10424.,     9942.81,   -0.17,      481.19
  500,   9.055,     7376.,     6891.39,    0.31,      484.61
  501,   9.075,     4958.,     4532.80,    0.47,      425.20
  502,   9.095,     3209.,     2830.30,    1.40,      378.70
  503,   9.115,     1971.,     1678.46,    1.52,      292.54
  504,   9.135,     1255.,      946.35,    0.87,      308.65
  505,   9.155,      685.,      508.53,   -0.16,      176.47
  506,   9.175,      481.,      262.27,   -1.53,      218.73
  507,   9.195,      309.,      132.43,   -3.14,      176.57
  508,   9.215,      180.,       69.17,   -4.64,      110.83
  509,   9.235,      148.,       41.88,   -5.46,      106.12
  510,   9.255,      111.,       33.00,   -6.75,       78.00
  511,   9.275,      116.,       33.06,   -6.53,       82.94
  512,   9.295,      105.,       36.93,   -7.04,       68.07
  513,   9.316,      122.,       41.90,   -7.61,       80.10
  514,   9.336,      102.,       46.23,   -7.49,       55.77
  515,   9.356,      113.,       49.10,   -6.73,       63.90
  516,   9.376,      107.,       50.04,   -5.79,       56.96
  517,   9.396,      109.,       48.95,   -4.79,       60.05
  518,   9.416,       85.,       46.19,   -3.12,       38.81
  519,   9.436,       80.,       42.37,   -2.96,       37.63
  520,   9.456,       65.,       38.08,   -1.40,       26.92
  521,   9.476,       73.,       34.00,   -2.48,       39.00
  522,   9.496,       51.,       30.41,   -2.59,       20.59
  523,   9.516,       59.,       27.43,   -3.44,       31.57
  524,   9.536,       67.,       24.95,   -2.57,       42.05
  525,   9.556,       64.,       22.76,   -2.87,       41.24
  526,   9.576,       34.,       20.61,   -2.31,       13.39
  527,   9.597,       47.,       18.36,   -1.95,       28.64
  528,   9.617,       39.,       15.93,   -0.79,       23.07
  529,   9.637,       40.,       13.40,   -1.05,       26.60
  530,   9.657,       25.,       10.85,   -2.27,       14.15
  531,   9.677,       29.,        8.48,   -3.23,       20.52
  532,   9.697,       37.,        6.33,   -2.00,       30.67
  533,   9.717,       30.,        4.59,   -1.89,       25.41
  534,   9.737,       26.,        3.20,   -1.15,       22.80
  535,   9.757,       20.,        2.15,   -0.63,       17.85
  536,   9.777,       32.,        1.40,    1.79,       30.60
  537,   9.797,       28.,        0.84,    2.39,       27.16
  538,   9.817,       33.,        0.52,    2.22,       32.48
  539,   9.837,       29.,        0.26,    2.04,       28.74
  540,   9.857,       25.,        0.11,    2.55,       24.89
  541,   9.878,       32.,        0.07,    2.30,       31.93
  542,   9.898,       30.,        0.04,    1.14,       29.96
  543,   9.918,       24.,        0.00,    0.93,       24.00
  544,   9.938,       22.,        0.00,   -0.07,       22.00
  545,   9.958,       25.,        0.00,   -0.52,       25.00
  546,   9.978,       17.,        0.03,   -1.39,       16.97
  547,   9.998,       18.,        0.08,   -1.97,       17.92
  548,  10.018,       21.,        0.18,   -1.98,       20.82
  549,  10.038,       22.,        0.39,   -1.03,       21.61
  550,  10.058,       21.,        0.81,   -0.70,       20.19
  551,  10.078,       20.,        1.61,   -0.48,       18.39
  552,  10.098,       25.,        3.06,    1.02,       21.94
  553,  10.118,       29.,        5.52,    0.84,       23.48
  554,  10.138,       36.,        9.48,    0.09,       26.52
  555,  10.159,       32.,       15.49,   -0.96,       16.51
  556,  10.179,       50.,       24.13,   -0.54,       25.87
  557,  10.199,       62.,       35.78,   -1.39,       26.22
  558,  10.219,       67.,       50.54,   -1.14,       16.46
  559,  10.239,       83.,       67.97,   -0.33,       15.03
  560,  10.259,       98.,       87.09,    0.43,       10.91
  561,  10.279,      128.,      106.39,    0.62,       21.61
  562,  10.299,      129.,      124.01,    0.96,        4.99
  563,  10.319,      169.,      138.08,    1.39,       30.92
  564,  10.339,      184.,      147.11,    1.48,       36.89
  565,  10.359,      190.,      150.33,    1.99,       39.67
  566,  10.379,      161.,      147.85,    1.68,       13.15
  567,  10.399,      167.,      140.65,    1.06,       26.35
  568,  10.419,      157.,      130.14,    1.12,       26.86
  569,  10.440,      131.,      117.98,    0.16,       13.02
  570,  10.460,      120.,      105.57,   -1.22,       14.43
  571,  10.480,       99.,       93.84,   -2.23,        5.16
  572,  10.500,       87.,       83.17,   -1.67,        3.83
  573,  10.520,       77.,       73.52,   -2.04,        3.48
  574,  10.540,       77.,       64.61,   -1.79,       12.39
  575,  10.560,       58.,       56.13,   -1.30,        1.87
  576,  10.580,       67.,       47.91,   -0.41,       19.09
  577,  10.600,       60.,       40.00,   -0.24,       20.00
  578,  10.620,       53.,       32.51,    0.60,       20.49
  579,  10.640,       51.,       25.70,    1.89,       25.30
  580,  10.660,       31.,       19.79,    2.14,       11.21
  581,  10.680,       31.,       14.91,    2.68,       16.09
  582,  10.700,       19.,       11.10,    2.22,        7.90
  583,  10.721,       16.,        8.28,    0.73,        7.72
  584,  10.741,       21.,        6.37,   -0.48,       14.63
  585,  10.761,       16.,        5.16,   -2.07,       10.84
  586,  10.781,       11.,        4.47,   -2.59,        6.53
  587,  10.801,       16.,        4.14,   -3.15,       11.86
  588,  10.821,        9.,        3.98,   -2.39,        5.02
  589,  10.841,       13.,        3.98,   -1.67,        9.02
  590,  10.861,       10.,        3.96,   -1.41,        6.04
  591,  10.881,       16.,        3.88,   -1.79,       12.12
  592,  10.901,       11.,        3.77,   -1.52,        7.23
  593,  10.921,       19.,        3.57,   -0.91,       15.43
  594,  10.941,       15.,        3.46,   -0.64,       11.54
  595,  10.961,       15.,        3.45,   -0.87,       11.55
  596,  10.981,       17.,        3.62,    0.39,       13.38
  597,  11.002,       15.,        4.05,    0.53,       10.95
  598,  11.022,       21.,        4.84,    0.37,       16.16
  599,  11.042,       18.,        6.06,   -0.32,       11.94
  600,  11.062,       21.,        7.73,    1.08,       13.27
  601,  11.082,       33.,        9.85,    1.68,       23.15
  602,  11.102,       32.,       12.39,    1.95,       19.61
  603,  11.122,       20.,       15.12,    1.62,        4.88
  604,  11.142,       34.,       17.82,    2.02,       16.18
  605,  11.162,       48.,       20.30,    1.55,       27.70
  606,  11.182,       41.,       22.21,    0.94,       18.79
  607,  11.202,       41.,       23.32,    0.12,       17.68
  608,  11.222,       34.,       23.49,   -0.33,       10.51
  609,  11.242,       44.,       22.69,    0.75,       21.31
  610,  11.262,       30.,       21.06,    0.79,        8.94
  611,  11.283,       25.,       18.80,   -0.20,        6.20
  612,  11.303,       30.,       16.19,    0.22,       13.81
  613,  11.323,       27.,       13.53,    0.17,       13.47
  614,  11.343,       27.,       11.01,    0.36,       15.99
  615,  11.363,       25.,        8.79,    0.05,       16.21
  616,  11.383,       19.,        6.93,    0.67,       12.07
  617,  11.403,       20.,        5.45,    1.18,       14.55
  618,  11.423,       14.,        4.33,    1.05,        9.67
  619,  11.443,       16.,        3.54,    0.52,       12.46
  620,  11.463,       14.,        3.02,   -0.20,       10.98
  621,  11.483,        9.,        2.68,   -0.82,        6.32
  622,  11.503,        8.,        2.51,   -1.56,        5.49
  623,  11.523,        8.,        2.46,   -2.27,        5.54
  624,  11.543,        7.,        2.49,   -2.62,        4.51
  625,  11.564,        6.,        2.69,   -2.27,        3.31
  626,  11.584,       13.,        2.96,   -1.88,       10.04
  627,  11.604,       11.,        3.32,   -1.37,        7.68
  628,  11.624,        9.,        3.72,   -0.29,        5.28
  629,  11.644,        8.,        4.24,    0.14,        3.76
  630,  11.664,       15.,        4.75,    0.01,       10.25
  631,  11.684,       13.,        5.20,    0.49,        7.80
  632,  11.704,       16.,        5.57,    0.92,       10.43
  633,  11.724,       13.,        5.84,    0.16,        7.16
  634,  11.744,       13.,        5.99,    0.48,        7.01
  635,  11.764,       11.,        6.04,    0.55,        4.96
  636,  11.784,        9.,        5.97,    0.66,        3.03
  637,  11.804,       18.,        5.92,    0.12,       12.08
  638,  11.824,        7.,        5.86,    0.05,        1.14
  639,  11.845,       12.,        5.77,   -0.11,        6.23
  640,  11.865,       12.,        5.66,   -0.79,        6.34
  641,  11.885,       16.,        5.51,   -0.36,       10.49
  642,  11.905,        9.,        5.27,   -0.12,        3.73
  643,  11.925,       13.,        4.94,   -1.02,        8.06
  644,  11.945,       10.,        4.51,   -0.11,        5.49
  645,  11.965,        6.,        3.93,    0.30,        2.07
  646,  11.985,       13.,        3.37,    0.21,        9.63
  647,  12.005,        6.,        2.74,   -0.62,        3.26
  648,  12.025,        6.,        2.18,   -0.34,        3.82
  649,  12.045,        8.,        1.65,   -0.33,        6.35
  650,  12.065,        8.,        1.21,   -0.60,        6.79
  651,  12.085,        7.,        0.84,   -0.66,        6.16
  652,  12.105,        7.,        0.56,   -1.15,        6.44
  653,  12.126,        7.,        0.31,    0.05,        6.69
  654,  12.146,        5.,        0.19,   -0.05,        4.81
  655,  12.166,        7.,        0.10,   -0.30,        6.90
  656,  12.186,        2.,        0.00,   -0.25,        2.00
  657,  12.206,        8.,        0.00,   -0.86,        8.00
  658,  12.226,        9.,        0.00,   -0.13,        9.00
  659,  12.246,        5.,        0.03,   -0.57,        4.97
  660,  12.266,        5.,        0.06,   -0.69,        4.94
  661,  12.286,        8.,        0.09,   -0.24,        7.91
  662,  12.306,        7.,        0.15,    0.08,        6.85
  663,  12.326,       10.,        0.22,    0.38,        9.78
  664,  12.346,        6.,        0.32,   -0.49,        5.68
  665,  12.366,        8.,        0.45,   -0.96,        7.55
  666,  12.386,        9.,        0.63,   -0.60,        8.37
  667,  12.407,        8.,        0.82,   -1.43,        7.18
  668,  12.427,       13.,        1.07,   -1.26,       11.93
  669,  12.447,        8.,        1.41,   -1.40,        6.59
  670,  12.467,        9.,        1.88,   -0.21,        7.12
  671,  12.487,       14.,        2.60,   -0.44,       11.40
  672,  12.507,        7.,        3.80,   -1.20,        3.20
  673,  12.527,       19.,        5.82,   -1.07,       13.18
  674,  12.547,       19.,        9.14,   -0.57,        9.86
  675,  12.567,       29.,       14.42,   -0.16,       14.58
  676,  12.587,       42.,       22.42,   -0.81,       19.58
  677,  12.607,       47.,       34.01,    0.45,       12.99
  678,  12.627,       64.,       49.87,    1.92,       14.13
  679,  12.647,       85.,       70.42,    1.78,       14.58
  680,  12.667,      110.,       95.53,    1.33,       14.47
  681,  12.688,      124.,      124.33,    1.32,       -0.33
  682,  12.708,      193.,      155.13,    0.85,       37.87
  683,  12.728,      227.,      185.46,    0.28,       41.54
  684,  12.748,      234.,      212.42,    0.05,       21.58
  685,  12.768,      229.,      233.01,    0.56,       -4.01
  686,  12.788,      255.,      244.85,    0.28,       10.15
  687,  12.808,      267.,      246.41,    0.26,       20.59
  688,  12.828,      241.,      237.47,    0.38,        3.53
  689,  12.848,      231.,      219.17,   -0.09,       11.83
  690,  12.868,      221.,      193.70,   -0.29,       27.30
  691,  12.888,      169.,      163.95,    0.30,        5.05
  692,  12.908,      129.,      132.88,    0.34,       -3.88
  693,  12.928,      138.,      103.14,   -0.20,       34.86
  694,  12.948,      101.,       76.66,    0.47,       24.34
  695,  12.969,       67.,       54.53,    0.88,       12.47
  696,  12.989,       46.,       37.18,    0.31,        8.82
  697,  13.009,       31.,       24.28,    0.18,        6.72
  698,  13.029,       24.,       15.19,    0.91,        8.81
  699,  13.049,       15.,        9.12,   -0.24,        5.88
  700,  13.069,       11.,        5.32,   -1.24,        5.68
  701,  13.089,       10.,        3.05,   -1.50,        6.95
  702,  13.109,        8.,        1.83,   -1.02,        6.17
  703,  13.129,        7.,        1.29,   -1.59,        5.71
  704,  13.149,        7.,        1.27,   -2.52,        5.73
  705,  13.169,        8.,        1.66,   -1.39,        6.34
  706,  13.189,       11.,        2.47,   -1.44,        8.53
  707,  13.209,       13.,        3.77,   -1.93,        9.23
  708,  13.229,       11.,        5.80,   -1.68,        5.20
  709,  13.250,        8.,        8.71,   -1.10,       -0.71
  710,  13.270,       21.,       12.67,   -1.43,        8.33
  711,  13.290,       20.,       17.86,   -1.58,        2.14
  712,  13.310,       33.,       24.34,   -1.17,        8.66
  713,  13.330,       41.,       32.01,    0.59,        8.99
  714,  13.350,       57.,       40.56,    0.54,       16.44
  715,  13.370,       49.,       49.47,    1.52,       -0.47
  716,  13.390,       65.,       58.02,    1.13,        6.98
  717,  13.410,       83.,       65.39,    1.80,       17.61
  718,  13.430,      101.,       70.78,    2.19,       30.22
  719,  13.450,       83.,       73.55,    1.41,        9.45
  720,  13.470,       88.,       73.36,    1.44,       14.64
  721,  13.490,       77.,       70.20,    1.53,        6.80
  722,  13.510,       78.,       64.46,    2.13,       13.54
  723,  13.531,       70.,       56.78,    1.48,       13.22
  724,  13.551,       42.,       47.96,    0.05,       -5.96
  725,  13.571,       55.,       38.87,    0.00,       16.13
  726,  13.591,       34.,       30.18,   -0.27,        3.82
  727,  13.611,       38.,       22.51,   -0.49,       15.49
  728,  13.631,       22.,       16.10,   -1.07,        5.90
  729,  13.651,       15.,       11.05,   -1.42,        3.95
  730,  13.671,       13.,        7.27,    0.25,        5.73
  731,  13.691,        8.,        4.59,   -0.50,        3.41
  732,  13.711,        8.,        2.78,   -0.09,        5.22
  733,  13.731,        7.,        1.61,   -1.14,        5.39
  734,  13.751,        2.,        0.90,   -0.62,        1.10
  735,  13.771,        4.,        0.45,   -0.62,        3.55
  736,  13.791,        3.,        0.23,   -1.54,        2.77
  737,  13.812,        2.,        0.20,   -0.99,        1.80
  738,  13.832,        3.,        0.21,   -1.76,        2.79
  739,  13.852,        7.,        0.32,   -1.35,        6.68
  740,  13.872,        1.,        0.53,   -0.33,        0.47
  741,  13.892,        4.,        0.86,    0.66,        3.14
  742,  13.912,        2.,        1.33,    1.87,        0.67
  743,  13.932,        2.,        1.98,    2.45,        0.02
  744,  13.952,        5.,        2.84,    3.45,        2.16
  745,  13.972,        7.,        3.92,    2.66,        3.08
  746,  13.992,       10.,        5.22,    1.71,        4.78
  747,  14.012,       10.,        6.69,    1.15,        3.31
  748,  14.032,        8.,        8.26,    0.41,       -0.26
  749,  14.052,       13.,        9.84,   -0.16,        3.16
  750,  14.072,       13.,       11.34,   -0.39,        1.66
  751,  14.093,        9.,       12.69,    0.68,       -3.69
  752,  14.113,        8.,       13.88,    1.07,       -5.88
  753,  14.133,        7.,       15.00,    1.31,       -8.00
  754,  14.153,        8.,       16.27,    1.61,       -8.27
  755,  14.173,       11.,       18.09,    0.38,       -7.09
  756,  14.193,       24.,       21.01,   -0.05,        2.99
  757,  14.213,       29.,       25.74,   -0.45,        3.26
  758,  14.233,       25.,       33.04,   -0.41,       -8.04
  759,  14.253,       39.,       43.66,   -1.15,       -4.66
  760,  14.273,       52.,       58.14,   -1.13,       -6.14
  761,  14.293,       65.,       76.64,    0.32,      -11.64
  762,  14.313,       83.,       98.80,    0.15,      -15.80
  763,  14.333,      110.,      123.62,   -0.77,      -13.62
  764,  14.353,      120.,      149.43,   -0.83,      -29.43
  765,  14.374,      153.,      174.06,   -1.34,      -21.06
  766,  14.394,      210.,      195.07,   -2.13,       14.93
  767,  14.414,      199.,      210.25,   -2.62,      -11.25
  768,  14.434,      211.,      217.75,   -2.71,       -6.75
  769,  14.454,      205.,      216.74,   -1.35,      -11.74
  770,  14.474,      199.,      207.20,   -0.84,       -8.20
  771,  14.494,      165.,      190.34,    0.25,      -25.34
  772,  14.514,      150.,      167.96,   -0.78,      -17.96
  773,  14.534,      122.,      142.36,   -0.30,      -20.36
  774,  14.554,      138.,      115.91,   -0.53,       22.09
  775,  14.574,       81.,       90.65,   -0.15,       -9.65
  776,  14.594,       80.,       68.09,   -0.17,       11.91
  777,  14.614,       44.,       49.13,    0.73,       -5.13
  778,  14.634,       41.,       34.06,    2.17,        6.94
  779,  14.655,       21.,       22.67,    2.95,       -1.67
  780,  14.675,       19.,       14.50,    2.09,        4.50
  781,  14.695,       15.,        8.92,    2.52,        6.08
  782,  14.715,       11.,        5.28,    1.63,        5.72
  783,  14.735,        9.,        3.07,    1.55,        5.93
  784,  14.755,        3.,        1.79,    0.75,        1.21
  785,  14.775,        7.,        1.13,    1.10,        5.87
  786,  14.795,        2.,        0.92,    2.06,        1.08
  787,  14.815,        2.,        1.02,    1.54,        0.98
  788,  14.835,        4.,        1.42,    2.72,        2.58
  789,  14.855,        7.,        2.09,    1.57,        4.91
  790,  14.875,       11.,        3.20,    2.43,        7.80
  791,  14.895,        5.,        4.73,    0.68,        0.27
  792,  14.915,        9.,        6.77,    0.37,        2.23
  793,  14.936,       14.,        9.41,    0.53,        4.59
  794,  14.956,       10.,       12.59,   -0.42,       -2.59
  795,  14.976,       19.,       16.27,   -0.64,        2.73
  796,  14.996,       13.,       20.30,   -1.81,       -7.30
  797,  15.016,       20.,       24.46,   -1.68,       -4.46
  798,  15.036,       24.,       28.48,   -1.81,       -4.48
  799,  15.056,       22.,       32.11,   -2.43,      -10.11
  800,  15.076,       34.,       35.10,   -1.98,       -1.10
  801,  15.096,       32.,       37.32,   -1.92,       -5.32
  802,  15.116,       41.,       38.75,   -0.74,        2.25
  803,  15.136,       38.,       39.49,    0.79,       -1.49
  804,  15.156,       31.,       39.73,    0.65,       -8.73
  805,  15.176,       38.,       39.68,    1.05,       -1.68
  806,  15.196,       38.,       39.54,    0.59,       -1.54
  807,  15.217,       40.,       39.40,    0.65,        0.60
  808,  15.237,       48.,       39.25,   -0.33,        8.75
  809,  15.257,       37.,       39.00,   -1.49,       -2.00
  810,  15.277,       28.,       38.44,   -0.21,      -10.44
  811,  15.297,       32.,       37.35,   -1.03,       -5.35
  812,  15.317,       31.,       35.58,   -1.03,       -4.58
  813,  15.337,       27.,       33.07,   -1.22,       -6.07
  814,  15.357,       17.,       29.87,   -1.70,      -12.87
  815,  15.377,       37.,       26.14,   -1.26,       10.86
  816,  15.397,       15.,       22.11,   -1.20,       -7.11
  817,  15.417,       19.,       18.05,   -0.44,        0.95
  818,  15.437,       17.,       14.21,    0.22,        2.79
  819,  15.457,       13.,       10.78,    0.55,        2.22
  820,  15.477,       11.,        7.84,    1.38,        3.16
  821,  15.498,        7.,        5.52,    3.22,        1.48
  822,  15.518,        4.,        3.74,    2.12,        0.26
  823,  15.538,        6.,        2.44,    2.66,        3.56
  824,  15.558,        5.,        1.56,    2.27,        3.44
  825,  15.578,        0.,        0.97,    1.74,       -0.97
  826,  15.598,        2.,        0.62,    0.93,        1.38
  827,  15.618,        0.,        0.42,   -0.06,       -0.42
  828,  15.638,        1.,        0.38,    0.33,        0.62
  829,  15.658,        2.,        0.40,   -0.31,        1.60
  830,  15.678,        2.,        0.48,   -0.14,        1.52
  831,  15.698,        0.,        0.69,   -0.88,       -0.69
  832,  15.718,        1.,        0.97,   -0.19,        0.03
  833,  15.738,        4.,        1.35,   -0.74,        2.65
  834,  15.758,        1.,        1.86,    0.13,       -0.86
  835,  15.779,        2.,        2.56,    0.25,       -0.56
  836,  15.799,        7.,        3.49,    0.21,        3.51
  837,  15.819,        3.,        4.75,    0.15,       -1.75
  838,  15.839,        8.,        6.43,    0.19,        1.57
  839,  15.859,        8.,        8.64,    0.57,       -0.64
  840,  15.879,       13.,       11.46,   -0.05,        1.54
  841,  15.899,       14.,       14.96,   -0.50,       -0.96
  842,  15.919,       18.,       19.17,   -0.47,       -1.17
  843,  15.939,       26.,       24.00,   -0.35,        2.00
  844,  15.959,       28.,       29.30,   -0.29,       -1.30
  845,  15.979,       42.,       34.79,    0.04,        7.21
  846,  15.999,       33.,       40.10,   -0.35,       -7.10
  847,  16.019,       40.,       44.80,   -0.36,       -4.80
  848,  16.039,       47.,       48.45,   -0.52,       -1.45
  849,  16.060,       56.,       50.68,   -0.21,        5.32
  850,  16.080,       48.,       51.22,   -0.99,       -3.22
  851,  16.100,       57.,       49.95,   -0.62,        7.05
  852,  16.120,       41.,       47.06,   -1.06,       -6.06
  853,  16.140,       46.,       42.78,   -0.20,        3.22
  854,  16.160,       37.,       37.50,    0.40,       -0.50
  855,  16.180,       34.,       31.70,    0.70,        2.30
  856,  16.200,       21.,       25.83,    0.69,       -4.83
  857,  16.220,       23.,       20.29,    0.86,        2.71
  858,  16.240,       17.,       15.36,    0.53,        1.64
  859,  16.260,       14.,       11.20,    0.64,        2.80
  860,  16.280,       12.,        7.83,    0.29,        4.17
  861,  16.300,        8.,        5.31,    0.27,        2.69
  862,  16.320,        8.,        3.47,    0.38,        4.53
  863,  16.340,        2.,        2.18,    0.86,       -0.18
  864,  16.361,        1.,        1.32,    1.13,       -0.32
  865,  16.381,        0.,        0.77,    0.69,       -0.77
  866,  16.401,        2.,        0.43,    0.49,        1.57
  867,  16.421,        0.,        0.23,   -0.10,       -0.23
  868,  16.441,        1.,        0.12,   -0.27,        0.88
  869,  16.461,        1.,        0.06,   -1.55,        0.94
  870,  16.481,        1.,        0.02,   -1.00,        0.98
  871,  16.501,        1.,        0.04,   -0.89,        0.96
  872,  16.521,        0.,        0.06,   -0.58,       -0.06
  873,  16.541,        0.,        0.08,   -0.95,       -0.08
  874,  16.561,        1.,        0.12,   -0.19,        0.88
  875,  16.581,        0.,        0.21,    0.59,       -0.21
  876,  16.601,        1.,        0.30,    0.19,        0.70
  877,  16.621,        1.,        0.43,    0.42,        0.57
  878,  16.642,        2.,        0.61,    0.82,        1.39
  879,  16.662,        0.,        0.85,    1.72,       -0.85
  880,  16.682,        2.,        1.17,    1.13,        0.83
  881,  16.702,        3.,        1.61,    0.16,        1.39
  882,  16.722,        0.,        2.18,   -0.25,       -2.18
  883,  16.742,        5.,        2.92,   -0.21,        2.08
  884,  16.762,        7.,        3.86,   -0.31,        3.14
  885,  16.782,        9.,        5.00,   -1.15,        4.00
  886,  16.802,        2.,        6.33,   -1.31,       -4.33
  887,  16.822,        4.,        7.82,   -0.85,       -3.82
  888,  16.842,        8.,        9.40,   -0.66,       -1.40
  889,  16.862,       10.,       10.95,   -0.47,       -0.95
  890,  16.882,       11.,       12.37,   -1.13,       -1.37
  891,  16.902,       12.,       13.51,   -0.81,       -1.51
  892,  16.923,       13.,       14.27,   -1.38,       -1.27
  893,  16.943,       18.,       14.57,   -0.60,        3.43
  894,  16.963,       18.,       14.36,    0.37,        3.64
  895,  16.983,       11.,       13.66,    0.04,       -2.66
  896,  17.003,       11.,       12.54,    0.65,       -1.54
  897,  17.023,       16.,       11.11,    1.11,        4.89
  898,  17.043,       11.,        9.48,    2.04,        1.52
  899,  17.063,        8.,        7.82,    1.71,        0.18
  900,  17.083,        8.,        6.22,    0.78,        1.78
  901,  17.103,        2.,        4.78,    0.04,       -2.78
  902,  17.123,        6.,        3.54,    0.50,        2.46
  903,  17.143,        3.,        2.52,    0.77,        0.48
  904,  17.163,        4.,        1.74,   -0.15,        2.26
  905,  17.183,        0.,        1.15,   -0.50,       -1.15
  906,  17.204,        0.,        0.74,   -0.25,       -0.74
  907,  17.224,        0.,        0.46,   -0.23,       -0.46
  908,  17.244,        1.,        0.27,    0.00,        0.73
  909,  17.264,        1.,        0.16,   -0.61,        0.84
  910,  17.284,        0.,        0.09,   -0.28,       -0.09
  911,  17.304,        0.,        0.00,   -0.59,        0.00
  912,  17.324,        0.,        0.00,   -0.38,        0.00
  913,  17.344,        0.,        0.00,   -0.11,        0.00
  914,  17.364,        0.,        0.00,   -0.42,        0.00
  915,  17.384,        0.,        0.00,   -0.15,        0.00
  916,  17.404,        0.,        0.00,   -0.31,        0.00
  917,  17.424,        0.,        0.00,    0.00,        0.00
  918,  17.444,        0.,        0.00,   -0.06,        0.00
  919,  17.464,        0.,        0.00,   -0.26,        0.00
  920,  17.485,        0.,        0.00,   -0.02,        0.00
  921,  17.505,        1.,        0.00,   -0.09,        1.00
  922,  17.525,        0.,        0.03,    0.09,       -0.03
  923,  17.545,        1.,        0.05,    0.18,        0.95
  924,  17.565,        0.,        0.08,    0.18,       -0.08
  925,  17.585,        0.,        0.12,    0.31,       -0.12
  926,  17.605,        2.,        0.17,    0.27,        1.83
  927,  17.625,        0.,        0.24,    0.44,       -0.24
  928,  17.645,        1.,        0.33,    0.18,        0.67
  929,  17.665,        1.,        0.43,    0.16,        0.57
  930,  17.685,        0.,        0.54,   -0.11,       -0.54
  931,  17.705,        2.,        0.66,    0.01,        1.34
  932,  17.725,        1.,        0.78,    0.21,        0.22
  933,  17.745,        2.,        0.89,   -0.05,        1.11
  934,  17.766,        1.,        0.98,    0.28,        0.02
  935,  17.786,        1.,        1.04,    0.14,       -0.04
  936,  17.806,        0.,        1.07,    0.04,       -1.07
  937,  17.826,        2.,        1.06,    0.21,        0.94
  938,  17.846,        2.,        1.01,   -0.07,        0.99
  939,  17.866,        1.,        0.94,    0.00,        0.06
  940,  17.886,        2.,        0.84,   -0.23,        1.16
  941,  17.906,        1.,        0.72,   -0.04,        0.28
  942,  17.926,        0.,        0.60,    0.00,       -0.60
  943,  17.946,        1.,        0.48,    0.11,        0.52
  944,  17.966,        0.,        0.37,    0.08,       -0.37
  945,  17.986,        0.,        0.28,   -0.06,       -0.28
  946,  18.006,        0.,        0.20,    0.02,       -0.20
  947,  18.026,        1.,        0.14,   -0.17,        0.86
  948,  18.047,        0.,        0.10,   -0.22,       -0.10
  949,  18.067,        0.,        0.06,   -0.21,       -0.06
  950,  18.087,        0.,        0.00,   -0.21,        0.00
  951,  18.107,        0.,        0.00,   -0.07,        0.00
  952,  18.127,        0.,        0.00,   -0.02,        0.00
  953,  18.147,        0.,        0.00,    0.03,        0.00
  954,  18.167,        0.,        0.00,   -0.09,        0.00
  955,  18.187,        0.,        0.00,   -0.12,        0.00
  956,  18.207,        0.,        0.00,   -0.07,        0.00
  957,  18.227,        0.,        0.00,   -0.10,        0.00
  958,  18.247,        0.,        0.00,   -0.12,        0.00
  959,  18.267,        0.,        0.00,    0.02,        0.00
  960,  18.287,        0.,        0.00,    0.09,        0.00
  961,  18.307,        0.,        0.00,    0.08,        0.00
  962,  18.328,        0.,        0.00,    0.08,        0.00
  963,  18.348,        0.,        0.00,    0.08,        0.00
  964,  18.368,        0.,        0.00,    0.08,        0.00
  965,  18.388,        1.,        0.00,    0.08,        1.00
  966,  18.408,        0.,        0.00,   -0.01,        0.00
  967,  18.428,        0.,        0.00,   -0.01,        0.00
  968,  18.448,        0.,        0.00,   -0.01,        0.00
  969,  18.468,        0.,        0.00,   -0.01,        0.00
  970,  18.488,        0.,        0.00,   -0.01,        0.00
  971,  18.508,        0.,        0.00,   -0.01,        0.00
  972,  18.528,        0.,        0.00,   -0.01,        0.00
  973,  18.548,        0.,        0.00,   -0.01,        0.00
  974,  18.568,        0.,        0.00,   -0.01,        0.00
  975,  18.588,        0.,        0.00,   -0.09,        0.00
  976,  18.609,        0.,        0.00,   -0.09,        0.00
  977,  18.629,        0.,        0.00,   -0.09,        0.00
  978,  18.649,        1.,        0.00,   -0.01,        1.00
  979,  18.669,        0.,        0.00,   -0.01,        0.00
  980,  18.689,        0.,        0.00,   -0.01,        0.00
  981,  18.709,        0.,        0.00,    0.15,        0.00
  982,  18.729,        0.,        0.00,    0.15,        0.00
  983,  18.749,        0.,        0.00,    0.15,        0.00
  984,  18.769,        0.,        0.00,    0.15,        0.00
  985,  18.789,        0.,        0.00,   -0.01,        0.00
  986,  18.809,        0.,        0.00,   -0.01,        0.00
  987,  18.829,        1.,        0.00,   -0.09,        1.00
  988,  18.849,        0.,        0.00,   -0.09,        0.00
  989,  18.869,        0.,        0.00,   -0.09,        0.00
  990,  18.890,        0.,        0.00,   -0.09,        0.00
  991,  18.910,        0.,        0.00,   -0.01,        0.00
  992,  18.930,        0.,        0.00,   -0.01,        0.00
  993,  18.950,        0.,        0.00,    0.15,        0.00
  994,  18.970,        0.,        0.00,   -0.01,        0.00
  995,  18.990,        0.,        0.00,   -0.09,        0.00
  996,  19.010,        0.,        0.00,   -0.09,        0.00
  997,  19.030,        0.,        0.00,   -0.09,        0.00
  998,  19.050,        0.,        0.00,   -0.09,        0.00
  999,  19.070,        1.,        0.00,   -0.09,        1.00
 1000,  19.090,        0.,        0.00,   -0.01,        0.00
 1001,  19.110,        0.,        0.00,    0.15,        0.00
 1002,  19.130,        0.,        0.00,    0.15,        0.00
 1003,  19.150,        0.,        0.00,    0.15,        0.00
 1004,  19.171,        0.,        0.00,    0.15,        0.00
 1005,  19.191,        0.,        0.00,    0.15,        0.00
 1006,  19.211,        0.,        0.00,   -0.01,        0.00
 1007,  19.231,        1.,        0.00,   -0.09,        1.00
 1008,  19.251,        0.,        0.00,   -0.09,        0.00
 1009,  19.271,        0.,        0.00,   -0.09,        0.00
 1010,  19.291,        0.,        0.00,   -0.09,        0.00
 1011,  19.311,        0.,        0.00,   -0.09,        0.00
 1012,  19.331,        0.,        0.00,   -0.01,        0.00
 1013,  19.351,        0.,        0.00,    0.15,        0.00
 1014,  19.371,        0.,        0.00,   -0.01,        0.00
 1015,  19.391,        0.,        0.00,   -0.01,        0.00
 1016,  19.411,        0.,        0.00,   -0.01,        0.00
 1017,  19.431,        0.,        0.00,    0.01,        0.00
 1018,  19.452,        0.,        0.00,    0.01,        0.00
 1019,  19.472,        1.,        0.00,   -0.07,        1.00
 1020,  19.492,        0.,        0.00,   -0.14,        0.00
 1021,  19.512,        0.,        0.00,   -0.21,        0.00
 1022,  19.532,        0.,        0.00,   -0.21,        0.00
 1023,  19.552,        0.,        0.00,   -0.21,        0.00
 1024,  19.572,        0.,        0.00,   -0.21,        0.00
 1025,  19.592,        0.,        0.00,   -0.21,        0.00
 1026,  19.612,        0.,        0.00,   -0.28,        0.00
 1027,  19.632,        0.,        0.00,   -0.13,        0.00
 1028,  19.652,        0.,        0.00,    0.16,        0.00
 1029,  19.672,        0.,        0.00,    0.16,        0.00
 1030,  19.692,        0.,        0.00,    0.16,        0.00
 1031,  19.712,        0.,        0.00,    0.16,        0.00
 1032,  19.733,        1.,        0.00,    0.16,        1.00
 1033,  19.753,        1.,        0.00,    0.38,        1.00
 1034,  19.773,        2.,        0.00,    0.38,        2.00
 1035,  19.793,        0.,        0.00,    0.38,        0.00
 1036,  19.813,        0.,        0.00,    0.38,        0.00
 1037,  19.833,        0.,        0.00,    0.38,        0.00
 1038,  19.853,        0.,        0.00,    0.38,        0.00
 1039,  19.873,        1.,        0.00,    0.24,        1.00
 1040,  19.893,        0.,        0.00,    0.02,        0.00
 1041,  19.913,        0.,        0.00,   -0.28,        0.00
 1042,  19.933,        0.,        0.00,   -0.28,        0.00
 1043,  19.953,        0.,        0.00,   -0.28,        0.00
 1044,  19.973,        0.,        0.00,   -0.28,        0.00
 1045,  19.993,        0.,        0.00,   -0.28,        0.00
 1046,  20.014,        0.,        0.00,   -0.36,        0.00
 1047,  20.034,        0.,        0.00,   -0.21,        0.00
 1048,  20.054,        0.,        0.00,   -0.07,        0.00
 1049,  20.074,        0.,        0.00,   -0.07,        0.00
 1050,  20.094,        0.,        0.00,   -0.07,        0.00
 1051,  20.114,        0.,        0.00,   -0.07,        0.00
 1052,  20.134,        0.,        0.00,   -0.14,        0.00
 1053,  20.154,        1.,        0.00,   -0.07,        1.00
 1054,  20.174,        0.,        0.00,    0.01,        0.00
 1055,  20.194,        0.,        0.00,    0.01,        0.00
 1056,  20.214,        0.,        0.00,    0.01,        0.00
 1057,  20.234,        0.,        0.00,   -0.06,        0.00
 1058,  20.254,        0.,        0.00,   -0.06,        0.00
 1059,  20.274,        0.,        0.00,    0.02,        0.00
 1060,  20.295,        1.,        0.00,   -0.13,        1.00
 1061,  20.315,        0.,        0.00,    0.02,        0.00
 1062,  20.335,        0.,        0.00,    0.03,        0.00
 1063,  20.355,        0.,        0.00,    0.03,        0.00
 1064,  20.375,        0.,        0.00,    0.19,        0.00
 1065,  20.395,        1.,        0.00,    0.20,        1.00
 1066,  20.415,        0.,        0.00,    0.36,        0.00
 1067,  20.435,        1.,        0.00,    0.30,        1.00
 1068,  20.455,        0.,        0.00,    0.32,        0.00
 1069,  20.475,        0.,        0.00,    0.27,        0.00
 1070,  20.495,        1.,        0.00,    0.29,        1.00
 1071,  20.515,        0.,        0.00,    0.31,        0.00
 1072,  20.535,        1.,        0.00,    0.18,        1.00
 1073,  20.555,        0.,        0.03,    0.19,       -0.03
 1074,  20.576,        0.,        0.04,    0.12,       -0.04
 1075,  20.596,        0.,        0.06,    0.04,       -0.06
 1076,  20.616,        0.,        0.09,    0.10,       -0.09
 1077,  20.636,        0.,        0.12,   -0.07,       -0.12
 1078,  20.656,        0.,        0.16,   -0.12,       -0.16
 1079,  20.676,        0.,        0.22,   -0.25,       -0.22
 1080,  20.696,        0.,        0.28,   -0.31,       -0.28
 1081,  20.716,        0.,        0.34,   -0.30,       -0.34
 1082,  20.736,        1.,        0.41,   -0.22,        0.59
 1083,  20.756,        0.,        0.48,   -0.14,       -0.48
 1084,  20.776,        0.,        0.54,   -0.12,       -0.54
 1085,  20.796,        0.,        0.59,   -0.17,       -0.59
 1086,  20.816,        0.,        0.62,   -0.13,       -0.62
 1087,  20.836,        0.,        0.64,   -0.14,       -0.64
 1088,  20.857,        1.,        0.63,   -0.14,        0.37
 1089,  20.877,        1.,        0.61,   -0.27,        0.39
 1090,  20.897,        0.,        0.57,   -0.23,       -0.57
 1091,  20.917,        0.,        0.52,   -0.18,       -0.52
 1092,  20.937,        0.,        0.45,   -0.12,       -0.45
 1093,  20.957,        0.,        0.38,   -0.06,       -0.38
 1094,  20.977,        0.,        0.32,    0.01,       -0.32
 1095,  20.997,        0.,        0.25,   -0.07,       -0.25
 1096,  21.017,        0.,        0.20,   -0.09,       -0.20
 1097,  21.037,        0.,        0.15,   -0.04,       -0.15
 1098,  21.057,        0.,        0.11,    0.00,       -0.11
 1099,  21.077,        0.,        0.08,    0.03,       -0.08
 1100,  21.097,        0.,        0.05,   -0.03,       -0.05
 1101,  21.117,        0.,        0.03,   -0.03,       -0.03
 1102,  21.138,        0.,        0.00,    0.03,        0.00
 1103,  21.158,        0.,        0.00,    0.09,        0.00
 1104,  21.178,        0.,        0.00,    0.00,        0.00
 1105,  21.198,        0.,        0.00,   -0.02,        0.00
 1106,  21.218,        0.,        0.00,   -0.04,        0.00
 1107,  21.238,        0.,        0.00,    0.08,        0.00
 1108,  21.258,        0.,        0.00,    0.07,        0.00
 1109,  21.278,        0.,        0.00,    0.05,        0.00
 1110,  21.298,        0.,        0.00,    0.04,        0.00
 1111,  21.318,        0.,        0.00,    0.17,        0.00
 1112,  21.338,        0.,        0.00,    0.17,        0.00
 1113,  21.358,        1.,        0.00,    0.16,        1.00
 1114,  21.378,        0.,        0.00,    0.16,        0.00
 1115,  21.398,        0.,        0.00,    0.15,        0.00
 1116,  21.419,        0.,        0.00,    0.15,        0.00
 1117,  21.439,        1.,        0.00,    0.15,        1.00
 1118,  21.459,        0.,        0.00,    0.15,        0.00
 1119,  21.479,        0.,        0.00,    0.15,        0.00
 1120,  21.499,        0.,        0.00,    0.01,        0.00
 1121,  21.519,        0.,        0.00,    0.01,        0.00
 1122,  21.539,        0.,        0.00,    0.01,        0.00
 1123,  21.559,        0.,        0.00,    0.01,        0.00
 1124,  21.579,        0.,        0.00,   -0.21,        0.00
 1125,  21.599,        0.,        0.00,   -0.29,        0.00
 1126,  21.619,        0.,        0.00,   -0.29,        0.00
 1127,  21.639,        0.,        0.00,   -0.21,        0.00
 1128,  21.659,        0.,        0.00,   -0.21,        0.00
 1129,  21.679,        0.,        0.00,   -0.21,        0.00
 1130,  21.700,        0.,        0.00,   -0.21,        0.00
 1131,  21.720,        0.,        0.00,    0.01,        0.00
 1132,  21.740,        0.,        0.00,    0.15,        0.00
 1133,  21.760,        0.,        0.00,    0.15,        0.00
 1134,  21.780,        0.,        0.00,    0.15,        0.00
 1135,  21.800,        0.,        0.00,    0.15,        0.00
 1136,  21.820,        0.,        0.00,    0.15,        0.00
 1137,  21.840,        1.,        0.00,    0.15,        1.00
 1138,  21.860,        1.,        0.00,    0.08,        1.00
 1139,  21.880,        0.,        0.00,    0.01,        0.00
 1140,  21.900,        0.,        0.00,    0.01,        0.00
 1141,  21.920,        0.,        0.00,    0.01,        0.00
 1142,  21.940,        0.,        0.00,    0.01,        0.00
 1143,  21.960,        0.,        0.00,    0.01,        0.00
 1144,  21.981,        0.,        0.00,   -0.21,        0.00
 1145,  22.001,        0.,        0.00,   -0.21,        0.00
 1146,  22.021,        0.,        0.00,   -0.06,        0.00
 1147,  22.041,        0.,        0.00,   -0.06,        0.00
 1148,  22.061,        0.,        0.00,   -0.06,        0.00
 1149,  22.081,        0.,        0.00,   -0.06,        0.00
 1150,  22.101,        0.,        0.00,   -0.06,        0.00
 1151,  22.121,        1.,        0.00,    0.16,        1.00
 1152,  22.141,        1.,        0.00,    0.23,        1.00
 1153,  22.161,        0.,        0.00,    0.23,        0.00
 1154,  22.181,        0.,        0.00,    0.23,        0.00
 1155,  22.201,        0.,        0.00,    0.23,        0.00
 1156,  22.221,        0.,        0.00,    0.23,        0.00
 1157,  22.241,        1.,        0.00,    0.23,        1.00
 1158,  22.262,        0.,        0.00,    0.08,        0.00
 1159,  22.282,        0.,        0.00,   -0.07,        0.00
 1160,  22.302,        0.,        0.00,   -0.07,        0.00
 1161,  22.322,        0.,        0.00,   -0.07,        0.00
 1162,  22.342,        0.,        0.00,   -0.07,        0.00
 1163,  22.362,        0.,        0.00,   -0.07,        0.00
 1164,  22.382,        0.,        0.00,   -0.21,        0.00
 1165,  22.402,        0.,        0.00,   -0.14,        0.00
 1166,  22.422,        0.,        0.00,   -0.07,        0.00
 1167,  22.442,        0.,        0.00,   -0.07,        0.00
 1168,  22.462,        0.,        0.00,   -0.14,        0.00
 1169,  22.482,        0.,        0.00,   -0.21,        0.00
 1170,  22.502,        0.,        0.00,   -0.21,        0.00
 1171,  22.522,        0.,        0.00,   -0.14,        0.00
 1172,  22.543,        0.,        0.00,   -0.21,        0.00
 1173,  22.563,        0.,        0.00,   -0.21,        0.00
 1174,  22.583,        0.,        0.00,   -0.21,        0.00
 1175,  22.603,        0.,        0.00,   -0.07,        0.00
 1176,  22.623,        0.,        0.00,    0.08,        0.00
 1177,  22.643,        0.,        0.00,    0.08,        0.00
 1178,  22.663,        0.,        0.00,    0.08,        0.00
 1179,  22.683,        0.,        0.00,    0.23,        0.00
 1180,  22.703,        0.,        0.00,    0.23,        0.00
 1181,  22.723,        1.,        0.00,    0.23,        1.00
 1182,  22.743,        1.,        0.00,    0.23,        1.00
 1183,  22.763,        0.,        0.00,    0.23,        0.00
 1184,  22.783,        0.,        0.00,    0.23,        0.00
 1185,  22.803,        1.,        0.00,    0.23,        1.00
 1186,  22.824,        0.,        0.00,    0.23,        0.00
 1187,  22.844,        0.,        0.00,    0.23,        0.00
 1188,  22.864,        0.,        0.00,    0.08,        0.00
 1189,  22.884,        0.,        0.00,   -0.07,        0.00
 1190,  22.904,        0.,        0.00,   -0.07,        0.00
 1191,  22.924,        0.,        0.00,   -0.07,        0.00
 1192,  22.944,        0.,        0.00,   -0.21,        0.00
 1193,  22.964,        0.,        0.00,   -0.21,        0.00
 1194,  22.984,        0.,        0.00,   -0.21,        0.00
 1195,  23.004,        0.,        0.00,   -0.14,        0.00
 1196,  23.024,        0.,        0.00,   -0.07,        0.00
 1197,  23.044,        0.,        0.00,   -0.07,        0.00
 1198,  23.064,        0.,        0.00,   -0.07,        0.00
 1199,  23.084,        0.,        0.00,    0.00,        0.00
 1200,  23.105,        0.,        0.00,    0.00,        0.00
 1201,  23.125,        0.,        0.00,    0.00,        0.00
 1202,  23.145,        0.,        0.00,    0.00,        0.00
 1203,  23.165,        0.,        0.00,    0.00,        0.00
 1204,  23.185,        0.,        0.00,    0.00,        0.00
 1205,  23.205,        0.,        0.00,    0.00,        0.00
 1206,  23.225,        0.,        0.00,    0.00,        0.00
 1207,  23.245,        0.,        0.00,    0.00,        0.00
 1208,  23.265,        0.,        0.00,    0.00,        0.00
 1209,  23.285,        0.,        0.00,    0.00,        0.00
 1210,  23.305,        0.,        0.00,    0.00,        0.00
 1211,  23.325,        0.,        0.00,    0.00,        0.00
 1212,  23.345,        0.,        0.00,    0.00,        0.00
 1213,  23.365,        0.,        0.00,    0.00,        0.00
 1214,  23.386,        0.,        0.00,    0.00,        0.00
 1215,  23.406,        0.,        0.00,    0.00,        0.00
 1216,  23.426,        0.,        0.00,    0.00,        0.00
 1217,  23.446,        0.,        0.00,    0.00,        0.00
 1218,  23.466,        0.,        0.00,    0.00,        0.00
 1219,  23.486,        0.,        0.00,    0.00,        0.00
 1220,  23.506,        0.,        0.00,    0.00,        0.00
 1221,  23.526,        0.,        0.00,    0.00,        0.00
 1222,  23.546,        0.,        0.00,    0.00,        0.00
 1223,  23.566,        0.,        0.00,    0.00,        0.00
 1224,  23.586,        0.,        0.00,    0.00,        0.00
 1225,  23.606,        0.,        0.00,    0.00,        0.00
 1226,  23.626,        0.,        0.00,    0.00,        0.00
 1227,  23.646,        0.,        0.00,    0.00,        0.00
 1228,  23.667,        0.,        0.00,   -0.07,        0.00
 1229,  23.687,        0.,        0.00,   -0.07,        0.00
 1230,  23.707,        0.,        0.00,   -0.07,        0.00
 1231,  23.727,        0.,        0.00,   -0.07,        0.00
 1232,  23.747,        0.,        0.00,   -0.07,        0.00
 1233,  23.767,        0.,        0.00,   -0.07,        0.00
 1234,  23.787,        0.,        0.00,    0.07,        0.00
 1235,  23.807,        0.,        0.00,    0.07,        0.00
 1236,  23.827,        0.,        0.00,    0.07,        0.00
 1237,  23.847,        0.,        0.00,    0.07,        0.00
 1238,  23.867,        0.,        0.00,    0.07,        0.00
 1239,  23.887,        0.,        0.00,    0.07,        0.00
 1240,  23.907,        0.,        0.00,    0.07,        0.00
 1241,  23.927,        1.,        0.00,    0.07,        1.00
 1242,  23.948,        0.,        0.00,    0.07,        0.00
 1243,  23.968,        0.,        0.00,    0.07,        0.00
 1244,  23.988,        0.,        0.00,    0.07,        0.00
 1245,  24.008,        0.,        0.00,    0.07,        0.00
 1246,  24.028,        0.,        0.00,    0.07,        0.00
 1247,  24.048,        0.,        0.00,    0.07,        0.00
 1248,  24.068,        0.,        0.00,    0.07,        0.00
 1249,  24.088,        0.,        0.00,   -0.07,        0.00
 1250,  24.108,        0.,        0.00,   -0.07,        0.00
 1251,  24.128,        0.,        0.00,   -0.07,        0.00
 1252,  24.148,        0.,        0.00,   -0.07,        0.00
 1253,  24.168,        0.,        0.00,   -0.07,        0.00
 1254,  24.188,        0.,        0.00,   -0.07,        0.00
 1255,  24.208,        0.,        0.00,   -0.07,        0.00
 1256,  24.229,        0.,        0.00,    0.00,        0.00
 1257,  24.249,        0.,        0.00,    0.00,        0.00
 1258,  24.269,        0.,        0.00,    0.00,        0.00
 1259,  24.289,        0.,        0.00,    0.00,        0.00
 1260,  24.309,        0.,        0.00,    0.00,        0.00
 1261,  24.329,        0.,        0.00,    0.00,        0.00
 1262,  24.349,        0.,        0.00,    0.00,        0.00
 1263,  24.369,        0.,        0.00,    0.00,        0.00
 1264,  24.389,        0.,        0.00,    0.00,        0.00
 1265,  24.409,        0.,        0.00,   -0.07,        0.00
 1266,  24.429,        0.,        0.00,   -0.07,        0.00
 1267,  24.449,        0.,        0.00,   -0.07,        0.00
 1268,  24.469,        0.,        0.00,   -0.07,        0.00
 1269,  24.489,        0.,        0.00,   -0.07,        0.00
 1270,  24.510,        0.,        0.00,   -0.07,        0.00
 1271,  24.530,        0.,        0.00,   -0.07,        0.00
 1272,  24.550,        0.,        0.00,    0.07,        0.00
 1273,  24.570,        0.,        0.00,    0.07,        0.00
 1274,  24.590,        0.,        0.00,    0.07,        0.00
 1275,  24.610,        0.,        0.00,    0.07,        0.00
 1276,  24.630,        0.,        0.00,    0.07,        0.00
 1277,  24.650,        0.,        0.00,    0.07,        0.00
 1278,  24.670,        0.,        0.00,    0.07,        0.00
 1279,  24.690,        1.,        0.00,    0.07,        1.00
 1280,  24.710,        0.,        0.00,    0.07,        0.00
 1281,  24.730,        0.,        0.00,    0.07,        0.00
 1282,  24.750,        0.,        0.00,    0.07,        0.00
 1283,  24.770,        0.,        0.00,    0.07,        0.00
 1284,  24.790,        0.,        0.00,    0.07,        0.00
 1285,  24.811,        0.,        0.00,    0.07,        0.00
 1286,  24.831,        0.,        0.00,    0.07,        0.00
 1287,  24.851,        0.,        0.00,   -0.07,        0.00
 1288,  24.871,        0.,        0.00,   -0.07,        0.00
 1289,  24.891,        0.,        0.00,   -0.07,        0.00
 1290,  24.911,        0.,        0.00,   -0.07,        0.00
 1291,  24.931,        0.,        0.00,   -0.07,        0.00
 1292,  24.951,        0.,        0.00,   -0.07,        0.00
 1293,  24.971,        0.,        0.00,   -0.07,        0.00
 1294,  24.991,        0.,        0.00,    0.00,        0.00
 1295,  25.011,        0.,        0.00,    0.00,        0.00
 1296,  25.031,        0.,        0.00,    0.00,        0.00
 1297,  25.051,        0.,        0.00,    0.00,        0.00
 1298,  25.071,        0.,        0.00,    0.00,        0.00
 1299,  25.092,        0.,        0.00,    0.00,        0.00
 1300,  25.112,        0.,        0.00,    0.00,        0.00
