 File:An·lise amostras  Solution Type:Thick  fitting 1231 channels (  70-1300)
 Channel#, E(keV),   Data,        Fit, Residual,    Data-Fit
   70,   0.425,      139.,        0.29,   -0.01,      138.71
   71,   0.445,      147.,        0.51,    0.04,      146.49
   72,   0.465,      121.,        0.84,    0.03,      120.16
   73,   0.485,      127.,        1.25,    0.02,      125.75
   74,   0.505,      125.,        1.71,   -0.03,      123.29
   75,   0.525,      146.,        2.14,    0.01,      143.86
   76,   0.545,      119.,        2.46,   -0.10,      116.54
   77,   0.565,      132.,        2.59,    0.02,      129.41
   78,   0.585,      121.,        2.51,    0.13,      118.49
   79,   0.605,      131.,        2.24,    0.15,      128.76
   80,   0.626,      111.,        1.85,    0.04,      109.15
   81,   0.646,      134.,        1.42,    0.06,      132.58
   82,   0.666,      129.,        1.08,    0.02,      127.92
   83,   0.686,      104.,        0.89,   -0.14,      103.11
   84,   0.706,      111.,        0.85,   -0.05,      110.15
   85,   0.726,      114.,        1.03,    0.00,      112.97
   86,   0.746,      101.,        1.44,   -0.26,       99.56
   87,   0.766,       97.,        2.16,   -0.25,       94.84
   88,   0.786,      127.,        3.19,   -0.14,      123.81
   89,   0.806,      111.,        4.43,   -0.22,      106.57
   90,   0.826,       89.,        5.72,   -0.07,       83.28
   91,   0.846,      135.,        6.83,    0.18,      128.17
   92,   0.866,      113.,        7.53,    0.33,      105.47
   93,   0.886,      105.,        7.66,    0.11,       97.34
   94,   0.906,      110.,        7.16,   -0.17,      102.84
   95,   0.926,      119.,        6.19,    0.10,      112.81
   96,   0.946,      109.,        4.95,   -0.31,      104.05
   97,   0.966,      103.,        3.70,   -0.31,       99.30
   98,   0.987,       83.,        2.65,   -0.12,       80.35
   99,   1.007,      109.,        1.89,   -0.33,      107.11
  100,   1.027,       98.,        1.41,   -0.28,       96.59
  101,   1.047,      104.,        1.14,   -0.02,      102.86
  102,   1.067,      108.,        0.97,   -0.02,      107.03
  103,   1.087,      104.,        0.84,    0.50,      103.16
  104,   1.107,       97.,        0.72,    0.51,       96.28
  105,   1.127,      116.,        0.61,    0.68,      115.39
  106,   1.147,       99.,        0.47,    0.56,       98.53
  107,   1.167,      111.,        0.33,    0.18,      110.67
  108,   1.187,       88.,        0.22,   -0.20,       87.78
  109,   1.207,       96.,        0.13,   -0.34,       95.87
  110,   1.227,       95.,        0.07,   -0.64,       94.93
  111,   1.247,      105.,        0.04,   -0.23,      104.96
  112,   1.267,       77.,        0.00,   -0.48,       77.00
  113,   1.287,       88.,        0.00,   -0.36,       88.00
  114,   1.307,       98.,        0.01,   -0.18,       97.99
  115,   1.327,      113.,        0.02,   -0.25,      112.98
  116,   1.348,       93.,        0.07,   -0.65,       92.93
  117,   1.368,       93.,        0.17,   -0.59,       92.83
  118,   1.388,       96.,        0.34,   -0.33,       95.66
  119,   1.408,       99.,        0.63,   -0.23,       98.37
  120,   1.428,       90.,        1.09,   -0.18,       88.91
  121,   1.448,       97.,        1.77,    0.13,       95.23
  122,   1.468,      103.,        2.72,   -0.02,      100.28
  123,   1.488,      114.,        3.90,    0.11,      110.10
  124,   1.508,      115.,        5.25,   -0.41,      109.75
  125,   1.528,      124.,        6.67,   -0.94,      117.33
  126,   1.548,      108.,        8.13,   -1.29,       99.87
  127,   1.568,      120.,        9.72,   -1.52,      110.28
  128,   1.588,      107.,       11.77,   -1.52,       95.23
  129,   1.608,      116.,       14.82,   -1.40,      101.18
  130,   1.628,      131.,       19.54,   -1.53,      111.46
  131,   1.648,      143.,       26.37,   -1.29,      116.63
  132,   1.668,      179.,       35.36,   -0.77,      143.64
  133,   1.688,      201.,       46.19,   -0.36,      154.81
  134,   1.709,      209.,       58.07,   -0.14,      150.93
  135,   1.729,      217.,       70.36,   -0.21,      146.64
  136,   1.749,      248.,       83.04,   -0.81,      164.96
  137,   1.769,      266.,       97.17,   -1.43,      168.83
  138,   1.789,      289.,      115.31,   -1.50,      173.69
  139,   1.809,      313.,      140.96,   -1.94,      172.04
  140,   1.829,      349.,      177.42,   -1.36,      171.58
  141,   1.849,      440.,      226.25,   -0.51,      213.75
  142,   1.869,      519.,      285.43,   -0.57,      233.57
  143,   1.889,      571.,      348.26,   -0.16,      222.74
  144,   1.909,      691.,      404.08,    0.06,      286.92
  145,   1.929,      754.,      440.88,    0.35,      313.12
  146,   1.949,      719.,      449.17,    0.46,      269.83
  147,   1.969,      745.,      425.50,    0.40,      319.50
  148,   1.989,      680.,      373.91,    0.31,      306.09
  149,   2.009,      607.,      304.52,   -0.34,      302.48
  150,   2.029,      585.,      229.93,   -0.93,      355.07
  151,   2.049,      527.,      161.43,   -0.47,      365.57
  152,   2.070,      472.,      106.52,   -0.57,      365.48
  153,   2.090,      436.,       68.11,   -0.61,      367.89
  154,   2.110,      464.,       45.91,    0.96,      418.09
  155,   2.130,      470.,       37.89,    0.80,      432.11
  156,   2.150,      497.,       42.28,    1.08,      454.72
  157,   2.170,      485.,       57.45,    1.45,      427.55
  158,   2.190,      589.,       82.13,    0.72,      506.87
  159,   2.210,      580.,      114.35,    0.59,      465.65
  160,   2.230,      645.,      150.52,    0.66,      494.48
  161,   2.250,      707.,      185.45,    0.37,      521.55
  162,   2.270,      668.,      213.14,    0.78,      454.86
  163,   2.290,      734.,      228.18,    0.43,      505.82
  164,   2.310,      751.,      227.41,    0.12,      523.59
  165,   2.330,      759.,      211.19,    0.52,      547.81
  166,   2.350,      758.,      183.35,    0.65,      574.65
  167,   2.370,      690.,      149.90,    0.71,      540.10
  168,   2.390,      646.,      117.45,    1.03,      528.55
  169,   2.410,      676.,       91.60,    1.01,      584.40
  170,   2.431,      662.,       76.52,    0.31,      585.48
  171,   2.451,      607.,       75.15,    0.13,      531.85
  172,   2.471,      686.,       90.39,    0.16,      595.61
  173,   2.491,      690.,      124.56,    0.47,      565.44
  174,   2.511,      707.,      178.86,    0.59,      528.14
  175,   2.531,      894.,      251.51,    1.19,      642.49
  176,   2.551,      920.,      336.00,    1.84,      584.00
  177,   2.571,      996.,      420.63,    1.15,      575.37
  178,   2.591,     1083.,      490.23,    1.05,      592.77
  179,   2.611,     1141.,      530.56,    1.15,      610.44
  180,   2.631,     1117.,      532.76,   -0.26,      584.24
  181,   2.651,     1058.,      496.77,   -0.14,      561.23
  182,   2.671,      976.,      431.34,    0.00,      544.66
  183,   2.691,      876.,      350.96,   -0.26,      525.04
  184,   2.711,      806.,      271.01,   -0.47,      534.99
  185,   2.731,      779.,      203.11,   -0.18,      575.89
  186,   2.751,      714.,      152.75,   -0.37,      561.25
  187,   2.771,      685.,      119.51,   -0.22,      565.49
  188,   2.792,      651.,       99.08,    1.33,      551.92
  189,   2.812,      646.,       85.83,    1.20,      560.17
  190,   2.832,      593.,       75.07,    1.05,      517.93
  191,   2.852,      581.,       64.06,    0.81,      516.94
  192,   2.872,      615.,       52.09,   -0.41,      562.91
  193,   2.892,      534.,       39.84,   -0.23,      494.16
  194,   2.912,      549.,       28.48,   -0.73,      520.52
  195,   2.932,      536.,       18.95,   -0.32,      517.05
  196,   2.952,      479.,       11.81,    0.33,      467.19
  197,   2.972,      538.,        6.89,   -0.36,      531.11
  198,   2.992,      486.,        3.81,    0.60,      482.19
  199,   3.012,      497.,        2.17,    0.66,      494.83
  200,   3.032,      491.,        1.60,    0.51,      489.40
  201,   3.052,      475.,        2.11,    1.25,      472.89
  202,   3.072,      489.,        4.13,    0.44,      484.87
  203,   3.092,      479.,        8.91,    0.08,      470.09
  204,   3.112,      460.,       18.56,   -1.27,      441.44
  205,   3.132,      494.,       36.30,   -0.87,      457.70
  206,   3.153,      506.,       66.44,   -1.34,      439.56
  207,   3.173,      530.,      113.50,   -1.72,      416.50
  208,   3.193,      571.,      180.81,   -1.32,      390.19
  209,   3.213,      734.,      268.35,   -2.02,      465.65
  210,   3.233,      778.,      370.75,   -1.49,      407.25
  211,   3.253,      911.,      476.49,   -1.30,      434.51
  212,   3.273,     1042.,      569.34,   -1.16,      472.66
  213,   3.293,     1012.,      632.24,   -0.19,      379.76
  214,   3.313,     1119.,      652.25,   -1.25,      466.75
  215,   3.333,     1063.,      625.16,   -0.42,      437.84
  216,   3.353,     1010.,      557.27,    0.66,      452.73
  217,   3.373,      929.,      464.06,    0.37,      464.94
  218,   3.393,      790.,      367.19,    2.72,      422.81
  219,   3.413,      751.,      292.82,    2.43,      458.18
  220,   3.433,      797.,      274.79,    1.09,      522.21
  221,   3.453,      823.,      365.30,   -0.02,      457.70
  222,   3.473,     1173.,      653.51,   -2.14,      519.49
  223,   3.493,     1715.,     1287.97,   -3.08,      427.03
  224,   3.514,     2912.,     2491.81,   -2.97,      420.19
  225,   3.534,     4952.,     4553.81,   -3.30,      398.19
  226,   3.554,     7966.,     7774.52,   -2.40,      191.48
  227,   3.574,    12608.,    12358.81,   -1.68,      249.19
  228,   3.594,    18960.,    18271.39,   -0.11,      688.61
  229,   3.614,    25888.,    25108.69,    1.89,      779.31
  230,   3.634,    33152.,    32063.02,    3.29,     1088.98
  231,   3.654,    39072.,    38039.72,    4.68,     1032.28
  232,   3.674,    43040.,    41924.61,    4.92,     1115.39
  233,   3.694,    44432.,    42920.21,    4.90,     1511.79
  234,   3.714,    41840.,    40813.92,    4.14,     1026.08
  235,   3.734,    36832.,    36051.23,    2.65,      780.77
  236,   3.754,    29760.,    29586.80,    1.12,      173.20
  237,   3.774,    23048.,    22576.50,    0.09,      471.50
  238,   3.794,    16208.,    16053.98,   -1.60,      154.02
  239,   3.814,    10880.,    10713.12,   -2.05,      166.88
  240,   3.834,     6884.,     6850.05,   -2.18,       33.95
  241,   3.854,     4474.,     4438.09,   -1.46,       35.91
  242,   3.875,     3266.,     3261.39,   -0.83,        4.61
  243,   3.895,     3053.,     3035.09,   -0.47,       17.91
  244,   3.915,     3464.,     3473.55,   -0.94,       -9.55
  245,   3.935,     4060.,     4309.61,   -2.06,     -249.61
  246,   3.955,     4974.,     5290.10,   -3.89,     -316.10
  247,   3.975,     5752.,     6175.90,   -5.74,     -423.90
  248,   3.995,     6298.,     6761.55,   -6.88,     -463.55
  249,   4.015,     6430.,     6908.94,   -9.41,     -478.94
  250,   4.035,     5984.,     6577.35,   -9.01,     -593.35
  251,   4.055,     5440.,     5829.74,   -8.18,     -389.74
  252,   4.075,     4614.,     4809.02,   -5.89,     -195.02
  253,   4.095,     3345.,     3691.28,   -2.81,     -346.28
  254,   4.115,     2509.,     2636.01,   -0.27,     -127.01
  255,   4.135,     1614.,     1751.12,    3.15,     -137.12
  256,   4.155,     1020.,     1082.08,    4.67,      -62.08
  257,   4.175,      648.,      621.94,    4.87,       26.06
  258,   4.195,      381.,      332.48,    6.66,       48.52
  259,   4.215,      220.,      165.31,    5.85,       54.69
  260,   4.236,      101.,       76.44,    6.47,       24.56
  261,   4.256,       76.,       32.89,    7.60,       43.11
  262,   4.276,       65.,       13.27,    5.66,       51.73
  263,   4.296,       47.,        5.17,    4.46,       41.83
  264,   4.316,       48.,        2.25,    1.65,       45.75
  265,   4.336,       39.,        1.64,    0.49,       37.36
  266,   4.356,       44.,        2.15,    0.08,       41.85
  267,   4.376,       33.,        3.31,   -0.04,       29.69
  268,   4.396,       30.,        5.12,    0.56,       24.88
  269,   4.416,       42.,        7.37,   -0.55,       34.63
  270,   4.436,       43.,        9.88,   -0.64,       33.12
  271,   4.456,       50.,       12.35,   -0.35,       37.65
  272,   4.476,       50.,       14.37,    0.38,       35.63
  273,   4.496,       45.,       15.58,    1.10,       29.42
  274,   4.516,       42.,       15.73,    0.97,       26.27
  275,   4.536,       41.,       14.80,    0.30,       26.20
  276,   4.556,       39.,       12.99,   -0.77,       26.01
  277,   4.576,       35.,       10.62,   -0.91,       24.38
  278,   4.597,       32.,        8.11,   -0.75,       23.89
  279,   4.617,       20.,        5.79,   -0.27,       14.21
  280,   4.637,       21.,        3.88,    0.10,       17.12
  281,   4.657,       30.,        2.44,   -0.33,       27.56
  282,   4.677,       22.,        1.46,   -0.48,       20.54
  283,   4.697,       23.,        0.84,   -0.69,       22.16
  284,   4.717,       16.,        0.51,   -0.49,       15.49
  285,   4.737,       13.,        0.30,    0.48,       12.70
  286,   4.757,       14.,        0.29,   -0.74,       13.71
  287,   4.777,       15.,        0.35,   -0.82,       14.65
  288,   4.797,       10.,        0.52,   -1.66,        9.48
  289,   4.817,       20.,        0.78,   -1.56,       19.22
  290,   4.837,       13.,        1.11,   -0.26,       11.89
  291,   4.857,       14.,        1.49,    0.13,       12.51
  292,   4.877,       15.,        1.86,    0.60,       13.14
  293,   4.897,       15.,        2.18,    1.40,       12.82
  294,   4.917,       18.,        2.39,    0.69,       15.61
  295,   4.937,       12.,        2.43,   -0.09,        9.57
  296,   4.958,       13.,        2.32,   -0.42,       10.68
  297,   4.978,       12.,        2.05,   -1.64,        9.95
  298,   4.998,       14.,        1.70,   -1.52,       12.30
  299,   5.018,        8.,        1.31,   -1.36,        6.69
  300,   5.038,        9.,        0.94,   -1.20,        8.06
  301,   5.058,        6.,        0.63,   -1.12,        5.37
  302,   5.078,       10.,        0.40,   -0.86,        9.60
  303,   5.098,       15.,        0.23,   -1.04,       14.77
  304,   5.118,       11.,        0.13,    0.44,       10.87
  305,   5.138,       12.,        0.00,    1.84,       12.00
  306,   5.158,       11.,        0.03,    3.06,       10.97
  307,   5.178,        8.,        0.11,    3.02,        7.89
  308,   5.198,       13.,        0.23,    1.06,       12.77
  309,   5.218,       15.,        0.47,    0.41,       14.53
  310,   5.238,       12.,        0.87,   -0.59,       11.13
  311,   5.258,       11.,        1.51,   -0.26,        9.49
  312,   5.278,        4.,        2.46,    0.11,        1.54
  313,   5.298,        9.,        3.73,   -0.72,        5.27
  314,   5.318,       11.,        5.29,   -1.49,        5.71
  315,   5.339,       19.,        7.01,   -1.68,       11.99
  316,   5.359,       15.,        8.68,   -1.82,        6.32
  317,   5.379,       16.,       10.05,   -0.47,        5.95
  318,   5.399,       18.,       10.86,    0.78,        7.14
  319,   5.419,       18.,       10.96,    1.34,        7.04
  320,   5.439,       17.,       10.38,    0.77,        6.62
  321,   5.459,       19.,        9.19,    0.80,        9.81
  322,   5.479,       17.,        7.64,    0.58,        9.36
  323,   5.499,       12.,        5.99,    0.45,        6.01
  324,   5.519,        9.,        4.49,    0.40,        4.51
  325,   5.539,       12.,        3.28,    0.28,        8.72
  326,   5.559,        7.,        2.43,   -0.09,        4.57
  327,   5.579,        6.,        1.89,   -1.24,        4.11
  328,   5.599,        5.,        1.59,   -1.13,        3.41
  329,   5.619,        7.,        1.43,   -0.59,        5.57
  330,   5.639,        7.,        1.29,   -1.26,        5.71
  331,   5.659,        3.,        1.16,   -0.13,        1.84
  332,   5.679,        7.,        1.12,   -0.08,        5.88
  333,   5.700,        7.,        1.02,   -0.12,        5.98
  334,   5.720,        4.,        0.93,    0.61,        3.07
  335,   5.740,        8.,        0.96,   -0.35,        7.04
  336,   5.760,        6.,        1.08,    0.60,        4.92
  337,   5.780,        4.,        1.36,    0.44,        2.64
  338,   5.800,        8.,        1.78,    0.14,        6.22
  339,   5.820,        4.,        2.34,    1.35,        1.66
  340,   5.840,       10.,        2.98,    0.93,        7.02
  341,   5.860,        7.,        3.61,    0.63,        3.39
  342,   5.880,        7.,        4.18,    0.85,        2.82
  343,   5.900,       11.,        4.58,   -0.38,        6.42
  344,   5.920,        9.,        4.74,   -0.14,        4.26
  345,   5.940,        5.,        4.66,   -1.36,        0.34
  346,   5.960,        7.,        4.34,   -1.40,        2.66
  347,   5.980,        4.,        3.92,   -0.87,        0.08
  348,   6.000,        4.,        3.31,   -1.37,        0.69
  349,   6.020,        3.,        2.67,   -0.75,        0.33
  350,   6.040,        6.,        2.06,    0.11,        3.94
  351,   6.061,        5.,        1.61,    0.06,        3.39
  352,   6.081,        4.,        1.19,    0.03,        2.81
  353,   6.101,        5.,        0.97,    0.29,        4.03
  354,   6.121,        5.,        0.88,    0.63,        4.12
  355,   6.141,        3.,        1.05,    0.56,        1.95
  356,   6.161,        1.,        1.50,    0.31,       -0.50
  357,   6.181,        3.,        2.49,   -0.21,        0.51
  358,   6.201,        7.,        4.21,   -1.21,        2.79
  359,   6.221,        9.,        7.07,   -1.94,        1.93
  360,   6.241,       17.,       11.44,   -1.16,        5.56
  361,   6.261,       19.,       17.70,   -0.77,        1.30
  362,   6.281,       27.,       26.00,    0.34,        1.00
  363,   6.301,       35.,       36.11,    0.66,       -1.11
  364,   6.321,       54.,       47.32,    0.22,        6.68
  365,   6.341,       64.,       58.40,    0.28,        5.60
  366,   6.361,       81.,       67.79,    0.33,       13.21
  367,   6.381,       85.,       73.94,    1.03,       11.06
  368,   6.401,       74.,       75.75,    1.14,       -1.75
  369,   6.422,       80.,       72.84,    0.36,        7.16
  370,   6.442,       68.,       65.74,   -0.19,        2.26
  371,   6.462,       67.,       55.67,   -0.95,       11.33
  372,   6.482,       50.,       44.24,   -1.05,        5.76
  373,   6.502,       34.,       32.98,    0.41,        1.02
  374,   6.522,       24.,       23.02,    0.45,        0.98
  375,   6.542,       19.,       15.13,    0.93,        3.87
  376,   6.562,       21.,        9.33,    0.63,       11.67
  377,   6.582,       21.,        5.41,    0.00,       15.59
  378,   6.602,       10.,        2.94,    0.75,        7.06
  379,   6.622,        5.,        1.51,    1.33,        3.49
  380,   6.642,        3.,        0.73,    1.88,        2.27
  381,   6.662,        2.,        0.33,    1.38,        1.67
  382,   6.682,        5.,        0.12,   -1.15,        4.88
  383,   6.702,        5.,        0.00,   -2.29,        5.00
  384,   6.722,        2.,        0.01,   -2.05,        1.99
  385,   6.742,        4.,        0.01,   -1.61,        3.99
  386,   6.762,        1.,        0.02,    0.40,        0.98
  387,   6.783,        2.,        0.08,    0.67,        1.92
  388,   6.803,        3.,        0.21,   -0.46,        2.79
  389,   6.823,        1.,        0.38,   -0.11,        0.62
  390,   6.843,        4.,        0.67,    0.10,        3.33
  391,   6.863,        3.,        1.13,   -0.14,        1.87
  392,   6.883,        0.,        1.90,    0.01,       -1.90
  393,   6.903,        6.,        2.88,    0.08,        3.12
  394,   6.923,        6.,        4.17,    0.23,        1.83
  395,   6.943,        5.,        5.75,    0.48,       -0.75
  396,   6.963,        7.,        7.54,   -0.21,       -0.54
  397,   6.983,       11.,        9.38,   -0.40,        1.62
  398,   7.003,        7.,       11.05,   -2.21,       -4.05
  399,   7.023,       16.,       12.32,   -2.68,        3.68
  400,   7.043,       12.,       12.97,   -1.82,       -0.97
  401,   7.063,       12.,       12.93,   -0.83,       -0.93
  402,   7.083,        6.,       12.21,   -0.17,       -6.21
  403,   7.103,       10.,       10.96,    1.09,       -0.96
  404,   7.123,       13.,        9.50,    0.10,        3.50
  405,   7.144,       15.,        8.19,    0.37,        6.81
  406,   7.164,       11.,        7.47,   -0.02,        3.53
  407,   7.184,       12.,        7.79,    0.36,        4.21
  408,   7.204,       10.,        9.61,    1.86,        0.39
  409,   7.224,       14.,       13.31,    1.43,        0.69
  410,   7.244,       18.,       19.31,    0.68,       -1.31
  411,   7.264,       28.,       27.56,   -0.18,        0.44
  412,   7.284,       44.,       37.71,   -2.06,        6.29
  413,   7.304,       47.,       48.88,   -2.58,       -1.88
  414,   7.324,       67.,       59.78,   -1.43,        7.22
  415,   7.344,       70.,       68.89,   -0.50,        1.11
  416,   7.364,       61.,       74.64,    0.28,      -13.64
  417,   7.384,       72.,       76.11,    0.32,       -4.11
  418,   7.404,       88.,       72.91,    0.70,       15.09
  419,   7.424,       75.,       65.66,   -0.21,        9.34
  420,   7.444,       69.,       55.64,    0.24,       13.36
  421,   7.464,       54.,       44.47,    1.66,        9.53
  422,   7.484,       38.,       33.69,    2.26,        4.31
  423,   7.505,       24.,       24.53,    2.38,       -0.53
  424,   7.525,       26.,       17.70,    1.94,        8.30
  425,   7.545,       19.,       13.48,    0.13,        5.52
  426,   7.565,       14.,       11.71,   -1.34,        2.29
  427,   7.585,       20.,       12.02,   -2.34,        7.98
  428,   7.605,       16.,       13.89,   -1.96,        2.11
  429,   7.625,       22.,       16.69,   -0.77,        5.31
  430,   7.645,       15.,       19.76,   -0.62,       -4.76
  431,   7.665,       15.,       22.44,    0.87,       -7.44
  432,   7.685,       24.,       24.18,    0.19,       -0.18
  433,   7.705,       40.,       24.57,   -0.07,       15.43
  434,   7.725,       27.,       23.55,   -0.05,        3.45
  435,   7.745,       35.,       21.25,    0.74,       13.75
  436,   7.765,       17.,       18.04,    1.43,       -1.04
  437,   7.785,       15.,       14.41,    2.08,        0.59
  438,   7.805,       13.,       10.88,    0.53,        2.12
  439,   7.825,        7.,        7.77,    0.62,       -0.77
  440,   7.845,        4.,        5.28,   -1.64,       -1.28
  441,   7.866,        5.,        3.53,   -1.56,        1.47
  442,   7.886,        4.,        2.45,   -1.66,        1.55
  443,   7.906,        3.,        1.91,   -1.04,        1.09
  444,   7.926,        1.,        1.79,   -0.85,       -0.79
  445,   7.946,        5.,        1.93,    0.51,        3.07
  446,   7.966,        3.,        2.20,   -0.05,        0.80
  447,   7.986,        3.,        2.51,   -0.36,        0.49
  448,   8.006,        2.,        2.73,   -0.07,       -0.73
  449,   8.026,        3.,        2.85,    0.08,        0.15
  450,   8.046,        2.,        2.80,   -0.46,       -0.80
  451,   8.066,        3.,        2.60,   -0.48,        0.40
  452,   8.086,        4.,        2.27,   -0.16,        1.73
  453,   8.106,        2.,        1.86,    0.21,        0.14
  454,   8.126,        3.,        1.44,   -0.06,        1.56
  455,   8.146,        1.,        1.05,    0.60,       -0.05
  456,   8.166,        2.,        0.72,    0.48,        1.28
  457,   8.186,        1.,        0.47,    0.17,        0.53
  458,   8.206,        0.,        0.28,   -0.14,       -0.28
  459,   8.227,        1.,        0.16,   -0.34,        0.84
  460,   8.247,        0.,        0.03,   -0.41,       -0.03
  461,   8.267,        0.,        0.00,   -0.43,        0.00
  462,   8.287,        0.,        0.00,   -0.37,        0.00
  463,   8.307,        1.,        0.00,    0.13,        1.00
  464,   8.327,        0.,        0.00,    0.22,        0.00
  465,   8.347,        1.,        0.00,    0.22,        1.00
  466,   8.367,        0.,        0.00,    0.35,        0.00
  467,   8.387,        2.,        0.00,    0.30,        2.00
  468,   8.407,        1.,        0.00,   -0.04,        1.00
  469,   8.427,        0.,        0.00,    0.26,        0.00
  470,   8.447,        0.,        0.00,   -0.06,        0.00
  471,   8.467,        0.,        0.00,   -0.26,        0.00
  472,   8.487,        0.,        0.00,   -0.57,        0.00
  473,   8.507,        1.,        0.00,   -0.47,        1.00
  474,   8.527,        0.,        0.00,   -0.77,        0.00
  475,   8.547,        0.,        0.00,   -0.46,        0.00
  476,   8.567,        1.,        0.00,   -0.03,        1.00
  477,   8.588,        1.,        0.00,    0.28,        1.00
  478,   8.608,        0.,        0.00,    0.17,        0.00
  479,   8.628,        1.,        0.00,    0.70,        1.00
  480,   8.648,        2.,        0.00,    0.60,        2.00
  481,   8.668,        1.,        0.00,    0.39,        1.00
  482,   8.688,        0.,        0.00,    0.29,        0.00
  483,   8.708,        3.,        0.00,    0.29,        3.00
  484,   8.728,        0.,        0.00,    0.29,        0.00
  485,   8.748,        0.,        0.00,    0.08,        0.00
  486,   8.768,        1.,        0.00,   -0.03,        1.00
  487,   8.788,        0.,        0.00,    0.28,        0.00
  488,   8.808,        1.,        0.00,   -0.34,        1.00
  489,   8.828,        1.,        0.00,   -0.34,        1.00
  490,   8.848,        0.,        0.00,   -0.14,        0.00
  491,   8.868,        1.,        0.00,   -0.36,        1.00
  492,   8.888,        1.,        0.00,   -0.36,        1.00
  493,   8.908,        0.,        0.00,    0.16,        0.00
  494,   8.928,        0.,        0.00,    0.16,        0.00
  495,   8.949,        0.,        0.00,    0.16,        0.00
  496,   8.969,        0.,        0.00,    0.26,        0.00
  497,   8.989,        2.,        0.00,    0.04,        2.00
  498,   9.009,        1.,        0.00,    0.14,        1.00
  499,   9.029,        0.,        0.00,    0.14,        0.00
  500,   9.049,        1.,        0.00,    0.14,        1.00
  501,   9.069,        0.,        0.00,    0.24,        0.00
  502,   9.089,        0.,        0.00,   -0.08,        0.00
  503,   9.109,        0.,        0.00,   -0.29,        0.00
  504,   9.129,        0.,        0.00,   -0.18,        0.00
  505,   9.149,        0.,        0.00,   -0.39,        0.00
  506,   9.169,        0.,        0.00,   -0.39,        0.00
  507,   9.189,        0.,        0.00,   -0.19,        0.00
  508,   9.209,        1.,        0.00,   -0.09,        1.00
  509,   9.229,        0.,        0.00,    0.02,        0.00
  510,   9.249,        0.,        0.00,    0.12,        0.00
  511,   9.269,        0.,        0.00,    0.02,        0.00
  512,   9.289,        0.,        0.00,    0.02,        0.00
  513,   9.310,        1.,        0.00,   -0.29,        1.00
  514,   9.330,        0.,        0.00,   -0.08,        0.00
  515,   9.350,        0.,        0.00,   -0.08,        0.00
  516,   9.370,        0.,        0.00,    0.03,        0.00
  517,   9.390,        0.,        0.00,    0.03,        0.00
  518,   9.410,        1.,        0.00,    0.03,        1.00
  519,   9.430,        0.,        0.00,    0.03,        0.00
  520,   9.450,        1.,        0.00,   -0.07,        1.00
  521,   9.470,        0.,        0.00,    0.14,        0.00
  522,   9.490,        1.,        0.00,    0.14,        1.00
  523,   9.510,        0.,        0.00,    0.24,        0.00
  524,   9.530,        0.,        0.00,    0.24,        0.00
  525,   9.550,        1.,        0.00,    0.24,        1.00
  526,   9.570,        0.,        0.00,    0.24,        0.00
  527,   9.590,        1.,        0.00,    0.03,        1.00
  528,   9.610,        0.,        0.00,    0.13,        0.00
  529,   9.630,        1.,        0.00,    0.13,        1.00
  530,   9.650,        0.,        0.00,   -0.08,        0.00
  531,   9.671,        0.,        0.00,   -0.08,        0.00
  532,   9.691,        0.,        0.00,   -0.19,        0.00
  533,   9.711,        0.,        0.00,   -0.19,        0.00
  534,   9.731,        0.,        0.00,   -0.40,        0.00
  535,   9.751,        0.,        0.00,   -0.09,        0.00
  536,   9.771,        0.,        0.00,   -0.09,        0.00
  537,   9.791,        0.,        0.00,    0.01,        0.00
  538,   9.811,        0.,        0.00,    0.01,        0.00
  539,   9.831,        1.,        0.00,    0.11,        1.00
  540,   9.851,        0.,        0.00,    0.01,        0.00
  541,   9.871,        0.,        0.00,    0.01,        0.00
  542,   9.891,        0.,        0.00,    0.01,        0.00
  543,   9.911,        0.,        0.00,    0.01,        0.00
  544,   9.931,        0.,        0.00,   -0.20,        0.00
  545,   9.951,        0.,        0.00,    0.01,        0.00
  546,   9.971,        0.,        0.00,    0.01,        0.00
  547,   9.991,        0.,        0.00,    0.01,        0.00
  548,  10.011,        0.,        0.00,    0.01,        0.00
  549,  10.032,        1.,        0.00,    0.11,        1.00
  550,  10.052,        0.,        0.00,    0.11,        0.00
  551,  10.072,        0.,        0.00,    0.01,        0.00
  552,  10.092,        0.,        0.00,   -0.09,        0.00
  553,  10.112,        0.,        0.00,   -0.09,        0.00
  554,  10.132,        0.,        0.00,   -0.30,        0.00
  555,  10.152,        0.,        0.00,   -0.30,        0.00
  556,  10.172,        0.,        0.00,   -0.09,        0.00
  557,  10.192,        0.,        0.00,    0.12,        0.00
  558,  10.212,        0.,        0.00,    0.02,        0.00
  559,  10.232,        0.,        0.00,    0.12,        0.00
  560,  10.252,        1.,        0.00,    0.12,        1.00
  561,  10.272,        1.,        0.00,    0.12,        1.00
  562,  10.292,        0.,        0.00,    0.12,        0.00
  563,  10.312,        0.,        0.00,    0.33,        0.00
  564,  10.332,        0.,        0.00,    0.33,        0.00
  565,  10.352,        0.,        0.00,    0.12,        0.00
  566,  10.372,        0.,        0.00,   -0.19,        0.00
  567,  10.393,        1.,        0.00,   -0.19,        1.00
  568,  10.413,        0.,        0.00,   -0.19,        0.00
  569,  10.433,        0.,        0.00,   -0.39,        0.00
  570,  10.453,        0.,        0.00,   -0.29,        0.00
  571,  10.473,        0.,        0.00,    0.02,        0.00
  572,  10.493,        0.,        0.00,   -0.19,        0.00
  573,  10.513,        0.,        0.00,   -0.19,        0.00
  574,  10.533,        0.,        0.00,    0.23,        0.00
  575,  10.553,        1.,        0.00,    0.23,        1.00
  576,  10.573,        0.,        0.00,    0.23,        0.00
  577,  10.593,        0.,        0.00,    0.33,        0.00
  578,  10.613,        2.,        0.00,    0.33,        2.00
  579,  10.633,        0.,        0.00,    0.33,        0.00
  580,  10.653,        0.,        0.00,    0.12,        0.00
  581,  10.673,        0.,        0.00,    0.12,        0.00
  582,  10.693,        0.,        0.00,    0.12,        0.00
  583,  10.713,        0.,        0.00,   -0.30,        0.00
  584,  10.733,        0.,        0.00,   -0.30,        0.00
  585,  10.754,        0.,        0.00,   -0.20,        0.00
  586,  10.774,        0.,        0.00,   -0.20,        0.00
  587,  10.794,        0.,        0.00,   -0.20,        0.00
  588,  10.814,        0.,        0.00,   -0.20,        0.00
  589,  10.834,        0.,        0.00,   -0.30,        0.00
  590,  10.854,        0.,        0.00,   -0.30,        0.00
  591,  10.874,        0.,        0.00,   -0.30,        0.00
  592,  10.894,        0.,        0.00,   -0.40,        0.00
  593,  10.914,        0.,        0.00,    0.02,        0.00
  594,  10.934,        0.,        0.00,    0.13,        0.00
  595,  10.954,        0.,        0.00,    0.03,        0.00
  596,  10.974,        0.,        0.00,   -0.07,        0.00
  597,  10.994,        2.,        0.00,    0.14,        2.00
  598,  11.014,        1.,        0.00,    0.14,        1.00
  599,  11.034,        0.,        0.00,    0.26,        0.00
  600,  11.054,        0.,        0.00,    0.47,        0.00
  601,  11.074,        1.,        0.00,    0.58,        1.00
  602,  11.094,        0.,        0.00,    0.16,        0.00
  603,  11.115,        1.,        0.00,   -0.06,        1.00
  604,  11.135,        1.,        0.00,    0.16,        1.00
  605,  11.155,        1.,        0.00,    0.06,        1.00
  606,  11.175,        0.,        0.00,    0.06,        0.00
  607,  11.195,        0.,        0.00,    0.26,        0.00
  608,  11.215,        1.,        0.00,    0.14,        1.00
  609,  11.235,        0.,        0.00,   -0.07,        0.00
  610,  11.255,        1.,        0.00,   -0.07,        1.00
  611,  11.275,        0.,        0.00,    0.03,        0.00
  612,  11.295,        0.,        0.00,    0.03,        0.00
  613,  11.315,        0.,        0.00,   -0.08,        0.00
  614,  11.335,        1.,        0.00,    0.02,        1.00
  615,  11.355,        0.,        0.00,   -0.09,        0.00
  616,  11.375,        0.,        0.00,   -0.09,        0.00
  617,  11.395,        0.,        0.00,   -0.09,        0.00
  618,  11.415,        0.,        0.00,   -0.09,        0.00
  619,  11.435,        0.,        0.00,   -0.30,        0.00
  620,  11.455,        0.,        0.00,   -0.20,        0.00
  621,  11.476,        0.,        0.00,   -0.20,        0.00
  622,  11.496,        0.,        0.00,   -0.30,        0.00
  623,  11.516,        0.,        0.00,   -0.09,        0.00
  624,  11.536,        0.,        0.00,    0.01,        0.00
  625,  11.556,        0.,        0.00,    0.01,        0.00
  626,  11.576,        0.,        0.00,    0.01,        0.00
  627,  11.596,        1.,        0.00,    0.22,        1.00
  628,  11.616,        0.,        0.00,    0.22,        0.00
  629,  11.636,        0.,        0.00,    0.12,        0.00
  630,  11.656,        0.,        0.00,    0.02,        0.00
  631,  11.676,        1.,        0.00,   -0.08,        1.00
  632,  11.696,        0.,        0.00,   -0.39,        0.00
  633,  11.716,        0.,        0.00,   -0.39,        0.00
  634,  11.736,        0.,        0.00,   -0.18,        0.00
  635,  11.756,        0.,        0.00,    0.03,        0.00
  636,  11.776,        0.,        0.00,    0.03,        0.00
  637,  11.796,        0.,        0.00,    0.34,        0.00
  638,  11.816,        1.,        0.00,    0.34,        1.00
  639,  11.837,        1.,        0.00,    0.34,        1.00
  640,  11.857,        1.,        0.00,    0.34,        1.00
  641,  11.877,        1.,        0.00,    0.44,        1.00
  642,  11.897,        0.,        0.00,    0.44,        0.00
  643,  11.917,        0.,        0.00,    0.23,        0.00
  644,  11.937,        0.,        0.00,    0.02,        0.00
  645,  11.957,        0.,        0.00,   -0.19,        0.00
  646,  11.977,        0.,        0.00,   -0.40,        0.00
  647,  11.997,        0.,        0.00,   -0.40,        0.00
  648,  12.017,        0.,        0.00,   -0.30,        0.00
  649,  12.037,        0.,        0.00,   -0.20,        0.00
  650,  12.057,        0.,        0.00,   -0.10,        0.00
  651,  12.077,        0.,        0.00,    0.00,        0.00
  652,  12.097,        0.,        0.00,    0.00,        0.00
  653,  12.117,        0.,        0.00,    0.00,        0.00
  654,  12.137,        0.,        0.00,    0.00,        0.00
  655,  12.157,        0.,        0.00,    0.00,        0.00
  656,  12.177,        0.,        0.00,    0.00,        0.00
  657,  12.198,        0.,        0.00,    0.00,        0.00
  658,  12.218,        0.,        0.00,   -0.10,        0.00
  659,  12.238,        0.,        0.00,   -0.10,        0.00
  660,  12.258,        0.,        0.00,   -0.10,        0.00
  661,  12.278,        0.,        0.00,   -0.10,        0.00
  662,  12.298,        0.,        0.00,   -0.10,        0.00
  663,  12.318,        0.,        0.00,    0.11,        0.00
  664,  12.338,        0.,        0.00,    0.11,        0.00
  665,  12.358,        0.,        0.00,    0.11,        0.00
  666,  12.378,        0.,        0.00,    0.11,        0.00
  667,  12.398,        1.,        0.00,    0.11,        1.00
  668,  12.418,        0.,        0.00,    0.11,        0.00
  669,  12.438,        0.,        0.00,    0.11,        0.00
  670,  12.458,        0.,        0.00,    0.11,        0.00
  671,  12.478,        0.,        0.00,    0.11,        0.00
  672,  12.498,        0.,        0.00,   -0.10,        0.00
  673,  12.518,        0.,        0.00,   -0.10,        0.00
  674,  12.538,        0.,        0.00,   -0.10,        0.00
  675,  12.559,        0.,        0.00,   -0.10,        0.00
  676,  12.579,        0.,        0.00,   -0.10,        0.00
  677,  12.599,        0.,        0.00,    0.00,        0.00
  678,  12.619,        0.,        0.00,    0.00,        0.00
  679,  12.639,        0.,        0.00,    0.00,        0.00
  680,  12.659,        0.,        0.00,    0.00,        0.00
  681,  12.679,        0.,        0.00,    0.00,        0.00
  682,  12.699,        0.,        0.00,    0.00,        0.00
  683,  12.719,        0.,        0.00,    0.00,        0.00
  684,  12.739,        0.,        0.00,    0.00,        0.00
  685,  12.759,        0.,        0.00,    0.00,        0.00
  686,  12.779,        0.,        0.00,   -0.10,        0.00
  687,  12.799,        0.,        0.00,   -0.10,        0.00
  688,  12.819,        0.,        0.00,   -0.10,        0.00
  689,  12.839,        0.,        0.00,   -0.10,        0.00
  690,  12.859,        0.,        0.00,   -0.10,        0.00
  691,  12.879,        0.,        0.00,    0.11,        0.00
  692,  12.899,        0.,        0.00,    0.11,        0.00
  693,  12.920,        0.,        0.00,    0.11,        0.00
  694,  12.940,        0.,        0.00,    0.11,        0.00
  695,  12.960,        1.,        0.00,    0.11,        1.00
  696,  12.980,        0.,        0.00,    0.11,        0.00
  697,  13.000,        0.,        0.00,    0.11,        0.00
  698,  13.020,        0.,        0.00,    0.11,        0.00
  699,  13.040,        0.,        0.00,    0.11,        0.00
  700,  13.060,        0.,        0.00,   -0.10,        0.00
  701,  13.080,        0.,        0.00,   -0.20,        0.00
  702,  13.100,        0.,        0.00,   -0.20,        0.00
  703,  13.120,        0.,        0.00,   -0.20,        0.00
  704,  13.140,        0.,        0.00,   -0.20,        0.00
  705,  13.160,        0.,        0.00,   -0.10,        0.00
  706,  13.180,        0.,        0.00,    0.11,        0.00
  707,  13.200,        0.,        0.00,    0.11,        0.00
  708,  13.220,        0.,        0.00,    0.11,        0.00
  709,  13.240,        0.,        0.00,    0.11,        0.00
  710,  13.260,        1.,        0.00,    0.11,        1.00
  711,  13.281,        0.,        0.00,    0.11,        0.00
  712,  13.301,        0.,        0.00,    0.11,        0.00
  713,  13.321,        0.,        0.00,    0.11,        0.00
  714,  13.341,        0.,        0.00,    0.11,        0.00
  715,  13.361,        0.,        0.00,   -0.10,        0.00
  716,  13.381,        0.,        0.00,   -0.10,        0.00
  717,  13.401,        0.,        0.00,   -0.10,        0.00
  718,  13.421,        0.,        0.00,   -0.10,        0.00
  719,  13.441,        0.,        0.00,   -0.10,        0.00
  720,  13.461,        0.,        0.00,    0.00,        0.00
  721,  13.481,        0.,        0.00,    0.00,        0.00
  722,  13.501,        0.,        0.00,    0.00,        0.00
  723,  13.521,        0.,        0.00,    0.00,        0.00
  724,  13.541,        0.,        0.00,    0.00,        0.00
  725,  13.561,        0.,        0.00,    0.00,        0.00
  726,  13.581,        0.,        0.00,    0.00,        0.00
  727,  13.601,        0.,        0.00,    0.00,        0.00
  728,  13.621,        0.,        0.00,    0.00,        0.00
  729,  13.642,        0.,        0.00,    0.00,        0.00
  730,  13.662,        0.,        0.00,    0.00,        0.00
  731,  13.682,        0.,        0.00,    0.00,        0.00
  732,  13.702,        0.,        0.00,    0.00,        0.00
  733,  13.722,        0.,        0.00,    0.01,        0.00
  734,  13.742,        0.,        0.00,    0.01,        0.00
  735,  13.762,        0.,        0.00,    0.03,        0.00
  736,  13.782,        0.,        0.00,    0.04,        0.00
  737,  13.802,        0.,        0.00,    0.06,        0.00
  738,  13.822,        0.,        0.00,   -0.01,        0.00
  739,  13.842,        0.,        0.00,    0.02,        0.00
  740,  13.862,        0.,        0.01,    0.05,       -0.01
  741,  13.882,        0.,        0.02,   -0.02,       -0.02
  742,  13.902,        0.,        0.03,    0.01,       -0.03
  743,  13.922,        0.,        0.07,    0.14,       -0.07
  744,  13.942,        0.,        0.12,    0.14,       -0.12
  745,  13.962,        0.,        0.17,    0.12,       -0.17
  746,  13.982,        0.,        0.25,    0.08,       -0.25
  747,  14.003,        1.,        0.34,   -0.19,        0.66
  748,  14.023,        0.,        0.45,   -0.17,       -0.45
  749,  14.043,        0.,        0.57,   -0.28,       -0.57
  750,  14.063,        1.,        0.69,   -0.49,        0.31
  751,  14.083,        0.,        0.80,   -0.17,       -0.80
  752,  14.103,        1.,        0.89,   -0.05,        0.11
  753,  14.123,        0.,        0.95,    0.10,       -0.95
  754,  14.143,        0.,        0.97,   -0.02,       -0.97
  755,  14.163,        2.,        0.95,    0.00,        1.05
  756,  14.183,        2.,        0.89,    0.06,        1.11
  757,  14.203,        1.,        0.80,    0.03,        0.20
  758,  14.223,        0.,        0.69,    0.14,       -0.69
  759,  14.243,        1.,        0.56,    0.46,        0.44
  760,  14.263,        0.,        0.44,    0.25,       -0.44
  761,  14.283,        0.,        0.33,   -0.08,       -0.33
  762,  14.303,        0.,        0.24,   -0.11,       -0.24
  763,  14.323,        1.,        0.16,   -0.06,        0.84
  764,  14.343,        0.,        0.10,   -0.25,       -0.10
  765,  14.364,        0.,        0.06,   -0.05,       -0.06
  766,  14.384,        0.,        0.04,    0.03,       -0.04
  767,  14.404,        0.,        0.00,    0.10,        0.00
  768,  14.424,        0.,        0.00,   -0.15,        0.00
  769,  14.444,        0.,        0.00,   -0.08,        0.00
  770,  14.464,        0.,        0.00,   -0.11,        0.00
  771,  14.484,        0.,        0.00,    0.07,        0.00
  772,  14.504,        0.,        0.00,    0.05,        0.00
  773,  14.524,        0.,        0.00,    0.13,        0.00
  774,  14.544,        0.,        0.00,    0.12,        0.00
  775,  14.564,        1.,        0.00,    0.11,        1.00
  776,  14.584,        0.,        0.00,    0.11,        0.00
  777,  14.604,        0.,        0.00,    0.11,        0.00
  778,  14.624,        0.,        0.00,    0.11,        0.00
  779,  14.644,        0.,        0.00,    0.11,        0.00
  780,  14.664,        0.,        0.00,   -0.10,        0.00
  781,  14.684,        0.,        0.00,   -0.10,        0.00
  782,  14.704,        0.,        0.00,   -0.10,        0.00
  783,  14.725,        0.,        0.00,   -0.10,        0.00
  784,  14.745,        0.,        0.00,   -0.10,        0.00
  785,  14.765,        0.,        0.00,    0.00,        0.00
  786,  14.785,        0.,        0.00,   -0.10,        0.00
  787,  14.805,        0.,        0.00,   -0.10,        0.00
  788,  14.825,        0.,        0.00,   -0.10,        0.00
  789,  14.845,        0.,        0.00,   -0.10,        0.00
  790,  14.865,        0.,        0.00,   -0.10,        0.00
  791,  14.885,        0.,        0.00,    0.11,        0.00
  792,  14.905,        0.,        0.00,    0.11,        0.00
  793,  14.925,        0.,        0.00,    0.11,        0.00
  794,  14.945,        0.,        0.00,    0.11,        0.00
  795,  14.965,        1.,        0.00,    0.11,        1.00
  796,  14.985,        0.,        0.00,    0.11,        0.00
  797,  15.005,        0.,        0.00,    0.11,        0.00
  798,  15.025,        0.,        0.00,    0.11,        0.00
  799,  15.045,        0.,        0.00,    0.11,        0.00
  800,  15.065,        0.,        0.00,   -0.10,        0.00
  801,  15.086,        0.,        0.00,   -0.20,        0.00
  802,  15.106,        0.,        0.00,   -0.20,        0.00
  803,  15.126,        0.,        0.00,   -0.20,        0.00
  804,  15.146,        0.,        0.00,   -0.20,        0.00
  805,  15.166,        0.,        0.00,   -0.10,        0.00
  806,  15.186,        0.,        0.00,    0.11,        0.00
  807,  15.206,        0.,        0.00,    0.11,        0.00
  808,  15.226,        0.,        0.00,    0.11,        0.00
  809,  15.246,        0.,        0.00,    0.11,        0.00
  810,  15.266,        1.,        0.00,    0.11,        1.00
  811,  15.286,        0.,        0.00,    0.11,        0.00
  812,  15.306,        0.,        0.00,    0.11,        0.00
  813,  15.326,        0.,        0.00,    0.11,        0.00
  814,  15.346,        0.,        0.00,    0.11,        0.00
  815,  15.366,        0.,        0.00,   -0.10,        0.00
  816,  15.386,        0.,        0.00,   -0.10,        0.00
  817,  15.406,        0.,        0.00,   -0.10,        0.00
  818,  15.426,        0.,        0.00,   -0.10,        0.00
  819,  15.447,        0.,        0.00,   -0.20,        0.00
  820,  15.467,        0.,        0.00,   -0.10,        0.00
  821,  15.487,        0.,        0.00,   -0.10,        0.00
  822,  15.507,        0.,        0.00,   -0.10,        0.00
  823,  15.527,        0.,        0.00,   -0.10,        0.00
  824,  15.547,        0.,        0.00,    0.11,        0.00
  825,  15.567,        0.,        0.00,    0.11,        0.00
  826,  15.587,        0.,        0.00,    0.11,        0.00
  827,  15.607,        0.,        0.00,    0.01,        0.00
  828,  15.627,        1.,        0.00,    0.01,        1.00
  829,  15.647,        0.,        0.00,    0.01,        0.00
  830,  15.667,        0.,        0.00,    0.01,        0.00
  831,  15.687,        0.,        0.00,   -0.09,        0.00
  832,  15.707,        0.,        0.00,    0.12,        0.00
  833,  15.727,        0.,        0.00,   -0.09,        0.00
  834,  15.747,        0.,        0.00,   -0.09,        0.00
  835,  15.767,        0.,        0.00,   -0.09,        0.00
  836,  15.787,        1.,        0.00,    0.12,        1.00
  837,  15.808,        0.,        0.00,    0.12,        0.00
  838,  15.828,        0.,        0.00,    0.22,        0.00
  839,  15.848,        0.,        0.00,    0.22,        0.00
  840,  15.868,        1.,        0.00,    0.22,        1.00
  841,  15.888,        0.,        0.00,    0.01,        0.00
  842,  15.908,        0.,        0.00,    0.01,        0.00
  843,  15.928,        0.,        0.00,    0.01,        0.00
  844,  15.948,        0.,        0.00,    0.01,        0.00
  845,  15.968,        0.,        0.00,   -0.20,        0.00
  846,  15.988,        0.,        0.00,   -0.10,        0.00
  847,  16.008,        0.,        0.00,   -0.10,        0.00
  848,  16.028,        0.,        0.00,   -0.10,        0.00
  849,  16.048,        0.,        0.00,   -0.10,        0.00
  850,  16.068,        0.,        0.00,    0.00,        0.00
  851,  16.088,        0.,        0.00,    0.00,        0.00
  852,  16.108,        0.,        0.00,    0.00,        0.00
  853,  16.128,        0.,        0.00,    0.00,        0.00
  854,  16.148,        0.,        0.00,    0.00,        0.00
  855,  16.169,        0.,        0.00,    0.00,        0.00
  856,  16.189,        0.,        0.00,    0.00,        0.00
  857,  16.209,        0.,        0.00,    0.00,        0.00
  858,  16.229,        0.,        0.00,    0.00,        0.00
  859,  16.249,        0.,        0.00,    0.00,        0.00
  860,  16.269,        0.,        0.00,    0.00,        0.00
  861,  16.289,        0.,        0.00,    0.00,        0.00
  862,  16.309,        0.,        0.00,    0.00,        0.00
  863,  16.329,        0.,        0.00,    0.00,        0.00
  864,  16.349,        0.,        0.00,    0.00,        0.00
  865,  16.369,        0.,        0.00,    0.00,        0.00
  866,  16.389,        0.,        0.00,    0.00,        0.00
  867,  16.409,        0.,        0.00,    0.00,        0.00
  868,  16.429,        0.,        0.00,    0.00,        0.00
  869,  16.449,        0.,        0.00,    0.00,        0.00
  870,  16.469,        0.,        0.00,    0.00,        0.00
  871,  16.489,        0.,        0.00,    0.00,        0.00
  872,  16.509,        0.,        0.00,    0.00,        0.00
  873,  16.530,        0.,        0.00,    0.00,        0.00
  874,  16.550,        0.,        0.00,    0.00,        0.00
  875,  16.570,        0.,        0.00,    0.00,        0.00
  876,  16.590,        0.,        0.00,    0.00,        0.00
  877,  16.610,        0.,        0.00,    0.00,        0.00
  878,  16.630,        0.,        0.00,    0.00,        0.00
  879,  16.650,        0.,        0.00,    0.00,        0.00
  880,  16.670,        0.,        0.00,    0.00,        0.00
  881,  16.690,        0.,        0.00,    0.00,        0.00
  882,  16.710,        0.,        0.00,    0.00,        0.00
  883,  16.730,        0.,        0.00,    0.00,        0.00
  884,  16.750,        0.,        0.00,    0.00,        0.00
  885,  16.770,        0.,        0.00,    0.00,        0.00
  886,  16.790,        0.,        0.00,    0.00,        0.00
  887,  16.810,        0.,        0.00,    0.00,        0.00
  888,  16.830,        0.,        0.00,    0.00,        0.00
  889,  16.850,        0.,        0.00,    0.00,        0.00
  890,  16.870,        0.,        0.00,    0.00,        0.00
  891,  16.890,        0.,        0.00,    0.00,        0.00
  892,  16.911,        0.,        0.00,    0.00,        0.00
  893,  16.931,        0.,        0.00,    0.00,        0.00
  894,  16.951,        0.,        0.00,    0.00,        0.00
  895,  16.971,        0.,        0.00,    0.00,        0.00
  896,  16.991,        0.,        0.00,    0.00,        0.00
  897,  17.011,        0.,        0.00,    0.00,        0.00
  898,  17.031,        0.,        0.00,    0.00,        0.00
  899,  17.051,        0.,        0.00,    0.00,        0.00
  900,  17.071,        0.,        0.00,    0.00,        0.00
  901,  17.091,        0.,        0.00,    0.00,        0.00
  902,  17.111,        0.,        0.00,    0.00,        0.00
  903,  17.131,        0.,        0.00,    0.00,        0.00
  904,  17.151,        0.,        0.00,    0.00,        0.00
  905,  17.171,        0.,        0.00,    0.00,        0.00
  906,  17.191,        0.,        0.00,    0.00,        0.00
  907,  17.211,        0.,        0.00,    0.00,        0.00
  908,  17.231,        0.,        0.00,    0.00,        0.00
  909,  17.251,        0.,        0.00,    0.00,        0.00
  910,  17.272,        0.,        0.00,    0.00,        0.00
  911,  17.292,        0.,        0.00,   -0.10,        0.00
  912,  17.312,        0.,        0.00,   -0.10,        0.00
  913,  17.332,        0.,        0.00,   -0.10,        0.00
  914,  17.352,        0.,        0.00,   -0.10,        0.00
  915,  17.372,        0.,        0.00,   -0.10,        0.00
  916,  17.392,        0.,        0.00,    0.09,        0.00
  917,  17.412,        0.,        0.00,    0.09,        0.00
  918,  17.432,        0.,        0.00,    0.09,        0.00
  919,  17.452,        0.,        0.00,    0.09,        0.00
  920,  17.472,        0.,        0.00,    0.09,        0.00
  921,  17.492,        1.,        0.00,    0.09,        1.00
  922,  17.512,        0.,        0.00,    0.09,        0.00
  923,  17.532,        0.,        0.00,    0.09,        0.00
  924,  17.552,        0.,        0.00,    0.09,        0.00
  925,  17.572,        0.,        0.00,    0.09,        0.00
  926,  17.592,        0.,        0.00,    0.09,        0.00
  927,  17.612,        0.,        0.00,   -0.10,        0.00
  928,  17.633,        0.,        0.00,   -0.10,        0.00
  929,  17.653,        0.,        0.00,   -0.10,        0.00
  930,  17.673,        0.,        0.00,   -0.20,        0.00
  931,  17.693,        0.,        0.00,   -0.20,        0.00
  932,  17.713,        0.,        0.00,   -0.10,        0.00
  933,  17.733,        0.,        0.00,   -0.10,        0.00
  934,  17.753,        0.,        0.00,   -0.10,        0.00
  935,  17.773,        0.,        0.00,    0.09,        0.00
  936,  17.793,        0.,        0.00,    0.09,        0.00
  937,  17.813,        0.,        0.00,    0.09,        0.00
  938,  17.833,        0.,        0.00,    0.09,        0.00
  939,  17.853,        0.,        0.00,    0.09,        0.00
  940,  17.873,        1.,        0.00,    0.09,        1.00
  941,  17.893,        0.,        0.00,    0.09,        0.00
  942,  17.913,        0.,        0.00,    0.09,        0.00
  943,  17.933,        0.,        0.00,    0.09,        0.00
  944,  17.953,        0.,        0.00,    0.09,        0.00
  945,  17.973,        0.,        0.00,    0.09,        0.00
  946,  17.994,        0.,        0.00,   -0.10,        0.00
  947,  18.014,        0.,        0.00,   -0.10,        0.00
  948,  18.034,        0.,        0.00,   -0.10,        0.00
  949,  18.054,        0.,        0.00,   -0.10,        0.00
  950,  18.074,        0.,        0.00,   -0.10,        0.00
  951,  18.094,        0.,        0.00,    0.00,        0.00
  952,  18.114,        0.,        0.00,    0.00,        0.00
  953,  18.134,        0.,        0.00,    0.00,        0.00
  954,  18.154,        0.,        0.00,    0.00,        0.00
  955,  18.174,        0.,        0.00,    0.00,        0.00
  956,  18.194,        0.,        0.00,    0.00,        0.00
  957,  18.214,        0.,        0.00,    0.00,        0.00
  958,  18.234,        0.,        0.00,    0.00,        0.00
  959,  18.254,        0.,        0.00,    0.00,        0.00
  960,  18.274,        0.,        0.00,    0.00,        0.00
  961,  18.294,        0.,        0.00,    0.00,        0.00
  962,  18.314,        0.,        0.00,    0.00,        0.00
  963,  18.334,        0.,        0.00,    0.00,        0.00
  964,  18.355,        0.,        0.00,    0.00,        0.00
  965,  18.375,        0.,        0.00,    0.00,        0.00
  966,  18.395,        0.,        0.00,    0.00,        0.00
  967,  18.415,        0.,        0.00,    0.00,        0.00
  968,  18.435,        0.,        0.00,    0.00,        0.00
  969,  18.455,        0.,        0.00,    0.00,        0.00
  970,  18.475,        0.,        0.00,    0.00,        0.00
  971,  18.495,        0.,        0.00,    0.00,        0.00
  972,  18.515,        0.,        0.00,    0.00,        0.00
  973,  18.535,        0.,        0.00,    0.00,        0.00
  974,  18.555,        0.,        0.00,    0.00,        0.00
  975,  18.575,        0.,        0.00,    0.00,        0.00
  976,  18.595,        0.,        0.00,    0.00,        0.00
  977,  18.615,        0.,        0.00,    0.00,        0.00
  978,  18.635,        0.,        0.00,    0.00,        0.00
  979,  18.655,        0.,        0.00,    0.00,        0.00
  980,  18.675,        0.,        0.00,    0.00,        0.00
  981,  18.695,        0.,        0.00,    0.00,        0.00
  982,  18.716,        0.,        0.00,    0.00,        0.00
  983,  18.736,        0.,        0.00,    0.00,        0.00
  984,  18.756,        0.,        0.00,    0.00,        0.00
  985,  18.776,        0.,        0.00,    0.00,        0.00
  986,  18.796,        0.,        0.00,    0.00,        0.00
  987,  18.816,        0.,        0.00,    0.00,        0.00
  988,  18.836,        0.,        0.00,    0.00,        0.00
  989,  18.856,        0.,        0.00,    0.00,        0.00
  990,  18.876,        0.,        0.00,    0.00,        0.00
  991,  18.896,        0.,        0.00,    0.00,        0.00
  992,  18.916,        0.,        0.00,    0.00,        0.00
  993,  18.936,        0.,        0.00,    0.00,        0.00
  994,  18.956,        0.,        0.00,    0.00,        0.00
  995,  18.976,        0.,        0.00,    0.00,        0.00
  996,  18.996,        0.,        0.00,    0.00,        0.00
  997,  19.016,        0.,        0.00,    0.00,        0.00
  998,  19.036,        0.,        0.00,    0.00,        0.00
  999,  19.056,        0.,        0.00,    0.00,        0.00
 1000,  19.077,        0.,        0.00,    0.00,        0.00
 1001,  19.097,        0.,        0.00,    0.00,        0.00
 1002,  19.117,        0.,        0.00,    0.00,        0.00
 1003,  19.137,        0.,        0.00,    0.00,        0.00
 1004,  19.157,        0.,        0.00,    0.00,        0.00
 1005,  19.177,        0.,        0.00,    0.00,        0.00
 1006,  19.197,        0.,        0.00,    0.00,        0.00
 1007,  19.217,        0.,        0.00,    0.00,        0.00
 1008,  19.237,        0.,        0.00,    0.00,        0.00
 1009,  19.257,        0.,        0.00,    0.00,        0.00
 1010,  19.277,        0.,        0.00,    0.00,        0.00
 1011,  19.297,        0.,        0.00,    0.00,        0.00
 1012,  19.317,        0.,        0.00,    0.00,        0.00
 1013,  19.337,        0.,        0.00,    0.00,        0.00
 1014,  19.357,        0.,        0.00,    0.00,        0.00
 1015,  19.377,        0.,        0.00,    0.00,        0.00
 1016,  19.397,        0.,        0.00,    0.00,        0.00
 1017,  19.417,        0.,        0.00,    0.00,        0.00
 1018,  19.438,        0.,        0.00,    0.00,        0.00
 1019,  19.458,        0.,        0.00,    0.00,        0.00
 1020,  19.478,        0.,        0.00,    0.00,        0.00
 1021,  19.498,        0.,        0.00,    0.00,        0.00
 1022,  19.518,        0.,        0.00,    0.00,        0.00
 1023,  19.538,        0.,        0.00,    0.00,        0.00
 1024,  19.558,        0.,        0.00,    0.00,        0.00
 1025,  19.578,        0.,        0.00,    0.00,        0.00
 1026,  19.598,        0.,        0.00,    0.00,        0.00
 1027,  19.618,        0.,        0.00,    0.00,        0.00
 1028,  19.638,        0.,        0.00,    0.00,        0.00
 1029,  19.658,        0.,        0.00,    0.00,        0.00
 1030,  19.678,        0.,        0.00,    0.00,        0.00
 1031,  19.698,        0.,        0.00,   -0.10,        0.00
 1032,  19.718,        0.,        0.00,   -0.10,        0.00
 1033,  19.738,        0.,        0.00,   -0.10,        0.00
 1034,  19.758,        0.,        0.00,   -0.10,        0.00
 1035,  19.778,        0.,        0.00,   -0.10,        0.00
 1036,  19.799,        0.,        0.00,    0.09,        0.00
 1037,  19.819,        0.,        0.00,    0.09,        0.00
 1038,  19.839,        0.,        0.00,   -0.01,        0.00
 1039,  19.859,        0.,        0.00,   -0.01,        0.00
 1040,  19.879,        0.,        0.00,   -0.01,        0.00
 1041,  19.899,        1.,        0.00,   -0.01,        1.00
 1042,  19.919,        0.,        0.00,   -0.01,        0.00
 1043,  19.939,        0.,        0.00,    0.18,        0.00
 1044,  19.959,        0.,        0.00,    0.18,        0.00
 1045,  19.979,        0.,        0.00,    0.18,        0.00
 1046,  19.999,        0.,        0.00,    0.18,        0.00
 1047,  20.019,        0.,        0.00,   -0.01,        0.00
 1048,  20.039,        1.,        0.00,   -0.01,        1.00
 1049,  20.059,        0.,        0.00,   -0.01,        0.00
 1050,  20.079,        0.,        0.00,   -0.01,        0.00
 1051,  20.099,        0.,        0.00,   -0.01,        0.00
 1052,  20.119,        0.,        0.00,    0.09,        0.00
 1053,  20.139,        0.,        0.00,    0.09,        0.00
 1054,  20.160,        0.,        0.00,   -0.10,        0.00
 1055,  20.180,        0.,        0.00,   -0.10,        0.00
 1056,  20.200,        0.,        0.00,   -0.10,        0.00
 1057,  20.220,        0.,        0.00,   -0.10,        0.00
 1058,  20.240,        0.,        0.00,   -0.10,        0.00
 1059,  20.260,        0.,        0.00,    0.00,        0.00
 1060,  20.280,        0.,        0.00,    0.00,        0.00
 1061,  20.300,        0.,        0.00,    0.00,        0.00
 1062,  20.320,        0.,        0.00,    0.00,        0.00
 1063,  20.340,        0.,        0.00,    0.00,        0.00
 1064,  20.360,        0.,        0.00,    0.00,        0.00
 1065,  20.380,        0.,        0.00,    0.00,        0.00
 1066,  20.400,        0.,        0.00,    0.00,        0.00
 1067,  20.420,        0.,        0.00,    0.00,        0.00
 1068,  20.440,        0.,        0.00,    0.00,        0.00
 1069,  20.460,        0.,        0.00,    0.00,        0.00
 1070,  20.480,        0.,        0.00,    0.00,        0.00
 1071,  20.500,        0.,        0.00,    0.00,        0.00
 1072,  20.521,        0.,        0.00,    0.00,        0.00
 1073,  20.541,        0.,        0.00,    0.00,        0.00
 1074,  20.561,        0.,        0.00,    0.00,        0.00
 1075,  20.581,        0.,        0.00,    0.00,        0.00
 1076,  20.601,        0.,        0.00,    0.00,        0.00
 1077,  20.621,        0.,        0.00,    0.00,        0.00
 1078,  20.641,        0.,        0.00,    0.00,        0.00
 1079,  20.661,        0.,        0.00,    0.00,        0.00
 1080,  20.681,        0.,        0.00,    0.00,        0.00
 1081,  20.701,        0.,        0.00,    0.00,        0.00
 1082,  20.721,        0.,        0.00,    0.00,        0.00
 1083,  20.741,        0.,        0.00,    0.00,        0.00
 1084,  20.761,        0.,        0.00,    0.00,        0.00
 1085,  20.781,        0.,        0.00,    0.00,        0.00
 1086,  20.801,        0.,        0.00,    0.00,        0.00
 1087,  20.821,        0.,        0.00,    0.00,        0.00
 1088,  20.841,        0.,        0.00,    0.00,        0.00
 1089,  20.861,        0.,        0.00,    0.00,        0.00
 1090,  20.882,        0.,        0.00,    0.00,        0.00
 1091,  20.902,        0.,        0.00,    0.00,        0.00
 1092,  20.922,        0.,        0.00,    0.00,        0.00
 1093,  20.942,        0.,        0.00,    0.00,        0.00
 1094,  20.962,        0.,        0.00,    0.00,        0.00
 1095,  20.982,        0.,        0.00,    0.00,        0.00
 1096,  21.002,        0.,        0.00,    0.00,        0.00
 1097,  21.022,        0.,        0.00,    0.00,        0.00
 1098,  21.042,        0.,        0.00,    0.00,        0.00
 1099,  21.062,        0.,        0.00,    0.00,        0.00
 1100,  21.082,        0.,        0.00,    0.00,        0.00
 1101,  21.102,        0.,        0.00,    0.00,        0.00
 1102,  21.122,        0.,        0.00,    0.00,        0.00
 1103,  21.142,        0.,        0.00,    0.00,        0.00
 1104,  21.162,        0.,        0.00,    0.00,        0.00
 1105,  21.182,        0.,        0.00,    0.00,        0.00
 1106,  21.202,        0.,        0.00,    0.00,        0.00
 1107,  21.222,        0.,        0.00,    0.00,        0.00
 1108,  21.243,        0.,        0.00,    0.00,        0.00
 1109,  21.263,        0.,        0.00,    0.00,        0.00
 1110,  21.283,        0.,        0.00,    0.00,        0.00
 1111,  21.303,        0.,        0.00,    0.00,        0.00
 1112,  21.323,        0.,        0.00,    0.00,        0.00
 1113,  21.343,        0.,        0.00,    0.00,        0.00
 1114,  21.363,        0.,        0.00,    0.00,        0.00
 1115,  21.383,        0.,        0.00,    0.00,        0.00
 1116,  21.403,        0.,        0.00,    0.00,        0.00
 1117,  21.423,        0.,        0.00,    0.00,        0.00
 1118,  21.443,        0.,        0.00,    0.00,        0.00
 1119,  21.463,        0.,        0.00,    0.00,        0.00
 1120,  21.483,        0.,        0.00,    0.00,        0.00
 1121,  21.503,        0.,        0.00,    0.00,        0.00
 1122,  21.523,        0.,        0.00,    0.00,        0.00
 1123,  21.543,        0.,        0.00,    0.00,        0.00
 1124,  21.563,        0.,        0.00,    0.00,        0.00
 1125,  21.583,        0.,        0.00,    0.00,        0.00
 1126,  21.604,        0.,        0.00,    0.00,        0.00
 1127,  21.624,        0.,        0.00,    0.00,        0.00
 1128,  21.644,        0.,        0.00,    0.00,        0.00
 1129,  21.664,        0.,        0.00,    0.00,        0.00
 1130,  21.684,        0.,        0.00,    0.00,        0.00
 1131,  21.704,        0.,        0.00,    0.00,        0.00
 1132,  21.724,        0.,        0.00,    0.00,        0.00
 1133,  21.744,        0.,        0.00,    0.00,        0.00
 1134,  21.764,        0.,        0.00,    0.00,        0.00
 1135,  21.784,        0.,        0.00,    0.00,        0.00
 1136,  21.804,        0.,        0.00,    0.00,        0.00
 1137,  21.824,        0.,        0.00,    0.00,        0.00
 1138,  21.844,        0.,        0.00,    0.00,        0.00
 1139,  21.864,        0.,        0.00,    0.00,        0.00
 1140,  21.884,        0.,        0.00,    0.00,        0.00
 1141,  21.904,        0.,        0.00,    0.00,        0.00
 1142,  21.924,        0.,        0.00,    0.00,        0.00
 1143,  21.944,        0.,        0.00,    0.00,        0.00
 1144,  21.965,        0.,        0.00,    0.00,        0.00
 1145,  21.985,        0.,        0.00,    0.00,        0.00
 1146,  22.005,        0.,        0.00,    0.00,        0.00
 1147,  22.025,        0.,        0.00,    0.00,        0.00
 1148,  22.045,        0.,        0.00,    0.00,        0.00
 1149,  22.065,        0.,        0.00,    0.00,        0.00
 1150,  22.085,        0.,        0.00,    0.00,        0.00
 1151,  22.105,        0.,        0.00,    0.00,        0.00
 1152,  22.125,        0.,        0.00,    0.00,        0.00
 1153,  22.145,        0.,        0.00,    0.00,        0.00
 1154,  22.165,        0.,        0.00,    0.00,        0.00
 1155,  22.185,        0.,        0.00,    0.00,        0.00
 1156,  22.205,        0.,        0.00,    0.00,        0.00
 1157,  22.225,        0.,        0.00,    0.00,        0.00
 1158,  22.245,        0.,        0.00,    0.00,        0.00
 1159,  22.265,        0.,        0.00,    0.00,        0.00
 1160,  22.285,        0.,        0.00,    0.00,        0.00
 1161,  22.305,        0.,        0.00,    0.00,        0.00
 1162,  22.326,        0.,        0.00,    0.00,        0.00
 1163,  22.346,        0.,        0.00,    0.00,        0.00
 1164,  22.366,        0.,        0.00,    0.00,        0.00
 1165,  22.386,        0.,        0.00,    0.00,        0.00
 1166,  22.406,        0.,        0.00,    0.00,        0.00
 1167,  22.426,        0.,        0.00,    0.00,        0.00
 1168,  22.446,        0.,        0.00,    0.00,        0.00
 1169,  22.466,        0.,        0.00,    0.00,        0.00
 1170,  22.486,        0.,        0.00,    0.00,        0.00
 1171,  22.506,        0.,        0.00,    0.00,        0.00
 1172,  22.526,        0.,        0.00,    0.00,        0.00
 1173,  22.546,        0.,        0.00,    0.00,        0.00
 1174,  22.566,        0.,        0.00,    0.00,        0.00
 1175,  22.586,        0.,        0.00,    0.00,        0.00
 1176,  22.606,        0.,        0.00,    0.00,        0.00
 1177,  22.626,        0.,        0.00,    0.00,        0.00
 1178,  22.646,        0.,        0.00,    0.00,        0.00
 1179,  22.666,        0.,        0.00,    0.00,        0.00
 1180,  22.687,        0.,        0.00,    0.00,        0.00
 1181,  22.707,        0.,        0.00,    0.00,        0.00
 1182,  22.727,        0.,        0.00,    0.00,        0.00
 1183,  22.747,        0.,        0.00,    0.00,        0.00
 1184,  22.767,        0.,        0.00,    0.00,        0.00
 1185,  22.787,        0.,        0.00,    0.00,        0.00
 1186,  22.807,        0.,        0.00,    0.00,        0.00
 1187,  22.827,        0.,        0.00,    0.00,        0.00
 1188,  22.847,        0.,        0.00,    0.00,        0.00
 1189,  22.867,        0.,        0.00,    0.00,        0.00
 1190,  22.887,        0.,        0.00,    0.00,        0.00
 1191,  22.907,        0.,        0.00,    0.00,        0.00
 1192,  22.927,        0.,        0.00,    0.00,        0.00
 1193,  22.947,        0.,        0.00,    0.00,        0.00
 1194,  22.967,        0.,        0.00,    0.00,        0.00
 1195,  22.987,        0.,        0.00,    0.00,        0.00
 1196,  23.007,        0.,        0.00,    0.00,        0.00
 1197,  23.027,        0.,        0.00,    0.00,        0.00
 1198,  23.048,        0.,        0.00,    0.00,        0.00
 1199,  23.068,        0.,        0.00,    0.00,        0.00
 1200,  23.088,        0.,        0.00,    0.00,        0.00
 1201,  23.108,        0.,        0.00,    0.00,        0.00
 1202,  23.128,        0.,        0.00,    0.00,        0.00
 1203,  23.148,        0.,        0.00,    0.00,        0.00
 1204,  23.168,        0.,        0.00,    0.00,        0.00
 1205,  23.188,        0.,        0.00,    0.00,        0.00
 1206,  23.208,        0.,        0.00,    0.00,        0.00
 1207,  23.228,        0.,        0.00,    0.00,        0.00
 1208,  23.248,        0.,        0.00,    0.00,        0.00
 1209,  23.268,        0.,        0.00,    0.00,        0.00
 1210,  23.288,        0.,        0.00,    0.00,        0.00
 1211,  23.308,        0.,        0.00,    0.00,        0.00
 1212,  23.328,        0.,        0.00,    0.00,        0.00
 1213,  23.348,        0.,        0.00,    0.00,        0.00
 1214,  23.368,        0.,        0.00,    0.00,        0.00
 1215,  23.388,        0.,        0.00,    0.00,        0.00
 1216,  23.409,        0.,        0.00,    0.00,        0.00
 1217,  23.429,        0.,        0.00,    0.00,        0.00
 1218,  23.449,        0.,        0.00,    0.00,        0.00
 1219,  23.469,        0.,        0.00,    0.00,        0.00
 1220,  23.489,        0.,        0.00,    0.00,        0.00
 1221,  23.509,        0.,        0.00,    0.00,        0.00
 1222,  23.529,        0.,        0.00,    0.00,        0.00
 1223,  23.549,        0.,        0.00,    0.00,        0.00
 1224,  23.569,        0.,        0.00,    0.00,        0.00
 1225,  23.589,        0.,        0.00,    0.00,        0.00
 1226,  23.609,        0.,        0.00,    0.00,        0.00
 1227,  23.629,        0.,        0.00,    0.00,        0.00
 1228,  23.649,        0.,        0.00,    0.00,        0.00
 1229,  23.669,        0.,        0.00,    0.00,        0.00
 1230,  23.689,        0.,        0.00,    0.00,        0.00
 1231,  23.709,        0.,        0.00,    0.00,        0.00
 1232,  23.729,        0.,        0.00,    0.00,        0.00
 1233,  23.749,        0.,        0.00,    0.00,        0.00
 1234,  23.770,        0.,        0.00,    0.00,        0.00
 1235,  23.790,        0.,        0.00,    0.00,        0.00
 1236,  23.810,        0.,        0.00,    0.00,        0.00
 1237,  23.830,        0.,        0.00,    0.00,        0.00
 1238,  23.850,        0.,        0.00,    0.00,        0.00
 1239,  23.870,        0.,        0.00,    0.00,        0.00
 1240,  23.890,        0.,        0.00,    0.00,        0.00
 1241,  23.910,        0.,        0.00,    0.00,        0.00
 1242,  23.930,        0.,        0.00,    0.00,        0.00
 1243,  23.950,        0.,        0.00,    0.00,        0.00
 1244,  23.970,        0.,        0.00,    0.00,        0.00
 1245,  23.990,        0.,        0.00,    0.00,        0.00
 1246,  24.010,        0.,        0.00,    0.00,        0.00
 1247,  24.030,        0.,        0.00,    0.00,        0.00
 1248,  24.050,        0.,        0.00,    0.00,        0.00
 1249,  24.070,        0.,        0.00,    0.00,        0.00
 1250,  24.090,        0.,        0.00,    0.00,        0.00
 1251,  24.110,        0.,        0.00,    0.00,        0.00
 1252,  24.131,        0.,        0.00,    0.00,        0.00
 1253,  24.151,        0.,        0.00,    0.00,        0.00
 1254,  24.171,        0.,        0.00,    0.00,        0.00
 1255,  24.191,        0.,        0.00,    0.00,        0.00
 1256,  24.211,        0.,        0.00,    0.00,        0.00
 1257,  24.231,        0.,        0.00,    0.00,        0.00
 1258,  24.251,        0.,        0.00,    0.00,        0.00
 1259,  24.271,        0.,        0.00,    0.00,        0.00
 1260,  24.291,        0.,        0.00,    0.00,        0.00
 1261,  24.311,        0.,        0.00,    0.00,        0.00
 1262,  24.331,        0.,        0.00,    0.00,        0.00
 1263,  24.351,        0.,        0.00,    0.00,        0.00
 1264,  24.371,        0.,        0.00,    0.00,        0.00
 1265,  24.391,        0.,        0.00,    0.00,        0.00
 1266,  24.411,        0.,        0.00,    0.00,        0.00
 1267,  24.431,        0.,        0.00,    0.00,        0.00
 1268,  24.451,        0.,        0.00,    0.00,        0.00
 1269,  24.471,        0.,        0.00,    0.00,        0.00
 1270,  24.492,        0.,        0.00,    0.00,        0.00
 1271,  24.512,        0.,        0.00,    0.00,        0.00
 1272,  24.532,        0.,        0.00,    0.00,        0.00
 1273,  24.552,        0.,        0.00,    0.00,        0.00
 1274,  24.572,        0.,        0.00,    0.00,        0.00
 1275,  24.592,        0.,        0.00,    0.00,        0.00
 1276,  24.612,        0.,        0.00,    0.00,        0.00
 1277,  24.632,        0.,        0.00,    0.00,        0.00
 1278,  24.652,        0.,        0.00,    0.00,        0.00
 1279,  24.672,        0.,        0.00,    0.00,        0.00
 1280,  24.692,        0.,        0.00,    0.00,        0.00
 1281,  24.712,        0.,        0.00,    0.00,        0.00
 1282,  24.732,        0.,        0.00,    0.00,        0.00
 1283,  24.752,        0.,        0.00,    0.00,        0.00
 1284,  24.772,        0.,        0.00,    0.00,        0.00
 1285,  24.792,        0.,        0.00,    0.00,        0.00
 1286,  24.812,        0.,        0.00,    0.00,        0.00
 1287,  24.832,        0.,        0.00,    0.00,        0.00
 1288,  24.853,        0.,        0.00,    0.00,        0.00
 1289,  24.873,        0.,        0.00,    0.00,        0.00
 1290,  24.893,        0.,        0.00,    0.00,        0.00
 1291,  24.913,        0.,        0.00,    0.00,        0.00
 1292,  24.933,        0.,        0.00,    0.00,        0.00
 1293,  24.953,        0.,        0.00,    0.00,        0.00
 1294,  24.973,        0.,        0.00,    0.00,        0.00
 1295,  24.993,        0.,        0.00,    0.00,        0.00
 1296,  25.013,        0.,        0.00,    0.00,        0.00
 1297,  25.033,        0.,        0.00,    0.00,        0.00
 1298,  25.053,        0.,        0.00,    0.00,        0.00
 1299,  25.073,        0.,        0.00,    0.00,        0.00
 1300,  25.093,        0.,        0.00,    0.00,        0.00
