 File:An·lise amostras  Solution Type:Thick  fitting 1231 channels (  70-1300)
 Channel#, E(keV),   Data,        Fit, Residual,    Data-Fit
   70,   0.423,     4920.,        1.30,    0.01,     4918.70
   71,   0.443,     4674.,        1.93,    0.00,     4672.07
   72,   0.463,     4540.,        2.77,   -0.01,     4537.23
   73,   0.483,     4490.,        3.81,   -0.02,     4486.19
   74,   0.503,     4316.,        4.99,   -0.05,     4311.01
   75,   0.523,     4184.,        6.11,   -0.06,     4177.89
   76,   0.543,     4164.,        6.94,   -0.08,     4157.06
   77,   0.563,     4041.,        7.25,   -0.08,     4033.75
   78,   0.583,     3940.,        6.95,   -0.09,     3933.05
   79,   0.604,     3830.,        6.11,   -0.09,     3823.89
   80,   0.624,     3900.,        4.94,   -0.08,     3895.06
   81,   0.644,     3727.,        3.74,   -0.07,     3723.26
   82,   0.664,     3723.,        2.78,   -0.04,     3720.22
   83,   0.684,     3719.,        2.20,    0.00,     3716.80
   84,   0.704,     3651.,        2.06,   -0.02,     3648.94
   85,   0.724,     3636.,        2.42,    0.02,     3633.58
   86,   0.744,     3629.,        3.34,    0.00,     3625.66
   87,   0.764,     3459.,        4.91,   -0.04,     3454.09
   88,   0.784,     3534.,        7.35,   -0.04,     3526.65
   89,   0.804,     3400.,       10.45,   -0.09,     3389.55
   90,   0.824,     3351.,       13.96,   -0.13,     3337.04
   91,   0.844,     3390.,       17.41,   -0.10,     3372.59
   92,   0.864,     3359.,       20.36,   -0.13,     3338.64
   93,   0.885,     3380.,       22.62,   -0.05,     3357.38
   94,   0.905,     3322.,       24.45,    0.00,     3297.55
   95,   0.925,     3309.,       26.57,   -0.01,     3282.43
   96,   0.945,     3394.,       29.76,    0.03,     3364.24
   97,   0.965,     3311.,       34.49,   -0.01,     3276.51
   98,   0.985,     3254.,       40.66,    0.03,     3213.34
   99,   1.005,     3280.,       47.45,    0.00,     3232.55
  100,   1.025,     3250.,       53.68,   -0.08,     3196.32
  101,   1.045,     3333.,       58.08,   -0.11,     3274.92
  102,   1.065,     3198.,       59.86,   -0.12,     3138.14
  103,   1.085,     3221.,       58.42,   -0.19,     3162.58
  104,   1.105,     3250.,       53.93,   -0.14,     3196.07
  105,   1.125,     3197.,       46.95,   -0.11,     3150.05
  106,   1.145,     3185.,       38.41,   -0.02,     3146.59
  107,   1.166,     3177.,       29.45,    0.12,     3147.55
  108,   1.186,     3272.,       21.09,    0.04,     3250.91
  109,   1.206,     3202.,       14.17,    0.10,     3187.83
  110,   1.226,     3246.,        8.92,    0.02,     3237.08
  111,   1.246,     3130.,        5.26,   -0.11,     3124.74
  112,   1.266,     3154.,        2.92,   -0.17,     3151.08
  113,   1.286,     3108.,        1.60,   -0.25,     3106.40
  114,   1.306,     3102.,        0.96,   -0.41,     3101.04
  115,   1.326,     3205.,        0.72,   -0.31,     3204.28
  116,   1.346,     3184.,        0.87,   -0.25,     3183.13
  117,   1.366,     3193.,        1.41,   -0.09,     3191.59
  118,   1.386,     3295.,        2.32,    0.19,     3292.68
  119,   1.406,     3207.,        3.67,    0.35,     3203.33
  120,   1.426,     3265.,        5.41,    0.46,     3259.59
  121,   1.447,     3289.,        7.40,    0.50,     3281.60
  122,   1.467,     3340.,        9.41,    0.31,     3330.59
  123,   1.487,     3274.,       11.08,    0.31,     3262.92
  124,   1.507,     3288.,       12.12,    0.13,     3275.88
  125,   1.527,     3250.,       12.43,    0.10,     3237.57
  126,   1.547,     3195.,       12.17,   -0.05,     3182.83
  127,   1.567,     3209.,       11.96,   -0.32,     3197.04
  128,   1.587,     3268.,       13.01,   -0.58,     3254.99
  129,   1.607,     3255.,       17.62,   -0.65,     3237.38
  130,   1.627,     3201.,       29.90,   -0.36,     3171.10
  131,   1.647,     3321.,       56.56,    0.02,     3264.44
  132,   1.667,     3280.,      108.03,    0.70,     3171.97
  133,   1.687,     3451.,      198.69,    0.56,     3252.31
  134,   1.707,     3646.,      347.84,    0.25,     3298.16
  135,   1.728,     4076.,      580.99,   -0.59,     3495.01
  136,   1.748,     4130.,      934.70,   -1.21,     3195.30
  137,   1.768,     4646.,     1464.57,   -1.74,     3181.43
  138,   1.788,     5352.,     2253.17,   -1.76,     3098.83
  139,   1.808,     6504.,     3408.38,   -1.47,     3095.62
  140,   1.828,     8300.,     5037.94,   -0.75,     3262.06
  141,   1.848,    10716.,     7193.63,    0.26,     3522.37
  142,   1.868,    13688.,     9796.65,    1.06,     3891.35
  143,   1.888,    16672.,    12581.02,    1.75,     4090.98
  144,   1.908,    19456.,    15103.54,    2.01,     4352.46
  145,   1.928,    20888.,    16846.07,    1.78,     4041.93
  146,   1.948,    21232.,    17385.67,    0.99,     3846.33
  147,   1.968,    20312.,    16559.05,    0.02,     3752.95
  148,   1.988,    18040.,    14533.71,   -1.06,     3506.29
  149,   2.009,    15120.,    11748.11,   -1.70,     3371.89
  150,   2.029,    12104.,     8750.49,   -1.84,     3353.51
  151,   2.049,     9536.,     6021.22,   -1.88,     3514.78
  152,   2.069,     7554.,     3857.62,   -1.39,     3696.38
  153,   2.089,     6350.,     2354.27,   -0.56,     3995.73
  154,   2.109,     5406.,     1456.99,    0.44,     3949.01
  155,   2.129,     5142.,     1042.17,    1.33,     4099.83
  156,   2.149,     5170.,      980.07,    1.98,     4189.93
  157,   2.169,     5498.,     1162.58,    1.50,     4335.42
  158,   2.189,     5834.,     1502.26,    1.15,     4331.74
  159,   2.209,     6262.,     1917.76,    0.91,     4344.24
  160,   2.229,     6420.,     2323.59,    0.51,     4096.41
  161,   2.249,     6956.,     2633.39,   -0.27,     4322.61
  162,   2.269,     7188.,     2776.05,   -0.34,     4411.95
  163,   2.290,     7084.,     2715.56,   -0.71,     4368.44
  164,   2.310,     6794.,     2462.54,   -0.31,     4331.46
  165,   2.330,     6676.,     2070.33,    0.50,     4605.67
  166,   2.350,     6068.,     1615.76,    0.70,     4452.24
  167,   2.370,     5634.,     1174.60,    0.98,     4459.40
  168,   2.390,     5464.,      801.99,    1.00,     4662.01
  169,   2.410,     5116.,      525.03,   -0.22,     4590.97
  170,   2.430,     4990.,      346.85,   -0.35,     4643.15
  171,   2.450,     4886.,      257.24,   -0.01,     4628.76
  172,   2.470,     4644.,      243.83,    0.26,     4400.17
  173,   2.490,     4864.,      297.47,   -0.23,     4566.53
  174,   2.510,     5144.,      411.60,   -0.33,     4732.40
  175,   2.530,     5318.,      577.28,   -0.66,     4740.72
  176,   2.550,     5564.,      776.90,   -0.80,     4787.10
  177,   2.571,     5722.,      980.79,   -0.18,     4741.21
  178,   2.591,     5870.,     1150.99,    0.06,     4719.01
  179,   2.611,     6042.,     1250.96,   -0.28,     4791.04
  180,   2.631,     6100.,     1257.87,   -0.81,     4842.13
  181,   2.651,     5970.,     1170.97,   -1.63,     4799.03
  182,   2.671,     5918.,     1012.03,   -1.95,     4905.97
  183,   2.691,     5742.,      817.47,   -1.68,     4924.53
  184,   2.711,     5562.,      625.45,   -1.39,     4936.55
  185,   2.731,     5512.,      464.47,   -1.29,     5047.52
  186,   2.751,     5440.,      347.39,   -1.00,     5092.61
  187,   2.771,     5474.,      272.14,   -1.38,     5201.86
  188,   2.791,     5526.,      227.25,   -1.73,     5298.75
  189,   2.811,     5558.,      198.54,   -1.56,     5359.46
  190,   2.831,     5588.,      174.56,   -2.14,     5413.44
  191,   2.851,     5636.,      148.93,   -1.52,     5487.07
  192,   2.872,     5648.,      120.43,   -1.34,     5527.57
  193,   2.892,     5792.,       91.10,   -1.70,     5700.90
  194,   2.912,     5800.,       64.07,   -1.04,     5735.93
  195,   2.932,     6064.,       41.76,   -1.54,     6022.24
  196,   2.952,     6136.,       25.28,   -1.81,     6110.72
  197,   2.972,     6200.,       14.51,   -1.27,     6185.49
  198,   2.992,     6412.,        8.71,   -2.04,     6403.29
  199,   3.012,     6330.,        7.29,   -2.26,     6322.71
  200,   3.032,     6556.,       10.80,   -2.93,     6545.20
  201,   3.052,     6820.,       21.23,   -4.62,     6798.77
  202,   3.072,     6716.,       42.59,   -6.56,     6673.41
  203,   3.092,     7154.,       80.70,   -9.31,     7073.30
  204,   3.112,     7492.,      142.19,  -11.08,     7349.81
  205,   3.132,     7646.,      232.19,  -12.56,     7413.81
  206,   3.153,     7970.,      351.11,  -13.82,     7618.89
  207,   3.173,     8560.,      491.60,  -11.61,     8068.40
  208,   3.193,     9016.,      637.28,   -9.20,     8378.72
  209,   3.213,     9728.,      764.91,   -5.96,     8963.09
  210,   3.233,    10420.,      850.02,   -1.12,     9569.98
  211,   3.253,    11456.,      874.58,    2.31,    10581.42
  212,   3.273,    11928.,      833.26,    4.04,    11094.74
  213,   3.293,    12484.,      735.54,    4.87,    11748.46
  214,   3.313,    13016.,      603.30,    4.03,    12412.70
  215,   3.333,    13016.,      466.49,    2.76,    12549.51
  216,   3.353,    12848.,      363.84,    1.92,    12484.16
  217,   3.373,    13164.,      360.57,    2.10,    12803.43
  218,   3.393,    13628.,      604.59,    1.87,    13023.41
  219,   3.413,    15072.,     1458.92,    0.81,    13613.08
  220,   3.434,    17880.,     3768.49,   -1.42,    14111.51
  221,   3.454,    24224.,     9326.73,   -4.47,    14897.27
  222,   3.474,    36944.,    21564.67,   -7.36,    15379.33
  223,   3.494,    62192.,    46345.24,   -9.71,    15846.76
  224,   3.514,   107424.,    92489.68,  -10.80,    14934.32
  225,   3.534,   185408.,   171369.91,  -10.36,    14038.09
  226,   3.554,   309248.,   294794.81,   -8.50,    14453.19
  227,   3.574,   488832.,   470809.38,   -4.98,    18022.63
  228,   3.594,   725760.,   698075.31,   -0.54,    27684.69
  229,   3.614,  1005312.,   960911.06,    4.64,    44400.94
  230,   3.634,  1288704.,  1227959.63,    9.81,    60744.38
  231,   3.654,  1533952.,  1456821.50,   13.89,    77130.50
  232,   3.674,  1688576.,  1604535.38,   16.57,    84040.63
  233,   3.694,  1726464.,  1640627.13,   17.23,    85836.88
  234,   3.715,  1634816.,  1557416.75,   15.49,    77399.25
  235,   3.735,  1433088.,  1372663.13,   11.93,    60424.88
  236,   3.755,  1167872.,  1123577.25,    7.00,    44294.75
  237,   3.775,   884992.,   854782.44,    1.93,    30209.56
  238,   3.795,   623616.,   605831.69,   -2.69,    17784.31
  239,   3.815,   414336.,   402947.38,   -6.20,    11388.63
  240,   3.835,   263680.,   256984.48,   -8.24,     6695.52
  241,   3.855,   171264.,   166478.80,   -9.05,     4785.20
  242,   3.875,   124480.,   122864.39,   -9.10,     1615.61
  243,   3.895,   114720.,   115079.91,   -8.56,     -359.91
  244,   3.915,   128160.,   132157.80,   -8.36,    -3997.80
  245,   3.935,   157568.,   163916.70,   -9.19,    -6348.70
  246,   3.955,   190336.,   200773.80,  -11.67,   -10437.80
  247,   3.975,   220544.,   233752.92,  -15.80,   -13208.92
  248,   3.996,   242048.,   255213.17,  -19.84,   -13165.17
  249,   4.016,   245760.,   260098.66,  -21.69,   -14338.66
  250,   4.036,   233664.,   247029.17,  -20.80,   -13365.17
  251,   4.056,   205632.,   218488.95,  -17.18,   -12856.95
  252,   4.076,   169472.,   179902.55,  -11.39,   -10430.55
  253,   4.096,   129856.,   137872.42,   -6.00,    -8016.42
  254,   4.116,    93056.,    98329.67,   -0.10,    -5273.67
  255,   4.136,    62016.,    65255.35,    4.75,    -3239.35
  256,   4.156,    38864.,    40294.48,    8.99,    -1430.48
  257,   4.176,    22792.,    23150.25,   12.77,     -358.25
  258,   4.196,    12672.,    12374.75,   15.40,      297.25
  259,   4.216,     6950.,     6154.49,   17.09,      795.51
  260,   4.236,     3492.,     2848.47,   17.47,      643.53
  261,   4.256,     2011.,     1228.07,   16.72,      782.93
  262,   4.277,     1149.,      495.57,   14.94,      653.43
  263,   4.297,      741.,      191.69,   12.39,      549.31
  264,   4.317,      624.,       79.41,    8.03,      544.59
  265,   4.337,      530.,       48.73,    4.52,      481.27
  266,   4.357,      543.,       54.02,   -0.06,      488.98
  267,   4.377,      498.,       78.66,   -3.59,      419.34
  268,   4.397,      515.,      116.76,   -3.53,      398.24
  269,   4.417,      569.,      164.75,   -4.32,      404.25
  270,   4.437,      585.,      218.04,   -2.34,      366.96
  271,   4.457,      619.,      269.84,   -1.55,      349.16
  272,   4.477,      652.,      311.96,   -1.39,      340.04
  273,   4.497,      667.,      337.02,   -0.69,      329.98
  274,   4.517,      643.,      340.51,   -1.70,      302.49
  275,   4.537,      630.,      322.15,   -1.45,      307.85
  276,   4.558,      551.,      286.08,   -1.12,      264.92
  277,   4.578,      505.,      239.39,   -1.04,      265.61
  278,   4.598,      386.,      189.96,   -1.46,      196.04
  279,   4.618,      367.,      144.30,   -1.58,      222.70
  280,   4.638,      344.,      106.48,   -2.33,      237.52
  281,   4.658,      304.,       77.77,   -1.97,      226.23
  282,   4.678,      237.,       57.64,   -2.43,      179.36
  283,   4.698,      236.,       44.55,   -1.23,      191.45
  284,   4.718,      214.,       36.90,   -0.85,      177.10
  285,   4.738,      208.,       33.47,   -2.21,      174.53
  286,   4.758,      187.,       33.41,   -3.10,      153.59
  287,   4.778,      200.,       36.14,   -3.26,      163.86
  288,   4.798,      200.,       41.11,   -2.47,      158.89
  289,   4.818,      182.,       47.68,   -1.49,      134.32
  290,   4.839,      202.,       55.18,   -0.26,      146.82
  291,   4.859,      211.,       62.80,    0.49,      148.20
  292,   4.879,      227.,       69.81,    0.34,      157.19
  293,   4.899,      233.,       75.33,    0.47,      157.67
  294,   4.919,      247.,       78.83,    1.89,      168.17
  295,   4.939,      222.,       79.80,    1.35,      142.20
  296,   4.959,      183.,       78.32,    0.92,      104.68
  297,   4.979,      214.,       74.32,    0.57,      139.68
  298,   4.999,      209.,       68.38,   -0.48,      140.62
  299,   5.019,      175.,       60.86,   -1.82,      114.14
  300,   5.039,      141.,       52.45,   -3.40,       88.55
  301,   5.059,      178.,       43.87,   -1.51,      134.13
  302,   5.079,      143.,       35.69,   -1.66,      107.31
  303,   5.099,      151.,       28.45,   -0.72,      122.55
  304,   5.120,       98.,       22.53,    0.28,       75.47
  305,   5.140,      153.,       18.31,    1.46,      134.69
  306,   5.160,      112.,       15.85,    0.26,       96.15
  307,   5.180,      147.,       14.89,    0.74,      132.11
  308,   5.200,      119.,       15.15,   -0.84,      103.85
  309,   5.220,      129.,       16.26,   -0.03,      112.74
  310,   5.240,       99.,       17.49,   -1.95,       81.51
  311,   5.260,      122.,       18.53,   -0.57,      103.47
  312,   5.280,       93.,       19.10,   -2.14,       73.90
  313,   5.300,      114.,       19.08,   -1.52,       94.92
  314,   5.320,      116.,       18.69,   -1.99,       97.31
  315,   5.340,      130.,       18.15,   -0.25,      111.85
  316,   5.360,      108.,       17.82,   -0.46,       90.18
  317,   5.380,      117.,       18.03,    1.19,       98.97
  318,   5.401,      131.,       18.96,    0.63,      112.04
  319,   5.421,      131.,       20.72,    0.42,      110.28
  320,   5.441,      118.,       23.21,   -0.21,       94.79
  321,   5.461,      126.,       26.46,   -0.23,       99.54
  322,   5.481,      110.,       30.40,   -0.84,       79.60
  323,   5.501,      134.,       35.21,   -1.21,       98.79
  324,   5.521,      147.,       40.85,   -0.43,      106.15
  325,   5.541,      136.,       47.29,   -0.06,       88.71
  326,   5.561,      155.,       54.28,    0.16,      100.72
  327,   5.581,      161.,       61.04,    1.57,       99.96
  328,   5.601,      194.,       67.05,    0.78,      126.95
  329,   5.621,      174.,       71.18,    0.37,      102.82
  330,   5.641,      175.,       73.47,    0.79,      101.53
  331,   5.661,      186.,       74.51,   -0.06,      111.49
  332,   5.681,      167.,       76.50,   -0.75,       90.50
  333,   5.702,      172.,       82.83,   -0.24,       89.17
  334,   5.722,      206.,       97.66,    0.03,      108.34
  335,   5.742,      207.,      125.54,   -0.07,       81.46
  336,   5.762,      252.,      169.70,    0.04,       82.30
  337,   5.782,      371.,      231.19,    0.20,      139.81
  338,   5.802,      406.,      307.25,    0.20,       98.75
  339,   5.822,      498.,      390.99,   -0.29,      107.01
  340,   5.842,      588.,      471.95,    0.27,      116.05
  341,   5.862,      632.,      537.76,    0.81,       94.24
  342,   5.882,      666.,      577.34,   -0.26,       88.66
  343,   5.902,      660.,      583.54,    0.34,       76.46
  344,   5.922,      664.,      555.29,   -0.03,      108.71
  345,   5.942,      598.,      497.81,   -0.36,      100.19
  346,   5.962,      514.,      421.16,   -0.26,       92.84
  347,   5.983,      463.,      337.14,    0.71,      125.86
  348,   6.003,      339.,      256.66,    0.88,       82.34
  349,   6.023,      292.,      187.47,    0.85,      104.53
  350,   6.043,      230.,      133.79,    0.65,       96.21
  351,   6.063,      193.,       96.06,   -0.22,       96.94
  352,   6.083,      160.,       73.34,   -1.85,       86.66
  353,   6.103,      157.,       64.30,   -1.78,       92.70
  354,   6.123,      159.,       69.74,   -1.69,       89.26
  355,   6.143,      171.,       94.27,   -1.31,       76.73
  356,   6.163,      213.,      148.12,   -0.37,       64.88
  357,   6.183,      355.,      249.79,   -0.58,      105.21
  358,   6.203,      503.,      426.75,   -0.01,       76.25
  359,   6.223,      825.,      713.86,   -0.60,      111.14
  360,   6.243,     1291.,     1148.61,   -0.36,      142.39
  361,   6.264,     1891.,     1760.62,    0.39,      130.38
  362,   6.284,     2694.,     2557.52,    2.46,      136.48
  363,   6.304,     3573.,     3510.71,    2.92,       62.29
  364,   6.324,     4652.,     4546.67,    3.88,      105.33
  365,   6.344,     5610.,     5550.16,    3.75,       59.84
  366,   6.364,     6648.,     6382.73,    2.44,      265.27
  367,   6.384,     6982.,     6913.01,    0.77,       68.99
  368,   6.404,     7232.,     7050.55,    0.07,      181.45
  369,   6.424,     6880.,     6771.14,   -1.02,      108.86
  370,   6.444,     6018.,     6123.56,   -0.96,     -105.56
  371,   6.464,     5064.,     5215.81,   -2.99,     -151.81
  372,   6.484,     4104.,     4185.22,   -3.35,      -81.22
  373,   6.504,     3091.,     3164.80,   -4.96,      -73.80
  374,   6.524,     2279.,     2256.61,   -5.40,       22.39
  375,   6.545,     1469.,     1518.37,   -4.58,      -49.37
  376,   6.565,      973.,      965.15,   -2.16,        7.85
  377,   6.585,      570.,      580.65,   -0.68,      -10.65
  378,   6.605,      402.,      331.69,    1.38,       70.31
  379,   6.625,      222.,      180.90,    2.48,       41.10
  380,   6.645,      163.,       95.33,    3.35,       67.67
  381,   6.665,      137.,       49.63,    3.27,       87.37
  382,   6.685,      102.,       26.84,    3.63,       75.16
  383,   6.705,       98.,       16.41,    2.70,       81.59
  384,   6.725,       92.,       12.54,    3.28,       79.46
  385,   6.745,       88.,       12.15,    2.10,       75.85
  386,   6.765,       77.,       14.15,    0.46,       62.85
  387,   6.785,      102.,       18.64,    0.24,       83.36
  388,   6.805,      107.,       26.58,    0.25,       80.42
  389,   6.826,      132.,       39.95,   -0.55,       92.05
  390,   6.846,      135.,       61.57,    0.96,       73.43
  391,   6.866,      194.,       95.60,    2.06,       98.40
  392,   6.886,      244.,      146.65,    1.05,       97.35
  393,   6.906,      314.,      219.60,    1.76,       94.40
  394,   6.926,      428.,      317.41,    3.34,      110.59
  395,   6.946,      535.,      439.79,    2.37,       95.21
  396,   6.966,      634.,      581.22,    2.06,       52.78
  397,   6.986,      832.,      729.88,    2.82,      102.12
  398,   7.006,     1002.,      869.09,    2.30,      132.91
  399,   7.026,      999.,      979.84,    0.91,       19.16
  400,   7.046,     1096.,     1045.15,    0.85,       50.85
  401,   7.066,     1149.,     1054.94,    0.23,       94.06
  402,   7.086,     1057.,     1008.81,   -0.73,       48.19
  403,   7.107,      906.,      917.64,   -1.19,      -11.64
  404,   7.127,      855.,      801.48,    0.04,       53.52
  405,   7.147,      676.,      686.57,   -0.26,      -10.57
  406,   7.167,      582.,      601.67,   -0.44,      -19.67
  407,   7.187,      612.,      574.61,   -0.71,       37.39
  408,   7.207,      630.,      629.80,   -0.64,        0.20
  409,   7.227,      776.,      785.28,   -2.89,       -9.28
  410,   7.247,     1092.,     1049.22,   -2.52,       42.78
  411,   7.267,     1385.,     1416.13,   -3.03,      -31.13
  412,   7.287,     1824.,     1862.58,   -3.70,      -38.58
  413,   7.307,     2243.,     2346.18,   -3.68,     -103.18
  414,   7.327,     2824.,     2808.99,   -2.39,       15.01
  415,   7.347,     3162.,     3186.76,   -2.29,      -24.76
  416,   7.367,     3407.,     3421.96,   -0.06,      -14.96
  417,   7.388,     3548.,     3477.27,    1.49,       70.73
  418,   7.408,     3461.,     3345.29,    4.01,      115.71
  419,   7.428,     3104.,     3049.52,    4.90,       54.48
  420,   7.448,     2840.,     2638.83,    5.62,      201.17
  421,   7.468,     2265.,     2174.71,    6.12,       90.29
  422,   7.488,     1867.,     1718.17,    5.34,      148.83
  423,   7.508,     1372.,     1318.78,    4.29,       53.22
  424,   7.528,     1005.,     1008.83,    3.16,       -3.83
  425,   7.548,      793.,      802.65,    0.47,       -9.65
  426,   7.568,      671.,      698.81,   -1.70,      -27.81
  427,   7.588,      671.,      684.15,   -3.75,      -13.15
  428,   7.608,      620.,      737.30,   -5.82,     -117.30
  429,   7.628,      776.,      831.71,   -7.30,      -55.71
  430,   7.648,      829.,      938.63,   -7.23,     -109.63
  431,   7.669,      970.,     1030.46,   -7.39,      -60.46
  432,   7.689,      949.,     1084.41,   -7.14,     -135.41
  433,   7.709,      987.,     1086.34,   -4.92,      -99.34
  434,   7.729,      994.,     1032.33,   -3.70,      -38.33
  435,   7.749,      885.,      929.45,   -0.75,      -44.45
  436,   7.769,      755.,      792.30,    0.45,      -37.30
  437,   7.789,      653.,      639.68,    3.32,       13.32
  438,   7.809,      516.,      490.10,    4.77,       25.90
  439,   7.829,      426.,      357.91,    5.41,       68.09
  440,   7.849,      275.,      251.88,    5.82,       23.12
  441,   7.869,      192.,      174.90,    6.74,       17.10
  442,   7.889,      142.,      125.30,    5.06,       16.70
  443,   7.909,      101.,       98.53,    3.35,        2.47
  444,   7.929,       98.,       88.74,    0.77,        9.26
  445,   7.950,      100.,       89.95,   -0.68,       10.05
  446,   7.970,       93.,       96.83,   -2.34,       -3.83
  447,   7.990,       90.,      104.80,   -2.57,      -14.80
  448,   8.010,       97.,      110.51,   -2.84,      -13.51
  449,   8.030,      102.,      111.90,   -1.58,       -9.90
  450,   8.050,       96.,      108.18,   -1.97,      -12.18
  451,   8.070,      110.,       99.79,   -1.19,       10.21
  452,   8.090,       71.,       88.07,    0.51,      -17.07
  453,   8.110,       74.,       74.93,    0.84,       -0.93
  454,   8.130,       49.,       62.19,    0.71,      -13.19
  455,   8.150,       48.,       51.30,    1.07,       -3.30
  456,   8.170,       42.,       43.06,   -0.65,       -1.06
  457,   8.190,       23.,       37.56,   -1.37,      -14.56
  458,   8.210,       11.,       34.31,   -2.69,      -23.31
  459,   8.231,       18.,       32.43,   -3.38,      -14.43
  460,   8.251,       14.,       31.11,   -4.51,      -17.11
  461,   8.271,        9.,       29.52,   -4.74,      -20.52
  462,   8.291,       16.,       27.24,   -4.94,      -11.24
  463,   8.311,       11.,       24.13,   -4.80,      -13.13
  464,   8.331,       15.,       20.45,   -2.61,       -5.45
  465,   8.351,       11.,       16.46,   -1.38,       -5.46
  466,   8.371,       11.,       12.65,    0.50,       -1.65
  467,   8.391,        9.,        9.27,    3.57,       -0.27
  468,   8.411,       10.,        6.52,    4.90,        3.48
  469,   8.431,        9.,        4.49,    5.32,        4.51
  470,   8.451,       11.,        3.17,    5.61,        7.83
  471,   8.471,        6.,        2.47,    5.74,        3.53
  472,   8.491,        8.,        2.27,    3.97,        5.73
  473,   8.511,       10.,        2.47,    3.27,        7.53
  474,   8.532,        7.,        2.92,    1.64,        4.08
  475,   8.552,        9.,        3.48,    0.30,        5.52
  476,   8.572,        9.,        4.11,   -1.05,        4.89
  477,   8.592,        9.,        4.68,   -0.15,        4.32
  478,   8.612,        9.,        5.05,   -0.48,        3.95
  479,   8.632,        9.,        5.18,    0.02,        3.82
  480,   8.652,        9.,        5.07,    1.42,        3.93
  481,   8.672,        7.,        4.74,    1.48,        2.26
  482,   8.692,       18.,        4.24,    1.58,       13.76
  483,   8.712,       11.,        3.69,    2.04,        7.31
  484,   8.732,       13.,        3.17,    1.94,        9.83
  485,   8.752,       15.,        2.77,    1.65,       12.23
  486,   8.772,        5.,        2.56,    1.22,        2.44
  487,   8.792,        8.,        2.55,    1.40,        5.45
  488,   8.813,       10.,        2.70,   -0.09,        7.30
  489,   8.833,        4.,        2.98,   -0.57,        1.02
  490,   8.853,        5.,        3.26,   -1.35,        1.74
  491,   8.873,        5.,        3.55,   -2.17,        1.45
  492,   8.893,        7.,        3.67,   -1.95,        3.33
  493,   8.913,        9.,        3.69,   -0.97,        5.31
  494,   8.933,        7.,        3.52,   -1.46,        3.48
  495,   8.953,        7.,        3.19,   -0.97,        3.81
  496,   8.973,        9.,        2.74,    0.07,        6.26
  497,   8.993,        7.,        2.23,    0.04,        4.77
  498,   9.013,        9.,        1.72,    0.44,        7.28
  499,   9.033,        4.,        1.26,    0.31,        2.74
  500,   9.053,        3.,        0.88,    0.69,        2.12
  501,   9.073,        3.,        0.58,   -0.06,        2.42
  502,   9.094,        4.,        0.36,   -0.07,        3.64
  503,   9.114,        5.,        0.21,   -0.19,        4.79
  504,   9.134,        4.,        0.08,    0.10,        3.92
  505,   9.154,        6.,        0.00,    0.11,        6.00
  506,   9.174,        2.,        0.00,    0.44,        2.00
  507,   9.194,        7.,        0.00,    0.88,        7.00
  508,   9.214,        4.,        0.00,    0.95,        4.00
  509,   9.234,        6.,        0.00,    0.49,        6.00
  510,   9.254,        2.,        0.00,    0.02,        2.00
  511,   9.274,        6.,        0.00,   -0.06,        6.00
  512,   9.294,        3.,        0.00,    0.00,        3.00
  513,   9.314,        3.,        0.00,   -0.66,        3.00
  514,   9.334,        0.,        0.02,   -0.75,       -0.02
  515,   9.354,        2.,        0.04,   -1.43,        1.96
  516,   9.375,        8.,        0.06,   -0.08,        7.94
  517,   9.395,        3.,        0.10,   -0.89,        2.90
  518,   9.415,        3.,        0.15,   -0.93,        2.85
  519,   9.435,        3.,        0.22,   -0.91,        2.78
  520,   9.455,        4.,        0.31,    0.04,        3.69
  521,   9.475,        7.,        0.40,   -0.46,        6.60
  522,   9.495,        4.,        0.50,   -0.74,        3.50
  523,   9.515,        3.,        0.60,   -0.26,        2.40
  524,   9.535,        4.,        0.67,   -0.04,        3.33
  525,   9.555,        7.,        0.72,    0.77,        6.28
  526,   9.575,        2.,        0.73,    1.34,        1.27
  527,   9.595,        6.,        0.71,    1.20,        5.29
  528,   9.615,        7.,        0.65,    1.37,        6.35
  529,   9.635,        5.,        0.57,    1.59,        4.43
  530,   9.656,        9.,        0.47,    1.48,        8.53
  531,   9.676,        6.,        0.37,   -0.01,        5.63
  532,   9.696,        4.,        0.28,    0.52,        3.72
  533,   9.716,        5.,        0.20,    0.62,        4.80
  534,   9.736,        4.,        0.13,   -0.13,        3.87
  535,   9.756,        3.,        0.11,    0.28,        2.89
  536,   9.776,        0.,        0.12,   -0.02,       -0.12
  537,   9.796,        4.,        0.17,    0.16,        3.83
  538,   9.816,        4.,        0.27,   -0.75,        3.73
  539,   9.836,        4.,        0.53,   -0.73,        3.47
  540,   9.856,        4.,        0.97,   -1.38,        3.03
  541,   9.876,        8.,        1.69,   -1.14,        6.31
  542,   9.896,        9.,        2.80,   -1.49,        6.20
  543,   9.916,        4.,        4.42,   -1.11,       -0.42
  544,   9.937,       11.,        6.64,   -1.27,        4.36
  545,   9.957,        6.,        9.48,   -1.64,       -3.48
  546,   9.977,       18.,       12.90,   -0.83,        5.10
  547,   9.997,       17.,       16.69,    0.00,        0.31
  548,  10.017,       29.,       20.55,    0.11,        8.45
  549,  10.037,       30.,       24.08,    1.25,        5.92
  550,  10.057,       27.,       26.85,    1.32,        0.15
  551,  10.077,       39.,       28.50,    1.77,       10.50
  552,  10.097,       42.,       28.77,    1.24,       13.23
  553,  10.117,       35.,       27.65,    1.86,        7.35
  554,  10.137,       38.,       25.28,    1.32,       12.72
  555,  10.157,       27.,       22.04,    0.87,        4.96
  556,  10.177,       21.,       18.28,    1.16,        2.72
  557,  10.197,       12.,       14.46,    0.34,       -2.46
  558,  10.218,       15.,       10.94,   -1.06,        4.06
  559,  10.238,       15.,        7.96,   -0.84,        7.04
  560,  10.258,        9.,        5.64,   -1.32,        3.36
  561,  10.278,       10.,        3.98,   -2.24,        6.02
  562,  10.298,        5.,        2.91,   -1.86,        2.09
  563,  10.318,        4.,        2.30,   -0.62,        1.70
  564,  10.338,        9.,        2.03,   -0.76,        6.97
  565,  10.358,       10.,        1.96,   -0.32,        8.04
  566,  10.378,        4.,        1.99,    0.75,        2.01
  567,  10.398,        7.,        2.03,    1.01,        4.97
  568,  10.418,        7.,        1.98,    0.90,        5.02
  569,  10.438,        5.,        1.93,    2.11,        3.07
  570,  10.458,        7.,        1.79,    1.75,        5.21
  571,  10.478,       12.,        1.58,    0.99,       10.42
  572,  10.499,        8.,        1.37,    1.32,        6.63
  573,  10.519,        7.,        1.14,    1.03,        5.86
  574,  10.539,        8.,        0.94,    0.29,        7.06
  575,  10.559,        3.,        0.80,    0.52,        2.20
  576,  10.579,        5.,        0.72,    1.10,        4.28
  577,  10.599,        2.,        0.73,   -0.75,        1.27
  578,  10.619,        7.,        0.82,   -0.19,        6.18
  579,  10.639,        2.,        0.98,   -0.80,        1.02
  580,  10.659,        4.,        1.18,   -1.16,        2.82
  581,  10.679,        6.,        1.37,   -1.12,        4.63
  582,  10.699,        3.,        1.60,    0.00,        1.40
  583,  10.719,        9.,        1.77,    0.49,        7.23
  584,  10.739,        4.,        1.90,    0.86,        2.10
  585,  10.759,        6.,        1.94,    2.00,        4.06
  586,  10.780,        3.,        1.92,    2.40,        1.08
  587,  10.800,        6.,        1.86,    2.34,        4.14
  588,  10.820,        2.,        1.82,    2.54,        0.18
  589,  10.840,        6.,        1.85,    2.08,        4.15
  590,  10.860,        3.,        2.05,    1.73,        0.95
  591,  10.880,        5.,        2.48,    1.59,        2.52
  592,  10.900,        2.,        3.21,    1.19,       -1.21
  593,  10.920,        4.,        4.29,    0.72,       -0.29
  594,  10.940,        4.,        5.72,    0.58,       -1.72
  595,  10.960,        3.,        7.45,   -0.93,       -4.45
  596,  10.980,        7.,        9.37,   -1.94,       -2.37
  597,  11.000,        5.,       11.24,   -2.90,       -6.24
  598,  11.020,        9.,       12.98,   -3.96,       -3.98
  599,  11.040,        8.,       14.31,   -4.18,       -6.31
  600,  11.060,        7.,       15.05,   -4.46,       -8.05
  601,  11.081,        7.,       15.12,   -3.98,       -8.12
  602,  11.101,        9.,       14.50,   -4.17,       -5.50
  603,  11.121,        4.,       13.29,   -2.65,       -9.29
  604,  11.141,        8.,       11.69,   -2.23,       -3.69
  605,  11.161,        4.,        9.91,   -0.67,       -5.91
  606,  11.181,        5.,        8.19,    0.33,       -3.19
  607,  11.201,        2.,        6.74,    2.40,       -4.74
  608,  11.221,        5.,        5.69,    2.34,       -0.69
  609,  11.241,        1.,        5.13,    3.28,       -4.13
  610,  11.261,        4.,        5.05,    2.21,       -1.05
  611,  11.281,        4.,        5.40,    2.46,       -1.40
  612,  11.301,        6.,        6.06,    0.83,       -0.06
  613,  11.321,        1.,        6.88,    0.31,       -5.88
  614,  11.341,        3.,        7.70,   -1.22,       -4.70
  615,  11.362,        1.,        8.35,   -1.14,       -7.35
  616,  11.382,        7.,        8.72,   -1.91,       -1.72
  617,  11.402,        1.,        8.70,   -1.97,       -7.70
  618,  11.422,        2.,        8.33,   -3.03,       -6.33
  619,  11.442,        3.,        7.62,   -2.32,       -4.62
  620,  11.462,        4.,        6.65,   -2.25,       -2.65
  621,  11.482,        3.,        5.54,   -1.35,       -2.54
  622,  11.502,        4.,        4.41,   -1.50,       -0.41
  623,  11.522,        0.,        3.35,   -0.12,       -3.35
  624,  11.542,        1.,        2.43,    0.45,       -1.43
  625,  11.562,        0.,        1.68,    0.83,       -1.68
  626,  11.582,        0.,        1.11,    0.77,       -1.11
  627,  11.602,        0.,        0.70,    1.36,       -0.70
  628,  11.622,        0.,        0.42,    0.17,       -0.42
  629,  11.643,        1.,        0.24,    0.36,        0.76
  630,  11.663,        1.,        0.13,    0.68,        0.87
  631,  11.683,        2.,        0.07,    0.94,        1.93
  632,  11.703,        2.,        0.00,    1.00,        2.00
  633,  11.723,        0.,        0.00,    1.78,        0.00
  634,  11.743,        2.,        0.00,    2.17,        2.00
  635,  11.763,        2.,        0.00,    2.20,        2.00
  636,  11.783,        2.,        0.00,    1.93,        2.00
  637,  11.803,        1.,        0.00,    1.45,        1.00
  638,  11.823,        5.,        0.00,    1.18,        5.00
  639,  11.843,        2.,        0.00,    1.13,        2.00
  640,  11.863,        3.,        0.00,    0.74,        3.00
  641,  11.883,        0.,        0.00,    0.55,        0.00
  642,  11.903,        0.,        0.00,    0.27,        0.00
  643,  11.924,        1.,        0.00,    0.17,        1.00
  644,  11.944,        0.,        0.00,   -0.53,        0.00
  645,  11.964,        0.,        0.00,   -0.88,        0.00
  646,  11.984,        1.,        0.00,   -1.23,        1.00
  647,  12.004,        0.,        0.00,   -0.98,        0.00
  648,  12.024,        0.,        0.00,   -0.81,        0.00
  649,  12.044,        0.,        0.00,   -0.81,        0.00
  650,  12.064,        0.,        0.00,   -0.39,        0.00
  651,  12.084,        0.,        0.00,   -0.23,        0.00
  652,  12.104,        1.,        0.00,   -0.15,        1.00
  653,  12.124,        0.,        0.00,   -0.06,        0.00
  654,  12.144,        1.,        0.00,   -0.14,        1.00
  655,  12.164,        0.,        0.00,    0.11,        0.00
  656,  12.184,        0.,        0.00,    0.11,        0.00
  657,  12.205,        0.,        0.00,    0.11,        0.00
  658,  12.225,        1.,        0.00,    0.02,        1.00
  659,  12.245,        0.,        0.00,    0.20,        0.00
  660,  12.265,        1.,        0.00,    0.20,        1.00
  661,  12.285,        0.,        0.00,    0.20,        0.00
  662,  12.305,        0.,        0.00,    0.20,        0.00
  663,  12.325,        0.,        0.00,    0.11,        0.00
  664,  12.345,        1.,        0.00,    0.02,        1.00
  665,  12.365,        1.,        0.00,    0.02,        1.00
  666,  12.385,        0.,        0.00,   -0.07,        0.00
  667,  12.405,        0.,        0.00,   -0.07,        0.00
  668,  12.425,        0.,        0.00,   -0.15,        0.00
  669,  12.445,        0.,        0.00,    0.02,        0.00
  670,  12.465,        0.,        0.00,   -0.23,        0.00
  671,  12.486,        0.,        0.00,   -0.49,        0.00
  672,  12.506,        0.,        0.00,   -0.49,        0.00
  673,  12.526,        0.,        0.00,   -0.58,        0.00
  674,  12.546,        1.,        0.00,   -0.40,        1.00
  675,  12.566,        0.,        0.00,   -0.40,        0.00
  676,  12.586,        0.,        0.00,    0.03,        0.00
  677,  12.606,        0.,        0.00,    0.20,        0.00
  678,  12.626,        0.,        0.00,    0.38,        0.00
  679,  12.646,        1.,        0.00,    0.47,        1.00
  680,  12.666,        0.,        0.00,    0.30,        0.00
  681,  12.686,        2.,        0.00,    0.13,        2.00
  682,  12.706,        1.,        0.00,    0.13,        1.00
  683,  12.726,        1.,        0.00,    0.30,        1.00
  684,  12.746,        1.,        0.00,    0.22,        1.00
  685,  12.767,        0.,        0.00,    0.22,        0.00
  686,  12.787,        0.,        0.00,    0.30,        0.00
  687,  12.807,        0.,        0.00,    0.22,        0.00
  688,  12.827,        1.,        0.00,    0.05,        1.00
  689,  12.847,        0.,        0.00,   -0.13,        0.00
  690,  12.867,        1.,        0.00,   -0.13,        1.00
  691,  12.887,        0.,        0.00,   -0.05,        0.00
  692,  12.907,        2.,        0.00,   -0.05,        2.00
  693,  12.927,        0.,        0.00,    0.30,        0.00
  694,  12.947,        0.,        0.00,    0.20,        0.00
  695,  12.967,        1.,        0.00,    0.29,        1.00
  696,  12.987,        0.,        0.00,    0.20,        0.00
  697,  13.007,        0.,        0.00,    0.20,        0.00
  698,  13.027,        1.,        0.00,   -0.23,        1.00
  699,  13.048,        0.,        0.00,   -0.32,        0.00
  700,  13.068,        0.,        0.00,   -0.23,        0.00
  701,  13.088,        0.,        0.00,   -0.41,        0.00
  702,  13.108,        0.,        0.00,   -0.33,        0.00
  703,  13.128,        0.,        0.00,   -0.33,        0.00
  704,  13.148,        0.,        0.00,   -0.16,        0.00
  705,  13.168,        0.,        0.00,   -0.15,        0.00
  706,  13.188,        0.,        0.00,   -0.15,        0.00
  707,  13.208,        0.,        0.00,   -0.07,        0.00
  708,  13.228,        0.,        0.00,   -0.07,        0.00
  709,  13.248,        1.,        0.00,   -0.07,        1.00
  710,  13.268,        1.,        0.00,    0.02,        1.00
  711,  13.288,        0.,        0.00,    0.36,        0.00
  712,  13.308,        0.,        0.00,    0.28,        0.00
  713,  13.329,        0.,        0.00,    0.28,        0.00
  714,  13.349,        0.,        0.00,    0.28,        0.00
  715,  13.369,        0.,        0.00,    0.11,        0.00
  716,  13.389,        2.,        0.00,   -0.23,        2.00
  717,  13.409,        0.,        0.00,   -0.40,        0.00
  718,  13.429,        0.,        0.00,   -0.31,        0.00
  719,  13.449,        0.,        0.00,   -0.31,        0.00
  720,  13.469,        0.,        0.00,   -0.31,        0.00
  721,  13.489,        0.,        0.00,   -0.23,        0.00
  722,  13.509,        0.,        0.00,   -0.14,        0.00
  723,  13.529,        1.,        0.00,    0.12,        1.00
  724,  13.549,        0.,        0.00,    0.30,        0.00
  725,  13.569,        0.,        0.00,    0.31,        0.00
  726,  13.589,        0.,        0.00,    0.32,        0.00
  727,  13.610,        2.,        0.00,    0.18,        2.00
  728,  13.630,        2.,        0.00,    0.31,        2.00
  729,  13.650,        1.,        0.00,    0.30,        1.00
  730,  13.670,        0.,        0.00,    0.34,        0.00
  731,  13.690,        0.,        0.00,    0.35,        0.00
  732,  13.710,        0.,        0.00,    0.45,        0.00
  733,  13.730,        0.,        0.00,   -0.19,        0.00
  734,  13.750,        1.,        0.00,   -1.04,        1.00
  735,  13.770,        0.,        0.04,   -1.17,       -0.04
  736,  13.790,        0.,        0.08,   -0.74,       -0.08
  737,  13.810,        0.,        0.18,   -1.02,       -0.18
  738,  13.830,        2.,        0.32,   -1.76,        1.68
  739,  13.850,        1.,        0.55,   -0.35,        0.45
  740,  13.870,        1.,        0.93,    1.59,        0.07
  741,  13.890,        1.,        1.50,    1.48,       -0.50
  742,  13.911,        2.,        2.33,    0.88,       -0.33
  743,  13.931,        2.,        3.49,    1.22,       -1.49
  744,  13.951,       12.,        5.05,    1.86,        6.95
  745,  13.971,       14.,        7.03,    1.06,        6.97
  746,  13.991,       10.,        9.43,    0.00,        0.57
  747,  14.011,        6.,       12.21,    0.41,       -6.21
  748,  14.031,       18.,       15.24,   -0.18,        2.76
  749,  14.051,       24.,       18.34,    0.07,        5.66
  750,  14.071,       21.,       21.29,   -0.98,       -0.29
  751,  14.091,       15.,       23.83,   -0.68,       -8.83
  752,  14.111,       28.,       25.72,   -0.55,        2.28
  753,  14.131,       21.,       26.76,   -0.02,       -5.76
  754,  14.151,       27.,       26.84,   -0.28,        0.16
  755,  14.171,       23.,       25.95,   -1.14,       -2.95
  756,  14.192,       34.,       24.17,   -0.63,        9.83
  757,  14.212,       22.,       21.69,    0.66,        0.31
  758,  14.232,       17.,       18.74,    0.12,       -1.74
  759,  14.252,       15.,       15.60,    0.27,       -0.60
  760,  14.272,       11.,       12.49,    0.15,       -1.49
  761,  14.292,       11.,        9.63,    0.92,        1.37
  762,  14.312,        8.,        7.15,   -0.31,        0.85
  763,  14.332,        2.,        5.10,   -0.59,       -3.10
  764,  14.352,        2.,        3.50,   -0.34,       -1.50
  765,  14.372,        0.,        2.31,   -0.71,       -2.31
  766,  14.392,        2.,        1.47,   -0.53,        0.53
  767,  14.412,        1.,        0.89,   -1.03,        0.11
  768,  14.432,        3.,        0.49,   -0.36,        2.51
  769,  14.452,        0.,        0.28,    0.20,       -0.28
  770,  14.473,        0.,        0.15,    0.49,       -0.15
  771,  14.493,        0.,        0.08,    0.85,       -0.08
  772,  14.513,        0.,        0.00,    0.63,        0.00
  773,  14.533,        0.,        0.00,    0.72,        0.00
  774,  14.553,        0.,        0.00,    0.36,        0.00
  775,  14.573,        1.,        0.00,    0.15,        1.00
  776,  14.593,        0.,        0.00,    0.05,        0.00
  777,  14.613,        0.,        0.00,   -0.13,        0.00
  778,  14.633,        0.,        0.00,   -0.08,        0.00
  779,  14.653,        0.,        0.00,   -0.08,        0.00
  780,  14.673,        0.,        0.00,    0.13,        0.00
  781,  14.693,        0.,        0.00,   -0.06,        0.00
  782,  14.713,        0.,        0.00,   -0.16,        0.00
  783,  14.733,        0.,        0.00,   -0.17,        0.00
  784,  14.754,        0.,        0.00,   -0.17,        0.00
  785,  14.774,        0.,        0.00,   -0.25,        0.00
  786,  14.794,        0.,        0.00,   -0.33,        0.00
  787,  14.814,        0.,        0.00,   -0.25,        0.00
  788,  14.834,        0.,        0.00,   -0.08,        0.00
  789,  14.854,        0.,        0.00,   -0.08,        0.00
  790,  14.874,        0.,        0.00,   -0.08,        0.00
  791,  14.894,        0.,        0.00,    0.10,        0.00
  792,  14.914,        0.,        0.00,    0.27,        0.00
  793,  14.934,        1.,        0.00,    0.27,        1.00
  794,  14.954,        0.,        0.00,    0.27,        0.00
  795,  14.974,        0.,        0.00,    0.27,        0.00
  796,  14.994,        1.,        0.00,    0.27,        1.00
  797,  15.014,        1.,        0.00,    0.19,        1.00
  798,  15.035,        0.,        0.00,    0.11,        0.00
  799,  15.055,        0.,        0.00,   -0.07,        0.00
  800,  15.075,        0.,        0.00,   -0.07,        0.00
  801,  15.095,        0.,        0.00,   -0.07,        0.00
  802,  15.115,        0.,        0.00,   -0.24,        0.00
  803,  15.135,        0.,        0.00,   -0.24,        0.00
  804,  15.155,        0.,        0.00,   -0.15,        0.00
  805,  15.175,        0.,        0.00,   -0.07,        0.00
  806,  15.195,        0.,        0.00,   -0.07,        0.00
  807,  15.215,        0.,        0.00,   -0.15,        0.00
  808,  15.235,        1.,        0.00,   -0.07,        1.00
  809,  15.255,        1.,        0.00,    0.02,        1.00
  810,  15.275,        0.,        0.00,    0.19,        0.00
  811,  15.295,        0.,        0.00,    0.19,        0.00
  812,  15.316,        0.,        0.00,    0.19,        0.00
  813,  15.336,        0.,        0.00,    0.37,        0.00
  814,  15.356,        0.,        0.00,    0.21,        0.00
  815,  15.376,        1.,        0.00,    0.22,        1.00
  816,  15.396,        0.,        0.00,    0.11,        0.00
  817,  15.416,        0.,        0.00,    0.10,        0.00
  818,  15.436,        1.,        0.00,    0.10,        1.00
  819,  15.456,        0.,        0.00,   -0.05,        0.00
  820,  15.476,        0.,        0.00,   -0.10,        0.00
  821,  15.496,        0.,        0.00,   -0.31,        0.00
  822,  15.516,        0.,        0.00,   -0.58,        0.00
  823,  15.536,        0.,        0.00,   -1.05,        0.00
  824,  15.556,        0.,        0.10,   -1.46,       -0.10
  825,  15.576,        0.,        0.16,   -1.58,       -0.16
  826,  15.597,        0.,        0.26,   -1.77,       -0.26
  827,  15.617,        0.,        0.40,   -1.63,       -0.40
  828,  15.637,        0.,        0.59,   -1.16,       -0.59
  829,  15.657,        1.,        0.84,   -0.13,        0.16
  830,  15.677,        1.,        1.15,    0.42,       -0.15
  831,  15.697,        3.,        1.51,    0.93,        1.49
  832,  15.717,        2.,        1.91,    1.25,        0.09
  833,  15.737,        5.,        2.34,    1.73,        2.66
  834,  15.757,        4.,        2.74,    1.53,        1.26
  835,  15.777,        9.,        3.10,    1.56,        5.90
  836,  15.797,        8.,        3.38,    1.98,        4.62
  837,  15.817,        6.,        3.55,    2.02,        2.45
  838,  15.837,        6.,        3.59,    1.99,        2.41
  839,  15.857,        7.,        3.50,    2.15,        3.50
  840,  15.878,        1.,        3.30,    1.44,       -2.30
  841,  15.898,        2.,        3.00,    1.05,       -1.00
  842,  15.918,        5.,        2.64,    0.00,        2.36
  843,  15.938,        2.,        2.27,   -0.93,       -0.27
  844,  15.958,        3.,        1.90,   -1.28,        1.10
  845,  15.978,        3.,        1.56,   -1.65,        1.44
  846,  15.998,        0.,        1.28,   -1.88,       -1.28
  847,  16.018,        0.,        1.05,   -1.46,       -1.05
  848,  16.038,        0.,        0.88,   -0.86,       -0.88
  849,  16.058,        0.,        0.75,   -0.73,       -0.75
  850,  16.078,        0.,        0.65,   -0.52,       -0.65
  851,  16.098,        1.,        0.53,   -0.45,        0.47
  852,  16.118,        1.,        0.42,   -0.41,        0.58
  853,  16.138,        0.,        0.39,   -0.42,       -0.39
  854,  16.159,        0.,        0.34,   -0.34,       -0.34
  855,  16.179,        1.,        0.29,   -0.01,        0.71
  856,  16.199,        0.,        0.24,    0.08,       -0.24
  857,  16.219,        1.,        0.19,    0.43,        0.81
  858,  16.239,        0.,        0.15,    0.47,       -0.15
  859,  16.259,        0.,        0.11,    0.27,       -0.11
  860,  16.279,        0.,        0.08,    0.25,       -0.08
  861,  16.299,        0.,        0.05,    0.23,       -0.05
  862,  16.319,        0.,        0.03,    0.06,       -0.03
  863,  16.339,        1.,        0.02,    0.04,        0.98
  864,  16.359,        0.,        0.00,   -0.05,        0.00
  865,  16.379,        0.,        0.00,    0.02,        0.00
  866,  16.399,        0.,        0.00,    0.01,        0.00
  867,  16.419,        0.,        0.00,   -0.01,        0.00
  868,  16.440,        0.,        0.00,    0.06,        0.00
  869,  16.460,        0.,        0.00,    0.04,        0.00
  870,  16.480,        0.,        0.00,   -0.05,        0.00
  871,  16.500,        0.,        0.00,   -0.06,        0.00
  872,  16.520,        0.,        0.00,   -0.07,        0.00
  873,  16.540,        0.,        0.00,   -0.07,        0.00
  874,  16.560,        0.,        0.00,   -0.08,        0.00
  875,  16.580,        0.,        0.00,   -0.08,        0.00
  876,  16.600,        0.,        0.00,    0.00,        0.00
  877,  16.620,        0.,        0.00,    0.00,        0.00
  878,  16.640,        0.,        0.00,    0.00,        0.00
  879,  16.660,        0.,        0.00,    0.00,        0.00
  880,  16.680,        0.,        0.00,    0.00,        0.00
  881,  16.700,        0.,        0.00,    0.00,        0.00
  882,  16.720,        0.,        0.00,    0.00,        0.00
  883,  16.741,        0.,        0.00,    0.00,        0.00
  884,  16.761,        0.,        0.00,    0.00,        0.00
  885,  16.781,        0.,        0.00,    0.00,        0.00
  886,  16.801,        0.,        0.00,    0.00,        0.00
  887,  16.821,        0.,        0.00,    0.00,        0.00
  888,  16.841,        0.,        0.00,    0.00,        0.00
  889,  16.861,        0.,        0.00,    0.00,        0.00
  890,  16.881,        0.,        0.00,    0.00,        0.00
  891,  16.901,        0.,        0.00,    0.00,        0.00
  892,  16.921,        0.,        0.00,   -0.08,        0.00
  893,  16.941,        0.,        0.00,   -0.08,        0.00
  894,  16.961,        0.,        0.00,   -0.08,        0.00
  895,  16.981,        0.,        0.00,   -0.08,        0.00
  896,  17.001,        0.,        0.00,   -0.08,        0.00
  897,  17.022,        0.,        0.00,   -0.08,        0.00
  898,  17.042,        0.,        0.00,    0.08,        0.00
  899,  17.062,        0.,        0.00,    0.08,        0.00
  900,  17.082,        0.,        0.00,    0.08,        0.00
  901,  17.102,        0.,        0.00,   -0.01,        0.00
  902,  17.122,        0.,        0.00,   -0.01,        0.00
  903,  17.142,        0.,        0.00,   -0.01,        0.00
  904,  17.162,        1.,        0.00,   -0.01,        1.00
  905,  17.182,        0.,        0.00,   -0.01,        0.00
  906,  17.202,        0.,        0.00,   -0.01,        0.00
  907,  17.222,        0.,        0.00,    0.15,        0.00
  908,  17.242,        0.,        0.00,    0.15,        0.00
  909,  17.262,        0.,        0.00,    0.15,        0.00
  910,  17.282,        0.,        0.00,    0.15,        0.00
  911,  17.303,        0.,        0.00,   -0.01,        0.00
  912,  17.323,        0.,        0.00,   -0.01,        0.00
  913,  17.343,        1.,        0.00,   -0.01,        1.00
  914,  17.363,        0.,        0.00,   -0.01,        0.00
  915,  17.383,        0.,        0.00,   -0.01,        0.00
  916,  17.403,        0.,        0.00,   -0.01,        0.00
  917,  17.423,        0.,        0.00,    0.08,        0.00
  918,  17.443,        0.,        0.00,    0.08,        0.00
  919,  17.463,        0.,        0.00,    0.08,        0.00
  920,  17.483,        0.,        0.00,   -0.08,        0.00
  921,  17.503,        0.,        0.00,   -0.08,        0.00
  922,  17.523,        0.,        0.00,   -0.08,        0.00
  923,  17.543,        0.,        0.00,   -0.08,        0.00
  924,  17.563,        0.,        0.00,   -0.08,        0.00
  925,  17.584,        0.,        0.00,   -0.08,        0.00
  926,  17.604,        0.,        0.00,    0.00,        0.00
  927,  17.624,        0.,        0.00,    0.00,        0.00
  928,  17.644,        0.,        0.00,    0.00,        0.00
  929,  17.664,        0.,        0.00,    0.00,        0.00
  930,  17.684,        0.,        0.00,   -0.08,        0.00
  931,  17.704,        0.,        0.00,   -0.08,        0.00
  932,  17.724,        0.,        0.00,   -0.08,        0.00
  933,  17.744,        0.,        0.00,   -0.08,        0.00
  934,  17.764,        0.,        0.00,   -0.08,        0.00
  935,  17.784,        0.,        0.00,   -0.08,        0.00
  936,  17.804,        0.,        0.00,    0.08,        0.00
  937,  17.824,        0.,        0.00,    0.08,        0.00
  938,  17.844,        0.,        0.00,    0.08,        0.00
  939,  17.865,        0.,        0.00,    0.08,        0.00
  940,  17.885,        0.,        0.00,    0.08,        0.00
  941,  17.905,        0.,        0.00,   -0.01,        0.00
  942,  17.925,        1.,        0.00,   -0.01,        1.00
  943,  17.945,        0.,        0.00,   -0.01,        0.00
  944,  17.965,        0.,        0.00,   -0.01,        0.00
  945,  17.985,        0.,        0.00,   -0.01,        0.00
  946,  18.005,        0.,        0.00,   -0.01,        0.00
  947,  18.025,        0.,        0.00,    0.15,        0.00
  948,  18.045,        0.,        0.00,    0.15,        0.00
  949,  18.065,        0.,        0.00,   -0.01,        0.00
  950,  18.085,        0.,        0.00,   -0.01,        0.00
  951,  18.105,        0.,        0.00,   -0.01,        0.00
  952,  18.125,        0.,        0.00,   -0.01,        0.00
  953,  18.146,        1.,        0.00,   -0.01,        1.00
  954,  18.166,        0.,        0.00,   -0.09,        0.00
  955,  18.186,        0.,        0.00,   -0.01,        0.00
  956,  18.206,        0.,        0.00,   -0.01,        0.00
  957,  18.226,        0.,        0.00,   -0.01,        0.00
  958,  18.246,        0.,        0.00,   -0.01,        0.00
  959,  18.266,        0.,        0.00,   -0.01,        0.00
  960,  18.286,        0.,        0.00,   -0.01,        0.00
  961,  18.306,        0.,        0.00,   -0.01,        0.00
  962,  18.326,        0.,        0.00,   -0.01,        0.00
  963,  18.346,        0.,        0.00,   -0.01,        0.00
  964,  18.366,        0.,        0.00,   -0.01,        0.00
  965,  18.386,        0.,        0.00,   -0.01,        0.00
  966,  18.406,        1.,        0.00,    0.08,        1.00
  967,  18.427,        0.,        0.00,    0.08,        0.00
  968,  18.447,        0.,        0.00,    0.08,        0.00
  969,  18.467,        0.,        0.00,    0.08,        0.00
  970,  18.487,        0.,        0.00,    0.08,        0.00
  971,  18.507,        0.,        0.00,    0.08,        0.00
  972,  18.527,        0.,        0.00,    0.08,        0.00
  973,  18.547,        0.,        0.00,   -0.08,        0.00
  974,  18.567,        0.,        0.00,   -0.08,        0.00
  975,  18.587,        0.,        0.00,   -0.08,        0.00
  976,  18.607,        0.,        0.00,   -0.08,        0.00
  977,  18.627,        0.,        0.00,   -0.08,        0.00
  978,  18.647,        0.,        0.00,   -0.08,        0.00
  979,  18.667,        0.,        0.00,    0.00,        0.00
  980,  18.687,        0.,        0.00,    0.00,        0.00
  981,  18.708,        0.,        0.00,    0.00,        0.00
  982,  18.728,        0.,        0.00,    0.00,        0.00
  983,  18.748,        0.,        0.00,    0.00,        0.00
  984,  18.768,        0.,        0.00,    0.00,        0.00
  985,  18.788,        0.,        0.00,    0.00,        0.00
  986,  18.808,        0.,        0.00,    0.00,        0.00
  987,  18.828,        0.,        0.00,    0.00,        0.00
  988,  18.848,        0.,        0.00,    0.00,        0.00
  989,  18.868,        0.,        0.00,    0.00,        0.00
  990,  18.888,        0.,        0.00,    0.00,        0.00
  991,  18.908,        0.,        0.00,    0.00,        0.00
  992,  18.928,        0.,        0.00,    0.00,        0.00
  993,  18.948,        0.,        0.00,    0.00,        0.00
  994,  18.968,        0.,        0.00,    0.00,        0.00
  995,  18.989,        0.,        0.00,    0.00,        0.00
  996,  19.009,        0.,        0.00,    0.00,        0.00
  997,  19.029,        0.,        0.00,    0.00,        0.00
  998,  19.049,        0.,        0.00,    0.00,        0.00
  999,  19.069,        0.,        0.00,    0.00,        0.00
 1000,  19.089,        0.,        0.00,    0.00,        0.00
 1001,  19.109,        0.,        0.00,    0.00,        0.00
 1002,  19.129,        0.,        0.00,    0.00,        0.00
 1003,  19.149,        0.,        0.00,    0.00,        0.00
 1004,  19.169,        0.,        0.00,    0.00,        0.00
 1005,  19.189,        0.,        0.00,    0.00,        0.00
 1006,  19.209,        0.,        0.00,    0.00,        0.00
 1007,  19.229,        0.,        0.00,    0.00,        0.00
 1008,  19.249,        0.,        0.00,    0.00,        0.00
 1009,  19.269,        0.,        0.00,    0.00,        0.00
 1010,  19.290,        0.,        0.00,    0.00,        0.00
 1011,  19.310,        0.,        0.00,    0.00,        0.00
 1012,  19.330,        0.,        0.00,    0.00,        0.00
 1013,  19.350,        0.,        0.00,    0.00,        0.00
 1014,  19.370,        0.,        0.00,    0.00,        0.00
 1015,  19.390,        0.,        0.00,    0.00,        0.00
 1016,  19.410,        0.,        0.00,    0.00,        0.00
 1017,  19.430,        0.,        0.00,    0.00,        0.00
 1018,  19.450,        0.,        0.00,    0.00,        0.00
 1019,  19.470,        0.,        0.00,    0.00,        0.00
 1020,  19.490,        0.,        0.00,    0.00,        0.00
 1021,  19.510,        0.,        0.00,    0.00,        0.00
 1022,  19.530,        0.,        0.00,    0.00,        0.00
 1023,  19.550,        0.,        0.00,    0.00,        0.00
 1024,  19.571,        0.,        0.00,    0.00,        0.00
 1025,  19.591,        0.,        0.00,    0.00,        0.00
 1026,  19.611,        0.,        0.00,    0.00,        0.00
 1027,  19.631,        0.,        0.00,    0.00,        0.00
 1028,  19.651,        0.,        0.00,    0.00,        0.00
 1029,  19.671,        0.,        0.00,    0.00,        0.00
 1030,  19.691,        0.,        0.00,    0.00,        0.00
 1031,  19.711,        0.,        0.00,    0.00,        0.00
 1032,  19.731,        0.,        0.00,    0.00,        0.00
 1033,  19.751,        0.,        0.00,    0.00,        0.00
 1034,  19.771,        0.,        0.00,    0.00,        0.00
 1035,  19.791,        0.,        0.00,    0.00,        0.00
 1036,  19.811,        0.,        0.00,    0.00,        0.00
 1037,  19.831,        0.,        0.00,    0.00,        0.00
 1038,  19.852,        0.,        0.00,    0.00,        0.00
 1039,  19.872,        0.,        0.00,    0.00,        0.00
 1040,  19.892,        0.,        0.00,    0.00,        0.00
 1041,  19.912,        0.,        0.00,    0.00,        0.00
 1042,  19.932,        0.,        0.00,    0.00,        0.00
 1043,  19.952,        0.,        0.00,    0.00,        0.00
 1044,  19.972,        0.,        0.00,    0.00,        0.00
 1045,  19.992,        0.,        0.00,    0.00,        0.00
 1046,  20.012,        0.,        0.00,    0.00,        0.00
 1047,  20.032,        0.,        0.00,    0.00,        0.00
 1048,  20.052,        0.,        0.00,    0.00,        0.00
 1049,  20.072,        0.,        0.00,    0.00,        0.00
 1050,  20.092,        0.,        0.00,    0.00,        0.00
 1051,  20.112,        0.,        0.00,    0.00,        0.00
 1052,  20.133,        0.,        0.00,    0.00,        0.00
 1053,  20.153,        0.,        0.00,    0.00,        0.00
 1054,  20.173,        0.,        0.00,    0.00,        0.00
 1055,  20.193,        0.,        0.00,    0.00,        0.00
 1056,  20.213,        0.,        0.00,    0.00,        0.00
 1057,  20.233,        0.,        0.00,    0.00,        0.00
 1058,  20.253,        0.,        0.00,    0.00,        0.00
 1059,  20.273,        0.,        0.00,    0.00,        0.00
 1060,  20.293,        0.,        0.00,    0.00,        0.00
 1061,  20.313,        0.,        0.00,    0.00,        0.00
 1062,  20.333,        0.,        0.00,    0.00,        0.00
 1063,  20.353,        0.,        0.00,    0.00,        0.00
 1064,  20.373,        0.,        0.00,    0.00,        0.00
 1065,  20.393,        0.,        0.00,    0.00,        0.00
 1066,  20.414,        0.,        0.00,    0.00,        0.00
 1067,  20.434,        0.,        0.00,    0.00,        0.00
 1068,  20.454,        0.,        0.00,    0.00,        0.00
 1069,  20.474,        0.,        0.00,    0.00,        0.00
 1070,  20.494,        0.,        0.00,    0.00,        0.00
 1071,  20.514,        0.,        0.00,    0.00,        0.00
 1072,  20.534,        0.,        0.00,    0.00,        0.00
 1073,  20.554,        0.,        0.00,    0.00,        0.00
 1074,  20.574,        0.,        0.00,    0.00,        0.00
 1075,  20.594,        0.,        0.00,    0.00,        0.00
 1076,  20.614,        0.,        0.00,    0.00,        0.00
 1077,  20.634,        0.,        0.00,    0.00,        0.00
 1078,  20.654,        0.,        0.00,    0.00,        0.00
 1079,  20.674,        0.,        0.00,    0.00,        0.00
 1080,  20.695,        0.,        0.00,    0.00,        0.00
 1081,  20.715,        0.,        0.00,    0.00,        0.00
 1082,  20.735,        0.,        0.00,    0.00,        0.00
 1083,  20.755,        0.,        0.00,    0.00,        0.00
 1084,  20.775,        0.,        0.00,    0.00,        0.00
 1085,  20.795,        0.,        0.00,    0.00,        0.00
 1086,  20.815,        0.,        0.00,    0.00,        0.00
 1087,  20.835,        0.,        0.00,    0.00,        0.00
 1088,  20.855,        0.,        0.00,    0.00,        0.00
 1089,  20.875,        0.,        0.00,    0.00,        0.00
 1090,  20.895,        0.,        0.00,    0.00,        0.00
 1091,  20.915,        0.,        0.00,    0.00,        0.00
 1092,  20.935,        0.,        0.00,    0.00,        0.00
 1093,  20.955,        0.,        0.00,    0.00,        0.00
 1094,  20.976,        0.,        0.00,    0.00,        0.00
 1095,  20.996,        0.,        0.00,    0.00,        0.00
 1096,  21.016,        0.,        0.00,    0.00,        0.00
 1097,  21.036,        0.,        0.00,    0.00,        0.00
 1098,  21.056,        0.,        0.00,    0.00,        0.00
 1099,  21.076,        0.,        0.00,    0.00,        0.00
 1100,  21.096,        0.,        0.00,    0.00,        0.00
 1101,  21.116,        0.,        0.00,    0.00,        0.00
 1102,  21.136,        0.,        0.00,    0.00,        0.00
 1103,  21.156,        0.,        0.00,    0.00,        0.00
 1104,  21.176,        0.,        0.00,    0.00,        0.00
 1105,  21.196,        0.,        0.00,    0.00,        0.00
 1106,  21.216,        0.,        0.00,    0.00,        0.00
 1107,  21.236,        0.,        0.00,    0.00,        0.00
 1108,  21.257,        0.,        0.00,    0.00,        0.00
 1109,  21.277,        0.,        0.00,    0.00,        0.00
 1110,  21.297,        0.,        0.00,    0.00,        0.00
 1111,  21.317,        0.,        0.00,    0.00,        0.00
 1112,  21.337,        0.,        0.00,    0.00,        0.00
 1113,  21.357,        0.,        0.00,    0.00,        0.00
 1114,  21.377,        0.,        0.00,    0.00,        0.00
 1115,  21.397,        0.,        0.00,    0.00,        0.00
 1116,  21.417,        0.,        0.00,    0.00,        0.00
 1117,  21.437,        0.,        0.00,    0.00,        0.00
 1118,  21.457,        0.,        0.00,    0.00,        0.00
 1119,  21.477,        0.,        0.00,    0.00,        0.00
 1120,  21.497,        0.,        0.00,    0.00,        0.00
 1121,  21.517,        0.,        0.00,    0.00,        0.00
 1122,  21.538,        0.,        0.00,    0.00,        0.00
 1123,  21.558,        0.,        0.00,    0.00,        0.00
 1124,  21.578,        0.,        0.00,    0.00,        0.00
 1125,  21.598,        0.,        0.00,    0.00,        0.00
 1126,  21.618,        0.,        0.00,    0.00,        0.00
 1127,  21.638,        0.,        0.00,    0.00,        0.00
 1128,  21.658,        0.,        0.00,    0.00,        0.00
 1129,  21.678,        0.,        0.00,    0.00,        0.00
 1130,  21.698,        0.,        0.00,    0.00,        0.00
 1131,  21.718,        0.,        0.00,    0.00,        0.00
 1132,  21.738,        0.,        0.00,    0.00,        0.00
 1133,  21.758,        0.,        0.00,    0.00,        0.00
 1134,  21.778,        0.,        0.00,    0.00,        0.00
 1135,  21.798,        0.,        0.00,    0.00,        0.00
 1136,  21.819,        0.,        0.00,    0.00,        0.00
 1137,  21.839,        0.,        0.00,    0.00,        0.00
 1138,  21.859,        0.,        0.00,    0.00,        0.00
 1139,  21.879,        0.,        0.00,    0.00,        0.00
 1140,  21.899,        0.,        0.00,    0.00,        0.00
 1141,  21.919,        0.,        0.00,    0.00,        0.00
 1142,  21.939,        0.,        0.00,    0.00,        0.00
 1143,  21.959,        0.,        0.00,    0.00,        0.00
 1144,  21.979,        0.,        0.00,    0.00,        0.00
 1145,  21.999,        0.,        0.00,    0.00,        0.00
 1146,  22.019,        0.,        0.00,    0.00,        0.00
 1147,  22.039,        0.,        0.00,    0.00,        0.00
 1148,  22.059,        0.,        0.00,    0.00,        0.00
 1149,  22.079,        0.,        0.00,    0.00,        0.00
 1150,  22.099,        0.,        0.00,    0.00,        0.00
 1151,  22.120,        0.,        0.00,    0.00,        0.00
 1152,  22.140,        0.,        0.00,    0.00,        0.00
 1153,  22.160,        0.,        0.00,    0.00,        0.00
 1154,  22.180,        0.,        0.00,    0.00,        0.00
 1155,  22.200,        0.,        0.00,    0.00,        0.00
 1156,  22.220,        0.,        0.00,    0.00,        0.00
 1157,  22.240,        0.,        0.00,    0.00,        0.00
 1158,  22.260,        0.,        0.00,    0.00,        0.00
 1159,  22.280,        0.,        0.00,    0.00,        0.00
 1160,  22.300,        0.,        0.00,    0.00,        0.00
 1161,  22.320,        0.,        0.00,    0.00,        0.00
 1162,  22.340,        0.,        0.00,    0.00,        0.00
 1163,  22.360,        0.,        0.00,    0.00,        0.00
 1164,  22.380,        0.,        0.00,    0.00,        0.00
 1165,  22.401,        0.,        0.00,    0.00,        0.00
 1166,  22.421,        0.,        0.00,    0.00,        0.00
 1167,  22.441,        0.,        0.00,    0.00,        0.00
 1168,  22.461,        0.,        0.00,    0.00,        0.00
 1169,  22.481,        0.,        0.00,    0.00,        0.00
 1170,  22.501,        0.,        0.00,    0.00,        0.00
 1171,  22.521,        0.,        0.00,    0.00,        0.00
 1172,  22.541,        0.,        0.00,    0.00,        0.00
 1173,  22.561,        0.,        0.00,    0.00,        0.00
 1174,  22.581,        0.,        0.00,    0.00,        0.00
 1175,  22.601,        0.,        0.00,   -0.07,        0.00
 1176,  22.621,        0.,        0.00,   -0.07,        0.00
 1177,  22.641,        0.,        0.00,   -0.07,        0.00
 1178,  22.661,        0.,        0.00,   -0.07,        0.00
 1179,  22.682,        0.,        0.00,   -0.07,        0.00
 1180,  22.702,        0.,        0.00,   -0.07,        0.00
 1181,  22.722,        0.,        0.00,   -0.07,        0.00
 1182,  22.742,        0.,        0.00,    0.08,        0.00
 1183,  22.762,        0.,        0.00,    0.08,        0.00
 1184,  22.782,        0.,        0.00,    0.08,        0.00
 1185,  22.802,        0.,        0.00,    0.08,        0.00
 1186,  22.822,        0.,        0.00,    0.08,        0.00
 1187,  22.842,        0.,        0.00,    0.08,        0.00
 1188,  22.862,        1.,        0.00,    0.08,        1.00
 1189,  22.882,        0.,        0.00,    0.08,        0.00
 1190,  22.902,        0.,        0.00,    0.08,        0.00
 1191,  22.922,        0.,        0.00,    0.08,        0.00
 1192,  22.942,        0.,        0.00,    0.08,        0.00
 1193,  22.963,        0.,        0.00,    0.08,        0.00
 1194,  22.983,        0.,        0.00,    0.08,        0.00
 1195,  23.003,        0.,        0.00,   -0.07,        0.00
 1196,  23.023,        0.,        0.00,   -0.07,        0.00
 1197,  23.043,        0.,        0.00,   -0.07,        0.00
 1198,  23.063,        0.,        0.00,   -0.07,        0.00
 1199,  23.083,        0.,        0.00,   -0.07,        0.00
 1200,  23.103,        0.,        0.00,   -0.07,        0.00
 1201,  23.123,        0.,        0.00,   -0.07,        0.00
 1202,  23.143,        0.,        0.00,    0.00,        0.00
 1203,  23.163,        0.,        0.00,    0.00,        0.00
 1204,  23.183,        0.,        0.00,    0.00,        0.00
 1205,  23.203,        0.,        0.00,    0.00,        0.00
 1206,  23.223,        0.,        0.00,    0.00,        0.00
 1207,  23.244,        0.,        0.00,    0.00,        0.00
 1208,  23.264,        0.,        0.00,    0.00,        0.00
 1209,  23.284,        0.,        0.00,    0.00,        0.00
 1210,  23.304,        0.,        0.00,    0.00,        0.00
 1211,  23.324,        0.,        0.00,    0.00,        0.00
 1212,  23.344,        0.,        0.00,    0.00,        0.00
 1213,  23.364,        0.,        0.00,    0.00,        0.00
 1214,  23.384,        0.,        0.00,    0.00,        0.00
 1215,  23.404,        0.,        0.00,    0.00,        0.00
 1216,  23.424,        0.,        0.00,    0.00,        0.00
 1217,  23.444,        0.,        0.00,    0.00,        0.00
 1218,  23.464,        0.,        0.00,    0.00,        0.00
 1219,  23.484,        0.,        0.00,    0.00,        0.00
 1220,  23.504,        0.,        0.00,    0.00,        0.00
 1221,  23.525,        0.,        0.00,    0.00,        0.00
 1222,  23.545,        0.,        0.00,    0.00,        0.00
 1223,  23.565,        0.,        0.00,    0.00,        0.00
 1224,  23.585,        0.,        0.00,    0.00,        0.00
 1225,  23.605,        0.,        0.00,    0.00,        0.00
 1226,  23.625,        0.,        0.00,    0.00,        0.00
 1227,  23.645,        0.,        0.00,    0.00,        0.00
 1228,  23.665,        0.,        0.00,    0.00,        0.00
 1229,  23.685,        0.,        0.00,    0.00,        0.00
 1230,  23.705,        0.,        0.00,    0.00,        0.00
 1231,  23.725,        0.,        0.00,    0.00,        0.00
 1232,  23.745,        0.,        0.00,    0.00,        0.00
 1233,  23.765,        0.,        0.00,    0.00,        0.00
 1234,  23.785,        0.,        0.00,    0.00,        0.00
 1235,  23.806,        0.,        0.00,    0.00,        0.00
 1236,  23.826,        0.,        0.00,    0.00,        0.00
 1237,  23.846,        0.,        0.00,    0.00,        0.00
 1238,  23.866,        0.,        0.00,    0.00,        0.00
 1239,  23.886,        0.,        0.00,    0.00,        0.00
 1240,  23.906,        0.,        0.00,    0.00,        0.00
 1241,  23.926,        0.,        0.00,    0.00,        0.00
 1242,  23.946,        0.,        0.00,    0.00,        0.00
 1243,  23.966,        0.,        0.00,    0.00,        0.00
 1244,  23.986,        0.,        0.00,    0.00,        0.00
 1245,  24.006,        0.,        0.00,    0.00,        0.00
 1246,  24.026,        0.,        0.00,    0.00,        0.00
 1247,  24.046,        0.,        0.00,    0.00,        0.00
 1248,  24.066,        0.,        0.00,    0.00,        0.00
 1249,  24.087,        0.,        0.00,    0.00,        0.00
 1250,  24.107,        0.,        0.00,    0.00,        0.00
 1251,  24.127,        0.,        0.00,    0.00,        0.00
 1252,  24.147,        0.,        0.00,    0.00,        0.00
 1253,  24.167,        0.,        0.00,    0.00,        0.00
 1254,  24.187,        0.,        0.00,    0.00,        0.00
 1255,  24.207,        0.,        0.00,    0.00,        0.00
 1256,  24.227,        0.,        0.00,    0.00,        0.00
 1257,  24.247,        0.,        0.00,    0.00,        0.00
 1258,  24.267,        0.,        0.00,    0.00,        0.00
 1259,  24.287,        0.,        0.00,    0.00,        0.00
 1260,  24.307,        0.,        0.00,    0.00,        0.00
 1261,  24.327,        0.,        0.00,    0.00,        0.00
 1262,  24.347,        0.,        0.00,    0.00,        0.00
 1263,  24.368,        0.,        0.00,    0.00,        0.00
 1264,  24.388,        0.,        0.00,    0.00,        0.00
 1265,  24.408,        0.,        0.00,    0.00,        0.00
 1266,  24.428,        0.,        0.00,    0.00,        0.00
 1267,  24.448,        0.,        0.00,    0.00,        0.00
 1268,  24.468,        0.,        0.00,    0.00,        0.00
 1269,  24.488,        0.,        0.00,    0.00,        0.00
 1270,  24.508,        0.,        0.00,    0.00,        0.00
 1271,  24.528,        0.,        0.00,    0.00,        0.00
 1272,  24.548,        0.,        0.00,    0.00,        0.00
 1273,  24.568,        0.,        0.00,    0.00,        0.00
 1274,  24.588,        0.,        0.00,    0.00,        0.00
 1275,  24.608,        0.,        0.00,    0.00,        0.00
 1276,  24.628,        0.,        0.00,    0.00,        0.00
 1277,  24.649,        0.,        0.00,    0.00,        0.00
 1278,  24.669,        0.,        0.00,    0.00,        0.00
 1279,  24.689,        0.,        0.00,    0.00,        0.00
 1280,  24.709,        0.,        0.00,    0.00,        0.00
 1281,  24.729,        0.,        0.00,    0.00,        0.00
 1282,  24.749,        0.,        0.00,    0.00,        0.00
 1283,  24.769,        0.,        0.00,    0.00,        0.00
 1284,  24.789,        0.,        0.00,    0.00,        0.00
 1285,  24.809,        0.,        0.00,    0.00,        0.00
 1286,  24.829,        0.,        0.00,    0.00,        0.00
 1287,  24.849,        0.,        0.00,    0.00,        0.00
 1288,  24.869,        0.,        0.00,    0.00,        0.00
 1289,  24.889,        0.,        0.00,    0.00,        0.00
 1290,  24.909,        0.,        0.00,    0.00,        0.00
 1291,  24.929,        0.,        0.00,    0.00,        0.00
 1292,  24.950,        0.,        0.00,    0.00,        0.00
 1293,  24.970,        0.,        0.00,    0.00,        0.00
 1294,  24.990,        0.,        0.00,    0.00,        0.00
 1295,  25.010,        0.,        0.00,    0.00,        0.00
 1296,  25.030,        0.,        0.00,    0.00,        0.00
 1297,  25.050,        0.,        0.00,    0.00,        0.00
 1298,  25.070,        0.,        0.00,    0.00,        0.00
 1299,  25.090,        0.,        0.00,    0.00,        0.00
 1300,  25.110,        0.,        0.00,    0.00,        0.00
