 File:672018.spo  Solution Type:Thick  fitting  891 channels ( 110-1000)
 Channel#, E(keV),   Data,        Fit, Residual,    Data-Fit
  110,   0.609,      142.,        3.24,    1.18,      138.76
  111,   0.619,      118.,        2.87,    0.94,      115.13
  112,   0.629,      131.,        2.49,    0.80,      128.51
  113,   0.639,      115.,        2.11,    0.55,      112.89
  114,   0.649,      118.,        1.76,   -0.36,      116.24
  115,   0.659,      137.,        1.43,   -0.98,      135.57
  116,   0.669,      122.,        1.15,   -1.64,      120.85
  117,   0.679,      121.,        0.92,   -2.29,      120.08
  118,   0.689,      132.,        0.74,   -3.00,      131.26
  119,   0.699,      125.,        0.64,   -3.92,      124.36
  120,   0.709,      114.,        0.58,   -4.10,      113.42
  121,   0.719,      124.,        0.59,   -3.83,      123.41
  122,   0.729,      127.,        0.59,   -4.42,      126.41
  123,   0.739,      156.,        0.63,   -4.38,      155.37
  124,   0.750,      140.,        0.80,   -3.45,      139.20
  125,   0.760,      155.,        1.00,   -2.44,      154.00
  126,   0.770,      146.,        1.30,   -1.14,      144.70
  127,   0.780,      162.,        1.70,   -1.01,      160.30
  128,   0.790,      164.,        2.17,   -0.92,      161.83
  129,   0.800,      171.,        2.83,   -0.55,      168.17
  130,   0.810,      181.,        3.66,   -1.14,      177.34
  131,   0.820,      204.,        4.77,   -1.16,      199.23
  132,   0.830,      226.,        6.30,   -2.16,      219.70
  133,   0.840,      195.,        8.44,   -1.55,      186.56
  134,   0.850,      197.,       11.49,   -1.53,      185.51
  135,   0.860,      223.,       15.83,   -1.17,      207.17
  136,   0.870,      234.,       22.00,   -0.35,      212.00
  137,   0.880,      229.,       30.65,   -0.16,      198.35
  138,   0.890,      233.,       42.55,    0.69,      190.45
  139,   0.900,      297.,       58.57,    0.71,      238.43
  140,   0.910,      337.,       79.60,    1.37,      257.40
  141,   0.920,      347.,      106.42,    2.47,      240.58
  142,   0.931,      417.,      139.64,    3.32,      277.36
  143,   0.941,      465.,      179.49,    3.27,      285.51
  144,   0.951,      473.,      225.71,    3.16,      247.29
  145,   0.961,      570.,      277.44,    3.66,      292.56
  146,   0.971,      606.,      333.13,    4.40,      272.87
  147,   0.981,      710.,      390.55,    4.11,      319.45
  148,   0.991,      749.,      446.97,    3.04,      302.03
  149,   1.001,      797.,      499.29,    2.53,      297.71
  150,   1.011,      832.,      544.18,    2.57,      287.82
  151,   1.021,      840.,      578.75,    1.44,      261.25
  152,   1.031,      892.,      600.61,    1.47,      291.39
  153,   1.041,      885.,      608.23,    0.33,      276.77
  154,   1.051,      874.,      601.31,    0.39,      272.69
  155,   1.061,      821.,      580.43,   -0.50,      240.57
  156,   1.071,      822.,      547.53,   -0.78,      274.47
  157,   1.081,      820.,      505.26,   -1.67,      314.74
  158,   1.091,      727.,      456.94,   -1.59,      270.06
  159,   1.101,      697.,      406.22,   -1.70,      290.78
  160,   1.112,      627.,      356.66,   -1.61,      270.34
  161,   1.122,      628.,      311.47,   -1.22,      316.53
  162,   1.132,      556.,      273.25,   -0.25,      282.75
  163,   1.142,      555.,      243.83,    0.76,      311.17
  164,   1.152,      496.,      224.19,    2.01,      271.81
  165,   1.162,      539.,      214.40,    2.70,      324.60
  166,   1.172,      491.,      213.91,    2.86,      277.09
  167,   1.182,      515.,      221.29,    2.73,      293.71
  168,   1.192,      550.,      234.73,    3.13,      315.27
  169,   1.202,      555.,      251.93,    1.77,      303.07
  170,   1.212,      566.,      270.51,    1.34,      295.49
  171,   1.222,      635.,      288.10,    0.54,      346.90
  172,   1.232,      651.,      302.55,    0.68,      348.45
  173,   1.242,      606.,      312.13,   -0.14,      293.87
  174,   1.252,      601.,      315.69,    0.28,      285.31
  175,   1.262,      607.,      312.66,    0.09,      294.34
  176,   1.272,      549.,      303.18,    0.39,      245.82
  177,   1.282,      561.,      288.05,    0.00,      272.95
  178,   1.293,      539.,      268.62,    0.55,      270.38
  179,   1.303,      511.,      246.63,   -0.80,      264.37
  180,   1.313,      514.,      224.23,   -0.58,      289.77
  181,   1.323,      505.,      203.64,   -0.40,      301.36
  182,   1.333,      463.,      186.89,   -0.22,      276.11
  183,   1.343,      489.,      176.05,   -0.13,      312.95
  184,   1.353,      451.,      172.76,    1.01,      278.24
  185,   1.363,      475.,      178.20,    0.94,      296.80
  186,   1.373,      477.,      193.21,    2.48,      283.79
  187,   1.383,      522.,      217.95,    2.66,      304.05
  188,   1.393,      538.,      251.89,    2.62,      286.11
  189,   1.403,      554.,      293.97,    1.89,      260.03
  190,   1.413,      618.,      342.37,    2.38,      275.63
  191,   1.423,      676.,      394.67,    1.62,      281.33
  192,   1.433,      695.,      447.98,    1.69,      247.02
  193,   1.443,      815.,      499.11,    1.35,      315.89
  194,   1.453,      756.,      544.75,    0.72,      211.25
  195,   1.463,      822.,      581.80,   -0.16,      240.20
  196,   1.474,      830.,      607.72,   -0.37,      222.28
  197,   1.484,      889.,      620.71,   -1.02,      268.29
  198,   1.494,      844.,      619.96,   -1.70,      224.04
  199,   1.504,      860.,      605.67,   -2.30,      254.33
  200,   1.514,      812.,      579.32,   -2.75,      232.68
  201,   1.524,      764.,      543.10,   -3.27,      220.90
  202,   1.534,      703.,      500.21,   -2.80,      202.79
  203,   1.544,      682.,      454.22,   -2.93,      227.78
  204,   1.554,      624.,      409.32,   -2.43,      214.68
  205,   1.564,      544.,      369.39,   -3.22,      174.61
  206,   1.574,      556.,      338.42,   -2.92,      217.58
  207,   1.584,      512.,      320.03,   -3.29,      191.97
  208,   1.594,      543.,      317.46,   -3.45,      225.54
  209,   1.604,      542.,      333.33,   -3.99,      208.67
  210,   1.614,      586.,      369.53,   -3.97,      216.47
  211,   1.624,      702.,      427.15,   -4.28,      274.85
  212,   1.634,      714.,      506.24,   -3.96,      207.76
  213,   1.644,      845.,      605.61,   -3.63,      239.39
  214,   1.655,      978.,      722.53,   -3.54,      255.47
  215,   1.665,     1040.,      853.07,   -3.78,      186.93
  216,   1.675,     1233.,      991.69,   -3.64,      241.31
  217,   1.685,     1400.,     1131.73,   -3.33,      268.27
  218,   1.695,     1564.,     1265.71,   -2.74,      298.29
  219,   1.705,     1672.,     1385.92,   -2.99,      286.08
  220,   1.715,     1761.,     1485.05,   -2.45,      275.95
  221,   1.725,     1876.,     1556.79,   -1.98,      319.21
  222,   1.735,     1860.,     1596.61,   -1.94,      263.39
  223,   1.745,     1954.,     1602.16,   -0.33,      351.84
  224,   1.755,     1951.,     1573.83,    0.83,      377.17
  225,   1.765,     1936.,     1514.07,    2.59,      421.93
  226,   1.775,     1788.,     1427.80,    3.20,      360.20
  227,   1.785,     1692.,     1321.41,    3.90,      370.59
  228,   1.795,     1644.,     1202.43,    5.29,      441.57
  229,   1.805,     1497.,     1078.63,    6.51,      418.37
  230,   1.815,     1402.,      957.48,    8.54,      444.52
  231,   1.825,     1322.,      845.35,    8.70,      476.65
  232,   1.835,     1268.,      747.20,    9.64,      520.80
  233,   1.846,     1094.,      666.31,    9.08,      427.69
  234,   1.856,      998.,      604.22,    9.00,      393.78
  235,   1.866,     1085.,      560.79,    8.60,      524.21
  236,   1.876,     1037.,      534.43,    8.42,      502.57
  237,   1.886,     1003.,      522.45,    7.93,      480.55
  238,   1.896,      929.,      521.33,    6.26,      407.67
  239,   1.906,      997.,      526.93,    4.62,      470.07
  240,   1.916,      896.,      535.44,    2.26,      360.56
  241,   1.926,      896.,      543.01,    1.87,      352.99
  242,   1.936,      895.,      546.43,    1.81,      348.57
  243,   1.946,      969.,      543.28,    0.44,      425.72
  244,   1.956,      893.,      532.02,   -0.47,      360.98
  245,   1.966,      795.,      512.06,   -0.99,      282.94
  246,   1.976,      761.,      483.68,   -1.23,      277.32
  247,   1.986,      699.,      447.90,   -1.99,      251.10
  248,   1.996,      683.,      406.48,   -1.05,      276.52
  249,   2.006,      684.,      361.40,   -1.59,      322.60
  250,   2.016,      661.,      314.66,   -1.77,      346.34
  251,   2.027,      574.,      268.41,   -1.86,      305.59
  252,   2.037,      550.,      224.35,   -2.12,      325.65
  253,   2.047,      461.,      183.88,   -1.04,      277.12
  254,   2.057,      419.,      147.89,   -0.35,      271.11
  255,   2.067,      386.,      117.02,    0.88,      268.98
  256,   2.077,      280.,       91.42,    1.35,      188.58
  257,   2.087,      303.,       71.27,    0.21,      231.73
  258,   2.097,      296.,       55.84,   -1.33,      240.16
  259,   2.107,      230.,       44.96,   -1.66,      185.04
  260,   2.117,      218.,       38.14,   -2.88,      179.86
  261,   2.127,      243.,       35.22,   -4.34,      207.78
  262,   2.137,      212.,       35.76,   -4.86,      176.24
  263,   2.147,      224.,       39.55,   -5.87,      184.45
  264,   2.157,      210.,       46.50,   -5.87,      163.50
  265,   2.167,      229.,       56.83,   -5.82,      172.17
  266,   2.177,      218.,       70.22,   -5.08,      147.78
  267,   2.187,      254.,       86.74,   -4.56,      167.26
  268,   2.197,      225.,      106.15,   -2.82,      118.85
  269,   2.208,      300.,      128.12,   -3.31,      171.88
  270,   2.218,      312.,      152.11,   -2.84,      159.89
  271,   2.228,      293.,      177.49,   -2.59,      115.51
  272,   2.238,      368.,      203.23,   -3.02,      164.77
  273,   2.248,      399.,      228.32,   -2.16,      170.68
  274,   2.258,      386.,      251.60,   -1.61,      134.40
  275,   2.268,      441.,      271.83,   -1.41,      169.17
  276,   2.278,      401.,      287.87,   -0.91,      113.13
  277,   2.288,      421.,      298.79,   -0.88,      122.21
  278,   2.298,      433.,      303.96,   -1.37,      129.04
  279,   2.308,      422.,      303.07,   -0.66,      118.93
  280,   2.318,      469.,      296.20,   -1.05,      172.80
  281,   2.328,      402.,      283.79,   -1.42,      118.21
  282,   2.338,      410.,      266.66,   -1.53,      143.34
  283,   2.348,      365.,      245.76,   -2.10,      119.24
  284,   2.358,      353.,      222.41,   -2.08,      130.59
  285,   2.368,      308.,      197.77,   -2.07,      110.23
  286,   2.378,      301.,      173.06,   -1.89,      127.94
  287,   2.389,      290.,      149.29,   -1.75,      140.71
  288,   2.399,      272.,      127.46,   -1.89,      144.54
  289,   2.409,      230.,      108.20,   -0.79,      121.80
  290,   2.419,      207.,       91.96,   -1.16,      115.04
  291,   2.429,      209.,       79.07,   -0.76,      129.93
  292,   2.439,      188.,       69.53,   -0.51,      118.47
  293,   2.449,      188.,       63.65,    0.18,      124.35
  294,   2.459,      198.,       61.42,    0.08,      136.58
  295,   2.469,      217.,       62.74,   -0.20,      154.26
  296,   2.479,      224.,       67.74,    0.13,      156.26
  297,   2.489,      209.,       76.37,    0.65,      132.63
  298,   2.499,      201.,       88.63,    1.46,      112.37
  299,   2.509,      256.,      104.43,    1.21,      151.57
  300,   2.519,      286.,      123.59,    1.46,      162.41
  301,   2.529,      277.,      145.76,    1.99,      131.24
  302,   2.539,      309.,      170.40,    2.30,      138.60
  303,   2.549,      336.,      196.61,    2.29,      139.39
  304,   2.559,      362.,      223.36,    1.87,      138.64
  305,   2.570,      398.,      249.39,    1.35,      148.61
  306,   2.580,      388.,      273.49,    1.47,      114.51
  307,   2.590,      426.,      294.32,    1.07,      131.68
  308,   2.600,      472.,      310.57,    0.34,      161.43
  309,   2.610,      467.,      321.24,    0.30,      145.76
  310,   2.620,      468.,      325.70,   -0.06,      142.30
  311,   2.630,      453.,      323.64,   -0.37,      129.36
  312,   2.640,      415.,      315.19,   -0.51,       99.81
  313,   2.650,      432.,      300.87,   -1.46,      131.13
  314,   2.660,      394.,      281.60,   -1.26,      112.40
  315,   2.670,      390.,      258.46,   -2.22,      131.54
  316,   2.680,      365.,      232.92,   -2.84,      132.08
  317,   2.690,      321.,      206.18,   -3.04,      114.82
  318,   2.700,      296.,      179.62,   -3.16,      116.38
  319,   2.710,      286.,      154.28,   -3.01,      131.72
  320,   2.720,      238.,      131.00,   -2.74,      107.00
  321,   2.730,      252.,      110.39,   -2.01,      141.61
  322,   2.740,      183.,       92.75,   -1.31,       90.25
  323,   2.751,      208.,       78.13,   -0.58,      129.87
  324,   2.761,      197.,       66.37,   -0.48,      130.63
  325,   2.771,      182.,       57.17,   -0.47,      124.83
  326,   2.781,      188.,       50.10,   -0.16,      137.90
  327,   2.791,      202.,       44.73,    0.43,      157.27
  328,   2.801,      185.,       40.60,    0.15,      144.40
  329,   2.811,      184.,       37.30,    0.67,      146.70
  330,   2.821,      199.,       34.49,    0.43,      164.51
  331,   2.831,      191.,       31.92,    0.98,      159.08
  332,   2.841,      175.,       29.41,    1.35,      145.59
  333,   2.851,      149.,       26.86,    0.85,      122.14
  334,   2.861,      150.,       24.24,    0.51,      125.76
  335,   2.871,      173.,       21.55,    0.40,      151.45
  336,   2.881,      160.,       18.86,    0.06,      141.14
  337,   2.891,      174.,       16.16,   -0.81,      157.84
  338,   2.901,      160.,       13.66,   -0.87,      146.34
  339,   2.911,      148.,       11.30,   -2.43,      136.70
  340,   2.921,      158.,        9.20,   -3.99,      148.80
  341,   2.932,      148.,        7.35,   -3.62,      140.65
  342,   2.942,      145.,        5.75,   -2.84,      139.25
  343,   2.952,      164.,        4.42,   -2.72,      159.58
  344,   2.962,      175.,        3.28,   -1.91,      171.72
  345,   2.972,      159.,        2.43,   -1.02,      156.57
  346,   2.982,      162.,        1.77,   -1.02,      160.23
  347,   2.992,      161.,        1.32,   -0.37,      159.68
  348,   3.002,      142.,        0.98,    1.30,      141.02
  349,   3.012,      192.,        0.76,    1.25,      191.24
  350,   3.022,      170.,        0.65,    1.07,      169.35
  351,   3.032,      168.,        0.65,    1.74,      167.35
  352,   3.042,      186.,        0.73,    0.61,      185.27
  353,   3.052,      196.,        1.02,    0.13,      194.98
  354,   3.062,      173.,        1.41,   -0.25,      171.59
  355,   3.072,      198.,        2.03,   -0.19,      195.97
  356,   3.082,      213.,        2.89,   -0.72,      210.11
  357,   3.092,      196.,        4.04,   -0.25,      191.96
  358,   3.102,      164.,        5.57,   -2.13,      158.43
  359,   3.113,      218.,        7.53,   -1.81,      210.47
  360,   3.123,      173.,       10.02,   -1.14,      162.98
  361,   3.133,      196.,       13.12,   -1.83,      182.88
  362,   3.143,      191.,       16.87,   -2.57,      174.13
  363,   3.153,      234.,       21.35,   -2.58,      212.65
  364,   3.163,      205.,       26.57,   -3.89,      178.43
  365,   3.173,      265.,       32.52,   -3.75,      232.48
  366,   3.183,      209.,       39.17,   -3.47,      169.83
  367,   3.193,      259.,       46.41,   -4.16,      212.59
  368,   3.203,      297.,       54.12,   -4.73,      242.88
  369,   3.213,      261.,       62.10,   -4.41,      198.90
  370,   3.223,      292.,       70.13,   -3.86,      221.87
  371,   3.233,      321.,       77.95,   -2.92,      243.05
  372,   3.243,      301.,       85.27,   -2.34,      215.73
  373,   3.253,      381.,       91.81,   -1.41,      289.19
  374,   3.263,      351.,       97.27,   -2.08,      253.73
  375,   3.273,      300.,      101.41,   -1.48,      198.59
  376,   3.283,      356.,      104.03,   -1.07,      251.97
  377,   3.294,      363.,      104.99,   -1.05,      258.01
  378,   3.304,      379.,      104.26,   -1.20,      274.74
  379,   3.314,      405.,      101.86,   -1.29,      303.14
  380,   3.324,      416.,       97.90,   -1.31,      318.10
  381,   3.334,      379.,       92.60,   -1.42,      286.40
  382,   3.344,      376.,       86.30,   -0.97,      289.70
  383,   3.354,      394.,       79.39,   -0.63,      314.61
  384,   3.364,      378.,       72.49,    0.73,      305.51
  385,   3.374,      411.,       66.15,    1.49,      344.85
  386,   3.384,      386.,       61.41,    2.40,      324.59
  387,   3.394,      395.,       59.43,    3.43,      335.57
  388,   3.404,      409.,       62.03,    4.17,      346.97
  389,   3.414,      402.,       71.82,    4.99,      330.18
  390,   3.424,      464.,       92.58,    5.88,      371.42
  391,   3.434,      512.,      129.77,    5.37,      382.23
  392,   3.444,      543.,      191.14,    4.90,      351.86
  393,   3.454,      648.,      287.50,    4.44,      360.50
  394,   3.464,      880.,      433.49,    4.00,      446.51
  395,   3.475,     1058.,      648.47,    2.88,      409.53
  396,   3.485,     1381.,      957.21,    1.44,      423.79
  397,   3.495,     1813.,     1390.38,    0.13,      422.62
  398,   3.505,     2329.,     1984.64,   -1.70,      344.36
  399,   3.515,     3163.,     2781.95,   -2.51,      381.05
  400,   3.525,     4136.,     3828.35,   -3.27,      307.65
  401,   3.535,     5482.,     5171.07,   -3.72,      310.93
  402,   3.545,     7220.,     6855.22,   -3.52,      364.78
  403,   3.555,     9132.,     8918.95,   -3.33,      213.05
  404,   3.565,    11604.,    11387.93,   -2.35,      216.07
  405,   3.575,    14356.,    14269.61,   -1.66,       86.39
  406,   3.585,    17536.,    17547.09,   -0.28,      -11.09
  407,   3.595,    21576.,    21175.00,    1.83,      401.00
  408,   3.605,    25240.,    25076.20,    2.83,      163.80
  409,   3.615,    29408.,    29141.92,    4.29,      266.08
  410,   3.625,    33552.,    33234.67,    4.71,      317.33
  411,   3.635,    37632.,    37194.70,    5.49,      437.30
  412,   3.645,    41552.,    40849.43,    5.98,      702.57
  413,   3.656,    44512.,    44025.72,    6.35,      486.28
  414,   3.666,    47280.,    46563.07,    6.25,      716.93
  415,   3.676,    49248.,    48326.96,    6.27,      921.04
  416,   3.686,    49712.,    49220.67,    5.32,      491.33
  417,   3.696,    49760.,    49195.05,    4.36,      564.95
  418,   3.706,    48480.,    48251.65,    3.82,      228.35
  419,   3.716,    46704.,    46442.65,    2.68,      261.35
  420,   3.726,    44080.,    43867.54,    2.12,      212.46
  421,   3.736,    40624.,    40663.07,    0.15,      -39.07
  422,   3.746,    36784.,    36991.52,   -0.61,     -207.52
  423,   3.756,    32736.,    33027.39,   -2.31,     -291.39
  424,   3.766,    28664.,    28944.21,   -4.16,     -280.21
  425,   3.776,    24448.,    24902.38,   -4.74,     -454.38
  426,   3.786,    20832.,    21040.31,   -5.64,     -208.31
  427,   3.796,    16992.,    17467.83,   -5.95,     -475.83
  428,   3.806,    14212.,    14263.81,   -6.37,      -51.81
  429,   3.816,    11048.,    11476.06,   -6.19,     -428.06
  430,   3.826,     9056.,     9124.68,   -5.40,      -68.68
  431,   3.837,     6972.,     7206.30,   -4.36,     -234.30
  432,   3.847,     5614.,     5699.82,   -2.99,      -85.82
  433,   3.857,     4424.,     4571.93,   -1.64,     -147.93
  434,   3.867,     3705.,     3782.17,   -0.54,      -77.17
  435,   3.877,     3158.,     3286.97,    0.10,     -128.97
  436,   3.887,     2855.,     3042.61,    1.58,     -187.61
  437,   3.897,     2919.,     3006.97,    1.69,      -87.97
  438,   3.907,     2968.,     3140.33,    2.27,     -172.33
  439,   3.917,     3211.,     3405.49,    1.38,     -194.49
  440,   3.927,     3527.,     3767.32,    0.46,     -240.32
  441,   3.937,     3846.,     4192.63,   -1.40,     -346.63
  442,   3.947,     4230.,     4649.42,   -2.87,     -419.42
  443,   3.957,     4720.,     5107.23,   -5.01,     -387.23
  444,   3.967,     5254.,     5537.32,   -6.38,     -283.32
  445,   3.977,     5576.,     5913.48,   -8.49,     -337.48
  446,   3.987,     5736.,     6212.91,  -10.40,     -476.91
  447,   3.997,     6032.,     6417.32,  -11.94,     -385.32
  448,   4.007,     6036.,     6513.88,  -12.09,     -477.88
  449,   4.018,     6114.,     6496.11,  -12.67,     -382.11
  450,   4.028,     6028.,     6363.97,  -10.92,     -335.97
  451,   4.038,     5830.,     6123.74,   -9.11,     -293.74
  452,   4.048,     5514.,     5787.53,   -7.22,     -273.53
  453,   4.058,     5014.,     5371.96,   -6.16,     -357.96
  454,   4.068,     4550.,     4896.99,   -5.17,     -346.99
  455,   4.078,     4200.,     4383.90,   -2.32,     -183.90
  456,   4.088,     3745.,     3854.11,   -0.45,     -109.11
  457,   4.098,     3158.,     3327.40,    2.08,     -169.40
  458,   4.108,     2883.,     2820.95,    3.94,       62.05
  459,   4.118,     2362.,     2348.51,    5.20,       13.49
  460,   4.128,     1938.,     1919.94,    6.01,       18.06
  461,   4.138,     1538.,     1541.28,    6.98,       -3.28
  462,   4.148,     1166.,     1214.98,    9.03,      -48.98
  463,   4.158,     1001.,      940.47,   10.92,       60.53
  464,   4.168,      736.,      714.84,   11.12,       21.16
  465,   4.178,      569.,      533.53,   11.20,       35.47
  466,   4.188,      419.,      391.01,   11.39,       27.99
  467,   4.199,      299.,      281.39,    9.92,       17.61
  468,   4.209,      219.,      198.83,    8.95,       20.17
  469,   4.219,      175.,      137.96,    8.08,       37.04
  470,   4.229,      133.,       93.99,    7.38,       39.01
  471,   4.239,       95.,       62.88,    6.53,       32.12
  472,   4.249,       60.,       41.25,    4.25,       18.75
  473,   4.259,       49.,       26.61,    3.19,       22.39
  474,   4.269,       37.,       16.86,    2.12,       20.14
  475,   4.279,       24.,       10.49,    0.53,       13.51
  476,   4.289,       17.,        6.40,    1.03,       10.60
  477,   4.299,       21.,        3.84,    0.96,       17.16
  478,   4.309,       13.,        2.17,    0.56,       10.83
  479,   4.319,        7.,        1.28,   -0.51,        5.72
  480,   4.329,       12.,        0.75,   -2.22,       11.25
  481,   4.339,        9.,        0.46,   -2.10,        8.54
  482,   4.349,        2.,        0.30,   -2.95,        1.70
  483,   4.359,       10.,        0.19,   -3.46,        9.81
  484,   4.369,       11.,        0.14,   -3.63,       10.86
  485,   4.380,        9.,        0.17,   -4.13,        8.83
  486,   4.390,       10.,        0.22,   -4.82,        9.78
  487,   4.400,        5.,        0.26,   -4.62,        4.74
  488,   4.410,        7.,        0.32,   -3.65,        6.68
  489,   4.420,        6.,        0.37,   -3.35,        5.63
  490,   4.430,        4.,        0.43,   -2.80,        3.57
  491,   4.440,        6.,        0.49,   -1.49,        5.51
  492,   4.450,        9.,        0.55,   -0.80,        8.45
  493,   4.460,        4.,        0.61,   -1.01,        3.39
  494,   4.470,        9.,        0.65,   -1.20,        8.35
  495,   4.480,        6.,        0.69,   -0.85,        5.31
  496,   4.490,       10.,        0.72,   -0.55,        9.28
  497,   4.500,        4.,        0.74,    0.22,        3.26
  498,   4.510,        9.,        0.75,    0.05,        8.25
  499,   4.520,        9.,        0.74,    0.26,        8.26
  500,   4.530,        9.,        0.72,    0.33,        8.28
  501,   4.540,        6.,        0.68,    0.06,        5.32
  502,   4.550,        4.,        0.64,    0.82,        3.36
  503,   4.561,        8.,        0.59,    0.57,        7.41
  504,   4.571,        6.,        0.54,    0.96,        5.46
  505,   4.581,       13.,        0.48,    0.84,       12.52
  506,   4.591,        2.,        0.42,    1.06,        1.58
  507,   4.601,        3.,        0.36,    1.00,        2.64
  508,   4.611,        9.,        0.30,    0.48,        8.70
  509,   4.621,        4.,        0.25,    0.53,        3.75
  510,   4.631,        6.,        0.21,    0.91,        5.79
  511,   4.641,        3.,        0.16,    0.77,        2.84
  512,   4.651,        6.,        0.13,    0.51,        5.87
  513,   4.661,        7.,        0.10,    0.52,        6.90
  514,   4.671,        4.,        0.08,   -0.22,        3.92
  515,   4.681,        6.,        0.06,    0.24,        5.94
  516,   4.691,        3.,        0.04,    0.51,        2.96
  517,   4.701,        7.,        0.00,    0.04,        7.00
  518,   4.711,        5.,        0.00,    0.24,        5.00
  519,   4.721,        2.,        0.00,   -0.01,        2.00
  520,   4.731,        2.,        0.00,    0.20,        2.00
  521,   4.741,        4.,        0.00,    0.11,        4.00
  522,   4.752,        2.,        0.00,   -0.15,        2.00
  523,   4.762,        4.,        0.00,   -0.53,        4.00
  524,   4.772,        2.,        0.00,   -0.10,        2.00
  525,   4.782,        2.,        0.00,   -0.72,        2.00
  526,   4.792,        2.,        0.00,   -0.90,        2.00
  527,   4.802,        1.,        0.00,   -1.34,        1.00
  528,   4.812,        3.,        0.00,   -1.89,        3.00
  529,   4.822,        2.,        0.00,   -1.85,        2.00
  530,   4.832,        2.,        0.00,   -2.02,        2.00
  531,   4.842,        1.,        0.00,   -1.96,        1.00
  532,   4.852,        0.,        0.00,   -1.80,        0.00
  533,   4.862,        2.,        0.00,   -2.13,        2.00
  534,   4.872,        3.,        0.00,   -1.31,        3.00
  535,   4.882,        1.,        0.00,   -1.26,        1.00
  536,   4.892,        0.,        0.00,   -0.93,        0.00
  537,   4.902,        0.,        0.00,   -0.38,        0.00
  538,   4.912,        1.,        0.00,   -0.32,        1.00
  539,   4.922,        0.,        0.00,   -0.27,        0.00
  540,   4.933,        2.,        0.00,   -0.27,        2.00
  541,   4.943,        1.,        0.00,   -0.10,        1.00
  542,   4.953,        1.,        0.00,    0.44,        1.00
  543,   4.963,        7.,        0.00,    0.28,        7.00
  544,   4.973,        2.,        0.00,    0.11,        2.00
  545,   4.983,        3.,        0.00,    0.27,        3.00
  546,   4.993,        4.,        0.00,    0.38,        4.00
  547,   5.003,        3.,        0.00,    0.66,        3.00
  548,   5.013,        2.,        0.00,    0.66,        2.00
  549,   5.023,        1.,        0.00,    0.99,        1.00
  550,   5.033,        2.,        0.00,    0.88,        2.00
  551,   5.043,        4.,        0.00,    0.93,        4.00
  552,   5.053,        1.,        0.00,    1.20,        1.00
  553,   5.063,        2.,        0.00,    0.88,        2.00
  554,   5.073,        3.,        0.00,    0.99,        3.00
  555,   5.083,        1.,        0.00,    0.66,        1.00
  556,   5.093,        1.,        0.00,    0.18,        1.00
  557,   5.103,        1.,        0.00,    0.07,        1.00
  558,   5.114,        2.,        0.00,   -0.14,        2.00
  559,   5.124,        1.,        0.00,   -0.20,        1.00
  560,   5.134,        2.,        0.00,   -0.24,        2.00
  561,   5.144,        3.,        0.00,   -0.62,        3.00
  562,   5.154,        3.,        0.00,   -0.34,        3.00
  563,   5.164,        3.,        0.00,   -0.33,        3.00
  564,   5.174,        1.,        0.00,   -0.32,        1.00
  565,   5.184,        0.,        0.00,   -0.26,        0.00
  566,   5.194,        2.,        0.00,   -0.20,        2.00
  567,   5.204,        0.,        0.00,   -0.25,        0.00
  568,   5.214,        1.,        0.00,   -0.14,        1.00
  569,   5.224,        1.,        0.00,   -0.30,        1.00
  570,   5.234,        1.,        0.01,   -0.13,        0.99
  571,   5.244,        1.,        0.01,   -0.24,        0.99
  572,   5.254,        1.,        0.02,   -0.45,        0.98
  573,   5.264,        2.,        0.02,   -0.56,        1.98
  574,   5.274,        1.,        0.03,   -0.30,        0.97
  575,   5.284,        1.,        0.03,   -0.14,        0.97
  576,   5.295,        0.,        0.04,   -0.26,       -0.04
  577,   5.305,        3.,        0.05,   -0.16,        2.95
  578,   5.315,        0.,        0.07,    0.04,       -0.07
  579,   5.325,        2.,        0.08,    0.03,        1.92
  580,   5.335,        2.,        0.09,    0.13,        1.91
  581,   5.345,        0.,        0.11,    0.06,       -0.11
  582,   5.355,        1.,        0.12,    0.05,        0.88
  583,   5.365,        3.,        0.14,   -0.24,        2.86
  584,   5.375,        2.,        0.15,   -0.20,        1.85
  585,   5.385,        1.,        0.16,   -0.21,        0.84
  586,   5.395,        1.,        0.18,   -0.01,        0.82
  587,   5.405,        3.,        0.18,   -0.28,        2.82
  588,   5.415,        1.,        0.19,   -0.13,        0.81
  589,   5.425,        1.,        0.19,   -0.30,        0.81
  590,   5.435,        0.,        0.19,   -0.24,       -0.19
  591,   5.445,        1.,        0.19,    0.14,        0.81
  592,   5.455,        0.,        0.18,    0.20,       -0.18
  593,   5.465,        2.,        0.18,    0.05,        1.82
  594,   5.476,        1.,        0.16,    0.11,        0.84
  595,   5.486,        2.,        0.15,   -0.15,        1.85
  596,   5.496,        1.,        0.14,    0.14,        0.86
  597,   5.506,        2.,        0.12,    0.04,        1.88
  598,   5.516,        1.,        0.11,    0.22,        0.89
  599,   5.526,        2.,        0.09,    0.24,        1.91
  600,   5.536,        3.,        0.08,    0.20,        2.92
  601,   5.546,        2.,        0.07,    0.48,        1.93
  602,   5.556,        1.,        0.05,    0.61,        0.95
  603,   5.566,        2.,        0.04,    0.51,        1.96
  604,   5.576,        0.,        0.04,    0.74,       -0.04
  605,   5.586,        2.,        0.03,    0.53,        1.97
  606,   5.596,        2.,        0.02,    0.53,        1.98
  607,   5.606,        2.,        0.02,    0.48,        1.98
  608,   5.616,        0.,        0.01,    0.38,       -0.01
  609,   5.626,        0.,        0.00,    0.27,        0.00
  610,   5.636,        3.,        0.00,   -0.11,        3.00
  611,   5.646,        0.,        0.00,   -0.22,        0.00
  612,   5.657,        0.,        0.00,   -0.23,        0.00
  613,   5.667,        3.,        0.00,   -0.28,        3.00
  614,   5.677,        0.,        0.00,   -0.07,        0.00
  615,   5.687,        0.,        0.00,   -0.13,        0.00
  616,   5.697,        1.,        0.00,   -0.29,        1.00
  617,   5.707,        0.,        0.00,   -0.35,        0.00
  618,   5.717,        1.,        0.00,   -0.41,        1.00
  619,   5.727,        0.,        0.00,   -0.03,        0.00
  620,   5.737,        1.,        0.00,   -0.25,        1.00
  621,   5.747,        0.,        0.00,   -0.19,        0.00
  622,   5.757,        1.,        0.00,   -0.08,        1.00
  623,   5.767,        1.,        0.00,   -0.47,        1.00
  624,   5.777,        1.,        0.00,   -0.36,        1.00
  625,   5.787,        0.,        0.00,   -0.19,        0.00
  626,   5.797,        1.,        0.00,   -0.19,        1.00
  627,   5.807,        0.,        0.00,    0.08,        0.00
  628,   5.817,        2.,        0.00,   -0.03,        2.00
  629,   5.827,        0.,        0.00,    0.08,        0.00
  630,   5.838,        0.,        0.00,   -0.14,        0.00
  631,   5.848,        0.,        0.00,   -0.20,        0.00
  632,   5.858,        0.,        0.00,   -0.03,        0.00
  633,   5.868,        0.,        0.00,   -0.14,        0.00
  634,   5.878,        1.,        0.00,   -0.14,        1.00
  635,   5.888,        0.,        0.00,   -0.23,        0.00
  636,   5.898,        3.,        0.00,   -0.23,        3.00
  637,   5.908,        0.,        0.00,   -0.23,        0.00
  638,   5.918,        0.,        0.00,   -0.33,        0.00
  639,   5.928,        0.,        0.00,   -0.12,        0.00
  640,   5.938,        0.,        0.00,    0.03,        0.00
  641,   5.948,        1.,        0.00,    0.03,        1.00
  642,   5.958,        0.,        0.00,    0.08,        0.00
  643,   5.968,        1.,        0.00,    0.03,        1.00
  644,   5.978,        0.,        0.00,    0.18,        0.00
  645,   5.988,        1.,        0.00,    0.25,        1.00
  646,   5.998,        0.,        0.00,    0.00,        0.00
  647,   6.008,        1.,        0.00,   -0.08,        1.00
  648,   6.019,        2.,        0.00,    0.09,        2.00
  649,   6.029,        1.,        0.00,    0.12,        1.00
  650,   6.039,        0.,        0.00,    0.00,        0.00
  651,   6.049,        0.,        0.00,   -0.20,        0.00
  652,   6.059,        0.,        0.00,   -0.19,        0.00
  653,   6.069,        2.,        0.00,   -0.22,        2.00
  654,   6.079,        1.,        0.00,   -0.19,        1.00
  655,   6.089,        1.,        0.00,   -0.25,        1.00
  656,   6.099,        0.,        0.00,   -0.04,        0.00
  657,   6.109,        1.,        0.00,    0.03,        1.00
  658,   6.119,        0.,        0.00,   -0.20,        0.00
  659,   6.129,        0.,        0.00,   -0.46,        0.00
  660,   6.139,        0.,        0.00,   -0.26,        0.00
  661,   6.149,        0.,        0.00,   -0.31,        0.00
  662,   6.159,        2.,        0.00,   -0.46,        2.00
  663,   6.169,        0.,        0.07,   -0.38,       -0.07
  664,   6.179,        1.,        0.17,   -0.61,        0.83
  665,   6.189,        2.,        0.23,   -0.52,        1.77
  666,   6.200,        2.,        0.31,   -0.26,        1.69
  667,   6.210,        1.,        0.42,   -0.29,        0.58
  668,   6.220,        0.,        0.55,    0.03,       -0.55
  669,   6.230,        3.,        0.72,    0.25,        2.28
  670,   6.240,        3.,        0.92,    0.41,        2.08
  671,   6.250,        1.,        1.16,    0.93,       -0.16
  672,   6.260,        4.,        1.44,    0.92,        2.56
  673,   6.270,        2.,        1.77,    1.16,        0.23
  674,   6.280,        3.,        2.13,    1.61,        0.87
  675,   6.290,        5.,        2.53,    1.46,        2.47
  676,   6.300,        3.,        2.97,    0.99,        0.03
  677,   6.310,        5.,        3.42,    0.90,        1.58
  678,   6.320,        6.,        3.88,    0.85,        2.12
  679,   6.330,        5.,        4.35,    0.67,        0.65
  680,   6.340,       11.,        4.79,    0.05,        6.21
  681,   6.350,        8.,        5.21,    0.34,        2.79
  682,   6.360,        6.,        5.57,    0.42,        0.43
  683,   6.370,        9.,        5.87,    0.26,        3.13
  684,   6.381,        5.,        6.09,   -0.10,       -1.09
  685,   6.391,        6.,        6.23,   -0.43,       -0.23
  686,   6.401,        6.,        6.28,    0.20,       -0.28
  687,   6.411,        5.,        6.23,    0.14,       -1.23
  688,   6.421,        7.,        6.09,   -0.15,        0.91
  689,   6.431,        4.,        5.86,   -0.06,       -1.86
  690,   6.441,        8.,        5.56,   -0.15,        2.44
  691,   6.451,        7.,        5.20,   -0.49,        1.80
  692,   6.461,        3.,        4.78,   -0.53,       -1.78
  693,   6.471,        1.,        4.34,   -0.93,       -3.34
  694,   6.481,        2.,        3.87,   -0.90,       -1.87
  695,   6.491,        9.,        3.41,   -0.81,        5.59
  696,   6.501,        4.,        2.95,   -0.72,        1.05
  697,   6.511,        2.,        2.52,   -0.44,       -0.52
  698,   6.521,        3.,        2.12,   -0.45,        0.88
  699,   6.531,        6.,        1.76,   -0.18,        4.24
  700,   6.541,        1.,        1.43,   -0.13,       -0.43
  701,   6.551,        0.,        1.15,   -0.18,       -1.15
  702,   6.562,        0.,        0.91,   -0.02,       -0.91
  703,   6.572,        0.,        0.71,    0.48,       -0.71
  704,   6.582,        0.,        0.55,    0.72,       -0.55
  705,   6.592,        1.,        0.41,    0.13,        0.59
  706,   6.602,        1.,        0.31,   -0.04,        0.69
  707,   6.612,        0.,        0.17,   -0.05,       -0.17
  708,   6.622,        1.,        0.12,   -0.14,        0.88
  709,   6.632,        0.,        0.09,   -0.57,       -0.09
  710,   6.642,        0.,        0.00,   -0.40,        0.00
  711,   6.652,        0.,        0.00,   -0.19,        0.00
  712,   6.662,        0.,        0.00,   -0.13,        0.00
  713,   6.672,        1.,        0.00,   -0.22,        1.00
  714,   6.682,        0.,        0.00,   -0.26,        0.00
  715,   6.692,        0.,        0.00,   -0.08,        0.00
  716,   6.702,        0.,        0.00,   -0.04,        0.00
  717,   6.712,        0.,        0.00,   -0.09,        0.00
  718,   6.722,        1.,        0.00,   -0.03,        1.00
  719,   6.732,        0.,        0.00,    0.20,        0.00
  720,   6.743,        0.,        0.00,    0.20,        0.00
  721,   6.753,        1.,        0.00,    0.10,        1.00
  722,   6.763,        0.,        0.00,    0.12,        0.00
  723,   6.773,        0.,        0.00,    0.00,        0.00
  724,   6.783,        0.,        0.00,   -0.06,        0.00
  725,   6.793,        1.,        0.00,   -0.01,        1.00
  726,   6.803,        0.,        0.00,    0.10,        0.00
  727,   6.813,        1.,        0.00,    0.21,        1.00
  728,   6.823,        0.,        0.00,    0.12,        0.00
  729,   6.833,        0.,        0.00,    0.08,        0.00
  730,   6.843,        0.,        0.01,    0.04,       -0.01
  731,   6.853,        1.,        0.04,    0.05,        0.96
  732,   6.863,        0.,        0.05,    0.10,       -0.05
  733,   6.873,        0.,        0.07,    0.15,       -0.07
  734,   6.883,        1.,        0.09,    0.24,        0.91
  735,   6.893,        1.,        0.12,    0.33,        0.88
  736,   6.903,        1.,        0.15,    0.36,        0.85
  737,   6.913,        0.,        0.18,    0.17,       -0.18
  738,   6.924,        0.,        0.22,    0.28,       -0.22
  739,   6.934,        0.,        0.27,    0.24,       -0.27
  740,   6.944,        1.,        0.32,    0.29,        0.68
  741,   6.954,        1.,        0.37,    0.19,        0.63
  742,   6.964,        0.,        0.43,    0.19,       -0.43
  743,   6.974,        1.,        0.49,    0.09,        0.51
  744,   6.984,        2.,        0.55,   -0.06,        1.45
  745,   6.994,        1.,        0.61,   -0.15,        0.39
  746,   7.004,        0.,        0.66,   -0.18,       -0.66
  747,   7.014,        1.,        0.71,   -0.04,        0.29
  748,   7.024,        1.,        0.76,   -0.10,        0.24
  749,   7.034,        1.,        0.79,    0.07,        0.21
  750,   7.044,        0.,        0.81,   -0.05,       -0.81
  751,   7.054,        1.,        0.82,   -0.06,        0.18
  752,   7.064,        0.,        0.82,   -0.04,       -0.82
  753,   7.074,        0.,        0.81,   -0.19,       -0.81
  754,   7.084,        0.,        0.79,   -0.22,       -0.79
  755,   7.094,        1.,        0.75,   -0.33,        0.25
  756,   7.105,        1.,        0.71,   -0.32,        0.29
  757,   7.115,        0.,        0.66,   -0.16,       -0.66
  758,   7.125,        2.,        0.61,   -0.24,        1.39
  759,   7.135,        0.,        0.62,   -0.06,       -0.62
  760,   7.145,        0.,        0.58,   -0.14,       -0.58
  761,   7.155,        1.,        0.56,    0.17,        0.44
  762,   7.165,        1.,        0.55,    0.21,        0.45
  763,   7.175,        0.,        0.56,    0.56,       -0.56
  764,   7.185,        0.,        0.59,    0.39,       -0.59
  765,   7.195,        0.,        0.64,    0.38,       -0.64
  766,   7.205,        0.,        0.72,    0.37,       -0.72
  767,   7.215,        1.,        0.83,    0.22,        0.17
  768,   7.225,        1.,        0.98,    0.50,        0.02
  769,   7.235,        1.,        1.15,   -0.30,       -0.15
  770,   7.245,        0.,        1.39,   -0.35,       -1.39
  771,   7.255,        3.,        1.64,   -0.51,        1.36
  772,   7.265,        2.,        1.96,   -0.45,        0.04
  773,   7.275,        5.,        2.27,   -0.48,        2.73
  774,   7.286,        1.,        2.63,   -0.20,       -1.63
  775,   7.296,        2.,        3.01,   -0.13,       -1.01
  776,   7.306,        2.,        3.40,   -0.26,       -1.40
  777,   7.316,        3.,        3.79,    0.00,       -0.79
  778,   7.326,        5.,        4.17,   -0.47,        0.83
  779,   7.336,        0.,        4.53,    0.17,       -4.53
  780,   7.346,        3.,        4.86,    0.10,       -1.86
  781,   7.356,        4.,        5.15,    0.27,       -1.15
  782,   7.366,        5.,        5.39,   -0.01,       -0.39
  783,   7.376,        5.,        5.57,   -0.17,       -0.57
  784,   7.386,        8.,        5.69,   -0.48,        2.31
  785,   7.396,        7.,        5.75,   -0.24,        1.25
  786,   7.406,        3.,        5.74,   -0.23,       -2.74
  787,   7.416,        6.,        5.66,   -0.45,        0.34
  788,   7.426,        3.,        5.53,   -0.03,       -2.53
  789,   7.436,       10.,        5.34,   -0.28,        4.66
  790,   7.446,        4.,        5.10,    0.11,       -1.10
  791,   7.456,        6.,        4.82,    0.40,        1.18
  792,   7.467,        2.,        4.51,    0.42,       -2.51
  793,   7.477,        2.,        4.18,    0.42,       -2.18
  794,   7.487,        3.,        3.88,    0.49,       -0.88
  795,   7.497,        5.,        3.54,    0.21,        1.46
  796,   7.507,        2.,        3.21,   -0.13,       -1.21
  797,   7.517,        0.,        2.90,    0.20,       -2.90
  798,   7.527,        6.,        2.60,    0.02,        3.40
  799,   7.537,        0.,        2.33,    0.25,       -2.33
  800,   7.547,        1.,        2.08,   -0.49,       -1.08
  801,   7.557,        3.,        1.87,   -0.65,        1.13
  802,   7.567,        0.,        1.68,   -0.85,       -1.68
  803,   7.577,        1.,        1.54,   -0.75,       -0.54
  804,   7.587,        0.,        1.42,   -0.56,       -1.42
  805,   7.597,        2.,        1.33,   -0.29,        0.67
  806,   7.607,        0.,        1.27,   -0.37,       -1.27
  807,   7.617,        2.,        1.23,   -0.48,        0.77
  808,   7.627,        1.,        1.15,    0.02,       -0.15
  809,   7.637,        0.,        1.17,   -0.53,       -1.17
  810,   7.648,        0.,        1.19,   -0.16,       -1.19
  811,   7.658,        0.,        1.22,    0.00,       -1.22
  812,   7.668,        1.,        1.24,   -0.03,       -0.24
  813,   7.678,        1.,        1.23,    0.23,       -0.23
  814,   7.688,        1.,        1.25,    0.05,       -0.25
  815,   7.698,        2.,        1.21,    0.19,        0.79
  816,   7.708,        2.,        1.21,    0.34,        0.79
  817,   7.718,        0.,        1.20,    0.35,       -1.20
  818,   7.728,        3.,        1.16,    0.09,        1.84
  819,   7.738,        0.,        1.12,    0.24,       -1.12
  820,   7.748,        0.,        1.06,    0.21,       -1.06
  821,   7.758,        2.,        0.99,    0.20,        1.01
  822,   7.768,        1.,        0.91,    0.31,        0.09
  823,   7.778,        3.,        0.83,    0.24,        2.17
  824,   7.788,        0.,        0.74,    0.32,       -0.74
  825,   7.798,        1.,        0.65,    0.26,        0.35
  826,   7.808,        2.,        0.57,    0.16,        1.43
  827,   7.818,        0.,        0.49,    0.02,       -0.49
  828,   7.828,        0.,        0.41,    0.18,       -0.41
  829,   7.839,        0.,        0.35,   -0.01,       -0.35
  830,   7.849,        0.,        0.29,    0.04,       -0.29
  831,   7.859,        0.,        0.23,    0.18,       -0.23
  832,   7.869,        0.,        0.19,    0.12,       -0.19
  833,   7.879,        0.,        0.15,    0.10,       -0.15
  834,   7.889,        1.,        0.12,   -0.12,        0.88
  835,   7.899,        0.,        0.09,   -0.11,       -0.09
  836,   7.909,        0.,        0.07,   -0.05,       -0.07
  837,   7.919,        0.,        0.00,   -0.15,        0.00
  838,   7.929,        0.,        0.00,   -0.16,        0.00
  839,   7.939,        0.,        0.00,   -0.03,        0.00
  840,   7.949,        0.,        0.00,   -0.05,        0.00
  841,   7.959,        1.,        0.00,   -0.07,        1.00
  842,   7.969,        1.,        0.00,   -0.04,        1.00
  843,   7.979,        0.,        0.00,   -0.07,        0.00
  844,   7.989,        0.,        0.00,    0.06,        0.00
  845,   7.999,        0.,        0.00,    0.04,        0.00
  846,   8.009,        1.,        0.00,    0.16,        1.00
  847,   8.020,        0.,        0.00,    0.24,        0.00
  848,   8.030,        0.,        0.00,    0.22,        0.00
  849,   8.040,        0.,        0.01,    0.20,       -0.01
  850,   8.050,        0.,        0.01,    0.19,       -0.01
  851,   8.060,        0.,        0.01,    0.17,       -0.01
  852,   8.070,        0.,        0.01,    0.16,       -0.01
  853,   8.080,        0.,        0.02,    0.15,       -0.02
  854,   8.090,        0.,        0.02,    0.14,       -0.02
  855,   8.100,        1.,        0.03,    0.18,        0.97
  856,   8.110,        1.,        0.03,    0.17,        0.97
  857,   8.120,        0.,        0.04,    0.06,       -0.04
  858,   8.130,        0.,        0.05,    0.05,       -0.05
  859,   8.140,        0.,        0.06,    0.04,       -0.06
  860,   8.150,        0.,        0.07,    0.03,       -0.07
  861,   8.160,        0.,        0.08,   -0.03,       -0.08
  862,   8.170,        1.,        0.09,    0.01,        0.91
  863,   8.180,        1.,        0.10,    0.05,        0.90
  864,   8.190,        0.,        0.11,    0.04,       -0.11
  865,   8.201,        0.,        0.12,    0.03,       -0.12
  866,   8.211,        0.,        0.13,   -0.07,       -0.13
  867,   8.221,        0.,        0.14,   -0.13,       -0.14
  868,   8.231,        0.,        0.14,   -0.13,       -0.14
  869,   8.241,        0.,        0.15,   -0.14,       -0.15
  870,   8.251,        0.,        0.15,   -0.14,       -0.15
  871,   8.261,        0.,        0.15,   -0.05,       -0.15
  872,   8.271,        0.,        0.15,   -0.04,       -0.15
  873,   8.281,        0.,        0.15,   -0.19,       -0.15
  874,   8.291,        0.,        0.15,   -0.28,       -0.15
  875,   8.301,        0.,        0.14,   -0.28,       -0.14
  876,   8.311,        0.,        0.13,   -0.27,       -0.13
  877,   8.321,        0.,        0.12,   -0.24,       -0.12
  878,   8.331,        0.,        0.11,   -0.19,       -0.11
  879,   8.341,        0.,        0.10,   -0.18,       -0.10
  880,   8.351,        0.,        0.09,   -0.17,       -0.09
  881,   8.361,        1.,        0.08,   -0.16,        0.92
  882,   8.371,        0.,        0.07,   -0.15,       -0.07
  883,   8.382,        0.,        0.06,   -0.09,       -0.06
  884,   8.392,        0.,        0.05,   -0.04,       -0.05
  885,   8.402,        0.,        0.04,    0.02,       -0.04
  886,   8.412,        0.,        0.04,    0.12,       -0.04
  887,   8.422,        0.,        0.03,    0.13,       -0.03
  888,   8.432,        0.,        0.02,    0.13,       -0.02
  889,   8.442,        0.,        0.02,    0.14,       -0.02
  890,   8.452,        0.,        0.01,    0.14,       -0.01
  891,   8.462,        0.,        0.01,    0.14,       -0.01
  892,   8.472,        0.,        0.01,    0.05,       -0.01
  893,   8.482,        1.,        0.00,    0.05,        1.00
  894,   8.492,        0.,        0.00,    0.14,        0.00
  895,   8.502,        0.,        0.00,    0.14,        0.00
  896,   8.512,        1.,        0.00,    0.14,        1.00
  897,   8.522,        0.,        0.00,    0.13,        0.00
  898,   8.532,        0.,        0.00,    0.13,        0.00
  899,   8.542,        0.,        0.00,    0.08,        0.00
  900,   8.552,        0.,        0.00,    0.08,        0.00
  901,   8.563,        0.,        0.00,    0.07,        0.00
  902,   8.573,        0.,        0.00,    0.07,        0.00
  903,   8.583,        0.,        0.00,    0.11,        0.00
  904,   8.593,        1.,        0.00,    0.02,        1.00
  905,   8.603,        0.,        0.00,   -0.03,        0.00
  906,   8.613,        0.,        0.00,   -0.03,        0.00
  907,   8.623,        0.,        0.00,   -0.13,        0.00
  908,   8.633,        0.,        0.00,   -0.13,        0.00
  909,   8.643,        0.,        0.00,   -0.13,        0.00
  910,   8.653,        0.,        0.00,   -0.04,        0.00
  911,   8.663,        0.,        0.00,   -0.04,        0.00
  912,   8.673,        0.,        0.00,   -0.04,        0.00
  913,   8.683,        0.,        0.00,   -0.04,        0.00
  914,   8.693,        0.,        0.00,   -0.04,        0.00
  915,   8.703,        0.,        0.00,   -0.09,        0.00
  916,   8.713,        0.,        0.00,    0.00,        0.00
  917,   8.723,        0.,        0.00,    0.00,        0.00
  918,   8.733,        0.,        0.00,    0.05,        0.00
  919,   8.744,        0.,        0.00,    0.05,        0.00
  920,   8.754,        1.,        0.00,    0.05,        1.00
  921,   8.764,        0.,        0.00,    0.05,        0.00
  922,   8.774,        0.,        0.00,   -0.04,        0.00
  923,   8.784,        0.,        0.00,   -0.04,        0.00
  924,   8.794,        0.,        0.00,   -0.04,        0.00
  925,   8.804,        0.,        0.00,   -0.04,        0.00
  926,   8.814,        1.,        0.00,    0.00,        1.00
  927,   8.824,        0.,        0.00,    0.00,        0.00
  928,   8.834,        0.,        0.00,    0.00,        0.00
  929,   8.844,        0.,        0.00,    0.00,        0.00
  930,   8.854,        0.,        0.00,    0.00,        0.00
  931,   8.864,        0.,        0.00,   -0.09,        0.00
  932,   8.874,        0.,        0.00,   -0.13,        0.00
  933,   8.884,        0.,        0.00,    0.05,        0.00
  934,   8.894,        0.,        0.00,    0.05,        0.00
  935,   8.904,        0.,        0.00,    0.05,        0.00
  936,   8.914,        0.,        0.00,    0.05,        0.00
  937,   8.925,        0.,        0.00,   -0.04,        0.00
  938,   8.935,        0.,        0.00,   -0.04,        0.00
  939,   8.945,        0.,        0.00,   -0.04,        0.00
  940,   8.955,        0.,        0.00,   -0.04,        0.00
  941,   8.965,        0.,        0.00,   -0.04,        0.00
  942,   8.975,        0.,        0.00,    0.00,        0.00
  943,   8.985,        2.,        0.00,    0.10,        2.00
  944,   8.995,        0.,        0.00,    0.10,        0.00
  945,   9.005,        0.,        0.00,    0.10,        0.00
  946,   9.015,        0.,        0.00,    0.10,        0.00
  947,   9.025,        0.,        0.00,    0.10,        0.00
  948,   9.035,        0.,        0.00,    0.14,        0.00
  949,   9.045,        0.,        0.00,    0.14,        0.00
  950,   9.055,        0.,        0.00,    0.14,        0.00
  951,   9.065,        0.,        0.00,    0.14,        0.00
  952,   9.075,        0.,        0.00,    0.14,        0.00
  953,   9.085,        1.,        0.00,    0.14,        1.00
  954,   9.095,        0.,        0.00,   -0.04,        0.00
  955,   9.106,        0.,        0.00,   -0.04,        0.00
  956,   9.116,        0.,        0.00,   -0.04,        0.00
  957,   9.126,        0.,        0.00,   -0.04,        0.00
  958,   9.136,        0.,        0.00,   -0.04,        0.00
  959,   9.146,        0.,        0.00,   -0.04,        0.00
  960,   9.156,        0.,        0.00,   -0.04,        0.00
  961,   9.166,        0.,        0.00,   -0.04,        0.00
  962,   9.176,        0.,        0.00,   -0.04,        0.00
  963,   9.186,        0.,        0.00,   -0.04,        0.00
  964,   9.196,        0.,        0.00,   -0.14,        0.00
  965,   9.206,        0.,        0.00,   -0.05,        0.00
  966,   9.216,        0.,        0.00,   -0.05,        0.00
  967,   9.226,        0.,        0.00,   -0.05,        0.00
  968,   9.236,        0.,        0.00,   -0.05,        0.00
  969,   9.246,        0.,        0.00,   -0.05,        0.00
  970,   9.256,        0.,        0.00,   -0.05,        0.00
  971,   9.266,        0.,        0.00,   -0.05,        0.00
  972,   9.276,        0.,        0.00,   -0.05,        0.00
  973,   9.287,        0.,        0.00,   -0.05,        0.00
  974,   9.297,        0.,        0.00,   -0.05,        0.00
  975,   9.307,        0.,        0.00,    0.00,        0.00
  976,   9.317,        0.,        0.00,    0.00,        0.00
  977,   9.327,        0.,        0.00,    0.00,        0.00
  978,   9.337,        0.,        0.00,    0.00,        0.00
  979,   9.347,        0.,        0.00,    0.00,        0.00
  980,   9.357,        0.,        0.00,    0.00,        0.00
  981,   9.367,        0.,        0.00,    0.00,        0.00
  982,   9.377,        0.,        0.00,    0.00,        0.00
  983,   9.387,        0.,        0.00,    0.00,        0.00
  984,   9.397,        0.,        0.00,    0.00,        0.00
  985,   9.407,        0.,        0.00,    0.00,        0.00
  986,   9.417,        0.,        0.00,    0.00,        0.00
  987,   9.427,        0.,        0.00,    0.00,        0.00
  988,   9.437,        0.,        0.00,    0.00,        0.00
  989,   9.447,        0.,        0.00,    0.00,        0.00
  990,   9.457,        0.,        0.00,    0.00,        0.00
  991,   9.468,        0.,        0.00,    0.00,        0.00
  992,   9.478,        0.,        0.00,    0.00,        0.00
  993,   9.488,        0.,        0.00,    0.00,        0.00
  994,   9.498,        0.,        0.00,    0.00,        0.00
  995,   9.508,        0.,        0.00,    0.00,        0.00
  996,   9.518,        0.,        0.00,    0.00,        0.00
  997,   9.528,        0.,        0.00,    0.00,        0.00
  998,   9.538,        0.,        0.00,    0.00,        0.00
  999,   9.548,        0.,        0.00,    0.00,        0.00
 1000,   9.558,        0.,        0.00,    0.00,        0.00
