 File:An·lise amostras  Solution Type:Thick  fitting 1231 channels (  70-1300)
 Channel#, E(keV),   Data,        Fit, Residual,    Data-Fit
   70,   0.420,     2510.,        5.98,    0.01,     2504.02
   71,   0.440,     2326.,        7.09,    0.01,     2318.91
   72,   0.460,     2244.,        9.42,   -0.01,     2234.58
   73,   0.480,     2229.,       12.76,   -0.02,     2216.24
   74,   0.500,     2218.,       16.76,   -0.07,     2201.24
   75,   0.520,     2124.,       20.85,   -0.05,     2103.15
   76,   0.540,     2056.,       24.11,   -0.03,     2031.89
   77,   0.560,     2048.,       25.75,   -0.04,     2022.25
   78,   0.580,     2057.,       25.35,   -0.03,     2031.65
   79,   0.600,     2011.,       23.16,   -0.06,     1987.84
   80,   0.621,     1919.,       19.82,   -0.06,     1899.18
   81,   0.641,     1912.,       16.45,   -0.06,     1895.55
   82,   0.661,     1803.,       14.26,   -0.09,     1788.74
   83,   0.681,     1818.,       14.54,   -0.13,     1803.46
   84,   0.701,     1864.,       18.62,   -0.14,     1845.38
   85,   0.721,     1781.,       28.26,   -0.10,     1752.74
   86,   0.741,     1816.,       45.55,   -0.01,     1770.45
   87,   0.761,     1836.,       72.67,    0.10,     1763.33
   88,   0.781,     1917.,      110.46,    0.14,     1806.54
   89,   0.801,     1927.,      157.26,    0.16,     1769.74
   90,   0.821,     1988.,      208.02,    0.10,     1779.98
   91,   0.842,     1993.,      254.20,    0.03,     1738.80
   92,   0.862,     1929.,      286.08,   -0.09,     1642.92
   93,   0.882,     1886.,      296.20,   -0.11,     1589.80
   94,   0.902,     1855.,      281.96,   -0.18,     1573.04
   95,   0.922,     1814.,      247.40,   -0.22,     1566.60
   96,   0.942,     1830.,      201.05,   -0.14,     1628.95
   97,   0.962,     1746.,      153.06,   -0.15,     1592.94
   98,   0.982,     1708.,      111.67,   -0.06,     1596.33
   99,   1.002,     1716.,       81.27,    0.01,     1634.73
  100,   1.022,     1552.,       62.01,    0.10,     1489.99
  101,   1.042,     1576.,       51.19,    0.11,     1524.81
  102,   1.063,     1561.,       45.29,    0.03,     1515.71
  103,   1.083,     1645.,       41.45,   -0.06,     1603.55
  104,   1.103,     1591.,       38.35,    0.05,     1552.65
  105,   1.123,     1529.,       36.66,    0.19,     1492.34
  106,   1.143,     1550.,       38.17,    0.42,     1511.83
  107,   1.163,     1498.,       45.28,    0.40,     1452.72
  108,   1.183,     1551.,       60.27,    0.29,     1490.73
  109,   1.203,     1554.,       83.79,    0.33,     1470.21
  110,   1.223,     1541.,      114.45,    0.08,     1426.55
  111,   1.243,     1558.,      148.66,    0.07,     1409.34
  112,   1.263,     1546.,      181.45,    0.06,     1364.55
  113,   1.284,     1458.,      207.96,   -0.15,     1250.04
  114,   1.304,     1523.,      225.76,   -0.24,     1297.24
  115,   1.324,     1550.,      236.69,   -0.12,     1313.31
  116,   1.344,     1471.,      247.34,    0.11,     1223.66
  117,   1.364,     1473.,      267.38,    0.48,     1205.62
  118,   1.384,     1587.,      306.95,    0.72,     1280.05
  119,   1.404,     1559.,      372.66,    0.86,     1186.34
  120,   1.424,     1606.,      464.47,    0.64,     1141.53
  121,   1.444,     1681.,      574.51,    0.63,     1106.49
  122,   1.464,     1760.,      688.90,    0.07,     1071.10
  123,   1.484,     1725.,      792.13,   -0.12,      932.87
  124,   1.505,     1839.,      873.49,    0.03,      965.51
  125,   1.525,     1788.,      932.77,   -0.44,      855.23
  126,   1.545,     1784.,      983.26,   -0.62,      800.74
  127,   1.565,     1955.,     1050.41,   -1.26,      904.59
  128,   1.585,     1916.,     1165.13,   -2.10,      750.87
  129,   1.605,     2123.,     1352.95,   -2.27,      770.05
  130,   1.625,     2238.,     1622.73,   -2.33,      615.27
  131,   1.645,     2575.,     1958.96,   -2.09,      616.04
  132,   1.665,     3090.,     2322.79,   -1.24,      767.21
  133,   1.685,     3426.,     2662.33,   -0.50,      763.67
  134,   1.705,     3915.,     2929.09,    0.28,      985.91
  135,   1.726,     4146.,     3094.02,    0.66,     1051.98
  136,   1.746,     4266.,     3158.26,    0.31,     1107.74
  137,   1.766,     4250.,     3154.91,   -0.15,     1095.09
  138,   1.786,     4108.,     3143.08,   -0.97,      964.92
  139,   1.806,     4132.,     3196.12,   -1.75,      935.88
  140,   1.826,     4352.,     3384.63,   -1.99,      967.37
  141,   1.846,     4900.,     3755.50,   -1.68,     1144.50
  142,   1.866,     5596.,     4309.34,   -0.81,     1286.66
  143,   1.886,     6410.,     4984.36,    0.58,     1425.64
  144,   1.906,     7318.,     5658.64,    1.51,     1659.36
  145,   1.926,     7996.,     6176.77,    1.77,     1819.23
  146,   1.947,     8420.,     6395.96,    1.88,     2024.04
  147,   1.967,     8022.,     6234.51,    1.56,     1787.49
  148,   1.987,     7364.,     5699.79,    0.86,     1664.21
  149,   2.007,     6696.,     4883.72,    0.21,     1812.28
  150,   2.027,     5676.,     3927.95,   -0.70,     1748.05
  151,   2.047,     4750.,     2978.81,   -0.94,     1771.19
  152,   2.067,     4060.,     2148.89,   -0.70,     1911.11
  153,   2.087,     3489.,     1501.88,   -0.51,     1987.12
  154,   2.107,     3082.,     1056.76,    0.27,     2025.24
  155,   2.127,     2832.,      803.42,    0.61,     2028.58
  156,   2.147,     2792.,      720.05,    0.53,     2071.95
  157,   2.168,     2944.,      783.07,    0.49,     2160.93
  158,   2.188,     3108.,      968.44,    0.35,     2139.56
  159,   2.208,     3406.,     1246.57,    0.72,     2159.43
  160,   2.228,     3743.,     1575.58,    0.99,     2167.42
  161,   2.248,     4158.,     1899.99,    0.82,     2258.01
  162,   2.268,     4506.,     2157.16,    1.09,     2348.84
  163,   2.288,     4574.,     2292.12,    0.89,     2281.88
  164,   2.308,     4520.,     2273.83,    0.57,     2246.17
  165,   2.328,     4454.,     2106.90,    0.08,     2347.10
  166,   2.348,     4075.,     1830.95,   -0.57,     2244.05
  167,   2.368,     3720.,     1511.59,   -0.93,     2208.41
  168,   2.389,     3498.,     1227.36,   -1.16,     2270.64
  169,   2.409,     3380.,     1062.71,   -1.11,     2317.29
  170,   2.429,     3438.,     1110.65,   -0.93,     2327.35
  171,   2.449,     3825.,     1482.40,   -0.67,     2342.60
  172,   2.469,     4778.,     2312.06,   -0.34,     2465.94
  173,   2.489,     6192.,     3738.29,    0.63,     2453.71
  174,   2.509,     8340.,     5854.30,    1.73,     2485.70
  175,   2.529,    11192.,     8633.69,    2.78,     2558.31
  176,   2.549,    14416.,    11860.91,    3.41,     2555.09
  177,   2.569,    17864.,    15114.57,    3.09,     2749.43
  178,   2.589,    20568.,    17836.48,    2.41,     2731.52
  179,   2.610,    22176.,    19482.59,    1.22,     2693.41
  180,   2.630,    22192.,    19703.97,   -0.06,     2488.03
  181,   2.650,    20592.,    18476.69,   -1.13,     2115.31
  182,   2.670,    17984.,    16114.02,   -2.58,     1869.98
  183,   2.690,    14876.,    13154.85,   -3.70,     1721.15
  184,   2.710,    11928.,    10178.88,   -4.60,     1749.12
  185,   2.730,     9612.,     7633.81,   -4.74,     1978.19
  186,   2.750,     7730.,     5739.26,   -3.95,     1990.74
  187,   2.770,     6724.,     4488.51,   -2.35,     2235.49
  188,   2.790,     6000.,     3722.40,   -0.41,     2277.60
  189,   2.810,     5830.,     3229.81,    1.74,     2600.19
  190,   2.831,     5530.,     2830.96,    3.18,     2699.04
  191,   2.851,     5270.,     2420.82,    4.20,     2849.18
  192,   2.871,     4744.,     1971.89,    4.13,     2772.11
  193,   2.891,     4310.,     1509.74,    3.87,     2800.26
  194,   2.911,     3855.,     1079.40,    2.83,     2775.60
  195,   2.931,     3417.,      718.91,    1.23,     2698.09
  196,   2.951,     3147.,      446.07,   -0.43,     2700.93
  197,   2.971,     2973.,      258.69,   -1.77,     2714.31
  198,   2.991,     2930.,      141.72,   -2.15,     2788.28
  199,   3.011,     2947.,       76.85,   -1.49,     2870.15
  200,   3.031,     2992.,       49.85,    0.10,     2942.15
  201,   3.052,     2976.,       56.19,    1.20,     2919.81
  202,   3.072,     3051.,      106.10,    1.35,     2944.90
  203,   3.092,     3288.,      231.12,    0.77,     3056.88
  204,   3.112,     3596.,      491.90,   -0.72,     3104.10
  205,   3.132,     4057.,      984.79,   -1.91,     3072.21
  206,   3.152,     4844.,     1839.42,   -2.12,     3004.58
  207,   3.172,     6174.,     3198.53,   -2.28,     2975.47
  208,   3.192,     8182.,     5172.29,   -1.27,     3009.71
  209,   3.212,    10792.,     7773.40,   -0.80,     3018.60
  210,   3.232,    14084.,    10852.14,   -0.53,     3231.86
  211,   3.252,    17416.,    14068.09,   -0.27,     3347.91
  212,   3.273,    20696.,    16929.64,   -0.68,     3766.36
  213,   3.293,    22560.,    18908.82,   -1.05,     3651.18
  214,   3.313,    23160.,    19598.88,   -1.87,     3561.12
  215,   3.333,    22624.,    18853.48,   -1.32,     3770.52
  216,   3.353,    20344.,    16842.74,   -0.19,     3501.26
  217,   3.373,    17640.,    14007.50,    1.08,     3632.50
  218,   3.393,    14568.,    10940.14,    3.09,     3627.86
  219,   3.413,    12456.,     8270.70,    3.29,     4185.30
  220,   3.433,    11028.,     6637.21,    2.22,     4390.79
  221,   3.453,    11388.,     6793.29,   -0.09,     4594.71
  222,   3.473,    14792.,     9850.02,   -2.70,     4941.98
  223,   3.494,    21968.,    17581.86,   -4.69,     4386.14
  224,   3.514,    36592.,    32643.24,   -6.16,     3948.76
  225,   3.534,    61648.,    58468.84,   -6.18,     3179.16
  226,   3.554,   100928.,    98616.32,   -5.18,     2311.68
  227,   3.574,   158464.,   155445.92,   -3.00,     3018.08
  228,   3.594,   232640.,   228361.33,    0.03,     4278.67
  229,   3.614,   321280.,   312269.84,    3.54,     9010.16
  230,   3.634,   409472.,   397187.03,    6.81,    12284.97
  231,   3.654,   485120.,   469707.84,    9.01,    15412.16
  232,   3.674,   533504.,   516297.94,   10.07,    17206.06
  233,   3.694,   544512.,   527379.75,    9.83,    17132.25
  234,   3.715,   514816.,   500559.09,    7.97,    14256.91
  235,   3.735,   449664.,   441455.97,    5.15,     8208.03
  236,   3.755,   366464.,   361837.88,    1.91,     4626.13
  237,   3.775,   276864.,   275846.63,   -1.33,     1017.38
  238,   3.795,   195392.,   196071.42,   -3.93,     -679.42
  239,   3.815,   129728.,   130927.13,   -5.67,    -1199.13
  240,   3.835,    83136.,    83978.34,   -5.94,     -842.34
  241,   3.855,    54576.,    54868.00,   -5.34,     -292.00
  242,   3.875,    40416.,    40942.86,   -4.05,     -526.86
  243,   3.895,    37888.,    38701.14,   -2.55,     -813.14
  244,   3.915,    42896.,    44613.53,   -1.93,    -1717.53
  245,   3.936,    52768.,    55350.65,   -2.75,    -2582.65
  246,   3.956,    63696.,    67738.90,   -5.70,    -4042.90
  247,   3.976,    74592.,    78786.54,   -9.53,    -4194.54
  248,   3.996,    81568.,    85945.69,  -13.42,    -4377.69
  249,   4.016,    83072.,    87538.56,  -14.85,    -4466.56
  250,   4.036,    79008.,    83121.48,  -13.97,    -4113.48
  251,   4.056,    70560.,    73542.30,  -10.10,    -2982.30
  252,   4.076,    58336.,    60624.75,   -5.24,    -2288.75
  253,   4.096,    45296.,    46575.83,   -0.55,    -1279.83
  254,   4.116,    32568.,    33368.66,    3.99,     -800.66
  255,   4.136,    22392.,    22319.95,    7.39,       72.05
  256,   4.157,    14676.,    13966.95,    9.62,      709.05
  257,   4.177,     8964.,     8203.76,   11.15,      760.24
  258,   4.197,     5382.,     4547.68,   11.34,      834.32
  259,   4.217,     3227.,     2400.42,   11.17,      826.58
  260,   4.237,     2032.,     1224.76,   10.06,      807.24
  261,   4.257,     1386.,      621.61,    7.39,      764.39
  262,   4.277,     1062.,      334.22,    4.78,      727.78
  263,   4.297,      970.,      217.68,    1.26,      752.32
  264,   4.317,      920.,      201.13,   -0.68,      718.87
  265,   4.337,     1009.,      257.75,   -0.19,      751.25
  266,   4.357,     1130.,      383.70,    1.10,      746.30
  267,   4.378,     1343.,      583.70,    3.09,      759.30
  268,   4.398,     1686.,      859.48,    4.53,      826.52
  269,   4.418,     2028.,     1200.76,    4.73,      827.24
  270,   4.438,     2400.,     1579.60,    4.15,      820.40
  271,   4.458,     2741.,     1950.57,    3.69,      790.43
  272,   4.478,     2978.,     2259.85,    2.40,      718.15
  273,   4.498,     3057.,     2459.32,    0.77,      597.68
  274,   4.518,     3108.,     2521.01,   -0.96,      586.99
  275,   4.538,     3014.,     2446.39,   -3.44,      567.61
  276,   4.558,     2756.,     2264.68,   -5.52,      491.32
  277,   4.578,     2561.,     2021.74,   -6.67,      539.26
  278,   4.599,     2325.,     1763.73,   -6.18,      561.27
  279,   4.619,     1999.,     1523.84,   -5.45,      475.16
  280,   4.639,     1817.,     1316.34,   -4.83,      500.66
  281,   4.659,     1643.,     1139.59,   -3.54,      503.41
  282,   4.679,     1585.,      984.31,   -2.80,      600.69
  283,   4.699,     1446.,      842.18,   -2.82,      603.82
  284,   4.719,     1355.,      711.68,   -1.34,      643.32
  285,   4.739,     1252.,      598.85,   -0.33,      653.15
  286,   4.759,     1238.,      515.29,    1.71,      722.71
  287,   4.779,     1160.,      474.44,    2.57,      685.56
  288,   4.799,     1277.,      487.87,    4.34,      789.13
  289,   4.820,     1315.,      561.32,    4.64,      753.68
  290,   4.840,     1480.,      692.84,    4.31,      787.16
  291,   4.860,     1682.,      869.59,    5.34,      812.41
  292,   4.880,     1954.,     1067.82,    5.03,      886.18
  293,   4.900,     2044.,     1254.67,    4.51,      789.33
  294,   4.920,     2116.,     1395.30,    3.98,      720.70
  295,   4.940,     2275.,     1460.93,    2.20,      814.07
  296,   4.960,     2141.,     1437.11,    0.62,      703.89
  297,   4.980,     2051.,     1327.14,   -2.25,      723.86
  298,   5.000,     1839.,     1151.31,   -4.09,      687.69
  299,   5.020,     1542.,      940.36,   -4.61,      601.64
  300,   5.041,     1424.,      726.05,   -4.93,      697.95
  301,   5.061,     1148.,      534.05,   -3.53,      613.95
  302,   5.081,     1004.,      379.50,   -3.15,      624.50
  303,   5.101,      939.,      266.72,   -1.95,      672.28
  304,   5.121,      925.,      192.21,   -0.17,      732.79
  305,   5.141,      898.,      148.18,    0.08,      749.82
  306,   5.161,      868.,      126.24,    1.76,      741.76
  307,   5.181,      893.,      119.23,    2.14,      773.77
  308,   5.201,      822.,      121.98,    1.91,      700.02
  309,   5.221,      869.,      131.41,    0.41,      737.59
  310,   5.241,      897.,      145.56,   -0.76,      751.44
  311,   5.262,      854.,      163.10,   -2.20,      690.90
  312,   5.282,      917.,      183.12,   -4.13,      733.88
  313,   5.302,      947.,      204.47,   -4.80,      742.53
  314,   5.322,      985.,      226.15,   -4.79,      758.85
  315,   5.342,     1017.,      246.80,   -4.03,      770.20
  316,   5.362,     1025.,      264.94,   -2.95,      760.06
  317,   5.382,     1091.,      278.31,   -2.84,      812.69
  318,   5.402,     1137.,      285.29,   -1.27,      851.71
  319,   5.422,     1177.,      283.96,   -1.07,      893.04
  320,   5.442,     1165.,      274.11,   -1.66,      890.89
  321,   5.462,     1144.,      256.70,   -1.75,      887.30
  322,   5.483,     1251.,      234.06,   -1.16,     1016.94
  323,   5.503,     1187.,      209.58,   -2.03,      977.42
  324,   5.523,     1123.,      187.01,   -1.07,      935.99
  325,   5.543,     1173.,      170.84,    0.11,     1002.16
  326,   5.563,     1251.,      166.99,    1.97,     1084.01
  327,   5.583,     1223.,      187.25,    3.36,     1035.75
  328,   5.603,     1427.,      257.53,    4.49,     1169.47
  329,   5.623,     1635.,      433.50,    4.62,     1201.50
  330,   5.643,     2049.,      825.94,    4.15,     1223.06
  331,   5.663,     2851.,     1635.09,    2.82,     1215.91
  332,   5.683,     4496.,     3188.72,    1.28,     1307.28
  333,   5.704,     7150.,     5966.17,   -0.45,     1183.83
  334,   5.724,    11760.,    10579.84,   -1.61,     1180.16
  335,   5.744,    18616.,    17682.04,   -2.06,      933.96
  336,   5.764,    28400.,    27777.99,   -2.45,      622.01
  337,   5.784,    41744.,    40964.38,   -3.27,      779.62
  338,   5.804,    57568.,    56669.67,   -2.18,      898.33
  339,   5.824,    74560.,    73514.13,   -1.70,     1045.87
  340,   5.844,    90496.,    89408.72,   -1.10,     1087.28
  341,   5.864,   103104.,   101936.56,    0.10,     1167.44
  342,   5.884,   110688.,   108941.73,    1.95,     1746.27
  343,   5.904,   110784.,   109136.11,    2.14,     1647.89
  344,   5.925,   103808.,   102487.33,    2.90,     1320.67
  345,   5.945,    91712.,    90228.49,    3.10,     1483.51
  346,   5.965,    76512.,    74488.38,    3.11,     2023.63
  347,   5.985,    58672.,    57688.80,    2.21,      983.20
  348,   6.005,    43520.,    41949.90,    1.48,     1570.10
  349,   6.025,    29904.,    28694.58,    1.72,     1209.42
  350,   6.045,    19800.,    18536.94,    1.20,     1263.06
  351,   6.065,    12564.,    11415.58,   -0.33,     1148.42
  352,   6.085,     7940.,     6859.43,    0.56,     1080.57
  353,   6.105,     5422.,     4266.11,    0.02,     1155.89
  354,   6.125,     4071.,     3121.04,   -0.82,      949.96
  355,   6.146,     4035.,     3137.59,   -0.84,      897.41
  356,   6.166,     5234.,     4337.73,   -0.93,      896.27
  357,   6.186,     7898.,     7092.66,   -1.59,      805.34
  358,   6.206,    12600.,    12126.53,   -2.26,      473.47
  359,   6.226,    21176.,    20453.09,   -2.63,      722.91
  360,   6.246,    33856.,    33198.92,   -2.61,      657.08
  361,   6.266,    51856.,    51280.30,   -1.60,      575.70
  362,   6.286,    75584.,    74960.44,   -0.84,      623.56
  363,   6.306,   104032.,   103400.07,    0.88,      631.93
  364,   6.326,   134784.,   134390.84,    1.82,      393.16
  365,   6.346,   165632.,   164464.09,    1.59,     1167.91
  366,   6.367,   190336.,   189464.56,    1.38,      871.44
  367,   6.387,   207104.,   205486.95,    0.78,     1617.05
  368,   6.407,   211328.,   209895.78,    0.16,     1432.22
  369,   6.427,   202560.,   202053.58,    0.08,      506.42
  370,   6.447,   183680.,   183468.39,   -0.20,      211.61
  371,   6.467,   157248.,   157328.28,   -0.63,      -80.28
  372,   6.487,   127840.,   127599.18,   -1.76,      240.82
  373,   6.507,    98528.,    98053.88,   -2.37,      474.13
  374,   6.527,    72512.,    71542.66,   -1.96,      969.34
  375,   6.547,    50192.,    49677.93,   -1.00,      514.07
  376,   6.567,    33504.,    32910.15,    0.11,      593.85
  377,   6.588,    21808.,    20851.36,    1.56,      956.64
  378,   6.608,    13732.,    12665.61,    2.85,     1066.39
  379,   6.628,     8240.,     7394.85,    2.73,      845.15
  380,   6.648,     4874.,     4165.56,    3.15,      708.44
  381,   6.668,     2998.,     2283.04,    3.14,      714.96
  382,   6.688,     1956.,     1245.75,    2.22,      710.25
  383,   6.708,     1323.,      720.29,    0.92,      602.71
  384,   6.728,     1092.,      502.24,    0.33,      589.76
  385,   6.748,     1064.,      478.41,   -1.26,      585.59
  386,   6.768,     1076.,      597.14,   -3.22,      478.86
  387,   6.788,     1313.,      846.36,   -5.20,      466.64
  388,   6.809,     1596.,     1240.64,   -5.91,      355.36
  389,   6.829,     2224.,     1814.74,   -7.43,      409.26
  390,   6.849,     3032.,     2622.76,   -6.84,      409.24
  391,   6.869,     4064.,     3738.72,   -4.81,      325.28
  392,   6.889,     5468.,     5253.20,   -1.56,      214.80
  393,   6.909,     7562.,     7257.84,    0.46,      304.16
  394,   6.929,    10348.,     9813.36,    4.06,      534.64
  395,   6.949,    13504.,    12901.54,    5.34,      602.46
  396,   6.969,    17184.,    16378.42,    5.83,      805.58
  397,   6.989,    20520.,    19949.29,    4.58,      570.71
  398,   7.009,    24200.,    23188.94,    3.37,     1011.06
  399,   7.030,    26232.,    25616.96,    1.12,      615.04
  400,   7.050,    27104.,    26812.48,   -0.38,      291.52
  401,   7.070,    26504.,    26532.09,   -3.08,      -28.09
  402,   7.090,    24816.,    24784.82,   -3.10,       31.18
  403,   7.110,    21656.,    21835.19,   -4.85,     -179.19
  404,   7.130,    18304.,    18131.95,   -5.63,      172.05
  405,   7.150,    14204.,    14188.90,   -4.67,       15.10
  406,   7.170,    11108.,    10466.33,   -2.33,      641.67
  407,   7.190,     7784.,     7286.54,   -0.40,      497.46
  408,   7.210,     5112.,     4804.94,    3.00,      307.06
  409,   7.230,     3486.,     3030.19,    4.66,      455.81
  410,   7.251,     2238.,     1873.44,    6.58,      364.56
  411,   7.271,     1557.,     1202.26,    4.55,      354.74
  412,   7.291,     1153.,      882.62,    2.71,      270.38
  413,   7.311,     1090.,      802.21,    1.56,      287.79
  414,   7.331,     1166.,      876.93,   -0.07,      289.07
  415,   7.351,     1259.,     1046.71,   -1.32,      212.29
  416,   7.371,     1424.,     1267.11,   -1.21,      156.89
  417,   7.391,     1736.,     1501.33,   -0.72,      234.67
  418,   7.411,     1913.,     1715.78,   -1.45,      197.22
  419,   7.431,     2106.,     1879.60,   -1.07,      226.40
  420,   7.451,     2086.,     1967.86,   -1.17,      118.14
  421,   7.472,     2100.,     1966.03,    0.10,      133.97
  422,   7.492,     2001.,     1874.33,   -0.16,      126.67
  423,   7.512,     1836.,     1707.21,    0.28,      128.79
  424,   7.532,     1519.,     1491.38,   -0.57,       27.62
  425,   7.552,     1345.,     1258.15,   -1.01,       86.85
  426,   7.572,     1124.,     1036.42,   -2.48,       87.58
  427,   7.592,      948.,      846.60,   -3.29,      101.40
  428,   7.612,      733.,      697.64,   -4.11,       35.36
  429,   7.632,      575.,      587.56,   -2.98,      -12.56
  430,   7.652,      483.,      507.34,   -3.96,      -24.34
  431,   7.672,      453.,      445.38,   -4.28,        7.62
  432,   7.693,      399.,      391.33,   -4.09,        7.67
  433,   7.713,      370.,      338.68,   -3.66,       31.32
  434,   7.733,      293.,      285.22,   -2.85,        7.78
  435,   7.753,      285.,      232.25,   -0.53,       52.75
  436,   7.773,      277.,      183.45,    1.11,       93.55
  437,   7.793,      182.,      143.11,    2.77,       38.89
  438,   7.813,      159.,      115.63,    3.82,       43.37
  439,   7.833,      160.,      105.09,    4.30,       54.91
  440,   7.853,      179.,      115.40,    2.63,       63.60
  441,   7.873,      202.,      150.02,    1.26,       51.98
  442,   7.893,      269.,      211.43,    0.94,       57.57
  443,   7.914,      342.,      300.24,   -0.27,       41.76
  444,   7.934,      436.,      413.25,   -1.65,       22.75
  445,   7.954,      599.,      542.70,   -1.55,       56.30
  446,   7.974,      726.,      675.63,   -1.25,       50.37
  447,   7.994,      793.,      795.69,   -0.97,       -2.69
  448,   8.014,      895.,      885.98,   -0.25,        9.02
  449,   8.034,      988.,      932.97,    0.79,       55.03
  450,   8.054,      983.,      930.24,    0.51,       52.76
  451,   8.074,      940.,      880.34,    0.97,       59.66
  452,   8.094,      850.,      794.42,    1.85,       55.58
  453,   8.114,      747.,      688.87,    1.69,       58.13
  454,   8.135,      610.,      581.53,    0.90,       28.47
  455,   8.155,      552.,      487.16,    0.87,       64.84
  456,   8.175,      429.,      414.58,    0.68,       14.42
  457,   8.195,      357.,      365.58,   -0.89,       -8.58
  458,   8.215,      346.,      335.97,   -1.79,       10.03
  459,   8.235,      355.,      318.03,   -1.94,       36.97
  460,   8.255,      332.,      303.28,   -2.70,       28.72
  461,   8.275,      276.,      285.02,   -3.14,       -9.02
  462,   8.295,      285.,      259.65,   -2.59,       25.35
  463,   8.315,      247.,      226.91,   -1.21,       20.09
  464,   8.335,      218.,      189.35,   -0.33,       28.65
  465,   8.356,      159.,      150.76,   -0.44,        8.24
  466,   8.376,      143.,      115.26,    0.09,       27.74
  467,   8.396,      111.,       86.06,    0.95,       24.94
  468,   8.416,      108.,       65.23,    0.85,       42.77
  469,   8.436,       87.,       53.84,    1.13,       33.16
  470,   8.456,       84.,       52.00,    1.47,       32.00
  471,   8.476,       87.,       59.47,    1.85,       27.53
  472,   8.496,       96.,       75.40,    0.82,       20.60
  473,   8.516,      139.,       98.43,    1.26,       40.57
  474,   8.536,      163.,      126.47,    0.56,       36.53
  475,   8.556,      182.,      156.50,    0.02,       25.50
  476,   8.577,      212.,      185.00,    0.35,       27.00
  477,   8.597,      225.,      207.80,    1.17,       17.20
  478,   8.617,      249.,      221.64,    0.95,       27.36
  479,   8.637,      249.,      224.32,    0.89,       24.68
  480,   8.657,      227.,      215.57,    0.25,       11.43
  481,   8.677,      240.,      197.22,    0.26,       42.78
  482,   8.697,      206.,      172.75,   -0.75,       33.25
  483,   8.717,      152.,      146.53,   -0.72,        5.47
  484,   8.737,      150.,      122.96,   -0.60,       27.04
  485,   8.757,      123.,      105.53,    0.35,       17.47
  486,   8.778,      107.,       96.24,    0.38,       10.76
  487,   8.798,       90.,       95.45,   -0.57,       -5.45
  488,   8.818,      110.,      101.95,   -1.70,        8.05
  489,   8.838,      133.,      113.15,   -0.72,       19.85
  490,   8.858,      157.,      125.77,   -1.75,       31.23
  491,   8.878,      140.,      136.46,   -2.31,        3.54
  492,   8.898,      165.,      142.53,   -0.76,       22.47
  493,   8.918,      144.,      142.29,    0.65,        1.71
  494,   8.938,      155.,      135.35,    0.07,       19.65
  495,   8.958,      117.,      122.69,    0.05,       -5.69
  496,   8.978,      115.,      106.31,   -0.30,        8.69
  497,   8.999,      130.,       88.17,    0.64,       41.83
  498,   9.019,       89.,       70.41,   -0.15,       18.59
  499,   9.039,       54.,       54.56,    0.70,       -0.56
  500,   9.059,       55.,       41.55,    0.86,       13.45
  501,   9.079,       51.,       31.72,    2.16,       19.28
  502,   9.099,       49.,       24.90,    2.12,       24.10
  503,   9.119,       34.,       20.66,    0.89,       13.34
  504,   9.139,       34.,       18.41,   -0.44,       15.59
  505,   9.159,       33.,       17.51,    0.36,       15.49
  506,   9.179,       27.,       17.35,   -0.19,        9.65
  507,   9.199,       28.,       17.33,   -0.77,       10.67
  508,   9.220,       27.,       17.17,   -0.55,        9.83
  509,   9.240,       17.,       16.49,   -0.41,        0.51
  510,   9.260,       22.,       15.43,   -0.86,        6.57
  511,   9.280,       27.,       13.98,   -0.84,       13.02
  512,   9.300,       24.,       12.46,   -0.12,       11.54
  513,   9.320,       19.,       11.32,    0.41,        7.68
  514,   9.340,       23.,       11.21,    0.88,       11.79
  515,   9.360,       21.,       12.89,    1.83,        8.11
  516,   9.380,       27.,       17.20,    1.66,        9.80
  517,   9.400,       35.,       25.12,    1.04,        9.88
  518,   9.420,       41.,       37.55,    1.12,        3.45
  519,   9.441,       67.,       55.13,    0.52,       11.87
  520,   9.461,       75.,       77.91,   -1.56,       -2.91
  521,   9.481,      108.,      105.03,   -1.82,        2.97
  522,   9.501,      135.,      134.63,   -2.26,        0.37
  523,   9.521,      158.,      163.79,   -3.98,       -5.79
  524,   9.541,      190.,      189.12,   -3.38,        0.88
  525,   9.561,      181.,      207.13,   -3.18,      -26.13
  526,   9.581,      226.,      215.35,   -2.40,       10.65
  527,   9.601,      219.,      212.60,   -1.45,        6.40
  528,   9.621,      172.,      199.52,   -1.05,      -27.52
  529,   9.641,      199.,      178.30,   -0.46,       20.70
  530,   9.662,      172.,      152.08,    0.21,       19.92
  531,   9.682,      149.,      124.30,    1.86,       24.70
  532,   9.702,      126.,       97.96,    1.83,       28.04
  533,   9.722,       97.,       75.26,    2.90,       21.74
  534,   9.742,       71.,       57.42,    4.30,       13.58
  535,   9.762,       63.,       44.71,    4.61,       18.29
  536,   9.782,       62.,       36.84,    3.78,       25.16
  537,   9.802,       46.,       33.21,    2.93,       12.79
  538,   9.822,       65.,       33.14,    1.91,       31.86
  539,   9.842,       48.,       36.14,    0.59,       11.86
  540,   9.862,       55.,       42.03,   -1.12,       12.97
  541,   9.883,       66.,       51.12,   -1.63,       14.88
  542,   9.903,       73.,       64.22,   -1.63,        8.78
  543,   9.923,       80.,       82.38,   -1.88,       -2.38
  544,   9.943,      110.,      106.68,   -2.97,        3.32
  545,   9.963,      112.,      137.84,   -2.56,      -25.84
  546,   9.983,      178.,      175.34,   -3.04,        2.66
  547,  10.003,      237.,      217.18,   -3.12,       19.82
  548,  10.023,      256.,      259.91,   -3.45,       -3.91
  549,  10.043,      299.,      298.61,   -2.97,        0.39
  550,  10.063,      360.,      328.12,   -2.44,       31.88
  551,  10.083,      363.,      344.13,    0.16,       18.87
  552,  10.104,      361.,      344.06,    1.11,       16.94
  553,  10.124,      341.,      327.76,    1.97,       13.24
  554,  10.144,      325.,      297.65,    3.92,       27.35
  555,  10.164,      290.,      257.99,    4.83,       32.01
  556,  10.184,      276.,      213.99,    3.94,       62.01
  557,  10.204,      207.,      170.67,    4.17,       36.33
  558,  10.224,      176.,      132.05,    3.63,       43.95
  559,  10.244,      161.,      100.82,    3.07,       60.18
  560,  10.264,      112.,       78.18,    2.61,       33.82
  561,  10.284,       82.,       64.04,    2.25,       17.96
  562,  10.304,       77.,       57.46,    0.38,       19.54
  563,  10.325,       58.,       57.01,    0.33,        0.99
  564,  10.345,       59.,       61.04,   -1.18,       -2.04
  565,  10.365,       78.,       67.83,   -3.26,       10.17
  566,  10.385,       79.,       75.84,   -4.33,        3.16
  567,  10.405,       75.,       83.82,   -4.36,       -8.82
  568,  10.425,      116.,       90.75,   -4.94,       25.25
  569,  10.445,      100.,       95.94,   -3.47,        4.06
  570,  10.465,       98.,       98.94,   -1.40,       -0.94
  571,  10.485,      102.,       99.60,   -0.16,        2.40
  572,  10.505,       90.,       97.79,   -0.19,       -7.79
  573,  10.525,       93.,       93.81,    1.36,       -0.81
  574,  10.546,      103.,       87.95,   -0.06,       15.05
  575,  10.566,       90.,       80.80,   -0.69,        9.20
  576,  10.586,       88.,       73.10,   -0.68,       14.90
  577,  10.606,       70.,       65.80,   -0.23,        4.20
  578,  10.626,       75.,       59.58,    0.24,       15.42
  579,  10.646,       58.,       54.95,    1.49,        3.05
  580,  10.666,       46.,       52.03,    1.06,       -6.03
  581,  10.686,       44.,       50.50,    0.46,       -6.50
  582,  10.706,       71.,       49.77,    0.81,       21.23
  583,  10.726,       55.,       49.05,    0.06,        5.95
  584,  10.746,       61.,       47.60,   -0.82,       13.40
  585,  10.767,       48.,       44.98,   -1.16,        3.02
  586,  10.787,       40.,       41.14,   -0.63,       -1.14
  587,  10.807,       58.,       36.15,    0.49,       21.85
  588,  10.827,       30.,       30.45,   -0.46,       -0.45
  589,  10.847,       32.,       24.68,    0.38,        7.32
  590,  10.867,       17.,       19.34,    0.62,       -2.34
  591,  10.887,       16.,       14.76,    0.58,        1.24
  592,  10.907,       16.,       11.36,    0.76,        4.64
  593,  10.927,       17.,        9.04,    0.02,        7.96
  594,  10.947,       19.,        7.73,    0.49,       11.27
  595,  10.967,       21.,        7.27,    0.13,       13.73
  596,  10.988,       14.,        7.44,    0.32,        6.56
  597,  11.008,       13.,        7.99,    0.00,        5.01
  598,  11.028,       13.,        8.69,    1.00,        4.31
  599,  11.048,       13.,        9.34,    0.22,        3.66
  600,  11.068,        8.,        9.78,   -0.63,       -1.78
  601,  11.088,       12.,        9.87,   -1.85,        2.13
  602,  11.108,       11.,        9.65,   -2.25,        1.35
  603,  11.128,       14.,        9.07,   -2.38,        4.93
  604,  11.148,       12.,        8.17,   -1.91,        3.83
  605,  11.168,       11.,        7.12,   -1.20,        3.88
  606,  11.188,       14.,        5.97,    0.29,        8.03
  607,  11.209,       10.,        4.83,    0.77,        5.17
  608,  11.229,        9.,        3.76,    1.53,        5.24
  609,  11.249,        8.,        2.82,    0.78,        5.18
  610,  11.269,        9.,        2.03,    1.40,        6.97
  611,  11.289,        7.,        1.41,    1.37,        5.59
  612,  11.309,        5.,        0.94,    0.49,        4.06
  613,  11.329,        7.,        0.60,    0.28,        6.40
  614,  11.349,        2.,        0.37,    0.21,        1.63
  615,  11.369,        7.,        0.19,   -0.41,        6.81
  616,  11.389,        7.,        0.11,   -0.89,        6.89
  617,  11.409,        4.,        0.06,   -0.92,        3.94
  618,  11.430,        5.,        0.00,   -0.70,        5.00
  619,  11.450,        8.,        0.08,   -0.02,        7.92
  620,  11.470,        2.,        0.20,    0.05,        1.80
  621,  11.490,        5.,        0.41,   -0.30,        4.59
  622,  11.510,        6.,        0.74,   -0.59,        5.26
  623,  11.530,        5.,        1.28,   -0.83,        3.72
  624,  11.550,       13.,        2.10,   -1.51,       10.90
  625,  11.570,        8.,        3.31,   -1.64,        4.69
  626,  11.590,       10.,        4.98,   -0.61,        5.02
  627,  11.610,       15.,        7.21,   -0.13,        7.79
  628,  11.630,       12.,       10.00,   -0.78,        2.00
  629,  11.651,       19.,       13.27,    0.84,        5.73
  630,  11.671,       27.,       16.88,    1.05,       10.12
  631,  11.691,       29.,       20.62,    0.62,        8.38
  632,  11.711,       36.,       24.21,    1.07,       11.79
  633,  11.731,       32.,       27.34,    1.63,        4.66
  634,  11.751,       50.,       29.75,    1.94,       20.25
  635,  11.771,       41.,       31.23,    1.47,        9.77
  636,  11.791,       33.,       31.71,    1.34,        1.29
  637,  11.811,       43.,       31.19,    1.66,       11.81
  638,  11.831,       46.,       29.80,    1.21,       16.20
  639,  11.851,       31.,       27.72,    1.49,        3.28
  640,  11.872,       26.,       25.17,   -0.12,        0.83
  641,  11.892,       28.,       22.34,   -0.40,        5.66
  642,  11.912,       30.,       19.40,    0.21,       10.60
  643,  11.932,       21.,       16.50,   -0.32,        4.50
  644,  11.952,       21.,       13.71,   -1.24,        7.29
  645,  11.972,       11.,       11.12,   -0.74,       -0.12
  646,  11.992,       14.,        8.88,   -0.22,        5.12
  647,  12.012,       12.,        7.07,   -0.18,        4.93
  648,  12.032,        7.,        5.86,   -0.77,        1.14
  649,  12.052,        7.,        5.36,   -1.00,        1.64
  650,  12.072,       12.,        5.75,   -0.76,        6.25
  651,  12.093,        8.,        7.29,   -0.50,        0.71
  652,  12.113,       13.,       10.15,   -0.89,        2.85
  653,  12.133,       17.,       14.61,   -1.23,        2.39
  654,  12.153,       20.,       20.69,   -1.41,       -0.69
  655,  12.173,       32.,       28.38,   -1.36,        3.62
  656,  12.193,       36.,       37.28,   -1.93,       -1.28
  657,  12.213,       54.,       46.73,   -2.64,        7.27
  658,  12.233,       59.,       55.96,   -1.75,        3.04
  659,  12.253,       63.,       63.89,   -1.34,       -0.89
  660,  12.273,       77.,       69.58,   -0.74,        7.42
  661,  12.293,       75.,       72.30,   -0.02,        2.70
  662,  12.314,       66.,       71.70,    1.10,       -5.70
  663,  12.334,       85.,       67.89,    1.08,       17.11
  664,  12.354,       74.,       61.42,    1.17,       12.58
  665,  12.374,       66.,       53.12,    1.99,       12.88
  666,  12.394,       60.,       43.94,    1.93,       16.06
  667,  12.414,       54.,       34.81,    1.75,       19.19
  668,  12.434,       37.,       26.44,    2.50,       10.56
  669,  12.454,       26.,       19.29,    2.20,        6.71
  670,  12.474,       27.,       13.56,    1.61,       13.44
  671,  12.494,       19.,        9.28,    0.17,        9.72
  672,  12.514,       10.,        6.33,   -0.44,        3.67
  673,  12.535,       16.,        4.58,   -1.43,       11.42
  674,  12.555,       12.,        3.92,   -1.80,        8.08
  675,  12.575,       12.,        4.33,   -1.68,        7.67
  676,  12.595,       11.,        5.85,   -2.31,        5.15
  677,  12.615,       15.,        8.60,   -1.00,        6.40
  678,  12.635,       25.,       12.73,   -0.62,       12.27
  679,  12.655,       29.,       18.36,   -0.53,       10.64
  680,  12.675,       25.,       25.42,   -0.65,       -0.42
  681,  12.695,       46.,       33.73,   -1.03,       12.27
  682,  12.715,       71.,       42.76,    0.25,       28.24
  683,  12.735,       58.,       51.81,    0.31,        6.19
  684,  12.756,       79.,       60.06,    0.14,       18.94
  685,  12.776,       73.,       66.65,    1.64,        6.35
  686,  12.796,       69.,       70.91,    2.44,       -1.91
  687,  12.816,      103.,       72.42,    1.79,       30.58
  688,  12.836,       82.,       71.13,    1.54,       10.87
  689,  12.856,       77.,       67.34,    2.27,        9.66
  690,  12.876,       94.,       61.60,    1.69,       32.40
  691,  12.896,       66.,       54.60,    1.63,       11.40
  692,  12.916,       47.,       47.02,    1.86,       -0.02
  693,  12.936,       62.,       39.45,    0.69,       22.55
  694,  12.956,       49.,       32.31,    1.01,       16.69
  695,  12.977,       30.,       25.86,    0.61,        4.14
  696,  12.997,       23.,       20.25,   -0.81,        2.75
  697,  13.017,       19.,       15.49,   -0.97,        3.51
  698,  13.037,       17.,       11.59,   -0.85,        5.41
  699,  13.057,       11.,        8.46,   -1.58,        2.54
  700,  13.077,        8.,        6.02,   -2.49,        1.98
  701,  13.097,        7.,        4.25,   -2.24,        2.75
  702,  13.117,        9.,        2.99,   -1.07,        6.01
  703,  13.137,        6.,        2.27,   -1.08,        3.73
  704,  13.157,        3.,        1.87,   -1.60,        1.13
  705,  13.177,        3.,        1.87,   -0.50,        1.13
  706,  13.198,        6.,        2.11,   -0.64,        3.89
  707,  13.218,        4.,        2.67,   -1.26,        1.33
  708,  13.238,        2.,        3.47,   -2.17,       -1.47
  709,  13.258,        6.,        4.49,   -2.41,        1.51
  710,  13.278,        9.,        5.84,   -2.49,        3.16
  711,  13.298,        5.,        7.44,   -2.24,       -2.44
  712,  13.318,        9.,        9.28,   -1.51,       -0.28
  713,  13.338,       12.,       11.30,   -0.73,        0.70
  714,  13.358,       13.,       13.39,    0.35,       -0.39
  715,  13.378,       16.,       15.41,   -0.10,        0.59
  716,  13.398,       20.,       17.16,    0.22,        2.84
  717,  13.419,       28.,       18.45,    0.45,        9.55
  718,  13.439,       27.,       19.10,    0.51,        7.90
  719,  13.459,       26.,       19.01,    0.66,        6.99
  720,  13.479,       17.,       18.16,    1.08,       -1.16
  721,  13.499,       23.,       16.64,    1.77,        6.36
  722,  13.519,       17.,       14.60,    1.64,        2.40
  723,  13.539,       14.,       12.26,    1.08,        1.74
  724,  13.559,       13.,        9.90,    0.80,        3.10
  725,  13.579,       12.,        7.63,    0.27,        4.37
  726,  13.599,       12.,        5.70,    0.19,        6.30
  727,  13.619,        6.,        4.13,   -0.50,        1.87
  728,  13.640,       10.,        2.95,   -0.33,        7.05
  729,  13.660,        9.,        2.10,    0.50,        6.90
  730,  13.680,        5.,        1.60,    0.89,        3.40
  731,  13.700,        2.,        1.32,    0.88,        0.68
  732,  13.720,        2.,        1.20,    0.49,        0.80
  733,  13.740,        5.,        1.15,    0.67,        3.85
  734,  13.760,        4.,        1.14,   -0.11,        2.86
  735,  13.780,        4.,        1.11,   -1.26,        2.89
  736,  13.800,        4.,        1.12,   -1.42,        2.88
  737,  13.820,        6.,        1.11,   -0.53,        4.89
  738,  13.840,        2.,        1.14,    0.19,        0.86
  739,  13.861,        4.,        1.21,   -0.04,        2.79
  740,  13.881,        0.,        1.40,    0.54,       -1.40
  741,  13.901,        4.,        1.77,   -0.51,        2.23
  742,  13.921,        7.,        2.41,   -0.51,        4.59
  743,  13.941,        5.,        3.38,   -0.40,        1.62
  744,  13.961,        7.,        4.75,   -0.68,        2.25
  745,  13.981,       10.,        6.55,   -0.55,        3.45
  746,  14.001,        7.,        8.77,   -0.21,       -1.77
  747,  14.021,       14.,       11.35,    0.75,        2.65
  748,  14.041,       16.,       14.11,    0.46,        1.89
  749,  14.061,       16.,       16.94,   -0.37,       -0.94
  750,  14.082,       21.,       19.53,   -0.52,        1.47
  751,  14.102,       22.,       21.65,   -0.91,        0.35
  752,  14.122,       35.,       23.05,   -0.90,       11.95
  753,  14.142,       27.,       23.59,   -0.57,        3.41
  754,  14.162,       16.,       23.18,    0.07,       -7.18
  755,  14.182,       24.,       21.87,    0.48,        2.13
  756,  14.202,       19.,       19.81,    0.74,       -0.81
  757,  14.222,       18.,       17.22,    1.02,        0.78
  758,  14.242,       20.,       14.35,   -0.01,        5.65
  759,  14.262,       17.,       11.48,   -0.19,        5.52
  760,  14.282,       11.,        8.80,    0.68,        2.20
  761,  14.303,       10.,        6.46,    0.37,        3.54
  762,  14.323,        6.,        4.55,    0.72,        1.45
  763,  14.343,        7.,        3.07,    0.78,        3.93
  764,  14.363,        4.,        1.98,    0.92,        2.02
  765,  14.383,        1.,        1.22,    0.77,       -0.22
  766,  14.403,        1.,        0.68,    0.04,        0.32
  767,  14.423,        2.,        0.39,   -0.31,        1.61
  768,  14.443,        1.,        0.21,   -0.53,        0.79
  769,  14.463,        1.,        0.11,   -1.23,        0.89
  770,  14.483,        3.,        0.05,   -1.02,        2.95
  771,  14.503,        1.,        0.00,   -0.33,        1.00
  772,  14.524,        1.,        0.00,   -0.27,        1.00
  773,  14.544,        1.,        0.00,   -0.15,        1.00
  774,  14.564,        0.,        0.00,   -0.12,        0.00
  775,  14.584,        1.,        0.00,    0.18,        1.00
  776,  14.604,        1.,        0.00,   -0.20,        1.00
  777,  14.624,        0.,        0.01,   -0.68,       -0.01
  778,  14.644,        1.,        0.02,   -0.77,        0.98
  779,  14.664,        1.,        0.02,   -0.59,        0.98
  780,  14.684,        1.,        0.04,   -0.40,        0.96
  781,  14.704,        1.,        0.09,   -0.39,        0.91
  782,  14.724,        0.,        0.14,    0.03,       -0.14
  783,  14.745,        1.,        0.21,    0.77,        0.79
  784,  14.765,        1.,        0.30,    0.88,        0.70
  785,  14.785,        2.,        0.41,    0.60,        1.59
  786,  14.805,        1.,        0.54,    0.48,        0.46
  787,  14.825,        3.,        0.70,    0.25,        2.30
  788,  14.845,        4.,        0.85,    0.44,        3.15
  789,  14.865,        2.,        1.01,    0.11,        0.99
  790,  14.885,        0.,        1.15,   -0.03,       -1.15
  791,  14.905,        3.,        1.26,   -0.22,        1.74
  792,  14.925,        1.,        1.33,    0.32,       -0.33
  793,  14.945,        2.,        1.35,    0.05,        0.65
  794,  14.966,        0.,        1.32,   -0.52,       -1.32
  795,  14.986,        1.,        1.23,   -0.71,       -0.23
  796,  15.006,        1.,        1.11,   -0.34,       -0.11
  797,  15.026,        4.,        0.96,   -0.56,        3.04
  798,  15.046,        2.,        0.79,   -0.49,        1.21
  799,  15.066,        1.,        0.63,   -0.16,        0.37
  800,  15.086,        0.,        0.48,    0.41,       -0.48
  801,  15.106,        1.,        0.35,    0.45,        0.65
  802,  15.126,        0.,        0.25,    0.37,       -0.25
  803,  15.146,        0.,        0.16,   -0.01,       -0.16
  804,  15.166,        2.,        0.10,   -0.33,        1.90
  805,  15.187,        1.,        0.06,   -0.17,        0.94
  806,  15.207,        0.,        0.00,   -0.10,        0.00
  807,  15.227,        0.,        0.00,   -0.22,        0.00
  808,  15.247,        0.,        0.00,   -0.27,        0.00
  809,  15.267,        0.,        0.00,    0.02,        0.00
  810,  15.287,        1.,        0.00,   -0.18,        1.00
  811,  15.307,        1.,        0.00,   -0.38,        1.00
  812,  15.327,        1.,        0.00,   -0.29,        1.00
  813,  15.347,        0.,        0.00,    0.07,        0.00
  814,  15.367,        0.,        0.00,    0.30,        0.00
  815,  15.387,        1.,        0.00,    0.54,        1.00
  816,  15.408,        0.,        0.00,    0.65,        0.00
  817,  15.428,        1.,        0.02,    0.46,        0.98
  818,  15.448,        2.,        0.04,    0.36,        1.96
  819,  15.468,        1.,        0.07,   -0.22,        0.93
  820,  15.488,        0.,        0.10,   -0.08,       -0.10
  821,  15.508,        2.,        0.20,   -0.29,        1.80
  822,  15.528,        1.,        0.29,   -0.31,        0.71
  823,  15.548,        1.,        0.43,    0.41,        0.57
  824,  15.568,        1.,        0.68,    0.24,        0.32
  825,  15.588,        0.,        0.94,    0.37,       -0.94
  826,  15.608,        2.,        1.27,    0.24,        0.73
  827,  15.629,        0.,        1.67,    0.08,       -1.67
  828,  15.649,        2.,        2.13,   -0.55,       -0.13
  829,  15.669,        6.,        2.65,   -0.68,        3.35
  830,  15.689,        4.,        3.19,   -0.28,        0.81
  831,  15.709,        7.,        3.74,    0.06,        3.26
  832,  15.729,        4.,        4.26,    0.14,       -0.26
  833,  15.749,        4.,        4.70,    0.15,       -0.70
  834,  15.769,        3.,        5.03,    0.69,       -2.03
  835,  15.789,        4.,        5.20,    0.49,       -1.20
  836,  15.809,        8.,        5.21,   -0.05,        2.79
  837,  15.829,        7.,        5.06,    0.05,        1.94
  838,  15.850,        4.,        4.73,   -0.45,       -0.73
  839,  15.870,        5.,        4.28,   -0.52,        0.72
  840,  15.890,        5.,        3.73,   -0.44,        1.27
  841,  15.910,        1.,        3.15,   -0.22,       -2.15
  842,  15.930,        3.,        2.58,    0.41,        0.42
  843,  15.950,        3.,        2.04,   -0.21,        0.96
  844,  15.970,        2.,        1.61,   -0.47,        0.39
  845,  15.990,        1.,        1.26,   -0.11,       -0.26
  846,  16.010,        2.,        0.99,   -0.17,        1.01
  847,  16.030,        0.,        0.74,   -0.59,       -0.74
  848,  16.050,        2.,        0.63,   -0.31,        1.37
  849,  16.071,        0.,        0.55,    0.15,       -0.55
  850,  16.091,        0.,        0.47,    0.45,       -0.47
  851,  16.111,        2.,        0.39,    0.30,        1.61
  852,  16.131,        1.,        0.36,    0.39,        0.64
  853,  16.151,        0.,        0.32,    0.32,       -0.32
  854,  16.171,        1.,        0.27,    0.42,        0.73
  855,  16.191,        2.,        0.22,    0.23,        1.78
  856,  16.211,        2.,        0.17,    0.39,        1.83
  857,  16.231,        0.,        0.13,    0.42,       -0.13
  858,  16.251,        0.,        0.09,    0.14,       -0.09
  859,  16.271,        0.,        0.06,    0.04,       -0.06
  860,  16.292,        1.,        0.04,    0.02,        0.96
  861,  16.312,        0.,        0.03,    0.02,       -0.03
  862,  16.332,        0.,        0.02,   -0.39,       -0.02
  863,  16.352,        0.,        0.00,   -0.65,        0.00
  864,  16.372,        0.,        0.00,   -0.49,        0.00
  865,  16.392,        0.,        0.00,   -0.51,        0.00
  866,  16.412,        0.,        0.00,   -0.53,        0.00
  867,  16.432,        0.,        0.00,   -0.71,        0.00
  868,  16.452,        0.,        0.00,   -0.39,        0.00
  869,  16.472,        1.,        0.00,   -0.08,        1.00
  870,  16.492,        0.,        0.00,   -0.09,        0.00
  871,  16.513,        1.,        0.00,    0.38,        1.00
  872,  16.533,        0.,        0.00,    0.30,        0.00
  873,  16.553,        0.,        0.00,    0.45,        0.00
  874,  16.573,        1.,        0.00,    0.45,        1.00
  875,  16.593,        1.,        0.00,    0.45,        1.00
  876,  16.613,        0.,        0.00,    0.21,        0.00
  877,  16.633,        3.,        0.00,    0.04,        3.00
  878,  16.653,        0.,        0.00,   -0.04,        0.00
  879,  16.673,        1.,        0.00,    0.12,        1.00
  880,  16.693,        0.,        0.00,    0.12,        0.00
  881,  16.713,        0.,        0.00,   -0.04,        0.00
  882,  16.734,        0.,        0.00,    0.04,        0.00
  883,  16.754,        0.,        0.00,    0.36,        0.00
  884,  16.774,        1.,        0.00,    0.12,        1.00
  885,  16.794,        1.,        0.00,    0.04,        1.00
  886,  16.814,        0.,        0.00,   -0.12,        0.00
  887,  16.834,        0.,        0.00,   -0.04,        0.00
  888,  16.854,        1.,        0.00,    0.04,        1.00
  889,  16.874,        2.,        0.00,   -0.04,        2.00
  890,  16.894,        1.,        0.00,    0.21,        1.00
  891,  16.914,        0.,        0.00,    0.21,        0.00
  892,  16.934,        0.,        0.00,    0.13,        0.00
  893,  16.955,        0.,        0.00,    0.13,        0.00
  894,  16.975,        0.,        0.00,    0.13,        0.00
  895,  16.995,        0.,        0.00,    0.13,        0.00
  896,  17.015,        0.,        0.00,   -0.19,        0.00
  897,  17.035,        1.,        0.00,   -0.51,        1.00
  898,  17.055,        0.,        0.00,   -0.43,        0.00
  899,  17.075,        0.,        0.00,   -0.51,        0.00
  900,  17.095,        0.,        0.00,   -0.60,        0.00
  901,  17.115,        1.,        0.00,   -0.68,        1.00
  902,  17.135,        0.,        0.00,   -0.51,        0.00
  903,  17.155,        0.,        0.00,   -0.03,        0.00
  904,  17.176,        0.,        0.00,   -0.36,        0.00
  905,  17.196,        0.,        0.00,   -0.19,        0.00
  906,  17.216,        0.,        0.00,   -0.03,        0.00
  907,  17.236,        0.,        0.00,    0.05,        0.00
  908,  17.256,        0.,        0.00,   -0.27,        0.00
  909,  17.276,        3.,        0.00,   -0.11,        3.00
  910,  17.296,        0.,        0.00,    0.14,        0.00
  911,  17.316,        1.,        0.00,    0.15,        1.00
  912,  17.336,        1.,        0.00,    0.08,        1.00
  913,  17.356,        2.,        0.00,    0.58,        2.00
  914,  17.376,        0.,        0.00,    0.83,        0.00
  915,  17.397,        1.,        0.01,    0.83,        0.99
  916,  17.417,        2.,        0.02,    0.59,        1.98
  917,  17.437,        0.,        0.03,    0.51,       -0.03
  918,  17.457,        0.,        0.04,    0.41,       -0.04
  919,  17.477,        3.,        0.06,    0.15,        2.94
  920,  17.497,        2.,        0.09,    0.04,        1.91
  921,  17.517,        0.,        0.12,   -0.08,       -0.12
  922,  17.537,        2.,        0.16,    0.05,        1.84
  923,  17.557,        0.,        0.20,   -0.24,       -0.20
  924,  17.577,        1.,        0.24,   -0.03,        0.76
  925,  17.598,        0.,        0.27,    0.10,       -0.27
  926,  17.618,        2.,        0.31,   -0.08,        1.69
  927,  17.638,        0.,        0.33,   -0.26,       -0.33
  928,  17.658,        1.,        0.34,   -0.03,        0.66
  929,  17.678,        1.,        0.33,   -0.10,        0.67
  930,  17.698,        1.,        0.32,   -0.09,        0.68
  931,  17.718,        1.,        0.29,   -0.06,        0.71
  932,  17.738,        1.,        0.25,    0.22,        0.75
  933,  17.758,        1.,        0.21,    0.10,        0.79
  934,  17.778,        1.,        0.17,    0.14,        0.83
  935,  17.798,        1.,        0.14,    0.34,        0.86
  936,  17.819,        0.,        0.10,    0.22,       -0.10
  937,  17.839,        1.,        0.07,    0.09,        0.93
  938,  17.859,        0.,        0.05,   -0.04,       -0.05
  939,  17.879,        0.,        0.03,   -0.02,       -0.03
  940,  17.899,        0.,        0.02,   -0.18,       -0.02
  941,  17.919,        1.,        0.01,   -0.25,        0.99
  942,  17.939,        0.,        0.00,   -0.34,        0.00
  943,  17.959,        0.,        0.00,   -0.10,        0.00
  944,  17.979,        0.,        0.00,   -0.19,        0.00
  945,  17.999,        0.,        0.00,   -0.12,        0.00
  946,  18.019,        0.,        0.00,   -0.05,        0.00
  947,  18.040,        0.,        0.00,    0.02,        0.00
  948,  18.060,        0.,        0.00,   -0.07,        0.00
  949,  18.080,        1.,        0.00,   -0.07,        1.00
  950,  18.100,        0.,        0.00,    0.00,        0.00
  951,  18.120,        0.,        0.00,    0.00,        0.00
  952,  18.140,        0.,        0.00,    0.00,        0.00
  953,  18.160,        0.,        0.00,   -0.01,        0.00
  954,  18.180,        0.,        0.00,    0.08,        0.00
  955,  18.200,        0.,        0.00,    0.08,        0.00
  956,  18.220,        0.,        0.00,   -0.08,        0.00
  957,  18.240,        0.,        0.00,   -0.08,        0.00
  958,  18.261,        0.,        0.00,   -0.17,        0.00
  959,  18.281,        0.,        0.00,   -0.17,        0.00
  960,  18.301,        0.,        0.00,   -0.17,        0.00
  961,  18.321,        0.,        0.00,   -0.17,        0.00
  962,  18.341,        0.,        0.00,   -0.08,        0.00
  963,  18.361,        0.,        0.00,   -0.08,        0.00
  964,  18.381,        0.,        0.00,    0.08,        0.00
  965,  18.401,        0.,        0.00,    0.08,        0.00
  966,  18.421,        0.,        0.00,    0.08,        0.00
  967,  18.441,        0.,        0.00,    0.08,        0.00
  968,  18.461,        0.,        0.00,    0.08,        0.00
  969,  18.482,        0.,        0.00,    0.08,        0.00
  970,  18.502,        1.,        0.00,    0.08,        1.00
  971,  18.522,        0.,        0.00,    0.08,        0.00
  972,  18.542,        0.,        0.00,    0.08,        0.00
  973,  18.562,        0.,        0.00,    0.08,        0.00
  974,  18.582,        0.,        0.00,   -0.01,        0.00
  975,  18.602,        0.,        0.00,   -0.01,        0.00
  976,  18.622,        0.,        0.00,   -0.01,        0.00
  977,  18.642,        0.,        0.00,   -0.17,        0.00
  978,  18.662,        0.,        0.00,   -0.17,        0.00
  979,  18.682,        0.,        0.00,   -0.17,        0.00
  980,  18.703,        0.,        0.00,   -0.01,        0.00
  981,  18.723,        0.,        0.00,   -0.01,        0.00
  982,  18.743,        0.,        0.00,   -0.01,        0.00
  983,  18.763,        0.,        0.00,    0.08,        0.00
  984,  18.783,        0.,        0.00,   -0.01,        0.00
  985,  18.803,        0.,        0.00,   -0.01,        0.00
  986,  18.823,        1.,        0.00,   -0.01,        1.00
  987,  18.843,        0.,        0.00,   -0.01,        0.00
  988,  18.863,        0.,        0.00,   -0.01,        0.00
  989,  18.883,        0.,        0.00,   -0.01,        0.00
  990,  18.903,        0.,        0.00,    0.15,        0.00
  991,  18.924,        0.,        0.00,    0.15,        0.00
  992,  18.944,        0.,        0.00,    0.15,        0.00
  993,  18.964,        0.,        0.00,   -0.09,        0.00
  994,  18.984,        0.,        0.00,   -0.09,        0.00
  995,  19.004,        0.,        0.00,   -0.09,        0.00
  996,  19.024,        1.,        0.00,   -0.09,        1.00
  997,  19.044,        0.,        0.00,   -0.09,        0.00
  998,  19.064,        0.,        0.00,   -0.09,        0.00
  999,  19.084,        0.,        0.00,    0.15,        0.00
 1000,  19.104,        0.,        0.00,    0.15,        0.00
 1001,  19.124,        0.,        0.00,    0.15,        0.00
 1002,  19.145,        0.,        0.00,    0.15,        0.00
 1003,  19.165,        0.,        0.00,   -0.01,        0.00
 1004,  19.185,        0.,        0.00,   -0.01,        0.00
 1005,  19.205,        1.,        0.00,   -0.01,        1.00
 1006,  19.225,        0.,        0.00,   -0.01,        0.00
 1007,  19.245,        0.,        0.00,   -0.09,        0.00
 1008,  19.265,        0.,        0.00,   -0.09,        0.00
 1009,  19.285,        0.,        0.00,   -0.01,        0.00
 1010,  19.305,        0.,        0.00,   -0.01,        0.00
 1011,  19.325,        0.,        0.00,   -0.01,        0.00
 1012,  19.345,        0.,        0.00,   -0.17,        0.00
 1013,  19.366,        0.,        0.00,   -0.01,        0.00
 1014,  19.386,        0.,        0.00,   -0.01,        0.00
 1015,  19.406,        0.,        0.00,   -0.01,        0.00
 1016,  19.426,        0.,        0.00,   -0.01,        0.00
 1017,  19.446,        0.,        0.00,   -0.07,        0.00
 1018,  19.466,        0.,        0.00,   -0.07,        0.00
 1019,  19.486,        1.,        0.00,    0.01,        1.00
 1020,  19.506,        0.,        0.00,    0.01,        0.00
 1021,  19.526,        0.,        0.00,    0.01,        0.00
 1022,  19.546,        0.,        0.00,    0.01,        0.00
 1023,  19.566,        0.,        0.00,    0.01,        0.00
 1024,  19.587,        0.,        0.00,    0.15,        0.00
 1025,  19.607,        0.,        0.00,    0.15,        0.00
 1026,  19.627,        0.,        0.00,    0.01,        0.00
 1027,  19.647,        0.,        0.00,    0.01,        0.00
 1028,  19.667,        0.,        0.00,   -0.07,        0.00
 1029,  19.687,        0.,        0.00,   -0.07,        0.00
 1030,  19.707,        1.,        0.00,   -0.07,        1.00
 1031,  19.727,        0.,        0.00,   -0.07,        0.00
 1032,  19.747,        0.,        0.00,   -0.07,        0.00
 1033,  19.767,        0.,        0.00,    0.01,        0.00
 1034,  19.787,        0.,        0.00,    0.01,        0.00
 1035,  19.808,        0.,        0.00,    0.15,        0.00
 1036,  19.828,        0.,        0.00,    0.15,        0.00
 1037,  19.848,        0.,        0.00,    0.01,        0.00
 1038,  19.868,        0.,        0.00,    0.01,        0.00
 1039,  19.888,        0.,        0.00,    0.01,        0.00
 1040,  19.908,        0.,        0.00,    0.01,        0.00
 1041,  19.928,        1.,        0.00,    0.01,        1.00
 1042,  19.948,        0.,        0.00,    0.01,        0.00
 1043,  19.968,        0.,        0.00,    0.01,        0.00
 1044,  19.988,        0.,        0.00,    0.08,        0.00
 1045,  20.008,        0.,        0.00,    0.08,        0.00
 1046,  20.029,        0.,        0.00,    0.08,        0.00
 1047,  20.049,        0.,        0.00,    0.08,        0.00
 1048,  20.069,        0.,        0.00,   -0.14,        0.00
 1049,  20.089,        0.,        0.00,   -0.14,        0.00
 1050,  20.109,        0.,        0.00,   -0.14,        0.00
 1051,  20.129,        0.,        0.00,   -0.14,        0.00
 1052,  20.149,        0.,        0.00,   -0.14,        0.00
 1053,  20.169,        0.,        0.00,   -0.14,        0.00
 1054,  20.189,        0.,        0.00,   -0.14,        0.00
 1055,  20.209,        0.,        0.00,    0.08,        0.00
 1056,  20.229,        0.,        0.00,    0.08,        0.00
 1057,  20.250,        0.,        0.00,    0.08,        0.00
 1058,  20.270,        0.,        0.00,    0.08,        0.00
 1059,  20.290,        0.,        0.00,    0.08,        0.00
 1060,  20.310,        0.,        0.00,    0.08,        0.00
 1061,  20.330,        1.,        0.00,    0.08,        1.00
 1062,  20.350,        0.,        0.00,    0.08,        0.00
 1063,  20.370,        0.,        0.00,    0.08,        0.00
 1064,  20.390,        0.,        0.00,    0.08,        0.00
 1065,  20.410,        0.,        0.00,    0.08,        0.00
 1066,  20.430,        0.,        0.00,    0.08,        0.00
 1067,  20.450,        0.,        0.00,    0.08,        0.00
 1068,  20.471,        0.,        0.00,   -0.07,        0.00
 1069,  20.491,        0.,        0.00,   -0.07,        0.00
 1070,  20.511,        0.,        0.00,   -0.07,        0.00
 1071,  20.531,        0.,        0.00,   -0.07,        0.00
 1072,  20.551,        0.,        0.00,   -0.07,        0.00
 1073,  20.571,        0.,        0.00,   -0.07,        0.00
 1074,  20.591,        0.,        0.00,   -0.07,        0.00
 1075,  20.611,        0.,        0.00,    0.00,        0.00
 1076,  20.631,        0.,        0.00,    0.00,        0.00
 1077,  20.651,        0.,        0.00,    0.00,        0.00
 1078,  20.671,        0.,        0.00,    0.00,        0.00
 1079,  20.692,        0.,        0.00,    0.00,        0.00
 1080,  20.712,        0.,        0.00,    0.00,        0.00
 1081,  20.732,        0.,        0.00,    0.00,        0.00
 1082,  20.752,        0.,        0.00,    0.00,        0.00
 1083,  20.772,        0.,        0.00,    0.00,        0.00
 1084,  20.792,        0.,        0.00,    0.00,        0.00
 1085,  20.812,        0.,        0.00,    0.00,        0.00
 1086,  20.832,        0.,        0.00,    0.00,        0.00
 1087,  20.852,        0.,        0.00,    0.00,        0.00
 1088,  20.872,        0.,        0.00,    0.00,        0.00
 1089,  20.892,        0.,        0.00,    0.00,        0.00
 1090,  20.913,        0.,        0.00,    0.00,        0.00
 1091,  20.933,        0.,        0.00,    0.00,        0.00
 1092,  20.953,        0.,        0.00,    0.00,        0.00
 1093,  20.973,        0.,        0.00,    0.00,        0.00
 1094,  20.993,        0.,        0.00,    0.00,        0.00
 1095,  21.013,        0.,        0.00,    0.00,        0.00
 1096,  21.033,        0.,        0.00,    0.00,        0.00
 1097,  21.053,        0.,        0.00,    0.00,        0.00
 1098,  21.073,        0.,        0.00,    0.00,        0.00
 1099,  21.093,        0.,        0.00,    0.00,        0.00
 1100,  21.113,        0.,        0.00,    0.00,        0.00
 1101,  21.134,        0.,        0.00,    0.00,        0.00
 1102,  21.154,        0.,        0.00,    0.00,        0.00
 1103,  21.174,        0.,        0.00,    0.00,        0.00
 1104,  21.194,        0.,        0.00,    0.00,        0.00
 1105,  21.214,        0.,        0.00,    0.00,        0.00
 1106,  21.234,        0.,        0.00,    0.00,        0.00
 1107,  21.254,        0.,        0.00,    0.00,        0.00
 1108,  21.274,        0.,        0.00,    0.00,        0.00
 1109,  21.294,        0.,        0.00,    0.00,        0.00
 1110,  21.314,        0.,        0.00,    0.00,        0.00
 1111,  21.334,        0.,        0.00,    0.00,        0.00
 1112,  21.355,        0.,        0.00,    0.00,        0.00
 1113,  21.375,        0.,        0.00,   -0.07,        0.00
 1114,  21.395,        0.,        0.00,   -0.07,        0.00
 1115,  21.415,        0.,        0.00,   -0.07,        0.00
 1116,  21.435,        0.,        0.00,   -0.07,        0.00
 1117,  21.455,        0.,        0.00,   -0.07,        0.00
 1118,  21.475,        0.,        0.00,   -0.07,        0.00
 1119,  21.495,        0.,        0.00,   -0.07,        0.00
 1120,  21.515,        0.,        0.00,    0.08,        0.00
 1121,  21.535,        0.,        0.00,    0.08,        0.00
 1122,  21.555,        0.,        0.00,    0.08,        0.00
 1123,  21.576,        0.,        0.00,    0.08,        0.00
 1124,  21.596,        0.,        0.00,    0.08,        0.00
 1125,  21.616,        0.,        0.00,    0.08,        0.00
 1126,  21.636,        1.,        0.00,    0.08,        1.00
 1127,  21.656,        0.,        0.00,    0.08,        0.00
 1128,  21.676,        0.,        0.00,    0.08,        0.00
 1129,  21.696,        0.,        0.00,    0.08,        0.00
 1130,  21.716,        0.,        0.00,    0.08,        0.00
 1131,  21.736,        0.,        0.00,    0.08,        0.00
 1132,  21.756,        0.,        0.00,    0.08,        0.00
 1133,  21.776,        0.,        0.00,   -0.07,        0.00
 1134,  21.797,        0.,        0.00,   -0.07,        0.00
 1135,  21.817,        0.,        0.00,   -0.07,        0.00
 1136,  21.837,        0.,        0.00,   -0.07,        0.00
 1137,  21.857,        0.,        0.00,   -0.07,        0.00
 1138,  21.877,        0.,        0.00,   -0.07,        0.00
 1139,  21.897,        0.,        0.00,   -0.07,        0.00
 1140,  21.917,        0.,        0.00,    0.00,        0.00
 1141,  21.937,        0.,        0.00,    0.00,        0.00
 1142,  21.957,        0.,        0.00,    0.00,        0.00
 1143,  21.977,        0.,        0.00,    0.00,        0.00
 1144,  21.997,        0.,        0.00,    0.00,        0.00
 1145,  22.018,        0.,        0.00,    0.00,        0.00
 1146,  22.038,        0.,        0.00,    0.00,        0.00
 1147,  22.058,        0.,        0.00,    0.00,        0.00
 1148,  22.078,        0.,        0.00,    0.00,        0.00
 1149,  22.098,        0.,        0.00,    0.00,        0.00
 1150,  22.118,        0.,        0.00,    0.00,        0.00
 1151,  22.138,        0.,        0.00,    0.00,        0.00
 1152,  22.158,        0.,        0.00,    0.00,        0.00
 1153,  22.178,        0.,        0.00,    0.00,        0.00
 1154,  22.198,        0.,        0.00,    0.00,        0.00
 1155,  22.218,        0.,        0.00,    0.00,        0.00
 1156,  22.239,        0.,        0.00,    0.00,        0.00
 1157,  22.259,        0.,        0.00,    0.00,        0.00
 1158,  22.279,        0.,        0.00,    0.00,        0.00
 1159,  22.299,        0.,        0.00,    0.00,        0.00
 1160,  22.319,        0.,        0.00,    0.00,        0.00
 1161,  22.339,        0.,        0.00,    0.00,        0.00
 1162,  22.359,        0.,        0.00,    0.00,        0.00
 1163,  22.379,        0.,        0.00,    0.00,        0.00
 1164,  22.399,        0.,        0.00,    0.00,        0.00
 1165,  22.419,        0.,        0.00,    0.00,        0.00
 1166,  22.439,        0.,        0.00,    0.00,        0.00
 1167,  22.460,        0.,        0.00,    0.00,        0.00
 1168,  22.480,        0.,        0.00,    0.00,        0.00
 1169,  22.500,        0.,        0.00,    0.00,        0.00
 1170,  22.520,        0.,        0.00,    0.00,        0.00
 1171,  22.540,        0.,        0.00,    0.00,        0.00
 1172,  22.560,        0.,        0.00,    0.00,        0.00
 1173,  22.580,        0.,        0.00,    0.00,        0.00
 1174,  22.600,        0.,        0.00,    0.00,        0.00
 1175,  22.620,        0.,        0.00,    0.00,        0.00
 1176,  22.640,        0.,        0.00,    0.00,        0.00
 1177,  22.660,        0.,        0.00,    0.00,        0.00
 1178,  22.681,        0.,        0.00,    0.00,        0.00
 1179,  22.701,        0.,        0.00,    0.00,        0.00
 1180,  22.721,        0.,        0.00,    0.00,        0.00
 1181,  22.741,        0.,        0.00,    0.00,        0.00
 1182,  22.761,        0.,        0.00,    0.00,        0.00
 1183,  22.781,        0.,        0.00,    0.00,        0.00
 1184,  22.801,        0.,        0.00,    0.00,        0.00
 1185,  22.821,        0.,        0.00,    0.00,        0.00
 1186,  22.841,        0.,        0.00,    0.00,        0.00
 1187,  22.861,        0.,        0.00,    0.00,        0.00
 1188,  22.881,        0.,        0.00,    0.00,        0.00
 1189,  22.902,        0.,        0.00,    0.00,        0.00
 1190,  22.922,        0.,        0.00,    0.00,        0.00
 1191,  22.942,        0.,        0.00,    0.00,        0.00
 1192,  22.962,        0.,        0.00,    0.00,        0.00
 1193,  22.982,        0.,        0.00,    0.00,        0.00
 1194,  23.002,        0.,        0.00,    0.00,        0.00
 1195,  23.022,        0.,        0.00,    0.00,        0.00
 1196,  23.042,        0.,        0.00,    0.00,        0.00
 1197,  23.062,        0.,        0.00,    0.00,        0.00
 1198,  23.082,        0.,        0.00,    0.00,        0.00
 1199,  23.102,        0.,        0.00,    0.00,        0.00
 1200,  23.123,        0.,        0.00,    0.00,        0.00
 1201,  23.143,        0.,        0.00,    0.00,        0.00
 1202,  23.163,        0.,        0.00,    0.00,        0.00
 1203,  23.183,        0.,        0.00,    0.00,        0.00
 1204,  23.203,        0.,        0.00,    0.00,        0.00
 1205,  23.223,        0.,        0.00,    0.00,        0.00
 1206,  23.243,        0.,        0.00,    0.00,        0.00
 1207,  23.263,        0.,        0.00,    0.00,        0.00
 1208,  23.283,        0.,        0.00,    0.00,        0.00
 1209,  23.303,        0.,        0.00,    0.00,        0.00
 1210,  23.323,        0.,        0.00,    0.00,        0.00
 1211,  23.344,        0.,        0.00,    0.00,        0.00
 1212,  23.364,        0.,        0.00,    0.00,        0.00
 1213,  23.384,        0.,        0.00,    0.00,        0.00
 1214,  23.404,        0.,        0.00,    0.00,        0.00
 1215,  23.424,        0.,        0.00,    0.00,        0.00
 1216,  23.444,        0.,        0.00,    0.00,        0.00
 1217,  23.464,        0.,        0.00,    0.00,        0.00
 1218,  23.484,        0.,        0.00,    0.00,        0.00
 1219,  23.504,        0.,        0.00,    0.00,        0.00
 1220,  23.524,        0.,        0.00,    0.00,        0.00
 1221,  23.544,        0.,        0.00,    0.00,        0.00
 1222,  23.565,        0.,        0.00,    0.00,        0.00
 1223,  23.585,        0.,        0.00,    0.00,        0.00
 1224,  23.605,        0.,        0.00,    0.00,        0.00
 1225,  23.625,        0.,        0.00,    0.00,        0.00
 1226,  23.645,        0.,        0.00,    0.00,        0.00
 1227,  23.665,        0.,        0.00,    0.00,        0.00
 1228,  23.685,        0.,        0.00,    0.00,        0.00
 1229,  23.705,        0.,        0.00,    0.00,        0.00
 1230,  23.725,        0.,        0.00,    0.00,        0.00
 1231,  23.745,        0.,        0.00,    0.00,        0.00
 1232,  23.765,        0.,        0.00,    0.00,        0.00
 1233,  23.786,        0.,        0.00,    0.00,        0.00
 1234,  23.806,        0.,        0.00,    0.00,        0.00
 1235,  23.826,        0.,        0.00,    0.00,        0.00
 1236,  23.846,        0.,        0.00,    0.00,        0.00
 1237,  23.866,        0.,        0.00,    0.00,        0.00
 1238,  23.886,        0.,        0.00,    0.00,        0.00
 1239,  23.906,        0.,        0.00,    0.00,        0.00
 1240,  23.926,        0.,        0.00,    0.00,        0.00
 1241,  23.946,        0.,        0.00,    0.00,        0.00
 1242,  23.966,        0.,        0.00,    0.00,        0.00
 1243,  23.986,        0.,        0.00,    0.00,        0.00
 1244,  24.007,        0.,        0.00,    0.00,        0.00
 1245,  24.027,        0.,        0.00,    0.00,        0.00
 1246,  24.047,        0.,        0.00,    0.00,        0.00
 1247,  24.067,        0.,        0.00,    0.00,        0.00
 1248,  24.087,        0.,        0.00,    0.00,        0.00
 1249,  24.107,        0.,        0.00,    0.00,        0.00
 1250,  24.127,        0.,        0.00,    0.00,        0.00
 1251,  24.147,        0.,        0.00,    0.00,        0.00
 1252,  24.167,        0.,        0.00,    0.00,        0.00
 1253,  24.187,        0.,        0.00,    0.00,        0.00
 1254,  24.207,        0.,        0.00,    0.00,        0.00
 1255,  24.228,        0.,        0.00,    0.00,        0.00
 1256,  24.248,        0.,        0.00,    0.00,        0.00
 1257,  24.268,        0.,        0.00,    0.00,        0.00
 1258,  24.288,        0.,        0.00,    0.00,        0.00
 1259,  24.308,        0.,        0.00,    0.00,        0.00
 1260,  24.328,        0.,        0.00,    0.00,        0.00
 1261,  24.348,        0.,        0.00,    0.00,        0.00
 1262,  24.368,        0.,        0.00,    0.00,        0.00
 1263,  24.388,        0.,        0.00,    0.00,        0.00
 1264,  24.408,        0.,        0.00,    0.00,        0.00
 1265,  24.428,        0.,        0.00,    0.00,        0.00
 1266,  24.449,        0.,        0.00,    0.00,        0.00
 1267,  24.469,        0.,        0.00,    0.00,        0.00
 1268,  24.489,        0.,        0.00,    0.00,        0.00
 1269,  24.509,        0.,        0.00,    0.00,        0.00
 1270,  24.529,        0.,        0.00,    0.00,        0.00
 1271,  24.549,        0.,        0.00,    0.00,        0.00
 1272,  24.569,        0.,        0.00,    0.00,        0.00
 1273,  24.589,        0.,        0.00,    0.00,        0.00
 1274,  24.609,        0.,        0.00,    0.00,        0.00
 1275,  24.629,        0.,        0.00,    0.00,        0.00
 1276,  24.649,        0.,        0.00,    0.00,        0.00
 1277,  24.670,        0.,        0.00,    0.00,        0.00
 1278,  24.690,        0.,        0.00,    0.00,        0.00
 1279,  24.710,        0.,        0.00,    0.00,        0.00
 1280,  24.730,        0.,        0.00,    0.00,        0.00
 1281,  24.750,        0.,        0.00,    0.00,        0.00
 1282,  24.770,        0.,        0.00,    0.00,        0.00
 1283,  24.790,        0.,        0.00,    0.00,        0.00
 1284,  24.810,        0.,        0.00,    0.00,        0.00
 1285,  24.830,        0.,        0.00,    0.00,        0.00
 1286,  24.850,        0.,        0.00,    0.00,        0.00
 1287,  24.870,        0.,        0.00,    0.00,        0.00
 1288,  24.891,        0.,        0.00,    0.00,        0.00
 1289,  24.911,        0.,        0.00,    0.00,        0.00
 1290,  24.931,        0.,        0.00,    0.00,        0.00
 1291,  24.951,        0.,        0.00,    0.00,        0.00
 1292,  24.971,        0.,        0.00,    0.00,        0.00
 1293,  24.991,        0.,        0.00,    0.00,        0.00
 1294,  25.011,        0.,        0.00,    0.00,        0.00
 1295,  25.031,        0.,        0.00,    0.00,        0.00
 1296,  25.051,        0.,        0.00,    0.00,        0.00
 1297,  25.071,        0.,        0.00,    0.00,        0.00
 1298,  25.091,        0.,        0.00,    0.00,        0.00
 1299,  25.112,        0.,        0.00,    0.00,        0.00
 1300,  25.132,        0.,        0.00,    0.00,        0.00
