           0
 F
           0
 F
           4
  3.4999999E-07
  0.0000000E+00
   1.900000    
  0.2000000    
   1.200000    
           2
   1000.000    
  0.0000000E+00
 F
  0.0000000E+00
   138.0000    
        1024
  0.0000000E+00   3.517200       95.18100    
  0.0000000E+00  0.0000000E+00  0.0000000E+00  0.1380000E+03  0.1380000E+03
 -0.2305353E+00  0.0000000E+00 -0.2305353E+00  0.4523053E+02  0.4523053E+02
  0.0000000E+00  0.0000000E+00  0.0000000E+00  0.4200000E+02  0.4200000E+02
  0.0000000E+00  0.0000000E+00  0.0000000E+00  0.2400000E+02  0.2400000E+02
 -0.2305353E+00  0.0000000E+00 -0.2305353E+00  0.2823054E+02  0.2823054E+02
 -0.2305353E+00  0.0000000E+00 -0.2305353E+00  0.1923054E+02  0.1923054E+02
 -0.2433413E+00  0.0000000E+00 -0.2456633E+00  0.1524334E+02  0.1524334E+02
 -0.2689532E+00  0.0000000E+00 -0.2759193E+00  0.1926895E+02  0.1926895E+02
 -0.2945651E+00  0.1857644E-01 -0.3061754E+00  0.4829456E+02  0.4829456E+02
 -0.3201770E+00  0.1857644E-01 -0.3364314E+00  0.3232018E+02  0.3232018E+02
 -0.3081055E+00  0.2245488E-01 -0.3305604E+00  0.2130811E+02  0.2130811E+02
 -0.2583505E+00  0.3021176E-01 -0.2885623E+00  0.2225835E+02  0.2225835E+02
 -0.2085955E+00  0.3796864E-01 -0.2465641E+00  0.2320860E+02  0.2320860E+02
 -0.1588405E+00  0.4572552E-01 -0.2045660E+00  0.2115884E+02  0.2115884E+02
 -0.1496512E+00  0.5124221E-01 -0.2008934E+00  0.9149652E+01  0.9149652E+01
 -0.1810275E+00  0.5451869E-01 -0.2355462E+00  0.1118103E+02  0.1118103E+02
 -0.2124039E+00  0.5779517E-01 -0.2701990E+00  0.3221240E+02  0.3221240E+02
 -0.2437802E+00  0.6107165E-01 -0.3048519E+00  0.2924378E+02  0.2924378E+02
 -0.2704118E+00  0.6484408E-01 -0.3352558E+00  0.3027041E+02  0.3027041E+02
 -0.2922985E+00  0.6911246E-01 -0.3614109E+00  0.2129230E+02  0.2129230E+02
 -0.3141852E+00  0.7338084E-01 -0.3875661E+00  0.3631419E+02  0.3631419E+02
 -0.3360719E+00  0.7764921E-01 -0.4137212E+00  0.5633607E+02  0.5633607E+02
 -0.3170675E+00  0.8311253E-01 -0.4001800E+00  0.4531707E+02  0.4531707E+02
 -0.2571719E+00  0.8977077E-01 -0.3469427E+00  0.1125717E+02  0.1125717E+02
 -0.1972763E+00  0.9642903E-01 -0.2937053E+00  0.1919728E+02  0.1919728E+02
 -0.1373807E+00  0.1030873E+00 -0.2404680E+00  0.1813738E+02  0.1813738E+02
 -0.1100703E+00  0.1070849E+00 -0.2171553E+00  0.1911007E+02  0.1911007E+02
 -0.1153452E+00  0.1084220E+00 -0.2237672E+00  0.1811535E+02  0.1811535E+02
 -0.1206201E+00  0.1097591E+00 -0.2303792E+00  0.1512062E+02  0.1512062E+02
 -0.1258949E+00  0.1110962E+00 -0.2369911E+00  0.8125895E+01  0.8125895E+01
 -0.1504420E+00  0.1120122E+00 -0.2624541E+00  0.1415044E+02  0.1415044E+02
 -0.1942611E+00  0.1125070E+00 -0.3067681E+00  0.4619426E+02  0.4619426E+02
 -0.2380803E+00  0.1130019E+00 -0.3510822E+00  0.5623808E+02  0.5623808E+02
 -0.2818995E+00  0.1134967E+00 -0.3953963E+00  0.2728190E+02  0.2728190E+02
 -0.2741798E+00  0.1162234E+00 -0.3904032E+00  0.3527418E+02  0.3527418E+02
 -0.2149212E+00  0.1211818E+00 -0.3361030E+00  0.2621492E+02  0.2621492E+02
 -0.1556626E+00  0.1261402E+00 -0.2818027E+00  0.2315566E+02  0.2315566E+02
 -0.9640395E-01  0.1310986E+00 -0.2275025E+00  0.1509640E+02  0.1509640E+02
 -0.7434755E-01  0.1336676E+00 -0.2080151E+00  0.1707435E+02  0.1707435E+02
 -0.8949339E-01  0.1338471E+00 -0.2233405E+00  0.1408949E+02  0.1408949E+02
 -0.1046392E+00  0.1340267E+00 -0.2386659E+00  0.3110464E+02  0.3110464E+02
 -0.1197851E+00  0.1342063E+00 -0.2539913E+00  0.1811979E+02  0.1811979E+02
 -0.1173169E+00  0.1345492E+00 -0.2518660E+00  0.2511732E+02  0.2511732E+02
 -0.9723472E-01  0.1350554E+00 -0.2322901E+00  0.1609723E+02  0.1609723E+02
 -0.7715254E-01  0.1355616E+00 -0.2127142E+00  0.2307715E+02  0.2307715E+02
 -0.5707036E-01  0.1360678E+00 -0.1931382E+00  0.1705707E+02  0.1705707E+02
 -0.5285813E-01  0.1359768E+00 -0.1888349E+00  0.1205286E+02  0.1205286E+02
 -0.6451585E-01  0.1352885E+00 -0.1998043E+00  0.1106452E+02  0.1106452E+02
 -0.7617357E-01  0.1346002E+00 -0.2107738E+00  0.2507617E+02  0.2507617E+02
 -0.8783128E-01  0.1339119E+00 -0.2217432E+00  0.1208783E+02  0.1208783E+02
 -0.1131704E+00  0.1337616E+00 -0.2469320E+00  0.2811317E+02  0.2811317E+02
 -0.1521909E+00  0.1341493E+00 -0.2863401E+00  0.1315219E+02  0.1315219E+02
 -0.1912114E+00  0.1345370E+00 -0.3257484E+00  0.1919121E+02  0.1919121E+02
 -0.2302319E+00  0.1349246E+00 -0.3651565E+00  0.1223023E+02  0.1223023E+02
 -0.3952893E+01  0.1373956E+00 -0.4090288E+01  0.3095289E+02  0.3095289E+02
 -0.1135919E+02  0.1419499E+00 -0.1150114E+02  0.8535919E+02  0.8535919E+02
 -0.1876550E+02  0.1465041E+00 -0.1891200E+02  0.1397655E+03  0.1397655E+03
 -0.2617179E+02  0.1510584E+00 -0.2632285E+02  0.2029172E+04  0.2029172E+04
 -0.3115416E+02  0.5160875E+00 -0.3167025E+02  0.4146154E+04  0.4146154E+04
 -0.3371259E+02  0.1241591E+01 -0.3495418E+02  0.4085713E+04  0.4085713E+04
 -0.3627102E+02  0.1967095E+01 -0.3823811E+02  0.3821271E+04  0.3821271E+04
 -0.3882944E+02  0.2692599E+01 -0.4152204E+02  0.3707829E+04  0.3707829E+04
 -0.3903242E+02  0.3559070E+01 -0.4259149E+02  0.3741032E+04  0.3741032E+04
 -0.3687995E+02  0.4566507E+01 -0.4144645E+02  0.3663880E+04  0.3663880E+04
 -0.3472747E+02  0.5573944E+01 -0.4030142E+02  0.3523728E+04  0.3523728E+04
 -0.3257500E+02  0.6581381E+01 -0.3915638E+02  0.3326575E+04  0.3326575E+04
 -0.3065030E+02  0.7422293E+01 -0.3807260E+02  0.3266650E+04  0.3266650E+04
 -0.2895338E+02  0.8096679E+01 -0.3705006E+02  0.3215953E+04  0.3215953E+04
 -0.2725645E+02  0.8771066E+01 -0.3602752E+02  0.3512256E+04  0.3512256E+04
 -0.2555952E+02  0.9445452E+01 -0.3500497E+02  0.3216560E+04  0.3216560E+04
 -0.2355055E+02  0.9973160E+01 -0.3352371E+02  0.2746551E+04  0.2746551E+04
 -0.2122954E+02  0.1035419E+02 -0.3158373E+02  0.2421229E+04  0.2421229E+04
 -0.1890852E+02  0.1073522E+02 -0.2964374E+02  0.2243908E+04  0.2243908E+04
 -0.1658750E+02  0.1111625E+02 -0.2770375E+02  0.2232587E+04  0.2232587E+04
 -0.1524695E+02  0.1136108E+02 -0.2660804E+02  0.2367247E+04  0.2367247E+04
 -0.1488687E+02  0.1146972E+02 -0.2635659E+02  0.2361887E+04  0.2361887E+04
 -0.1452678E+02  0.1157836E+02 -0.2610514E+02  0.2318527E+04  0.2318527E+04
 -0.1416669E+02  0.1168700E+02 -0.2585369E+02  0.2250167E+04  0.2250167E+04
 -0.1373369E+02  0.1177755E+02 -0.2551124E+02  0.2129734E+04  0.2129734E+04
 -0.1322778E+02  0.1184999E+02 -0.2507777E+02  0.2149228E+04  0.2149228E+04
 -0.1272187E+02  0.1192244E+02 -0.2464430E+02  0.2022722E+04  0.2022722E+04
 -0.1221595E+02  0.1199489E+02 -0.2421084E+02  0.2081216E+04  0.2081216E+04
 -0.1194157E+02  0.1205998E+02 -0.2400155E+02  0.2086942E+04  0.2086942E+04
 -0.1189871E+02  0.1211772E+02 -0.2401643E+02  0.2053899E+04  0.2053899E+04
 -0.1185585E+02  0.1217547E+02 -0.2403131E+02  0.2093856E+04  0.2093856E+04
 -0.1181299E+02  0.1223321E+02 -0.2404620E+02  0.2013813E+04  0.2013813E+04
 -0.1183603E+02  0.1230075E+02 -0.2413678E+02  0.2108836E+04  0.2108836E+04
 -0.1192497E+02  0.1237810E+02 -0.2430307E+02  0.2043925E+04  0.2043925E+04
 -0.1201391E+02  0.1245545E+02 -0.2446935E+02  0.2134014E+04  0.2134014E+04
 -0.1210285E+02  0.1253279E+02 -0.2463564E+02  0.2163103E+04  0.2163103E+04
 -0.1209423E+02  0.1262594E+02 -0.2472017E+02  0.2116094E+04  0.2116094E+04
 -0.1198806E+02  0.1273489E+02 -0.2472295E+02  0.2071988E+04  0.2071988E+04
 -0.1188189E+02  0.1284383E+02 -0.2472573E+02  0.2095882E+04  0.2095882E+04
 -0.1177572E+02  0.1295278E+02 -0.2472850E+02  0.2033776E+04  0.2033776E+04
 -0.1169903E+02  0.1306270E+02 -0.2476173E+02  0.2123699E+04  0.2123699E+04
 -0.1165181E+02  0.1317358E+02 -0.2482540E+02  0.2231652E+04  0.2231652E+04
 -0.1160460E+02  0.1328447E+02 -0.2488907E+02  0.2184604E+04  0.2184604E+04
 -0.1155739E+02  0.1339536E+02 -0.2495275E+02  0.2127557E+04  0.2127557E+04
 -0.1127392E+02  0.1350722E+02 -0.2478114E+02  0.2163274E+04  0.2163274E+04
 -0.1075420E+02  0.1362005E+02 -0.2437425E+02  0.2091754E+04  0.2091754E+04
 -0.1023448E+02  0.1373288E+02 -0.2396736E+02  0.2053234E+04  0.2053234E+04
 -0.9714765E+01  0.1384571E+02 -0.2356047E+02  0.1946715E+04  0.1946715E+04
 -0.9442107E+01  0.1393341E+02 -0.2337551E+02  0.1961442E+04  0.1961442E+04
 -0.9416509E+01  0.1399598E+02 -0.2341249E+02  0.2026417E+04  0.2026417E+04
 -0.9390912E+01  0.1405856E+02 -0.2344947E+02  0.2041391E+04  0.2041391E+04
 -0.9365314E+01  0.1412113E+02 -0.2348644E+02  0.1968365E+04  0.1968365E+04
 -0.9447043E+01  0.1418178E+02 -0.2362883E+02  0.1972447E+04  0.1972447E+04
 -0.9636100E+01  0.1424052E+02 -0.2387662E+02  0.1945636E+04  0.1945636E+04
 -0.9825156E+01  0.1429925E+02 -0.2412441E+02  0.2070825E+04  0.2070825E+04
 -0.1001421E+02  0.1435799E+02 -0.2437220E+02  0.2025014E+04  0.2025014E+04
 -0.1004340E+02  0.1443369E+02 -0.2447709E+02  0.2077043E+04  0.2077043E+04
 -0.9912718E+01  0.1452637E+02 -0.2443909E+02  0.2068913E+04  0.2068913E+04
 -0.9782036E+01  0.1461905E+02 -0.2440108E+02  0.2092782E+04  0.2092782E+04
 -0.9651354E+01  0.1471172E+02 -0.2436308E+02  0.1972651E+04  0.1972651E+04
 -0.9629982E+01  0.1480257E+02 -0.2443256E+02  0.2060630E+04  0.2060630E+04
 -0.9717920E+01  0.1489159E+02 -0.2460951E+02  0.2064718E+04  0.2064718E+04
 -0.9805858E+01  0.1498062E+02 -0.2478647E+02  0.2066806E+04  0.2066806E+04
 -0.9893796E+01  0.1506964E+02 -0.2496343E+02  0.2046894E+04  0.2046894E+04
 -0.9860648E+01  0.1516595E+02 -0.2502660E+02  0.2141861E+04  0.2141861E+04
 -0.9706415E+01  0.1526957E+02 -0.2497598E+02  0.2173706E+04  0.2173706E+04
 -0.9552182E+01  0.1537319E+02 -0.2492537E+02  0.2096552E+04  0.2096552E+04
 -0.9397949E+01  0.1547680E+02 -0.2487475E+02  0.2106398E+04  0.2106398E+04
 -0.9308790E+01  0.1557519E+02 -0.2488398E+02  0.2126309E+04  0.2126309E+04
 -0.9284706E+01  0.1566836E+02 -0.2495306E+02  0.2031285E+04  0.2031285E+04
 -0.9260622E+01  0.1576152E+02 -0.2502215E+02  0.2106261E+04  0.2106261E+04
 -0.9236538E+01  0.1585469E+02 -0.2509123E+02  0.2140237E+04  0.2140237E+04
 -0.9329438E+01  0.1594818E+02 -0.2527762E+02  0.2115329E+04  0.2115329E+04
 -0.9539322E+01  0.1604199E+02 -0.2558131E+02  0.2074539E+04  0.2074539E+04
 -0.9749206E+01  0.1613579E+02 -0.2588500E+02  0.2208749E+04  0.2208749E+04
 -0.9959089E+01  0.1622960E+02 -0.2618869E+02  0.2211959E+04  0.2211959E+04
 -0.1002069E+02  0.1633446E+02 -0.2635515E+02  0.2221021E+04  0.2221021E+04
 -0.9934006E+01  0.1645036E+02 -0.2638436E+02  0.2094934E+04  0.2094934E+04
 -0.9847322E+01  0.1656626E+02 -0.2641358E+02  0.2172847E+04  0.2172847E+04
 -0.9760637E+01  0.1668216E+02 -0.2644279E+02  0.2078761E+04  0.2078761E+04
 -0.9759037E+01  0.1679639E+02 -0.2655543E+02  0.2263759E+04  0.2263759E+04
 -0.9842521E+01  0.1690895E+02 -0.2675147E+02  0.2256843E+04  0.2256843E+04
 -0.9926003E+01  0.1702151E+02 -0.2694751E+02  0.2240926E+04  0.2240926E+04
 -0.1000949E+02  0.1713407E+02 -0.2714356E+02  0.2236010E+04  0.2236010E+04
 -0.9971686E+01  0.1725550E+02 -0.2722719E+02  0.2335972E+04  0.2335972E+04
 -0.9812602E+01  0.1738581E+02 -0.2719841E+02  0.2221812E+04  0.2221812E+04
 -0.9653518E+01  0.1751611E+02 -0.2716963E+02  0.2186654E+04  0.2186654E+04
 -0.9494433E+01  0.1764641E+02 -0.2714085E+02  0.2192494E+04  0.2192494E+04
 -0.9437315E+01  0.1777054E+02 -0.2720786E+02  0.2192437E+04  0.2192437E+04
 -0.9482162E+01  0.1788850E+02 -0.2737066E+02  0.2426482E+04  0.2426482E+04
 -0.9527009E+01  0.1800646E+02 -0.2753346E+02  0.2324527E+04  0.2324527E+04
 -0.9571856E+01  0.1812441E+02 -0.2769627E+02  0.2253572E+04  0.2253572E+04
 -0.9575704E+01  0.1824390E+02 -0.2781960E+02  0.2313576E+04  0.2313576E+04
 -0.9538552E+01  0.1836492E+02 -0.2790347E+02  0.2324539E+04  0.2324539E+04
 -0.9501400E+01  0.1848594E+02 -0.2798735E+02  0.2325501E+04  0.2325501E+04
 -0.9464249E+01  0.1860697E+02 -0.2807122E+02  0.2241464E+04  0.2241464E+04
 -0.9517166E+01  0.1872397E+02 -0.2824113E+02  0.2361517E+04  0.2361517E+04
 -0.9660152E+01  0.1883694E+02 -0.2849710E+02  0.2374660E+04  0.2374660E+04
 -0.9803139E+01  0.1894992E+02 -0.2875306E+02  0.2318803E+04  0.2318803E+04
 -0.9946125E+01  0.1906290E+02 -0.2900903E+02  0.2436946E+04  0.2436946E+04
 -0.9991152E+01  0.1917855E+02 -0.2916971E+02  0.2442991E+04  0.2442991E+04
 -0.9938218E+01  0.1929689E+02 -0.2923511E+02  0.2355938E+04  0.2355938E+04
 -0.9885285E+01  0.1941522E+02 -0.2930051E+02  0.2338885E+04  0.2338885E+04
 -0.9832352E+01  0.1953356E+02 -0.2936591E+02  0.2406832E+04  0.2406832E+04
 -0.9749500E+01  0.1964853E+02 -0.2939803E+02  0.2432750E+04  0.2432750E+04
 -0.9636731E+01  0.1976014E+02 -0.2939687E+02  0.2458637E+04  0.2458637E+04
 -0.9523962E+01  0.1987174E+02 -0.2939570E+02  0.2454524E+04  0.2454524E+04
 -0.9411193E+01  0.1998335E+02 -0.2939454E+02  0.2341411E+04  0.2341411E+04
 -0.9375823E+01  0.2008877E+02 -0.2946459E+02  0.2412376E+04  0.2412376E+04
 -0.9417853E+01  0.2018799E+02 -0.2960585E+02  0.2430418E+04  0.2430418E+04
 -0.9459883E+01  0.2028722E+02 -0.2974710E+02  0.2433460E+04  0.2433460E+04
 -0.9501913E+01  0.2038645E+02 -0.2988836E+02  0.2448502E+04  0.2448502E+04
 -0.9552558E+01  0.2048973E+02 -0.3004229E+02  0.2493552E+04  0.2493552E+04
 -0.9611818E+01  0.2059707E+02 -0.3020889E+02  0.2452612E+04  0.2452612E+04
 -0.9671079E+01  0.2070442E+02 -0.3037550E+02  0.2434671E+04  0.2434671E+04
 -0.9730339E+01  0.2081176E+02 -0.3054210E+02  0.2501730E+04  0.2501730E+04
 -0.9666519E+01  0.2092456E+02 -0.3059108E+02  0.2556667E+04  0.2556667E+04
 -0.9479619E+01  0.2104282E+02 -0.3052244E+02  0.2557480E+04  0.2557480E+04
 -0.9292719E+01  0.2116107E+02 -0.3045379E+02  0.2350293E+04  0.2350293E+04
 -0.9105819E+01  0.2127933E+02 -0.3038515E+02  0.2475106E+04  0.2475106E+04
 -0.8988489E+01  0.2138477E+02 -0.3037326E+02  0.2545989E+04  0.2545989E+04
 -0.8940730E+01  0.2147740E+02 -0.3041813E+02  0.2532941E+04  0.2532941E+04
 -0.8892970E+01  0.2157003E+02 -0.3046300E+02  0.2492893E+04  0.2492893E+04
 -0.8845211E+01  0.2166266E+02 -0.3050787E+02  0.2471845E+04  0.2471845E+04
 -0.8753482E+01  0.2175167E+02 -0.3050515E+02  0.2561753E+04  0.2561753E+04
 -0.8617785E+01  0.2183705E+02 -0.3045484E+02  0.2391618E+04  0.2391618E+04
 -0.8482087E+01  0.2192244E+02 -0.3040453E+02  0.2334482E+04  0.2334482E+04
 -0.8346390E+01  0.2200783E+02 -0.3035422E+02  0.2522346E+04  0.2522346E+04
 -0.8219805E+01  0.2208805E+02 -0.3030785E+02  0.2507220E+04  0.2507220E+04
 -0.8102332E+01  0.2216310E+02 -0.3026543E+02  0.2486102E+04  0.2486102E+04
 -0.7984860E+01  0.2223816E+02 -0.3022302E+02  0.2536985E+04  0.2536985E+04
 -0.7867388E+01  0.2231321E+02 -0.3018060E+02  0.2443867E+04  0.2443867E+04
 -0.7763535E+01  0.2238465E+02 -0.3014818E+02  0.2503763E+04  0.2503763E+04
 -0.7673302E+01  0.2245246E+02 -0.3012576E+02  0.2312673E+04  0.2312673E+04
 -0.7583070E+01  0.2252028E+02 -0.3010335E+02  0.2399583E+04  0.2399583E+04
 -0.7492837E+01  0.2258809E+02 -0.3008093E+02  0.2424493E+04  0.2424493E+04
 -0.7443596E+01  0.2265481E+02 -0.3009841E+02  0.2450444E+04  0.2450444E+04
 -0.7435349E+01  0.2272042E+02 -0.3015577E+02  0.2497435E+04  0.2497435E+04
 -0.7427101E+01  0.2278604E+02 -0.3021314E+02  0.2488427E+04  0.2488427E+04
 -0.7418853E+01  0.2285165E+02 -0.3027051E+02  0.2501419E+04  0.2501419E+04
 -0.7377245E+01  0.2292076E+02 -0.3029801E+02  0.2427377E+04  0.2427377E+04
 -0.7302279E+01  0.2299336E+02 -0.3029564E+02  0.2433302E+04  0.2433302E+04
 -0.7227313E+01  0.2306597E+02 -0.3029328E+02  0.2479227E+04  0.2479227E+04
 -0.7152347E+01  0.2313857E+02 -0.3029091E+02  0.2421152E+04  0.2421152E+04
 -0.7088717E+01  0.2320642E+02 -0.3029514E+02  0.2404089E+04  0.2404089E+04
 -0.7036423E+01  0.2326953E+02 -0.3030596E+02  0.2463036E+04  0.2463036E+04
 -0.6984129E+01  0.2333264E+02 -0.3031677E+02  0.2477984E+04  0.2477984E+04
 -0.6931836E+01  0.2339575E+02 -0.3032759E+02  0.2490932E+04  0.2490932E+04
 -0.6833131E+01  0.2345856E+02 -0.3029169E+02  0.2384833E+04  0.2384833E+04
 -0.6688015E+01  0.2352105E+02 -0.3020906E+02  0.2423688E+04  0.2423688E+04
 -0.6542898E+01  0.2358354E+02 -0.3012644E+02  0.2402543E+04  0.2402543E+04
 -0.6397782E+01  0.2364603E+02 -0.3004382E+02  0.2347398E+04  0.2347398E+04
 -0.6250870E+01  0.2370334E+02 -0.2995421E+02  0.2423251E+04  0.2423251E+04
 -0.6102162E+01  0.2375545E+02 -0.2985762E+02  0.2494102E+04  0.2494102E+04
 -0.5953454E+01  0.2380757E+02 -0.2976102E+02  0.2373953E+04  0.2373953E+04
 -0.5804746E+01  0.2385968E+02 -0.2966443E+02  0.2369805E+04  0.2369805E+04
 -0.5810748E+01  0.2390675E+02 -0.2971750E+02  0.2406811E+04  0.2406811E+04
 -0.5971459E+01  0.2394876E+02 -0.2992022E+02  0.2390971E+04  0.2390971E+04
 -0.6132170E+01  0.2399077E+02 -0.3012295E+02  0.2423132E+04  0.2423132E+04
 -0.6292881E+01  0.2403279E+02 -0.3032567E+02  0.2504293E+04  0.2504293E+04
 -0.6203765E+01  0.2408862E+02 -0.3029239E+02  0.2446204E+04  0.2446204E+04
 -0.5864822E+01  0.2415827E+02 -0.3002309E+02  0.2430865E+04  0.2430865E+04
 -0.5525879E+01  0.2422792E+02 -0.2975380E+02  0.2316526E+04  0.2316526E+04
 -0.5186936E+01  0.2429757E+02 -0.2948450E+02  0.2375187E+04  0.2375187E+04
 -0.5012385E+01  0.2435025E+02 -0.2936263E+02  0.2431012E+04  0.2431012E+04
 -0.5002228E+01  0.2438597E+02 -0.2938820E+02  0.2333002E+04  0.2333002E+04
 -0.4992071E+01  0.2442168E+02 -0.2941376E+02  0.2342992E+04  0.2342992E+04
 -0.4981914E+01  0.2445740E+02 -0.2943932E+02  0.2325982E+04  0.2325982E+04
 -0.4911984E+01  0.2449214E+02 -0.2940413E+02  0.2394912E+04  0.2394912E+04
 -0.4782283E+01  0.2452590E+02 -0.2930819E+02  0.2353782E+04  0.2353782E+04
 -0.4652581E+01  0.2455967E+02 -0.2921225E+02  0.2349653E+04  0.2349653E+04
 -0.4522880E+01  0.2459343E+02 -0.2911631E+02  0.2363523E+04  0.2363523E+04
 -0.4341604E+01  0.2462444E+02 -0.2896605E+02  0.2298342E+04  0.2298342E+04
 -0.4108754E+01  0.2465270E+02 -0.2876145E+02  0.2277109E+04  0.2277109E+04
 -0.3875903E+01  0.2468095E+02 -0.2855686E+02  0.2264876E+04  0.2264876E+04
 -0.3643053E+01  0.2470921E+02 -0.2835226E+02  0.2246643E+04  0.2246643E+04
 -0.3509608E+01  0.2472813E+02 -0.2823774E+02  0.2206510E+04  0.2206510E+04
 -0.3475568E+01  0.2473771E+02 -0.2821328E+02  0.2306476E+04  0.2306476E+04
 -0.3441528E+01  0.2474729E+02 -0.2818881E+02  0.2314441E+04  0.2314441E+04
 -0.3407487E+01  0.2475687E+02 -0.2816435E+02  0.2186407E+04  0.2186407E+04
 -0.3360509E+01  0.2476980E+02 -0.2813031E+02  0.2263361E+04  0.2263361E+04
 -0.3300591E+01  0.2478608E+02 -0.2808667E+02  0.2228301E+04  0.2228301E+04
 -0.3240674E+01  0.2480237E+02 -0.2804304E+02  0.2310241E+04  0.2310241E+04
 -0.3180756E+01  0.2481865E+02 -0.2799940E+02  0.2148181E+04  0.2148181E+04
 -0.3137844E+01  0.2483650E+02 -0.2797434E+02  0.2189138E+04  0.2189138E+04
 -0.3111938E+01  0.2485592E+02 -0.2796785E+02  0.2285112E+04  0.2285112E+04
 -0.3086031E+01  0.2487533E+02 -0.2796136E+02  0.2236086E+04  0.2236086E+04
 -0.3060124E+01  0.2489474E+02 -0.2795487E+02  0.2255060E+04  0.2255060E+04
 -0.3010444E+01  0.2491564E+02 -0.2792608E+02  0.2219010E+04  0.2219010E+04
 -0.2936990E+01  0.2493801E+02 -0.2787500E+02  0.2195937E+04  0.2195937E+04
 -0.2863536E+01  0.2496039E+02 -0.2782393E+02  0.2173864E+04  0.2173864E+04
 -0.2790082E+01  0.2498276E+02 -0.2777284E+02  0.2207790E+04  0.2207790E+04
 -0.2771215E+01  0.2500230E+02 -0.2777351E+02  0.2183771E+04  0.2183771E+04
 -0.2806935E+01  0.2501899E+02 -0.2782592E+02  0.2233807E+04  0.2233807E+04
 -0.2842654E+01  0.2503568E+02 -0.2787834E+02  0.2264843E+04  0.2264843E+04
 -0.2878374E+01  0.2505237E+02 -0.2793075E+02  0.2207878E+04  0.2207878E+04
 -0.2841896E+01  0.2507430E+02 -0.2791620E+02  0.2223842E+04  0.2223842E+04
 -0.2733220E+01  0.2510146E+02 -0.2783468E+02  0.2165733E+04  0.2165733E+04
 -0.2624544E+01  0.2512862E+02 -0.2775317E+02  0.2208625E+04  0.2208625E+04
 -0.2515869E+01  0.2515578E+02 -0.2767165E+02  0.2163516E+04  0.2163516E+04
 -0.2311416E+01  0.2517915E+02 -0.2749057E+02  0.2188312E+04  0.2188312E+04
 -0.2011186E+01  0.2519873E+02 -0.2720992E+02  0.2196011E+04  0.2196011E+04
 -0.1710956E+01  0.2521831E+02 -0.2692926E+02  0.2069711E+04  0.2069711E+04
 -0.1410727E+01  0.2523788E+02 -0.2664861E+02  0.2053411E+04  0.2053411E+04
 -0.1276167E+01  0.2524196E+02 -0.2651813E+02  0.2155276E+04  0.2155276E+04
 -0.1307279E+01  0.2523054E+02 -0.2653782E+02  0.2119307E+04  0.2119307E+04
 -0.1338390E+01  0.2521912E+02 -0.2655751E+02  0.2101338E+04  0.2101338E+04
 -0.1369501E+01  0.2520769E+02 -0.2657720E+02  0.2137369E+04  0.2137369E+04
 -0.1391749E+01  0.2520250E+02 -0.2659425E+02  0.2074392E+04  0.2074392E+04
 -0.1405134E+01  0.2520353E+02 -0.2660867E+02  0.2107405E+04  0.2107405E+04
 -0.1418519E+01  0.2520457E+02 -0.2662309E+02  0.2134418E+04  0.2134418E+04
 -0.1431904E+01  0.2520560E+02 -0.2663750E+02  0.1982432E+04  0.1982432E+04
 -0.1388128E+01  0.2521016E+02 -0.2659829E+02  0.2115388E+04  0.2115388E+04
 -0.1287189E+01  0.2521824E+02 -0.2650543E+02  0.2163287E+04  0.2163287E+04
 -0.1186251E+01  0.2522633E+02 -0.2641258E+02  0.2084186E+04  0.2084186E+04
 -0.1085312E+01  0.2523442E+02 -0.2631973E+02  0.2031085E+04  0.2031085E+04
 -0.1059405E+01  0.2523896E+02 -0.2629836E+02  0.2058059E+04  0.2058059E+04
 -0.1108529E+01  0.2523996E+02 -0.2634849E+02  0.2096109E+04  0.2096109E+04
 -0.1157652E+01  0.2524096E+02 -0.2639861E+02  0.2171158E+04  0.2171158E+04
 -0.1206776E+01  0.2524196E+02 -0.2644874E+02  0.2021207E+04  0.2021207E+04
 -0.1187902E+01  0.2524867E+02 -0.2643657E+02  0.2109188E+04  0.2109188E+04
 -0.1101030E+01  0.2526108E+02 -0.2636211E+02  0.2029101E+04  0.2029101E+04
 -0.1014158E+01  0.2527349E+02 -0.2628765E+02  0.2023014E+04  0.2023014E+04
 -0.9272855E+00  0.2528591E+02 -0.2621319E+02  0.1992927E+04  0.1992927E+04
 -0.8838553E+00  0.2529554E+02 -0.2617940E+02  0.2129884E+04  0.2129884E+04
 -0.8838671E+00  0.2530239E+02 -0.2618626E+02  0.2088884E+04  0.2088884E+04
 -0.8838790E+00  0.2530925E+02 -0.2619313E+02  0.2032884E+04  0.2032884E+04
 -0.8838909E+00  0.2531610E+02 -0.2620000E+02  0.2106884E+04  0.2106884E+04
 -0.8266845E+00  0.2532479E+02 -0.2615147E+02  0.2021827E+04  0.2021827E+04
 -0.7122601E+00  0.2533531E+02 -0.2604757E+02  0.2080712E+04  0.2080712E+04
 -0.5978356E+00  0.2534583E+02 -0.2594366E+02  0.2003598E+04  0.2003598E+04
 -0.4834112E+00  0.2535634E+02 -0.2583975E+02  0.1975483E+04  0.1975483E+04
 -0.4309513E+00  0.2536200E+02 -0.2579295E+02  0.1993431E+04  0.1993431E+04
 -0.4404561E+00  0.2536279E+02 -0.2580325E+02  0.2136440E+04  0.2136440E+04
 -0.4499609E+00  0.2536358E+02 -0.2581354E+02  0.2011450E+04  0.2011450E+04
 -0.4594657E+00  0.2536437E+02 -0.2582384E+02  0.2007459E+04  0.2007459E+04
 -0.5406405E+00  0.2536595E+02 -0.2590659E+02  0.2043541E+04  0.2043541E+04
 -0.6934857E+00  0.2536830E+02 -0.2606179E+02  0.2019693E+04  0.2019693E+04
 -0.8463308E+00  0.2537066E+02 -0.2621699E+02  0.2008846E+04  0.2008846E+04
 -0.9991758E+00  0.2537301E+02 -0.2637219E+02  0.2038999E+04  0.2038999E+04
 -0.1128378E+01  0.2538665E+02 -0.2651503E+02  0.2077128E+04  0.2077128E+04
 -0.1233938E+01  0.2541158E+02 -0.2664552E+02  0.2146234E+04  0.2146234E+04
 -0.1339498E+01  0.2543650E+02 -0.2677600E+02  0.2058340E+04  0.2058340E+04
 -0.1445058E+01  0.2546143E+02 -0.2690648E+02  0.2205445E+04  0.2205445E+04
 -0.1401564E+01  0.2549311E+02 -0.2689467E+02  0.2109402E+04  0.2109402E+04
 -0.1209016E+01  0.2553155E+02 -0.2674057E+02  0.2060209E+04  0.2060209E+04
 -0.1016468E+01  0.2557000E+02 -0.2658647E+02  0.2061016E+04  0.2061016E+04
 -0.8239199E+00  0.2560844E+02 -0.2643236E+02  0.2008824E+04  0.2008824E+04
 -0.7752541E+00  0.2563406E+02 -0.2640931E+02  0.2055775E+04  0.2055775E+04
 -0.8704705E+00  0.2564685E+02 -0.2651732E+02  0.2110870E+04  0.2110870E+04
 -0.9656869E+00  0.2565965E+02 -0.2662534E+02  0.2071966E+04  0.2071966E+04
 -0.1060903E+01  0.2567244E+02 -0.2673335E+02  0.2121061E+04  0.2121061E+04
 -0.1095086E+01  0.2569103E+02 -0.2678612E+02  0.2109095E+04  0.2109095E+04
 -0.1068236E+01  0.2571541E+02 -0.2678364E+02  0.2070068E+04  0.2070068E+04
 -0.1041385E+01  0.2573979E+02 -0.2678117E+02  0.2093042E+04  0.2093042E+04
 -0.1014534E+01  0.2576416E+02 -0.2677870E+02  0.2054015E+04  0.2054015E+04
 -0.9122211E+00  0.2578783E+02 -0.2670006E+02  0.2085912E+04  0.2085912E+04
 -0.7344448E+00  0.2581079E+02 -0.2654524E+02  0.2132734E+04  0.2132734E+04
 -0.5566685E+00  0.2583375E+02 -0.2639042E+02  0.2083557E+04  0.2083557E+04
 -0.3788923E+00  0.2585671E+02 -0.2623560E+02  0.1979379E+04  0.1979379E+04
 -0.4208836E+00  0.2586745E+02 -0.2628833E+02  0.2115421E+04  0.2115421E+04
 -0.6826425E+00  0.2586597E+02 -0.2654861E+02  0.1955683E+04  0.1955683E+04
 -0.9444014E+00  0.2586449E+02 -0.2680889E+02  0.2153944E+04  0.2153944E+04
 -0.1206160E+01  0.2586300E+02 -0.2706917E+02  0.2072206E+04  0.2072206E+04
 -0.1279130E+01  0.2587887E+02 -0.2715800E+02  0.2121279E+04  0.2121279E+04
 -0.1163311E+01  0.2591207E+02 -0.2707538E+02  0.2111163E+04  0.2111163E+04
 -0.1047493E+01  0.2594527E+02 -0.2699277E+02  0.2104048E+04  0.2104048E+04
 -0.9316739E+00  0.2597848E+02 -0.2691015E+02  0.2082932E+04  0.2082932E+04
 -0.8902998E+00  0.2600560E+02 -0.2689590E+02  0.2085890E+04  0.2085890E+04
 -0.9233705E+00  0.2602664E+02 -0.2695001E+02  0.2077923E+04  0.2077923E+04
 -0.9564412E+00  0.2604769E+02 -0.2700413E+02  0.2140957E+04  0.2140957E+04
 -0.9895118E+00  0.2606873E+02 -0.2705824E+02  0.2081990E+04  0.2081990E+04
 -0.9690458E+00  0.2609100E+02 -0.2706005E+02  0.2094969E+04  0.2094969E+04
 -0.8950428E+00  0.2611451E+02 -0.2700955E+02  0.2098895E+04  0.2098895E+04
 -0.8210400E+00  0.2613801E+02 -0.2695905E+02  0.2105821E+04  0.2105821E+04
 -0.7470371E+00  0.2616152E+02 -0.2690855E+02  0.2093747E+04  0.2093747E+04
 -0.7646158E+00  0.2618128E+02 -0.2694589E+02  0.2066765E+04  0.2066765E+04
 -0.8737761E+00  0.2619730E+02 -0.2707108E+02  0.2086874E+04  0.2086874E+04
 -0.9829366E+00  0.2621333E+02 -0.2719626E+02  0.2121983E+04  0.2121983E+04
 -0.1092097E+01  0.2622935E+02 -0.2732145E+02  0.2123092E+04  0.2123092E+04
 -0.1147659E+01  0.2625095E+02 -0.2739861E+02  0.2194148E+04  0.2194148E+04
 -0.1149622E+01  0.2627812E+02 -0.2742774E+02  0.2040150E+04  0.2040150E+04
 -0.1151585E+01  0.2630529E+02 -0.2745688E+02  0.2166152E+04  0.2166152E+04
 -0.1153548E+01  0.2633246E+02 -0.2748601E+02  0.2123154E+04  0.2123154E+04
 -0.1142483E+01  0.2635959E+02 -0.2750208E+02  0.2180143E+04  0.2180143E+04
 -0.1118389E+01  0.2638668E+02 -0.2750507E+02  0.2037118E+04  0.2037118E+04
 -0.1094295E+01  0.2641377E+02 -0.2750807E+02  0.2128094E+04  0.2128094E+04
 -0.1070201E+01  0.2644086E+02 -0.2751106E+02  0.2132070E+04  0.2132070E+04
 -0.1083745E+01  0.2646599E+02 -0.2754973E+02  0.2064084E+04  0.2064084E+04
 -0.1134928E+01  0.2648915E+02 -0.2762408E+02  0.2182135E+04  0.2182135E+04
 -0.1186112E+01  0.2651232E+02 -0.2769843E+02  0.2119186E+04  0.2119186E+04
 -0.1237295E+01  0.2653548E+02 -0.2777277E+02  0.2171237E+04  0.2171237E+04
 -0.1163609E+01  0.2656178E+02 -0.2772539E+02  0.2132164E+04  0.2132164E+04
 -0.9650560E+00  0.2659123E+02 -0.2755629E+02  0.2172965E+04  0.2172965E+04
 -0.7665026E+00  0.2662068E+02 -0.2738718E+02  0.2119767E+04  0.2119767E+04
 -0.5679491E+00  0.2665013E+02 -0.2721808E+02  0.1938568E+04  0.1938568E+04
 -0.5455124E+00  0.2666778E+02 -0.2721329E+02  0.2137545E+04  0.2137545E+04
 -0.6991925E+00  0.2667362E+02 -0.2737281E+02  0.2186699E+04  0.2186699E+04
 -0.8528727E+00  0.2667947E+02 -0.2753234E+02  0.2134853E+04  0.2134853E+04
 -0.1006553E+01  0.2668531E+02 -0.2769187E+02  0.2098007E+04  0.2098007E+04
 -0.1063273E+01  0.2670133E+02 -0.2776460E+02  0.2191063E+04  0.2191063E+04
 -0.1023035E+01  0.2672751E+02 -0.2775055E+02  0.2156023E+04  0.2156023E+04
 -0.9827964E+00  0.2675369E+02 -0.2773649E+02  0.2150983E+04  0.2150983E+04
 -0.9425579E+00  0.2677988E+02 -0.2772244E+02  0.2110943E+04  0.2110943E+04
 -0.1008551E+01  0.2680351E+02 -0.2781206E+02  0.2100009E+04  0.2100009E+04
 -0.1180777E+01  0.2682459E+02 -0.2800537E+02  0.2172181E+04  0.2172181E+04
 -0.1353003E+01  0.2684568E+02 -0.2819868E+02  0.2206353E+04  0.2206353E+04
 -0.1525229E+01  0.2686676E+02 -0.2839199E+02  0.2168525E+04  0.2168525E+04
 -0.1603058E+01  0.2689750E+02 -0.2850056E+02  0.2249603E+04  0.2249603E+04
 -0.1586490E+01  0.2693790E+02 -0.2852439E+02  0.2141586E+04  0.2141586E+04
 -0.1569923E+01  0.2697830E+02 -0.2854823E+02  0.2209570E+04  0.2209570E+04
 -0.1553355E+01  0.2701870E+02 -0.2857206E+02  0.2056553E+04  0.2056553E+04
 -0.1480206E+01  0.2705749E+02 -0.2853769E+02  0.2206480E+04  0.2206480E+04
 -0.1350478E+01  0.2709465E+02 -0.2844513E+02  0.2320351E+04  0.2320351E+04
 -0.1220750E+01  0.2713181E+02 -0.2835256E+02  0.2165221E+04  0.2165221E+04
 -0.1091021E+01  0.2716898E+02 -0.2826000E+02  0.2186091E+04  0.2186091E+04
 -0.1065770E+01  0.2719691E+02 -0.2826268E+02  0.2191066E+04  0.2191066E+04
 -0.1144995E+01  0.2721561E+02 -0.2836060E+02  0.2132145E+04  0.2132145E+04
 -0.1224220E+01  0.2723431E+02 -0.2845853E+02  0.2163224E+04  0.2163224E+04
 -0.1303445E+01  0.2725300E+02 -0.2855645E+02  0.2203303E+04  0.2203303E+04
 -0.1332780E+01  0.2727675E+02 -0.2860953E+02  0.2260333E+04  0.2260333E+04
 -0.1312224E+01  0.2730554E+02 -0.2861776E+02  0.2165312E+04  0.2165312E+04
 -0.1291668E+01  0.2733433E+02 -0.2862599E+02  0.2188292E+04  0.2188292E+04
 -0.1271112E+01  0.2736311E+02 -0.2863423E+02  0.2161271E+04  0.2161271E+04
 -0.1184321E+01  0.2739142E+02 -0.2857574E+02  0.2217184E+04  0.2217184E+04
 -0.1031295E+01  0.2741924E+02 -0.2845053E+02  0.2233031E+04  0.2233031E+04
 -0.8782694E+00  0.2744706E+02 -0.2832533E+02  0.2198878E+04  0.2198878E+04
 -0.7252436E+00  0.2747488E+02 -0.2820013E+02  0.2122725E+04  0.2122725E+04
 -0.6487308E+00  0.2749216E+02 -0.2800744E+02  0.2155649E+04  0.2155649E+04
 -0.6487308E+00  0.2749890E+02 -0.2774729E+02  0.2139649E+04  0.2139649E+04
  0.4188449E+00  0.2750564E+02 -0.2748713E+02  0.2162581E+04  0.2162581E+04
  0.4188449E+00  0.2751237E+02 -0.2722698E+02  0.2079581E+04  0.2079581E+04
  0.5203281E+00  0.2750433E+02 -0.2698400E+02  0.2106480E+04  0.2106480E+04
  0.7232944E+00  0.2748149E+02 -0.2675820E+02  0.1937277E+04  0.1937277E+04
  0.9262608E+00  0.2745866E+02 -0.2653240E+02  0.2058074E+04  0.2058074E+04
  0.1129227E+01  0.2743583E+02 -0.2630660E+02  0.1940871E+04  0.1940871E+04
  0.1357235E+01  0.2740484E+02 -0.2604760E+02  0.1959643E+04  0.1959643E+04
  0.1610285E+01  0.2736569E+02 -0.2575541E+02  0.2045390E+04  0.2045390E+04
  0.1863335E+01  0.2732654E+02 -0.2546321E+02  0.1964137E+04  0.1964137E+04
  0.2116384E+01  0.2728739E+02 -0.2517101E+02  0.1926884E+04  0.1926884E+04
  0.2337144E+01  0.2723884E+02 -0.2490170E+02  0.1856663E+04  0.1856663E+04
  0.2525614E+01  0.2718089E+02 -0.2465528E+02  0.1893474E+04  0.1893474E+04
  0.2714083E+01  0.2712293E+02 -0.2440885E+02  0.1811286E+04  0.1811286E+04
  0.2902553E+01  0.2706498E+02 -0.2416243E+02  0.1888097E+04  0.1888097E+04
  0.2894991E+01  0.2700231E+02 -0.2410732E+02  0.1873105E+04  0.1873105E+04
  0.2691398E+01  0.2693493E+02 -0.2424353E+02  0.1761309E+04  0.1761309E+04
  0.2487804E+01  0.2686755E+02 -0.2437974E+02  0.1917512E+04  0.1917512E+04
  0.2284211E+01  0.2680016E+02 -0.2451595E+02  0.1931716E+04  0.1931716E+04
  0.2195114E+01  0.2675113E+02 -0.2455602E+02  0.1813805E+04  0.1813805E+04
  0.2220515E+01  0.2672044E+02 -0.2449993E+02  0.1823780E+04  0.1823780E+04
  0.2245915E+01  0.2668976E+02 -0.2444384E+02  0.1779754E+04  0.1779754E+04
  0.2271315E+01  0.2665907E+02 -0.2438776E+02  0.1874729E+04  0.1874729E+04
  0.2309259E+01  0.2663097E+02 -0.2432171E+02  0.1889691E+04  0.1889691E+04
  0.2359745E+01  0.2660545E+02 -0.2424571E+02  0.1865640E+04  0.1865640E+04
  0.2410232E+01  0.2657993E+02 -0.2416970E+02  0.1780590E+04  0.1780590E+04
  0.2460718E+01  0.2655441E+02 -0.2409369E+02  0.1843539E+04  0.1843539E+04
  0.2602177E+01  0.2652715E+02 -0.2392497E+02  0.1909398E+04  0.1909398E+04
  0.2834607E+01  0.2649814E+02 -0.2366353E+02  0.1777165E+04  0.1777165E+04
  0.3067037E+01  0.2646913E+02 -0.2340209E+02  0.1789933E+04  0.1789933E+04
  0.3299467E+01  0.2644012E+02 -0.2314065E+02  0.1742701E+04  0.1742701E+04
  0.3786241E+01  0.2639931E+02 -0.2261307E+02  0.1757214E+04  0.1757214E+04
  0.4527358E+01  0.2634672E+02 -0.2181936E+02  0.1695473E+04  0.1695473E+04
  0.5268475E+01  0.2629412E+02 -0.2102564E+02  0.1651732E+04  0.1651732E+04
  0.6009592E+01  0.2624152E+02 -0.2023193E+02  0.1550990E+04  0.1550990E+04
  0.6993890E+01  0.2614866E+02 -0.1915477E+02  0.1502006E+04  0.1502006E+04
  0.8221371E+01  0.2601553E+02 -0.1779416E+02  0.1300779E+04  0.1300779E+04
  0.9448852E+01  0.2588240E+02 -0.1643355E+02  0.1277551E+04  0.1277551E+04
  0.1067633E+02  0.2574927E+02 -0.1507294E+02  0.1103324E+04  0.1103324E+04
  0.1157239E+02  0.2555262E+02 -0.1398023E+02  0.1020428E+04  0.1020428E+04
  0.1213701E+02  0.2529244E+02 -0.1315542E+02  0.9298630E+03  0.9298630E+03
  0.1270164E+02  0.2503225E+02 -0.1233062E+02  0.8372983E+03  0.8372983E+03
  0.1326627E+02  0.2477207E+02 -0.1150581E+02  0.8437337E+03  0.8437337E+03
  0.1355849E+02  0.2449727E+02 -0.1093879E+02  0.8434415E+03  0.8434415E+03
  0.1357830E+02  0.2420786E+02 -0.1062956E+02  0.7874217E+03  0.7874217E+03
  0.1359812E+02  0.2391844E+02 -0.1032033E+02  0.6974019E+03  0.6974019E+03
  0.1361793E+02  0.2362903E+02 -0.1001110E+02  0.7193821E+03  0.7193821E+03
  0.1353051E+02  0.2336259E+02 -0.9832078E+01  0.7514695E+03  0.7514695E+03
  0.1333586E+02  0.2311913E+02 -0.9783271E+01  0.7646641E+03  0.7646641E+03
  0.1314121E+02  0.2287568E+02 -0.9734463E+01  0.7498588E+03  0.7498588E+03
  0.1294656E+02  0.2263222E+02 -0.9685656E+01  0.7300534E+03  0.7300534E+03
  0.1270561E+02  0.2241874E+02 -0.9713134E+01  0.7252944E+03  0.7252944E+03
  0.1241834E+02  0.2223523E+02 -0.9816896E+01  0.6695817E+03  0.6695817E+03
  0.1213107E+02  0.2205173E+02 -0.9920659E+01  0.7698690E+03  0.7698690E+03
  0.1184380E+02  0.2186822E+02 -0.1002442E+02  0.7091562E+03  0.7091562E+03
  0.1162649E+02  0.2171186E+02 -0.1008536E+02  0.7833735E+03  0.7833735E+03
  0.1147915E+02  0.2158264E+02 -0.1010348E+02  0.7405209E+03  0.7405209E+03
  0.1133181E+02  0.2145342E+02 -0.1012160E+02  0.7476682E+03  0.7476682E+03
  0.1118447E+02  0.2132420E+02 -0.1013973E+02  0.7438156E+03  0.7438156E+03
  0.1110407E+02  0.2120744E+02 -0.1010337E+02  0.7908959E+03  0.7908959E+03
  0.1109061E+02  0.2110316E+02 -0.1001255E+02  0.7439094E+03  0.7439094E+03
  0.1107715E+02  0.2099887E+02 -0.9921724E+01  0.7229229E+03  0.7229229E+03
  0.1106369E+02  0.2089459E+02 -0.9830899E+01  0.7319363E+03  0.7319363E+03
  0.1101283E+02  0.2079125E+02 -0.9778419E+01  0.7279872E+03  0.7279872E+03
  0.1092456E+02  0.2068884E+02 -0.9764283E+01  0.7330754E+03  0.7330754E+03
  0.1083630E+02  0.2058644E+02 -0.9750148E+01  0.6851637E+03  0.6851637E+03
  0.1074803E+02  0.2048404E+02 -0.9736012E+01  0.7562520E+03  0.7562520E+03
  0.1058565E+02  0.2038623E+02 -0.9800576E+01  0.7194144E+03  0.7194144E+03
  0.1034916E+02  0.2029300E+02 -0.9943840E+01  0.7326508E+03  0.7326508E+03
  0.1011268E+02  0.2019978E+02 -0.1008710E+02  0.7828873E+03  0.7828873E+03
  0.9876186E+01  0.2010655E+02 -0.1023037E+02  0.7451238E+03  0.7451238E+03
  0.9721473E+01  0.2002703E+02 -0.1030556E+02  0.7332785E+03  0.7332785E+03
  0.9648534E+01  0.1996122E+02 -0.1031268E+02  0.8063514E+03  0.8063514E+03
  0.9575596E+01  0.1989540E+02 -0.1031980E+02  0.7824244E+03  0.7824244E+03
  0.9502657E+01  0.1982958E+02 -0.1032692E+02  0.7734973E+03  0.7734973E+03
  0.9331226E+01  0.1976616E+02 -0.1043493E+02  0.7496688E+03  0.7496688E+03
  0.9061305E+01  0.1970514E+02 -0.1064383E+02  0.7709387E+03  0.7709387E+03
  0.8791384E+01  0.1964412E+02 -0.1085273E+02  0.8592086E+03  0.8592086E+03
  0.8521462E+01  0.1958310E+02 -0.1106164E+02  0.8024785E+03  0.8024785E+03
  0.8530894E+01  0.1953436E+02 -0.1100347E+02  0.8624691E+03  0.8624691E+03
  0.8819680E+01  0.1949792E+02 -0.1067824E+02  0.8051803E+03  0.8051803E+03
  0.9108465E+01  0.1946147E+02 -0.1035300E+02  0.7998915E+03  0.7998915E+03
  0.9397251E+01  0.1942502E+02 -0.1002777E+02  0.7366027E+03  0.7366027E+03
  0.9618615E+01  0.1936776E+02 -0.9749142E+01  0.6773814E+03  0.6773814E+03
  0.9772556E+01  0.1928968E+02 -0.9517124E+01  0.7192274E+03  0.7192274E+03
  0.9926497E+01  0.1921161E+02 -0.9285108E+01  0.7080735E+03  0.7080735E+03
  0.1008044E+02  0.1913353E+02 -0.9053090E+01  0.6329196E+03  0.6329196E+03
  0.1023765E+02  0.1904326E+02 -0.8805616E+01  0.6297623E+03  0.6297623E+03
  0.1039812E+02  0.1894081E+02 -0.8542686E+01  0.6756019E+03  0.6756019E+03
  0.1055860E+02  0.1883835E+02 -0.8279757E+01  0.6144414E+03  0.6144414E+03
  0.1071907E+02  0.1873590E+02 -0.8016827E+01  0.5962809E+03  0.5962809E+03
  0.1093641E+02  0.1862574E+02 -0.7689328E+01  0.5850636E+03  0.5850636E+03
  0.1121062E+02  0.1850788E+02 -0.7297261E+01  0.5287894E+03  0.5287894E+03
  0.1148482E+02  0.1839002E+02 -0.6905194E+01  0.5255152E+03  0.5255152E+03
  0.1175903E+02  0.1827216E+02 -0.6513127E+01  0.4942410E+03  0.4942410E+03
  0.1210732E+02  0.1814116E+02 -0.6033847E+01  0.4308927E+03  0.4308927E+03
  0.1252969E+02  0.1799704E+02 -0.5467353E+01  0.3974703E+03  0.3974703E+03
  0.1295206E+02  0.1785292E+02 -0.4900859E+01  0.3690479E+03  0.3690479E+03
  0.1337443E+02  0.1770879E+02 -0.4334365E+01  0.3246256E+03  0.3246256E+03
  0.1376928E+02  0.1754460E+02 -0.3775316E+01  0.2502307E+03  0.2502307E+03
  0.1413662E+02  0.1736033E+02 -0.3223710E+01  0.2168634E+03  0.2168634E+03
  0.1450395E+02  0.1717606E+02 -0.2672104E+01  0.1714960E+03  0.1714960E+03
  0.1487129E+02  0.1699179E+02 -0.2120499E+01  0.1371287E+03  0.1371287E+03
  0.1506245E+02  0.1679335E+02 -0.1730903E+01  0.1119376E+03  0.1119376E+03
  0.1507742E+02  0.1658074E+02 -0.1503317E+01  0.7292258E+02  0.7292258E+02
  0.1509239E+02  0.1636813E+02 -0.1275732E+01  0.6690761E+02  0.6690761E+02
  0.1510737E+02  0.1615551E+02 -0.1048146E+01  0.5489263E+02  0.5489263E+02
  0.1502327E+02  0.1595155E+02 -0.9282731E+00  0.5297673E+02  0.5297673E+02
  0.1484011E+02  0.1575622E+02 -0.9161130E+00  0.4515989E+02  0.4515989E+02
  0.1465695E+02  0.1556090E+02 -0.9039530E+00  0.5834305E+02  0.5834305E+02
  0.1447378E+02  0.1536558E+02 -0.8917929E+00  0.4352621E+02  0.4352621E+02
  0.1433388E+02  0.1518917E+02 -0.8552977E+00  0.4666612E+02  0.4666612E+02
  0.1423722E+02  0.1503169E+02 -0.7944676E+00  0.5876278E+02  0.5876278E+02
  0.1414057E+02  0.1487421E+02 -0.7336374E+00  0.4485943E+02  0.4485943E+02
  0.1404392E+02  0.1471673E+02 -0.6728073E+00  0.3795608E+02  0.3795608E+02
  0.1396222E+02  0.1456825E+02 -0.6060305E+00  0.2803778E+02  0.2803778E+02
  0.1389546E+02  0.1442877E+02 -0.5333071E+00  0.2510454E+02  0.2510454E+02
  0.1382870E+02  0.1428929E+02 -0.4605838E+00  0.1417130E+02  0.1417130E+02
  0.1376195E+02  0.1414981E+02 -0.3878605E+00  0.1023805E+02  0.1023805E+02
  0.1367709E+02  0.1401396E+02 -0.3368710E+00  0.1332291E+02  0.1332291E+02
  0.1357413E+02  0.1388175E+02 -0.3076153E+00  0.1242587E+02  0.1242587E+02
  0.1347118E+02  0.1374954E+02 -0.2783596E+00  0.9528824E+01  0.9528824E+01
  0.1336822E+02  0.1361732E+02 -0.2491039E+00  0.2631781E+01  0.2631781E+01
  0.1325428E+02  0.1349045E+02 -0.2361700E+00  0.5745723E+01  0.5745723E+01
  0.1312935E+02  0.1336891E+02 -0.2395577E+00 -0.1129349E+01  0.0000000E+00
  0.1300442E+02  0.1324737E+02 -0.2429455E+00  0.8995580E+01  0.8995580E+01
  0.1287949E+02  0.1312582E+02 -0.2463333E+00  0.8120508E+01  0.8120508E+01
  0.1276499E+02  0.1301094E+02 -0.2459465E+00  0.2235010E+01  0.2235010E+01
  0.1266091E+02  0.1290270E+02 -0.2417851E+00  0.3339087E+01  0.3339087E+01
  0.1255684E+02  0.1279446E+02 -0.2376238E+00  0.3443162E+01  0.3443162E+01
  0.1245276E+02  0.1268622E+02 -0.2334624E+00  0.7547238E+01  0.7547238E+01
  0.1235938E+02  0.1258282E+02 -0.2234487E+00  0.4640624E+01  0.4640624E+01
  0.1227668E+02  0.1248426E+02 -0.2075826E+00  0.3723319E+01  0.3723319E+01
  0.1219399E+02  0.1238570E+02 -0.1917165E+00  0.3806014E+01  0.3806014E+01
  0.1211129E+02  0.1228714E+02 -0.1758504E+00  0.4888709E+01  0.4888709E+01
  0.1201899E+02  0.1219155E+02 -0.1725599E+00 -0.4018992E+01  0.0000000E+00
  0.1191709E+02  0.1209894E+02 -0.1818450E+00 -0.2917091E+01  0.0000000E+00
  0.1181519E+02  0.1200632E+02 -0.1911301E+00  0.3184811E+01  0.3184811E+01
  0.1171329E+02  0.1191370E+02 -0.2004152E+00  0.6286712E+01  0.6286712E+01
  0.1161803E+02  0.1182479E+02 -0.2067560E+00  0.5381967E+01  0.5381967E+01
  0.1152943E+02  0.1173958E+02 -0.2101526E+00 -0.5294275E+00  0.0000000E+00
  0.1144082E+02  0.1165437E+02 -0.2135491E+00 -0.1440820E+01  0.0000000E+00
  0.1135221E+02  0.1156916E+02 -0.2169456E+00  0.6477861E+00  0.6477861E+00
  0.1127710E+02  0.1148651E+02 -0.2094039E+00  0.7722897E+01  0.7722897E+01
  0.1121549E+02  0.1140641E+02 -0.1909239E+00  0.1278451E+02  0.1278451E+02
  0.1115388E+02  0.1132632E+02 -0.1724439E+00  0.1846125E+01  0.1846125E+01
  0.1109226E+02  0.1124623E+02 -0.1539639E+00 -0.2092261E+01  0.0000000E+00
  0.1101449E+02  0.1116680E+02 -0.1523130E+00  0.1985515E+01  0.1985515E+01
  0.1092055E+02  0.1108804E+02 -0.1674912E+00 -0.2920547E+01  0.0000000E+00
  0.1082661E+02  0.1100928E+02 -0.1826694E+00  0.4173391E+01  0.4173391E+01
  0.1073267E+02  0.1093052E+02 -0.1978475E+00  0.2673292E+00  0.2673292E+00
  0.1065313E+02  0.1085437E+02 -0.2012445E+00  0.6346871E+01  0.6346871E+01
  0.1058798E+02  0.1078084E+02 -0.1928603E+00  0.7412017E+01  0.7412017E+01
  0.1052284E+02  0.1070731E+02 -0.1844760E+00  0.4477161E+01  0.4477161E+01
  0.1045769E+02  0.1063379E+02 -0.1760918E+00  0.5423069E+00  0.5423069E+00
  0.1039433E+02  0.1056119E+02 -0.1668653E+00  0.1605671E+01  0.1605671E+01
  0.1033275E+02  0.1048954E+02 -0.1567965E+00  0.2667253E+01  0.2667253E+01
  0.1027117E+02  0.1041789E+02 -0.1467278E+00 -0.5271166E+01  0.0000000E+00
  0.1020958E+02  0.1034624E+02 -0.1366590E+00 -0.2095842E+00  0.0000000E+00
  0.1014010E+02  0.1027512E+02 -0.1350178E+00 -0.1140103E+01  0.0000000E+00
  0.1006273E+02  0.1020453E+02 -0.1418040E+00  0.4937275E+01  0.4937275E+01
  0.9985347E+01  0.1013394E+02 -0.1485903E+00  0.5014653E+01  0.5014653E+01
  0.9907969E+01  0.1006334E+02 -0.1553765E+00 -0.2907969E+01  0.0000000E+00
  0.9838263E+01  0.9994084E+01 -0.1558223E+00  0.2161737E+01  0.2161737E+01
  0.9776229E+01  0.9926156E+01 -0.1499274E+00  0.3223771E+01  0.3223771E+01
  0.9714195E+01  0.9858228E+01 -0.1440326E+00 -0.2714195E+01  0.0000000E+00
  0.9652162E+01  0.9790299E+01 -0.1381378E+00  0.4347838E+01  0.4347838E+01
  0.9586234E+01  0.9722701E+01 -0.1364665E+00 -0.5862341E+00  0.0000000E+00
  0.9516414E+01  0.9655432E+01 -0.1390187E+00  0.4835863E+00  0.4835863E+00
  0.9446591E+01  0.9588162E+01 -0.1415709E+00 -0.1446591E+01  0.0000000E+00
  0.9376771E+01  0.9520893E+01 -0.1441230E+00  0.2623229E+01  0.2623229E+01
  0.9310678E+01  0.9454397E+01 -0.1437191E+00  0.5689322E+01  0.5689322E+01
  0.9248316E+01  0.9388675E+01 -0.1403590E+00 -0.1248316E+01  0.0000000E+00
  0.9185953E+01  0.9322952E+01 -0.1369990E+00  0.3814047E+01  0.3814047E+01
  0.9123590E+01  0.9257230E+01 -0.1336389E+00 -0.1123590E+01  0.0000000E+00
  0.9058164E+01  0.9191833E+01 -0.1336690E+00 -0.3058164E+01  0.0000000E+00
  0.8989675E+01  0.9126763E+01 -0.1370892E+00  0.3010325E+01  0.3010325E+01
  0.8921184E+01  0.9061693E+01 -0.1405094E+00  0.6078816E+01  0.6078816E+01
  0.8852695E+01  0.8996623E+01 -0.1439296E+00  0.1147305E+01  0.1147305E+01
  0.8789147E+01  0.8932263E+01 -0.1431164E+00 -0.7891474E+00  0.0000000E+00
  0.8730544E+01  0.8868613E+01 -0.1380695E+00  0.1269456E+01  0.1269456E+01
  0.8671941E+01  0.8804964E+01 -0.1330227E+00 -0.6719408E+00  0.0000000E+00
  0.8613338E+01  0.8741314E+01 -0.1279759E+00  0.2386662E+01  0.2386662E+01
  0.8553788E+01  0.8677981E+01 -0.1241933E+00  0.4462118E+00  0.4462118E+00
  0.8493292E+01  0.8614967E+01 -0.1216750E+00  0.5067081E+00  0.5067081E+00
  0.8432796E+01  0.8551953E+01 -0.1191566E+00 -0.3432796E+01  0.0000000E+00
  0.8372300E+01  0.8488939E+01 -0.1166383E+00  0.2627700E+01  0.2627700E+01
  0.8308747E+01  0.8426679E+01 -0.1179310E+00  0.3691253E+01  0.3691253E+01
  0.8242136E+01  0.8365170E+01 -0.1230348E+00 -0.2242136E+01  0.0000000E+00
  0.8175525E+01  0.8303664E+01 -0.1281386E+00  0.2824475E+01  0.2824475E+01
  0.8108913E+01  0.8242156E+01 -0.1332424E+00  0.2891087E+01  0.2891087E+01
  0.8048405E+01  0.8182090E+01 -0.1336842E+00 -0.2048405E+01  0.0000000E+00
  0.7993999E+01  0.8123463E+01 -0.1294641E+00  0.4006001E+01  0.4006001E+01
  0.7939592E+01  0.8064836E+01 -0.1252440E+00 -0.1939592E+01  0.0000000E+00
  0.7885186E+01  0.8006209E+01 -0.1210239E+00  0.3114814E+01  0.3114814E+01
  0.7830682E+01  0.7948329E+01 -0.1176469E+00 -0.8306823E+00  0.0000000E+00
  0.7776082E+01  0.7891195E+01 -0.1151131E+00  0.3223918E+01  0.3223918E+01
  0.7721481E+01  0.7834060E+01 -0.1125793E+00  0.2278519E+01  0.2278519E+01
  0.7666881E+01  0.7776926E+01 -0.1100455E+00  0.3331194E+00  0.3331194E+00
  0.7607021E+01  0.7720492E+01 -0.1134707E+00  0.2392979E+01  0.2392979E+01
  0.7541903E+01  0.7664757E+01 -0.1228548E+00 -0.3541903E+01  0.0000000E+00
  0.7476784E+01  0.7609024E+01 -0.1322389E+00  0.4523216E+01  0.4523216E+01
  0.7411666E+01  0.7553289E+01 -0.1416230E+00  0.2588334E+01  0.2588334E+01
  0.7357288E+01  0.7498938E+01 -0.1416495E+00  0.2642712E+01  0.2642712E+01
  0.7313652E+01  0.7445970E+01 -0.1323183E+00  0.3686348E+01  0.3686348E+01
  0.7270015E+01  0.7393002E+01 -0.1229870E+00  0.7299852E+00  0.7299852E+00
  0.7226378E+01  0.7340034E+01 -0.1136558E+00  0.7736220E+00  0.7736220E+00
  0.7176531E+01  0.7287237E+01 -0.1107061E+00 -0.1176531E+01  0.0000000E+00
  0.7120474E+01  0.7234612E+01 -0.1141379E+00  0.2879526E+01  0.2879526E+01
  0.7064418E+01  0.7181988E+01 -0.1175697E+00  0.2935582E+01  0.2935582E+01
  0.7008361E+01  0.7129363E+01 -0.1210015E+00  0.9916387E+00  0.9916387E+00
  0.6956578E+01  0.7077600E+01 -0.1210219E+00  0.2043422E+01  0.2043422E+01
  0.6909066E+01  0.7026697E+01 -0.1176308E+00  0.2090934E+01  0.2090934E+01
  0.6861555E+01  0.6975794E+01 -0.1142397E+00  0.3138445E+01  0.3138445E+01
  0.6814043E+01  0.6924891E+01 -0.1108486E+00  0.1185957E+01  0.1185957E+01
  0.6764488E+01  0.6874502E+01 -0.1100132E+00  0.2355118E+00  0.2355118E+00
  0.6712891E+01  0.6824625E+01 -0.1117334E+00  0.2871094E+00  0.2871094E+00
  0.6661294E+01  0.6774747E+01 -0.1134536E+00  0.6338706E+01  0.6338706E+01
  0.6609696E+01  0.6724870E+01 -0.1151737E+00  0.3903041E+00  0.3903041E+00
  0.6561837E+01  0.6675745E+01 -0.1139075E+00  0.4381628E+00  0.4381628E+00
  0.6517717E+01  0.6627372E+01 -0.1096548E+00  0.4822831E+00  0.4822831E+00
  0.6473597E+01  0.6578999E+01 -0.1054021E+00 -0.4735970E+00  0.0000000E+00
  0.6429477E+01  0.6530626E+01 -0.1011494E+00  0.5570523E+01  0.5570523E+01
  0.6384465E+01  0.6482647E+01 -0.9818264E-01  0.6155353E+00  0.6155353E+00
  0.6338561E+01  0.6435063E+01 -0.9650180E-01 -0.2338561E+01  0.0000000E+00
  0.6292657E+01  0.6387478E+01 -0.9482096E-01  0.7073426E+00  0.7073426E+00
  0.6246754E+01  0.6339894E+01 -0.9314012E-01  0.1753246E+01  0.1753246E+01
  0.6198382E+01  0.6292830E+01 -0.9444715E-01 -0.2198382E+01  0.0000000E+00
  0.6147544E+01  0.6246286E+01 -0.9874205E-01  0.1852456E+01  0.1852456E+01
  0.6096706E+01  0.6199743E+01 -0.1030369E+00 -0.2096706E+01  0.0000000E+00
  0.6045868E+01  0.6153200E+01 -0.1073318E+00 -0.4586792E-01  0.0000000E+00
  0.6000625E+01  0.6107546E+01 -0.1069218E+00  0.4999375E+01  0.4999375E+01
  0.5960976E+01  0.6062783E+01 -0.1018069E+00  0.5039024E+01  0.5039024E+01
  0.5921328E+01  0.6018020E+01 -0.9669197E-01 -0.9213276E+00  0.0000000E+00
  0.5881679E+01  0.5973257E+01 -0.9157704E-01  0.1183209E+00  0.1183209E+00
  0.5840584E+01  0.5928755E+01 -0.8817038E-01 -0.8405843E+00  0.0000000E+00
  0.5798042E+01  0.5884514E+01 -0.8647199E-01  0.4201958E+01  0.4201958E+01
  0.5755501E+01  0.5840274E+01 -0.8477359E-01  0.2244499E+01  0.2244499E+01
  0.5712959E+01  0.5796034E+01 -0.8307520E-01  0.2870412E+00  0.2870412E+00
  0.5668726E+01  0.5752244E+01 -0.8351731E-01 -0.1668726E+01  0.0000000E+00
  0.5622803E+01  0.5708903E+01 -0.8609992E-01  0.3771968E+00  0.3771968E+00
  0.5576880E+01  0.5665562E+01 -0.8868251E-01 -0.5768795E+00  0.0000000E+00
  0.5530956E+01  0.5622221E+01 -0.9126512E-01  0.8469044E+01  0.8469044E+01
  0.5485356E+01  0.5579638E+01 -0.9428161E-01 -0.4485356E+01  0.0000000E+00
  0.5440078E+01  0.5537810E+01 -0.9773201E-01  0.1559922E+01  0.1559922E+01
  0.5394800E+01  0.5495982E+01 -0.1011824E+00  0.6052003E+00  0.6052003E+00
  0.5349522E+01  0.5454154E+01 -0.1046328E+00  0.6504784E+00  0.6504784E+00
  0.5310977E+01  0.5413055E+01 -0.1020781E+00  0.3689023E+01  0.3689023E+01
  0.5279164E+01  0.5372683E+01 -0.9351841E-01  0.4720836E+01  0.4720836E+01
  0.5247352E+01  0.5332311E+01 -0.8495868E-01  0.1752648E+01  0.1752648E+01
  0.5215540E+01  0.5291939E+01 -0.7639896E-01 -0.2215540E+01  0.0000000E+00
  0.5179392E+01  0.5251517E+01 -0.7212482E-01 -0.1179392E+01  0.0000000E+00
  0.5138908E+01  0.5211045E+01 -0.7213627E-01  0.1861092E+01  0.1861092E+01
  0.5098425E+01  0.5170573E+01 -0.7214772E-01 -0.1098425E+01  0.0000000E+00
  0.5057941E+01  0.5130101E+01 -0.7215917E-01  0.9420586E+00  0.9420586E+00
  0.5014090E+01  0.5090133E+01 -0.7604297E-01 -0.2014090E+01  0.0000000E+00
  0.4966870E+01  0.5050670E+01 -0.8379912E-01  0.3033130E+01  0.3033130E+01
  0.4919651E+01  0.5011206E+01 -0.9155528E-01  0.8034897E-01  0.8034897E-01
  0.4872431E+01  0.4971743E+01 -0.9931142E-01  0.1127569E+01  0.1127569E+01
  0.4833531E+01  0.4933287E+01 -0.9975566E-01  0.3166469E+01  0.3166469E+01
  0.4802950E+01  0.4895838E+01 -0.9288798E-01  0.6197050E+01  0.6197050E+01
  0.4772369E+01  0.4858390E+01 -0.8602030E-01  0.2227631E+01  0.2227631E+01
  0.4741788E+01  0.4820941E+01 -0.7915262E-01  0.1258212E+01  0.1258212E+01
  0.4708675E+01  0.4783537E+01 -0.7486200E-01  0.2913251E+00  0.2913251E+00
  0.4673028E+01  0.4746177E+01 -0.7314841E-01 -0.6730285E+00  0.0000000E+00
  0.4637383E+01  0.4708817E+01 -0.7143484E-01 -0.3637383E+01  0.0000000E+00
  0.4601736E+01  0.4671457E+01 -0.6972126E-01  0.2398264E+01  0.2398264E+01
  0.4565971E+01  0.4634411E+01 -0.6844021E-01  0.2434029E+01  0.2434029E+01
  0.4530088E+01  0.4597680E+01 -0.6759168E-01  0.4699116E+00  0.4699116E+00
  0.4494206E+01  0.4560949E+01 -0.6674316E-01  0.3505794E+01  0.3505794E+01
  0.4458323E+01  0.4524218E+01 -0.6589463E-01  0.5416770E+00  0.5416770E+00
  0.4421647E+01  0.4487988E+01 -0.6634141E-01 -0.1421647E+01  0.0000000E+00
  0.4384179E+01  0.4452262E+01 -0.6808348E-01 -0.1384179E+01  0.0000000E+00
  0.4346710E+01  0.4416536E+01 -0.6982555E-01  0.2653290E+01  0.2653290E+01
  0.4309242E+01  0.4380809E+01 -0.7156762E-01  0.2690758E+01  0.2690758E+01
  0.4272770E+01  0.4345648E+01 -0.7287737E-01 -0.1272770E+01  0.0000000E+00
  0.4237297E+01  0.4311052E+01 -0.7375479E-01 -0.2372971E+00  0.0000000E+00
  0.4201823E+01  0.4276455E+01 -0.7463221E-01 -0.2018232E+00  0.0000000E+00
  0.4166350E+01  0.4241859E+01 -0.7550963E-01 -0.2166350E+01  0.0000000E+00
  0.4132249E+01  0.4207772E+01 -0.7552300E-01  0.5867751E+01  0.5867751E+01
  0.4099522E+01  0.4174194E+01 -0.7467233E-01  0.1900478E+01  0.1900478E+01
  0.4066795E+01  0.4140617E+01 -0.7382166E-01  0.2933205E+01  0.2933205E+01
  0.4034068E+01  0.4107039E+01 -0.7297099E-01  0.9659319E+00  0.9659319E+00
  0.4002147E+01  0.4073833E+01 -0.7168695E-01  0.9978533E+00  0.9978533E+00
  0.3971031E+01  0.4041001E+01 -0.6996956E-01  0.2896857E-01  0.2896857E-01
  0.3939916E+01  0.4008168E+01 -0.6825217E-01  0.1060084E+01  0.1060084E+01
  0.3908801E+01  0.3975335E+01 -0.6653477E-01  0.3091199E+01  0.3091199E+01
  0.3878001E+01  0.3942817E+01 -0.6481672E-01 -0.1878001E+01  0.0000000E+00
  0.3847517E+01  0.3910615E+01 -0.6309801E-01  0.1152483E+01  0.1152483E+01
  0.3817033E+01  0.3878412E+01 -0.6137929E-01  0.1829667E+00  0.1829667E+00
  0.3786550E+01  0.3846210E+01 -0.5966058E-01  0.1213450E+01  0.1213450E+01
  0.3754678E+01  0.3814350E+01 -0.5967184E-01  0.1245322E+01  0.1245322E+01
  0.3721420E+01  0.3782833E+01 -0.6141309E-01 -0.7214200E+00  0.0000000E+00
  0.3688161E+01  0.3751316E+01 -0.6315433E-01 -0.6881614E+00  0.0000000E+00
  0.3654903E+01  0.3719798E+01 -0.6489558E-01  0.2345097E+01  0.2345097E+01
  0.3626510E+01  0.3688819E+01 -0.6230913E-01  0.2373490E+01  0.2373490E+01
  0.3602983E+01  0.3658378E+01 -0.5539497E-01  0.3970170E+00  0.3970170E+00
  0.3579456E+01  0.3627936E+01 -0.4848082E-01 -0.5794556E+00  0.0000000E+00
  0.3555928E+01  0.3597495E+01 -0.4156666E-01 -0.1555928E+01  0.0000000E+00
  0.3525930E+01  0.3567077E+01 -0.4114670E-01 -0.1525930E+01  0.0000000E+00
  0.3489461E+01  0.3536682E+01 -0.4722093E-01  0.5105388E+00  0.5105388E+00
  0.3452992E+01  0.3506287E+01 -0.5329515E-01  0.3547008E+01  0.3547008E+01
  0.3416523E+01  0.3475893E+01 -0.5936939E-01  0.5834770E+00  0.5834770E+00
  0.3384289E+01  0.3446266E+01 -0.6197710E-01 -0.3842885E+00  0.0000000E+00
  0.3356289E+01  0.3417407E+01 -0.6111831E-01  0.6437111E+00  0.6437111E+00
  0.3328289E+01  0.3388549E+01 -0.6025952E-01  0.6717110E+00  0.6717110E+00
  0.3300289E+01  0.3359690E+01 -0.5940073E-01  0.6997106E+00  0.6997106E+00
  0.3271357E+01  0.3331203E+01 -0.5984576E-01  0.3728643E+01  0.3728643E+01
  0.3241492E+01  0.3303086E+01 -0.6159463E-01 -0.1241492E+01  0.0000000E+00
  0.3211626E+01  0.3274970E+01 -0.6334349E-01  0.4788374E+01  0.4788374E+01
  0.3181761E+01  0.3246853E+01 -0.6509236E-01 -0.1181761E+01  0.0000000E+00
  0.3158391E+01  0.3219152E+01 -0.6076039E-01  0.8416085E+00  0.8416085E+00
  0.3141518E+01  0.3191865E+01 -0.5034761E-01  0.1858482E+01  0.1858482E+01
  0.3124644E+01  0.3164578E+01 -0.3993482E-01  0.8753564E+00  0.8753564E+00
  0.3107770E+01  0.3137292E+01 -0.2952203E-01 -0.3107770E+01  0.0000000E+00
  0.3080661E+01  0.3109758E+01 -0.2909707E-01 -0.3080661E+01  0.0000000E+00
  0.3043319E+01  0.3081978E+01 -0.3865994E-01 -0.4331851E-01  0.0000000E+00
  0.3005975E+01  0.3054198E+01 -0.4822281E-01 -0.5975485E-02  0.0000000E+00
  0.2968633E+01  0.3026418E+01 -0.5778567E-01 -0.9686327E+00  0.0000000E+00
  0.2936998E+01  0.2999573E+01 -0.6257436E-01  0.4063002E+01  0.4063002E+01
  0.2911072E+01  0.2973661E+01 -0.6258888E-01  0.3088928E+01  0.3088928E+01
  0.2885147E+01  0.2947750E+01 -0.6260339E-01  0.4114853E+01  0.4114853E+01
  0.2859221E+01  0.2921839E+01 -0.6261791E-01  0.2140779E+01  0.2140779E+01
  0.2833265E+01  0.2896331E+01 -0.6306602E-01  0.1667347E+00  0.1667347E+00
  0.2807279E+01  0.2871227E+01 -0.6394772E-01  0.1927207E+00  0.1927207E+00
  0.2781294E+01  0.2846123E+01 -0.6482942E-01  0.2218706E+01  0.2218706E+01
  0.2755308E+01  0.2821019E+01 -0.6571112E-01  0.3244692E+01  0.3244692E+01
  0.2735688E+01  0.2796184E+01 -0.6049574E-01  0.2643118E+00  0.2643118E+00
  0.2722435E+01  0.2771618E+01 -0.4918326E-01  0.2277565E+01  0.2277565E+01
  0.2709182E+01  0.2747052E+01 -0.3787079E-01 -0.1709182E+01  0.0000000E+00
  0.2695928E+01  0.2722487E+01 -0.2655832E-01  0.3040717E+00  0.3040717E+00
  0.2673164E+01  0.2697555E+01 -0.2439028E-01 -0.1673164E+01  0.0000000E+00
  0.2640889E+01  0.2672256E+01 -0.3136668E-01 -0.1640889E+01  0.0000000E+00
  0.2608614E+01  0.2646957E+01 -0.3834308E-01  0.1391386E+01  0.1391386E+01
  0.2576339E+01  0.2621659E+01 -0.4531948E-01  0.1423661E+01  0.1423661E+01
  0.2550922E+01  0.2597117E+01 -0.4619500E-01  0.1449078E+01  0.1449078E+01
  0.2532364E+01  0.2573334E+01 -0.4096964E-01 -0.5323641E+00  0.0000000E+00
  0.2513806E+01  0.2549550E+01 -0.3574427E-01 -0.1513806E+01  0.0000000E+00
  0.2495247E+01  0.2525766E+01 -0.3051891E-01  0.1504753E+01  0.1504753E+01
  0.2473324E+01  0.2502106E+01 -0.2878197E-01 -0.2473324E+01  0.0000000E+00
  0.2448035E+01  0.2478569E+01 -0.3053347E-01  0.5519648E+00  0.5519648E+00
  0.2422747E+01  0.2455032E+01 -0.3228496E-01 -0.1422747E+01  0.0000000E+00
  0.2397458E+01  0.2431494E+01 -0.3403646E-01 -0.3974581E+00  0.0000000E+00
  0.2375608E+01  0.2408339E+01 -0.3273178E-01 -0.3756077E+00  0.0000000E+00
  0.2357195E+01  0.2385566E+01 -0.2837093E-01  0.2642805E+01  0.2642805E+01
  0.2338783E+01  0.2362793E+01 -0.2401007E-01 -0.2338783E+01  0.0000000E+00
  0.2320371E+01  0.2340020E+01 -0.1964922E-01  0.1679629E+01  0.1679629E+01
  0.2296814E+01  0.2317343E+01 -0.2052967E-01 -0.2296814E+01  0.0000000E+00
  0.2268111E+01  0.2294763E+01 -0.2665142E-01 -0.1268111E+01  0.0000000E+00
  0.2239409E+01  0.2272182E+01 -0.3277318E-01 -0.1239409E+01  0.0000000E+00
  0.2210707E+01  0.2249602E+01 -0.3889493E-01  0.2789293E+01  0.2789293E+01
  0.2187911E+01  0.2227683E+01 -0.3977234E-01 -0.1879110E+00  0.0000000E+00
  0.2171022E+01  0.2206427E+01 -0.3540538E-01  0.1828978E+01  0.1828978E+01
  0.2154132E+01  0.2185171E+01 -0.3103843E-01 -0.1541324E+00  0.0000000E+00
  0.2137243E+01  0.2163914E+01 -0.2667148E-01  0.8627570E+00  0.8627570E+00
  0.2117739E+01  0.2142667E+01 -0.2492786E-01 -0.1117739E+01  0.0000000E+00
  0.2095622E+01  0.2121429E+01 -0.2580759E-01 -0.1095622E+01  0.0000000E+00
  0.2073504E+01  0.2100191E+01 -0.2668732E-01 -0.7350373E-01  0.0000000E+00
  0.2051386E+01  0.2078953E+01 -0.2756705E-01 -0.1051386E+01  0.0000000E+00
  0.2030413E+01  0.2057985E+01 -0.2757109E-01  0.9695866E+00  0.9695866E+00
  0.2010587E+01  0.2037286E+01 -0.2669945E-01 -0.1058650E-01  0.0000000E+00
  0.1990759E+01  0.2016587E+01 -0.2582781E-01 -0.1990759E+01  0.0000000E+00
  0.1970932E+01  0.1995888E+01 -0.2495616E-01  0.2906775E-01  0.2906775E-01
  0.1949158E+01  0.1975433E+01 -0.2627508E-01  0.2050842E+01  0.2050842E+01
  0.1925436E+01  0.1955220E+01 -0.2978455E-01 -0.9254355E+00  0.0000000E+00
  0.1901713E+01  0.1935007E+01 -0.3329403E-01  0.1098287E+01  0.1098287E+01
  0.1877991E+01  0.1914795E+01 -0.3680350E-01  0.1122009E+01  0.1122009E+01
  0.1856910E+01  0.1895033E+01 -0.3812364E-01 -0.1856910E+01  0.0000000E+00
  0.1838468E+01  0.1875723E+01 -0.3725446E-01  0.3161532E+01  0.3161532E+01
  0.1820027E+01  0.1856412E+01 -0.3638528E-01 -0.8200265E+00  0.0000000E+00
  0.1801585E+01  0.1837101E+01 -0.3551610E-01  0.1198415E+01  0.1198415E+01
  0.1782448E+01  0.1817972E+01 -0.3552372E-01  0.2217552E+01  0.2217552E+01
  0.1762617E+01  0.1799025E+01 -0.3640816E-01  0.2373835E+00  0.2373835E+00
  0.1742785E+01  0.1780077E+01 -0.3729260E-01  0.2257215E+01  0.2257215E+01
  0.1722953E+01  0.1761130E+01 -0.3817704E-01  0.2770473E+00  0.2770473E+00
  0.1705566E+01  0.1742432E+01 -0.3686554E-01  0.2294434E+01  0.2294434E+01
  0.1690625E+01  0.1723983E+01 -0.3335812E-01 -0.6906250E+00  0.0000000E+00
  0.1675684E+01  0.1705534E+01 -0.2985070E-01  0.3243164E+00  0.3243164E+00
  0.1660742E+01  0.1687086E+01 -0.2634328E-01 -0.6607424E+00  0.0000000E+00
  0.1645380E+01  0.1668653E+01 -0.2327344E-01  0.1354620E+01  0.1354620E+01
  0.1629596E+01  0.1650237E+01 -0.2064118E-01 -0.6295958E+00  0.0000000E+00
  0.1613812E+01  0.1631821E+01 -0.1800893E-01 -0.6138117E+00  0.0000000E+00
  0.1598028E+01  0.1613404E+01 -0.1537667E-01 -0.5980277E+00  0.0000000E+00
  0.1579702E+01  0.1595083E+01 -0.1538067E-01 -0.5797019E+00  0.0000000E+00
  0.1558834E+01  0.1576855E+01 -0.1802093E-01 -0.5588343E+00  0.0000000E+00
  0.1537967E+01  0.1558628E+01 -0.2066119E-01 -0.5379668E+00  0.0000000E+00
  0.1517099E+01  0.1540401E+01 -0.2330144E-01  0.2482901E+01  0.2482901E+01
  0.1497989E+01  0.1522612E+01 -0.2462362E-01 -0.4979887E+00  0.0000000E+00
  0.1480635E+01  0.1505263E+01 -0.2462772E-01 -0.4806352E+00  0.0000000E+00
  0.1463282E+01  0.1487913E+01 -0.2463182E-01 -0.4632818E+00  0.0000000E+00
  0.1445928E+01  0.1470564E+01 -0.2463592E-01 -0.4459282E+00  0.0000000E+00
  0.1431475E+01  0.1453474E+01 -0.2199854E-01  0.2568525E+01  0.2568525E+01
  0.1419922E+01  0.1436642E+01 -0.1671969E-01 -0.4199221E+00  0.0000000E+00
  0.1408369E+01  0.1419810E+01 -0.1144083E-01 -0.1408369E+01  0.0000000E+00
  0.1396816E+01  0.1402978E+01 -0.6161982E-02 -0.1396816E+01  0.0000000E+00
  0.1382092E+01  0.1386055E+01 -0.3963512E-02 -0.3820920E+00  0.0000000E+00
  0.1364196E+01  0.1369041E+01 -0.4845425E-02 -0.1364196E+01  0.0000000E+00
  0.1346300E+01  0.1352027E+01 -0.5727339E-02  0.6536999E+00  0.6536999E+00
  0.1328404E+01  0.1335013E+01 -0.6609252E-02 -0.1328404E+01  0.0000000E+00
  0.1306845E+01  0.1318305E+01 -0.1145957E-01 -0.1306845E+01  0.0000000E+00
  0.1281624E+01  0.1301902E+01 -0.2027830E-01 -0.1281624E+01  0.0000000E+00
  0.1256402E+01  0.1285499E+01 -0.2909702E-01  0.2743598E+01  0.2743598E+01
  0.1231180E+01  0.1269096E+01 -0.3791574E-01 -0.2311801E+00  0.0000000E+00
  0.1215995E+01  0.1253471E+01 -0.3747562E-01  0.4784005E+01  0.4784005E+01
  0.1210847E+01  0.1238624E+01 -0.2777664E-01 -0.2108471E+00  0.0000000E+00
  0.1205699E+01  0.1223777E+01 -0.1807766E-01 -0.1205699E+01  0.0000000E+00
  0.1200551E+01  0.1208930E+01 -0.8378680E-02 -0.2005512E+00  0.0000000E+00
  0.1187986E+01  0.1193723E+01 -0.5736796E-02 -0.1187986E+01  0.0000000E+00
  0.1168004E+01  0.1178156E+01 -0.1015200E-01 -0.1168004E+01  0.0000000E+00
  0.1148021E+01  0.1162588E+01 -0.1456721E-01 -0.1480212E+00  0.0000000E+00
  0.1128039E+01  0.1147021E+01 -0.1898242E-01  0.8719612E+00  0.8719612E+00
  0.1112860E+01  0.1131843E+01 -0.1898298E-01 -0.1128603E+00  0.0000000E+00
  0.1102486E+01  0.1117055E+01 -0.1456891E-01  0.8975140E+00  0.8975140E+00
  0.1092111E+01  0.1102266E+01 -0.1015483E-01 -0.1092111E+01  0.0000000E+00
  0.1081737E+01  0.1087478E+01 -0.5740752E-02 -0.1081737E+01  0.0000000E+00
  0.1067876E+01  0.1072736E+01 -0.4860087E-02 -0.1067876E+01  0.0000000E+00
  0.1050529E+01  0.1058042E+01 -0.7512833E-02 -0.5052865E-01  0.0000000E+00
  0.1033181E+01  0.1043347E+01 -0.1016558E-01  0.9668187E+00  0.9668187E+00
  0.1015834E+01  0.1028652E+01 -0.1281832E-01 -0.1015834E+01  0.0000000E+00
  0.1000614E+01  0.1014317E+01 -0.1370370E-01 -0.6138086E-03  0.0000000E+00
  0.9875213E+00  0.1000343E+01 -0.1282172E-01  0.1247871E-01  0.1247871E-01
  0.9744287E+00  0.9863684E+00 -0.1193973E-01 -0.9744287E+00  0.0000000E+00
  0.9613361E+00  0.9723939E+00 -0.1105774E-01 -0.9613361E+00  0.0000000E+00
  0.9484490E+00  0.9586239E+00 -0.1017489E-01  0.2051551E+01  0.2051551E+01
  0.9357672E+00  0.9450584E+00 -0.9291175E-02 -0.9357672E+00  0.0000000E+00
  0.9230855E+00  0.9314929E+00 -0.8407462E-02 -0.9230855E+00  0.0000000E+00
  0.9104037E+00  0.9179274E+00 -0.7523749E-02  0.8959627E-01  0.8959627E-01
  0.8961161E+00  0.9045272E+00 -0.8411131E-02  0.1038839E+00  0.1038839E+00
  0.8802227E+00  0.8912923E+00 -0.1106961E-01 -0.8802227E+00  0.0000000E+00
  0.8643293E+00  0.8780574E+00 -0.1372808E-01  0.1356707E+00  0.1356707E+00
  0.8484359E+00  0.8648224E+00 -0.1638656E-01  0.1515641E+00  0.1515641E+00
  0.8360330E+00  0.8519775E+00 -0.1594452E-01  0.1639670E+00  0.1639670E+00
  0.8271207E+00  0.8395228E+00 -0.1240198E-01  0.1172879E+01  0.1172879E+01
  0.8182085E+00  0.8270679E+00 -0.8859432E-02 -0.8182085E+00  0.0000000E+00
  0.8092962E+00  0.8146132E+00 -0.5316888E-02  0.1907038E+00  0.1907038E+00
  0.7982069E+00  0.8021963E+00 -0.3989380E-02 -0.7982069E+00  0.0000000E+00
  0.7849405E+00  0.7898174E+00 -0.4876910E-02 -0.7849405E+00  0.0000000E+00
  0.7716741E+00  0.7774386E+00 -0.5764441E-02 -0.7716741E+00  0.0000000E+00
  0.7584077E+00  0.7650596E+00 -0.6651971E-02  0.2415923E+00  0.2415923E+00
  0.7440869E+00  0.7529587E+00 -0.8871725E-02 -0.7440869E+00  0.0000000E+00
  0.7287117E+00  0.7411354E+00 -0.1242370E-01  0.2712883E+00  0.2712883E+00
  0.7133365E+00  0.7293122E+00 -0.1597568E-01  0.2866635E+00  0.2866635E+00
  0.6979613E+00  0.7174890E+00 -0.1952766E-01  0.1302039E+01  0.1302039E+01
  0.6866177E+00  0.7061466E+00 -0.1952887E-01  0.1313382E+01  0.1313382E+01
  0.6793056E+00  0.6952850E+00 -0.1597933E-01  0.3206944E+00  0.3206944E+00
  0.6719935E+00  0.6844233E+00 -0.1242978E-01 -0.6719935E+00  0.0000000E+00
  0.6646814E+00  0.6735616E+00 -0.8880236E-02  0.3353186E+00  0.3353186E+00
  0.6551904E+00  0.6627408E+00 -0.7550318E-02  0.3448096E+00  0.3448096E+00
  0.6435206E+00  0.6519606E+00 -0.8440025E-02 -0.6435206E+00  0.0000000E+00
  0.6318507E+00  0.6411805E+00 -0.9329733E-02  0.3681493E+00  0.3681493E+00
  0.6201809E+00  0.6304003E+00 -0.1021944E-01  0.1379819E+01  0.1379819E+01
  0.6101118E+00  0.6198877E+00 -0.9775851E-02 -0.6101118E+00  0.0000000E+00
  0.6016436E+00  0.6096426E+00 -0.7998963E-02 -0.6016436E+00  0.0000000E+00
  0.5931754E+00  0.5993975E+00 -0.6222074E-02 -0.5931754E+00  0.0000000E+00
  0.5847072E+00  0.5891523E+00 -0.4445185E-02  0.4152928E+00  0.4152928E+00
  0.5755261E+00  0.5790831E+00 -0.3557039E-02 -0.5755261E+00  0.0000000E+00
  0.5656320E+00  0.5691897E+00 -0.3557635E-02 -0.5656320E+00  0.0000000E+00
  0.5557380E+00  0.5592963E+00 -0.3558232E-02  0.4442620E+00  0.4442620E+00
  0.5458440E+00  0.5494028E+00 -0.3558828E-02 -0.5458440E+00  0.0000000E+00
  0.5357305E+00  0.5397353E+00 -0.4004750E-02 -0.5357305E+00  0.0000000E+00
  0.5253975E+00  0.5302934E+00 -0.4896000E-02 -0.5253975E+00  0.0000000E+00
  0.5150644E+00  0.5208517E+00 -0.5787250E-02 -0.5150644E+00  0.0000000E+00
  0.5047314E+00  0.5114098E+00 -0.6678500E-02 -0.5047314E+00  0.0000000E+00
  0.4951240E+00  0.5022486E+00 -0.7124591E-02  0.5048760E+00  0.5048760E+00
  0.4862423E+00  0.4933678E+00 -0.7125522E-02  0.5137577E+00  0.5137577E+00
  0.4773606E+00  0.4844871E+00 -0.7126453E-02 -0.4773606E+00  0.0000000E+00
  0.4684789E+00  0.4756063E+00 -0.7127385E-02  0.5315211E+00  0.5315211E+00
  0.4607062E+00  0.4669431E+00 -0.7127850E-02  0.5392938E+00  0.5392938E+00
  0.4540424E+00  0.4584973E+00 -0.7127850E-02 -0.4540424E+00  0.0000000E+00
  0.4473786E+00  0.4500515E+00  0.0000000E+00 -0.4473786E+00  0.0000000E+00
  0.4407148E+00  0.4416058E+00  0.0000000E+00 -0.4407148E+00  0.0000000E+00
  0.4332784E+00  0.4332784E+00  0.0000000E+00 -0.4332784E+00  0.0000000E+00
  0.4250693E+00  0.4250693E+00  0.0000000E+00 -0.4250693E+00  0.0000000E+00
  0.4168603E+00  0.4168603E+00  0.0000000E+00 -0.4168603E+00  0.0000000E+00
  0.4086513E+00  0.4086513E+00  0.0000000E+00 -0.4086513E+00  0.0000000E+00
  0.3997950E+00  0.4006877E+00  0.0000000E+00 -0.3997950E+00  0.0000000E+00
  0.3902914E+00  0.3929696E+00  0.0000000E+00 -0.3902914E+00  0.0000000E+00
  0.3807878E+00  0.3852516E+00 -0.7141897E-02 -0.3807878E+00  0.0000000E+00
  0.3712843E+00  0.3775335E+00 -0.7141897E-02 -0.3712843E+00  0.0000000E+00
  0.3634896E+00  0.3701854E+00 -0.6695816E-02  0.1636510E+01  0.1636510E+01
  0.3574036E+00  0.3632073E+00 -0.5803654E-02 -0.3574036E+00  0.0000000E+00
  0.3513177E+00  0.3562292E+00 -0.4911492E-02  0.6486824E+00  0.6486824E+00
  0.3452317E+00  0.3492510E+00 -0.4019330E-02 -0.3452317E+00  0.0000000E+00
  0.3393367E+00  0.3424633E+00 -0.3573249E-02 -0.3393367E+00  0.0000000E+00
  0.3336327E+00  0.3358660E+00 -0.3573249E-02 -0.3336327E+00  0.0000000E+00
  0.3279287E+00  0.3292687E+00  0.0000000E+00 -0.3279287E+00  0.0000000E+00
  0.3222247E+00  0.3226714E+00  0.0000000E+00 -0.3222247E+00  0.0000000E+00
  0.3162086E+00  0.3162086E+00  0.0000000E+00 -0.3162086E+00  0.0000000E+00
  0.3098803E+00  0.3098803E+00  0.0000000E+00 -0.3098803E+00  0.0000000E+00
  0.3035521E+00  0.3035521E+00  0.0000000E+00 -0.3035521E+00  0.0000000E+00
  0.2972238E+00  0.2972238E+00  0.0000000E+00 -0.2972238E+00  0.0000000E+00
  0.2906361E+00  0.2910836E+00  0.0000000E+00 -0.2906361E+00  0.0000000E+00
  0.2837888E+00  0.2851315E+00  0.0000000E+00 -0.2837888E+00  0.0000000E+00
  0.2769416E+00  0.2791792E+00 -0.3580262E-02  0.7230584E+00  0.7230584E+00
  0.2700943E+00  0.2732271E+00 -0.3580262E-02 -0.2700943E+00  0.0000000E+00
  0.2639095E+00  0.2674901E+00 -0.3580565E-02 -0.2639095E+00  0.0000000E+00
  0.2583872E+00  0.2619684E+00 -0.3581170E-02 -0.2583872E+00  0.0000000E+00
  0.2528649E+00  0.2564467E+00 -0.3581776E-02 -0.2528649E+00  0.0000000E+00
  0.2473426E+00  0.2509249E+00 -0.3582382E-02  0.7526574E+00  0.7526574E+00
  0.2419679E+00  0.2455508E+00 -0.3582908E-02 -0.2419679E+00  0.0000000E+00
  0.2367407E+00  0.2403241E+00 -0.3583355E-02 -0.2367407E+00  0.0000000E+00
  0.2315136E+00  0.2350974E+00 -0.3583801E-02 -0.2315136E+00  0.0000000E+00
  0.2262865E+00  0.2298707E+00 -0.3584248E-02  0.7737135E+00  0.7737135E+00
  0.2212035E+00  0.2247883E+00 -0.3584781E-02 -0.2212035E+00  0.0000000E+00
  0.2162646E+00  0.2198500E+00 -0.3585400E-02 -0.2162646E+00  0.0000000E+00
  0.2113257E+00  0.2149117E+00 -0.3586019E-02 -0.2113257E+00  0.0000000E+00
  0.2063868E+00  0.2099735E+00 -0.3586638E-02 -0.2063868E+00  0.0000000E+00
  0.2015970E+00  0.2051843E+00 -0.3587238E-02 -0.2015970E+00  0.0000000E+00
  0.1969563E+00  0.2005441E+00 -0.3587820E-02  0.8030437E+00  0.8030437E+00
  0.1923156E+00  0.1959040E+00 -0.3588401E-02 -0.1923156E+00  0.0000000E+00
  0.1876749E+00  0.1912639E+00 -0.3588982E-02 -0.1876749E+00  0.0000000E+00
  0.1831833E+00  0.1867728E+00 -0.3589503E-02 -0.1831833E+00  0.0000000E+00
  0.1788409E+00  0.1824308E+00 -0.3589963E-02  0.8211591E+00  0.8211591E+00
  0.1744984E+00  0.1780889E+00 -0.3590424E-02  0.8255016E+00  0.8255016E+00
  0.1701560E+00  0.1737469E+00 -0.3590885E-02 -0.1701560E+00  0.0000000E+00
  0.1664025E+00  0.1695448E+00 -0.3591115E-02 -0.1664025E+00  0.0000000E+00
  0.1632381E+00  0.1654825E+00 -0.3591115E-02 -0.1632381E+00  0.0000000E+00
  0.1600736E+00  0.1614203E+00  0.0000000E+00 -0.1600736E+00  0.0000000E+00
  0.1569091E+00  0.1573580E+00  0.0000000E+00 -0.1569091E+00  0.0000000E+00
  0.1533909E+00  0.1533909E+00  0.0000000E+00 -0.1533909E+00  0.0000000E+00
  0.1495188E+00  0.1495188E+00  0.0000000E+00 -0.1495188E+00  0.0000000E+00
  0.1456467E+00  0.1456467E+00  0.0000000E+00 -0.1456467E+00  0.0000000E+00
  0.1417746E+00  0.1417746E+00  0.0000000E+00 -0.1417746E+00  0.0000000E+00
  0.1380608E+00  0.1380608E+00  0.0000000E+00 -0.1380608E+00  0.0000000E+00
  0.1345051E+00  0.1345051E+00  0.0000000E+00 -0.1345051E+00  0.0000000E+00
  0.1309495E+00  0.1309495E+00  0.0000000E+00 -0.1309495E+00  0.0000000E+00
  0.1273939E+00  0.1273939E+00  0.0000000E+00 -0.1273939E+00  0.0000000E+00
  0.1240174E+00  0.1240174E+00  0.0000000E+00 -0.1240174E+00  0.0000000E+00
  0.1208202E+00  0.1208202E+00  0.0000000E+00 -0.1208202E+00  0.0000000E+00
  0.1176229E+00  0.1176229E+00  0.0000000E+00 -0.1176229E+00  0.0000000E+00
  0.1144257E+00  0.1144257E+00  0.0000000E+00 -0.1144257E+00  0.0000000E+00
  0.1114089E+00  0.1114089E+00  0.0000000E+00 -0.1114089E+00  0.0000000E+00
  0.1085724E+00  0.1085724E+00  0.0000000E+00 -0.1085724E+00  0.0000000E+00
  0.1057360E+00  0.1057360E+00  0.0000000E+00 -0.1057360E+00  0.0000000E+00
  0.1028996E+00  0.1028996E+00  0.0000000E+00 -0.1028996E+00  0.0000000E+00
  0.1002388E+00  0.1002388E+00  0.0000000E+00 -0.1002388E+00  0.0000000E+00
  0.9775359E-01  0.9775359E-01  0.0000000E+00 -0.9775359E-01  0.0000000E+00
  0.9526842E-01  0.9526842E-01  0.0000000E+00 -0.9526842E-01  0.0000000E+00
  0.9278324E-01  0.9278324E-01  0.0000000E+00 -0.9278324E-01  0.0000000E+00
  0.9046672E-01  0.9046672E-01  0.0000000E+00 -0.9046672E-01  0.0000000E+00
  0.8831886E-01  0.8831886E-01  0.0000000E+00 -0.8831886E-01  0.0000000E+00
  0.8617100E-01  0.8617100E-01  0.0000000E+00 -0.8617100E-01  0.0000000E+00
  0.8402314E-01  0.8402314E-01  0.0000000E+00 -0.8402314E-01  0.0000000E+00
  0.8157653E-01  0.8202773E-01  0.0000000E+00 -0.8157653E-01  0.0000000E+00
  0.7883115E-01  0.8018478E-01  0.0000000E+00 -0.7883115E-01  0.0000000E+00
  0.7608578E-01  0.7834183E-01 -0.3609683E-02 -0.7608578E-01  0.0000000E+00
  0.7334040E-01  0.7649887E-01 -0.3609683E-02 -0.7334040E-01  0.0000000E+00
  0.7166595E-01  0.7482442E-01 -0.3609683E-02  0.9283341E+00  0.9283341E+00
  0.7106242E-01  0.7331847E-01 -0.3609683E-02 -0.7106242E-01  0.0000000E+00
  0.7045889E-01  0.7181252E-01  0.0000000E+00 -0.7045889E-01  0.0000000E+00
  0.6985535E-01  0.7030657E-01  0.0000000E+00 -0.6985535E-01  0.0000000E+00
  0.6837858E-01  0.6883028E-01  0.0000000E+00 -0.6837858E-01  0.0000000E+00
  0.6602853E-01  0.6738367E-01  0.0000000E+00 -0.6602853E-01  0.0000000E+00
  0.6367850E-01  0.6593705E-01 -0.3613695E-02 -0.6367850E-01  0.0000000E+00
  0.6132846E-01  0.6449044E-01 -0.3613695E-02 -0.6132846E-01  0.0000000E+00
  0.5997579E-01  0.6313777E-01 -0.3613695E-02 -0.5997579E-01  0.0000000E+00
  0.5962049E-01  0.6187905E-01 -0.3613695E-02  0.9403795E+00  0.9403795E+00
  0.5926519E-01  0.6062033E-01  0.0000000E+00 -0.5926519E-01  0.0000000E+00
  0.5890989E-01  0.5936161E-01  0.0000000E+00 -0.5890989E-01  0.0000000E+00
  0.5810005E-01  0.5810005E-01  0.0000000E+00 -0.5810005E-01  0.0000000E+00
  0.5683567E-01  0.5683567E-01  0.0000000E+00 -0.5683567E-01  0.0000000E+00
  0.5557128E-01  0.5557128E-01  0.0000000E+00 -0.5557128E-01  0.0000000E+00
  0.5430690E-01  0.5430690E-01  0.0000000E+00 -0.5430690E-01  0.0000000E+00
  0.5307462E-01  0.5307462E-01  0.0000000E+00 -0.5307462E-01  0.0000000E+00
  0.5187443E-01  0.5187443E-01  0.0000000E+00 -0.5187443E-01  0.0000000E+00
  0.5067425E-01  0.5067425E-01  0.0000000E+00 -0.5067425E-01  0.0000000E+00
  0.4947406E-01  0.4947406E-01  0.0000000E+00 -0.4947406E-01  0.0000000E+00
  0.4831753E-01  0.4831753E-01  0.0000000E+00 -0.4831753E-01  0.0000000E+00
  0.4720464E-01  0.4720464E-01  0.0000000E+00 -0.4720464E-01  0.0000000E+00
  0.4609175E-01  0.4609175E-01  0.0000000E+00 -0.4609175E-01  0.0000000E+00
  0.4497886E-01  0.4497886E-01  0.0000000E+00 -0.4497886E-01  0.0000000E+00
  0.4390522E-01  0.4390522E-01  0.0000000E+00 -0.4390522E-01  0.0000000E+00
  0.4287083E-01  0.4287083E-01  0.0000000E+00 -0.4287083E-01  0.0000000E+00
  0.4183643E-01  0.4183643E-01  0.0000000E+00 -0.4183643E-01  0.0000000E+00
  0.4080203E-01  0.4080203E-01  0.0000000E+00 -0.4080203E-01  0.0000000E+00
  0.3980444E-01  0.3980444E-01  0.0000000E+00 -0.3980444E-01  0.0000000E+00
  0.3884365E-01  0.3884365E-01  0.0000000E+00 -0.3884365E-01  0.0000000E+00
  0.3788286E-01  0.3788286E-01  0.0000000E+00 -0.3788286E-01  0.0000000E+00
  0.3692208E-01  0.3692208E-01  0.0000000E+00 -0.3692208E-01  0.0000000E+00
  0.3599886E-01  0.3599886E-01  0.0000000E+00 -0.3599886E-01  0.0000000E+00
  0.3511322E-01  0.3511322E-01  0.0000000E+00 -0.3511322E-01  0.0000000E+00
  0.3422758E-01  0.3422758E-01  0.0000000E+00 -0.3422758E-01  0.0000000E+00
  0.3334194E-01  0.3334194E-01  0.0000000E+00 -0.3334194E-01  0.0000000E+00
  0.3204365E-01  0.3249765E-01  0.0000000E+00 -0.3204365E-01  0.0000000E+00
  0.3033271E-01  0.3169472E-01  0.0000000E+00 -0.3033271E-01  0.0000000E+00
  0.2862178E-01  0.3089179E-01 -0.3632025E-02 -0.2862178E-01  0.0000000E+00
  0.2691084E-01  0.3008886E-01 -0.3632025E-02 -0.2691084E-01  0.0000000E+00
  0.2574926E-01  0.2938155E-01 -0.3632292E-02 -0.2574926E-01  0.0000000E+00
  0.2513704E-01  0.2876986E-01 -0.3632827E-02  0.9748629E+00  0.9748629E+00
  0.2452481E-01  0.2815818E-01 -0.3633363E-02 -0.2452481E-01  0.0000000E+00
  0.2391259E-01  0.2754649E-01 -0.3633898E-02 -0.2391259E-01  0.0000000E+00
  0.2379934E-01  0.2697923E-01 -0.3634166E-02  0.9762006E+00  0.9762006E+00
  0.2418504E-01  0.2645640E-01 -0.3634166E-02 -0.2418504E-01  0.0000000E+00
  0.2457075E-01  0.2593356E-01  0.0000000E+00 -0.2457075E-01  0.0000000E+00
  0.2495646E-01  0.2541073E-01  0.0000000E+00 -0.2495646E-01  0.0000000E+00
  0.2487208E-01  0.2487208E-01  0.0000000E+00 -0.2487208E-01  0.0000000E+00
  0.2431760E-01  0.2431760E-01  0.0000000E+00 -0.2431760E-01  0.0000000E+00
  0.2376312E-01  0.2376312E-01  0.0000000E+00 -0.2376312E-01  0.0000000E+00
  0.2320864E-01  0.2320864E-01  0.0000000E+00 -0.2320864E-01  0.0000000E+00
  0.2269554E-01  0.2269554E-01  0.0000000E+00 -0.2269554E-01  0.0000000E+00
  0.2222380E-01  0.2222380E-01  0.0000000E+00 -0.2222380E-01  0.0000000E+00
  0.2175206E-01  0.2175206E-01  0.0000000E+00 -0.2175206E-01  0.0000000E+00
  0.2128032E-01  0.2128032E-01  0.0000000E+00 -0.2128032E-01  0.0000000E+00
  0.2085899E-01  0.2085899E-01  0.0000000E+00 -0.2085899E-01  0.0000000E+00
  0.2048807E-01  0.2048807E-01  0.0000000E+00 -0.2048807E-01  0.0000000E+00
  0.2011715E-01  0.2011715E-01  0.0000000E+00 -0.2011715E-01  0.0000000E+00
  0.1974623E-01  0.1974623E-01  0.0000000E+00 -0.1974623E-01  0.0000000E+00
  0.1941189E-01  0.1941189E-01  0.0000000E+00 -0.1941189E-01  0.0000000E+00
  0.1911413E-01  0.1911413E-01  0.0000000E+00 -0.1911413E-01  0.0000000E+00
  0.1881636E-01  0.1881636E-01  0.0000000E+00 -0.1881636E-01  0.0000000E+00
  0.1851860E-01  0.1851860E-01  0.0000000E+00 -0.1851860E-01  0.0000000E+00
  0.1778996E-01  0.1824594E-01  0.0000000E+00 -0.1778996E-01  0.0000000E+00
  0.1663044E-01  0.1799839E-01  0.0000000E+00 -0.1663044E-01  0.0000000E+00
  0.1547092E-01  0.1775085E-01 -0.3647884E-02  0.9845291E+00  0.9845291E+00
  0.1431140E-01  0.1750330E-01 -0.3647884E-02 -0.1431140E-01  0.0000000E+00
  0.1412739E-01  0.1731929E-01 -0.3647884E-02 -0.1412739E-01  0.0000000E+00
  0.1491889E-01  0.1719882E-01 -0.3647884E-02 -0.1491889E-01  0.0000000E+00
  0.1571039E-01  0.1707834E-01  0.0000000E+00 -0.1571039E-01  0.0000000E+00
  0.1650189E-01  0.1695787E-01  0.0000000E+00 -0.1650189E-01  0.0000000E+00
  0.1679467E-01  0.1679467E-01  0.0000000E+00 -0.1679467E-01  0.0000000E+00
  0.1658874E-01  0.1658874E-01  0.0000000E+00 -0.1658874E-01  0.0000000E+00
  0.1638281E-01  0.1638281E-01  0.0000000E+00 -0.1638281E-01  0.0000000E+00
  0.1617688E-01  0.1617688E-01  0.0000000E+00 -0.1617688E-01  0.0000000E+00
  0.1596993E-01  0.1596993E-01  0.0000000E+00 -0.1596993E-01  0.0000000E+00
  0.1576196E-01  0.1576196E-01  0.0000000E+00 -0.1576196E-01  0.0000000E+00
  0.1555399E-01  0.1555399E-01  0.0000000E+00 -0.1555399E-01  0.0000000E+00
  0.1534602E-01  0.1534602E-01  0.0000000E+00 -0.1534602E-01  0.0000000E+00
  0.1515380E-01  0.1515380E-01  0.0000000E+00 -0.1515380E-01  0.0000000E+00
  0.1497731E-01  0.1497731E-01  0.0000000E+00 -0.1497731E-01  0.0000000E+00
  0.1480082E-01  0.1480082E-01  0.0000000E+00 -0.1480082E-01  0.0000000E+00
  0.1462433E-01  0.1462433E-01  0.0000000E+00 -0.1462433E-01  0.0000000E+00
  0.1399766E-01  0.1445504E-01  0.0000000E+00 -0.1399766E-01  0.0000000E+00
  0.1292081E-01  0.1429295E-01  0.0000000E+00 -0.1292081E-01  0.0000000E+00
  0.1184395E-01  0.1413086E-01 -0.3659057E-02  0.9881560E+00  0.9881560E+00
  0.1076710E-01  0.1396878E-01 -0.3659057E-02 -0.1076710E-01  0.0000000E+00
  0.1022867E-01  0.1385968E-01 -0.8236017E-02 -0.1022867E-01  0.0000000E+00
  0.1022867E-01  0.1380359E-01 -0.1738994E-01 -0.1022867E-01  0.0000000E+00
 -0.2661138E-01  0.1374750E-01 -0.2654386E-01  0.2661138E-01  0.2661138E-01
 -0.2661138E-01  0.1369140E-01 -0.3569778E-01  0.2661138E-01  0.2661138E-01
 -0.2661138E-01  0.1366336E-01 -0.4027474E-01  0.2661138E-01  0.2661138E-01
 -0.2661138E-01  0.1366336E-01 -0.4027474E-01  0.1102661E+02  0.1102661E+02
