           1   7.580913    
           2   8.209912    
           3   8.841602    
           4   9.470363    
           5   10.09057    
           6   10.69676    
           7   11.28372    
           8   11.84664    
           9   12.38125    
          10   12.88384    
          11   13.35138    
          12   13.78156    
          13   14.17280    
          14   14.52424    
          15   14.83577    
          16   15.10792    
          17   15.34186    
          18   15.53927    
          19   15.70232    
          20   15.83354    
          21   15.93572    
          22   16.01186    
          23   16.06505    
          24   16.09839    
          25   16.11494    
          26   16.11761    
          27   16.10917    
          28   16.09215    
          29   16.06886    
          30   16.04130    
          31   16.01129    
          32   15.98028    
          33   15.94953    
          34   15.92003    
          35   15.89255    
          36   15.86765    
          37   15.84573    
          38   15.82704    
          39   15.81169    
          40   15.79971    
          41   15.79105    
          42   15.78558    
          43   15.78315    
          44   15.78359    
          45   15.78668    
          46   15.79223    
          47   15.80000    
          48   15.80980    
          49   15.82139    
          50   15.83459    
          51   15.84915    
          52   15.86490    
          53   15.88161    
          54   15.89907    
          55   15.91709    
          56   15.93546    
          57   15.95400    
          58   15.97251    
          59   15.99078    
          60   16.00867    
          61   16.02600    
          62   16.04263    
          63   16.05842    
          64   16.07328    
          65   16.08710    
          66   16.09981    
          67   16.11137    
          68   16.12173    
          69   16.13091    
          70   16.13888    
          71   16.14568    
          72   16.15134    
          73   16.15590    
          74   16.15940    
          75   16.16187    
          76   16.16336    
          77   16.16390    
          78   16.16352    
          79   16.16225    
          80   16.16007    
          81   16.15699    
          82   16.15298    
          83   16.14804    
          84   16.14210    
          85   16.13515    
          86   16.12712    
          87   16.11797    
          88   16.10765    
          89   16.09611    
          90   16.08332    
          91   16.06922    
          92   16.05381    
          93   16.03705    
          94   16.01896    
          95   15.99953    
          96   15.97877    
          97   15.95672    
          98   15.93341    
          99   15.90889    
         100   15.88322    
         101   15.85645    
         102   15.82865    
         103   15.79989    
         104   15.77022    
         105   15.73971    
         106   15.70845    
         107   15.67648    
         108   15.64385    
         109   15.61063    
         110   15.57686    
         111   15.54257    
         112   15.50782    
         113   15.47261    
         114   15.43700    
         115   15.40098    
         116   15.36458    
         117   15.32782    
         118   15.29070    
         119   15.25321    
         120   15.21539    
         121   15.17721    
         122   15.13868    
         123   15.09981    
         124   15.06059    
         125   15.02101    
         126   14.98109    
         127   14.94081    
         128   14.90020    
         129   14.85926    
         130   14.81799    
         131   14.77642    
         132   14.73457    
         133   14.69246    
         134   14.65012    
         135   14.60760    
         136   14.56492    
         137   14.52213    
         138   14.47928    
         139   14.43639    
         140   14.39352    
         141   14.35071    
         142   14.30798    
         143   14.26536    
         144   14.22287    
         145   14.18052    
         146   14.13832    
         147   14.09626    
         148   14.05431    
         149   14.01246    
         150   13.97067    
         151   13.92890    
         152   13.88710    
         153   13.84523    
         154   13.80321    
         155   13.76103    
         156   13.71862    
         157   13.67593    
         158   13.63294    
         159   13.58960    
         160   13.54589    
         161   13.50181    
         162   13.45735    
         163   13.41250    
         164   13.36726    
         165   13.32166    
         166   13.27570    
         167   13.22939    
         168   13.18274    
         169   13.13576    
         170   13.08843    
         171   13.04074    
         172   12.99266    
         173   12.94416    
         174   12.89518    
         175   12.84567    
         176   12.79555    
         177   12.74477    
         178   12.69325    
         179   12.64092    
         180   12.58776    
         181   12.53372    
         182   12.47881    
         183   12.42305    
         184   12.36648    
         185   12.30921    
         186   12.25135    
         187   12.19304    
         188   12.13449    
         189   12.07588    
         190   12.01742    
         191   11.95934    
         192   11.90187    
         193   11.84521    
         194   11.78955    
         195   11.73506    
         196   11.68187    
         197   11.63009    
         198   11.57977    
         199   11.53091    
         200   11.48350    
         201   11.43750    
         202   11.39280    
         203   11.34929    
         204   11.30684    
         205   11.26531    
         206   11.22453    
         207   11.18438    
         208   11.14469    
         209   11.10533    
         210   11.06620    
         211   11.02717    
         212   10.98818    
         213   10.94915    
         214   10.91004    
         215   10.87081    
         216   10.83145    
         217   10.79194    
         218   10.75231    
         219   10.71256    
         220   10.67270    
         221   10.63276    
         222   10.59276    
         223   10.55273    
         224   10.51268    
         225   10.47263    
         226   10.43261    
         227   10.39262    
         228   10.35266    
         229   10.31274    
         230   10.27287    
         231   10.23303    
         232   10.19321    
         233   10.15339    
         234   10.11356    
         235   10.07368    
         236   10.03372    
         237   9.993649    
         238   9.953412    
         239   9.912979    
         240   9.872296    
         241   9.831319    
         242   9.790002    
         243   9.748298    
         244   9.706168    
         245   9.663565    
         246   9.620462    
         247   9.576833    
         248   9.532658    
         249   9.487917    
         250   9.442602    
         251   9.396712    
         252   9.350251    
         253   9.303227    
         254   9.255651    
         255   9.207541    
         256   9.158907    
         257   9.109771    
         258   9.060143    
         259   9.010047    
         260   8.959490    
         261   8.908484    
         262   8.857039    
         263   8.805157    
         264   8.752847    
         265   8.700111    
         266   8.646950    
         267   8.593368    
         268   8.539376    
         269   8.484977    
         270   8.430182    
         271   8.375014    
         272   8.319479    
         273   8.263603    
         274   8.207411    
         275   8.150934    
         276   8.094203    
         277   8.037241    
         278   7.980086    
         279   7.922769    
         280   7.865320    
         281   7.807767    
         282   7.750143    
         283   7.692459    
         284   7.634742    
         285   7.577005    
         286   7.519256    
         287   7.461501    
         288   7.403745    
         289   7.345983    
         290   7.288203    
         291   7.230394    
         292   7.172545    
         293   7.114633    
         294   7.056639    
         295   6.998542    
         296   6.940311    
         297   6.881927    
         298   6.823357    
         299   6.764576    
         300   6.705559    
         301   6.646279    
         302   6.586713    
         303   6.526840    
         304   6.466645    
         305   6.406116    
         306   6.345250    
         307   6.284054    
         308   6.222541    
         309   6.160735    
         310   6.098677    
         311   6.036407    
         312   5.973993    
         313   5.911499    
         314   5.849003    
         315   5.786589    
         316   5.724350    
         317   5.662372    
         318   5.600746    
         319   5.539554    
         320   5.478873    
         321   5.418767    
         322   5.359293    
         323   5.300488    
         324   5.242384    
         325   5.184991    
         326   5.128314    
         327   5.072343    
         328   5.017061    
         329   4.962448    
         330   4.908473    
         331   4.855118    
         332   4.802351    
         333   4.750155    
         334   4.698514    
         335   4.647418    
         336   4.596865    
         337   4.546854    
         338   4.497391    
         339   4.448488    
         340   4.400156    
         341   4.352410    
         342   4.305257    
         343   4.258705    
         344   4.212762    
         345   4.167425    
         346   4.122687    
         347   4.078536    
         348   4.034953    
         349   3.991917    
         350   3.949403    
         351   3.907376    
         352   3.865809    
         353   3.824666    
         354   3.783914    
         355   3.743520    
         356   3.703453    
         357   3.663683    
         358   3.624184    
         359   3.584930    
         360   3.545900    
         361   3.507074    
         362   3.468434    
         363   3.429965    
         364   3.391655    
         365   3.353491    
         366   3.315463    
         367   3.277561    
         368   3.239777    
         369   3.202105    
         370   3.164538    
         371   3.127068    
         372   3.089694    
         373   3.052411    
         374   3.015215    
         375   2.978101    
         376   2.941071    
         377   2.904122    
         378   2.867251    
         379   2.830462    
         380   2.793752    
         381   2.757123    
         382   2.720577    
         383   2.684116    
         384   2.647739    
         385   2.611452    
         386   2.575254    
         387   2.539148    
         388   2.503139    
         389   2.467228    
         390   2.431420    
         391   2.395719    
         392   2.360129    
         393   2.324656    
         394   2.289305    
         395   2.254083    
         396   2.218999    
         397   2.184060    
         398   2.149272    
         399   2.114646    
         400   2.080191    
         401   2.045915    
         402   2.011827    
         403   1.977937    
         404   1.944250    
         405   1.910776    
         406   1.877521    
         407   1.844491    
         408   1.811693    
         409   1.779131    
         410   1.746811    
         411   1.714738    
         412   1.682913    
         413   1.651341    
         414   1.620025    
         415   1.588966    
         416   1.558166    
         417   1.527626    
         418   1.497346    
         419   1.467327    
         420   1.437567    
         421   1.408065    
         422   1.378820    
         423   1.349829    
         424   1.321090    
         425   1.292598    
         426   1.264353    
         427   1.236349    
         428   1.208582    
         429   1.181048    
         430   1.153744    
         431   1.126663    
         432   1.099800    
         433   1.073150    
         434   1.046706    
         435   1.020461    
         436  0.9944105    
         437  0.9685466    
         438  0.9428633    
         439  0.9173553    
         440  0.8920167    
         441  0.8668437    
         442  0.8418325    
         443  0.8169809    
         444  0.7922885    
         445  0.7677547    
         446  0.7433820    
         447  0.7191725    
         448  0.6951308    
         449  0.6712617    
         450  0.6475719    
         451  0.6240683    
         452  0.6007587    
         453  0.5776533    
         454  0.5547613    
         455  0.5320942    
         456  0.5096642    
         457  0.4874837    
         458  0.4655683    
         459  0.4439334    
         460  0.4225958    
         461  0.4015737    
         462  0.3808867    
         463  0.3605552    
         464  0.3406006    
         465  0.3210453    
         466  0.3019119    
         467  0.2832238    
         468  0.2650045    
         469  0.2472775    
         470  0.2300661    
         471  0.2133939    
         472  0.1972836    
         473  0.1817577    
         474  0.1668380    
         475  0.1525455    
         476  0.1389001    
         477  0.1259201    
         478  0.1136224    
         479  0.1020212    
         480  9.1128170E-02
         481  8.0951460E-02
         482  7.1495436E-02
         483  6.2759981E-02
         484  5.4740090E-02
         485  4.7425415E-02
         486  4.0800832E-02
         487  3.4845214E-02
         488  2.9532468E-02
         489  2.4831627E-02
         490  2.0707484E-02
         491  1.7121237E-02
         492  1.4031338E-02
         493  1.1394390E-02
         494  9.1661150E-03
         495  7.3022572E-03
         496  5.7594962E-03
         497  4.4962168E-03
         498  3.4731759E-03
         499  2.6540409E-03
         500  2.0057424E-03
         501  1.4987119E-03
         502  1.1069448E-03
         503  8.0796360E-04
         504  5.8265164E-04
         505  4.1502650E-04
         506  2.9193581E-04
         507  2.0274268E-04
         508  1.3897949E-04
         509  9.4016701E-05
         510  6.2749423E-05
         511  4.1310283E-05
         512  2.6819980E-05
         513  1.7167367E-05
         514  1.0802311E-05
         515  6.7085466E-06
         516  4.1015055E-06
         517  2.4683916E-06
         518  1.4599183E-06
         519  8.4798961E-07
         520  4.8339462E-07
         521  2.6976326E-07
         522  1.4712707E-07
         523  7.7818498E-08
         524  3.9898481E-08
         525  1.9655266E-08
         526  9.2590398E-09
         527  4.0493382E-09
         528  1.6054176E-09
         529  5.3024757E-10
         530  1.3053281E-10
         531  1.9772923E-11
         532  0.0000000E+00
         533  0.0000000E+00
         534  0.0000000E+00
         535  0.0000000E+00
         536  0.0000000E+00
         537  0.0000000E+00
         538  0.0000000E+00
         539  0.0000000E+00
         540  0.0000000E+00
         541  0.0000000E+00
         542  0.0000000E+00
         543  0.0000000E+00
         544  0.0000000E+00
         545  0.0000000E+00
         546  0.0000000E+00
         547  0.0000000E+00
         548  0.0000000E+00
         549  0.0000000E+00
         550  0.0000000E+00
         551  0.0000000E+00
         552  0.0000000E+00
         553  0.0000000E+00
         554  0.0000000E+00
         555  0.0000000E+00
         556  0.0000000E+00
         557  0.0000000E+00
         558  0.0000000E+00
         559  0.0000000E+00
         560  0.0000000E+00
         561  0.0000000E+00
         562  0.0000000E+00
         563  0.0000000E+00
         564  0.0000000E+00
         565  0.0000000E+00
         566  0.0000000E+00
         567  0.0000000E+00
         568  0.0000000E+00
         569  0.0000000E+00
         570  0.0000000E+00
         571  0.0000000E+00
         572  0.0000000E+00
         573  0.0000000E+00
         574  0.0000000E+00
         575  0.0000000E+00
         576  0.0000000E+00
         577  0.0000000E+00
         578  0.0000000E+00
         579  0.0000000E+00
         580  0.0000000E+00
         581  0.0000000E+00
         582  0.0000000E+00
         583  0.0000000E+00
         584  0.0000000E+00
         585  0.0000000E+00
         586  0.0000000E+00
         587  0.0000000E+00
         588  0.0000000E+00
         589  0.0000000E+00
         590  0.0000000E+00
         591  0.0000000E+00
         592  0.0000000E+00
         593  0.0000000E+00
         594  0.0000000E+00
         595  0.0000000E+00
         596  0.0000000E+00
         597  0.0000000E+00
         598  0.0000000E+00
         599  0.0000000E+00
         600  0.0000000E+00
         601  0.0000000E+00
         602  0.0000000E+00
         603  0.0000000E+00
         604  0.0000000E+00
         605  0.0000000E+00
         606  0.0000000E+00
         607  0.0000000E+00
         608  0.0000000E+00
         609  0.0000000E+00
         610  0.0000000E+00
         611  0.0000000E+00
         612  0.0000000E+00
         613  0.0000000E+00
         614  0.0000000E+00
         615  0.0000000E+00
         616  0.0000000E+00
         617  0.0000000E+00
         618  0.0000000E+00
         619  0.0000000E+00
         620  0.0000000E+00
         621  0.0000000E+00
         622  0.0000000E+00
         623  0.0000000E+00
         624  0.0000000E+00
         625  0.0000000E+00
         626  0.0000000E+00
         627  0.0000000E+00
         628  0.0000000E+00
         629  0.0000000E+00
         630  0.0000000E+00
         631  0.0000000E+00
         632  0.0000000E+00
         633  0.0000000E+00
         634  0.0000000E+00
         635  0.0000000E+00
         636  0.0000000E+00
         637  0.0000000E+00
         638  0.0000000E+00
         639  0.0000000E+00
         640  0.0000000E+00
         641  0.0000000E+00
         642  0.0000000E+00
         643  0.0000000E+00
         644  0.0000000E+00
         645  0.0000000E+00
         646  0.0000000E+00
         647  0.0000000E+00
         648  0.0000000E+00
         649  0.0000000E+00
         650  0.0000000E+00
         651  0.0000000E+00
         652  0.0000000E+00
         653  0.0000000E+00
         654  0.0000000E+00
         655  0.0000000E+00
         656  0.0000000E+00
         657  0.0000000E+00
         658  0.0000000E+00
         659  0.0000000E+00
         660  0.0000000E+00
         661  0.0000000E+00
         662  0.0000000E+00
         663  0.0000000E+00
         664  0.0000000E+00
         665  0.0000000E+00
         666  0.0000000E+00
         667  0.0000000E+00
         668  0.0000000E+00
         669  0.0000000E+00
         670  0.0000000E+00
         671  0.0000000E+00
         672  0.0000000E+00
         673  0.0000000E+00
         674  0.0000000E+00
         675  0.0000000E+00
         676  0.0000000E+00
         677  0.0000000E+00
         678  0.0000000E+00
         679  0.0000000E+00
         680  0.0000000E+00
         681  0.0000000E+00
         682  0.0000000E+00
         683  0.0000000E+00
         684  0.0000000E+00
         685  0.0000000E+00
         686  0.0000000E+00
         687  0.0000000E+00
         688  0.0000000E+00
         689  0.0000000E+00
         690  0.0000000E+00
         691  0.0000000E+00
         692  0.0000000E+00
         693  0.0000000E+00
         694  0.0000000E+00
         695  0.0000000E+00
         696  0.0000000E+00
         697  0.0000000E+00
         698  0.0000000E+00
         699  0.0000000E+00
         700  0.0000000E+00
         701  0.0000000E+00
         702  0.0000000E+00
         703  0.0000000E+00
         704  0.0000000E+00
         705  0.0000000E+00
         706  0.0000000E+00
         707  0.0000000E+00
         708  0.0000000E+00
         709  0.0000000E+00
         710  0.0000000E+00
         711  0.0000000E+00
         712  0.0000000E+00
         713  0.0000000E+00
         714  0.0000000E+00
         715  0.0000000E+00
         716  0.0000000E+00
         717  0.0000000E+00
         718  0.0000000E+00
         719  0.0000000E+00
         720  0.0000000E+00
         721  0.0000000E+00
         722  0.0000000E+00
         723  0.0000000E+00
         724  0.0000000E+00
         725  0.0000000E+00
         726  0.0000000E+00
         727  0.0000000E+00
         728  0.0000000E+00
         729  0.0000000E+00
         730  0.0000000E+00
         731  0.0000000E+00
         732  0.0000000E+00
         733  0.0000000E+00
         734  0.0000000E+00
         735  0.0000000E+00
         736  0.0000000E+00
         737  0.0000000E+00
         738  0.0000000E+00
         739  0.0000000E+00
         740  0.0000000E+00
         741  0.0000000E+00
         742  0.0000000E+00
         743  0.0000000E+00
         744  0.0000000E+00
         745  0.0000000E+00
         746  0.0000000E+00
         747  0.0000000E+00
         748  0.0000000E+00
         749  0.0000000E+00
         750  0.0000000E+00
         751  0.0000000E+00
         752  0.0000000E+00
         753  0.0000000E+00
         754  0.0000000E+00
         755  0.0000000E+00
         756  0.0000000E+00
         757  0.0000000E+00
         758  0.0000000E+00
         759  0.0000000E+00
         760  0.0000000E+00
         761  0.0000000E+00
         762  0.0000000E+00
         763  0.0000000E+00
         764  0.0000000E+00
         765  0.0000000E+00
         766  0.0000000E+00
         767  0.0000000E+00
         768  0.0000000E+00
         769  0.0000000E+00
         770  0.0000000E+00
         771  0.0000000E+00
         772  0.0000000E+00
         773  0.0000000E+00
         774  0.0000000E+00
         775  0.0000000E+00
         776  0.0000000E+00
         777  0.0000000E+00
         778  0.0000000E+00
         779  0.0000000E+00
         780  0.0000000E+00
         781  0.0000000E+00
         782  0.0000000E+00
         783  0.0000000E+00
         784  0.0000000E+00
         785  0.0000000E+00
         786  0.0000000E+00
         787  0.0000000E+00
         788  0.0000000E+00
         789  0.0000000E+00
         790  0.0000000E+00
         791  0.0000000E+00
         792  0.0000000E+00
         793  0.0000000E+00
         794  0.0000000E+00
         795  0.0000000E+00
         796  0.0000000E+00
         797  0.0000000E+00
         798  0.0000000E+00
         799  0.0000000E+00
         800  0.0000000E+00
         801  0.0000000E+00
         802  0.0000000E+00
         803  0.0000000E+00
         804  0.0000000E+00
         805  0.0000000E+00
         806  0.0000000E+00
         807  0.0000000E+00
         808  0.0000000E+00
         809  0.0000000E+00
         810  0.0000000E+00
         811  0.0000000E+00
         812  0.0000000E+00
         813  0.0000000E+00
         814  0.0000000E+00
         815  0.0000000E+00
         816  0.0000000E+00
         817  0.0000000E+00
         818  0.0000000E+00
         819  0.0000000E+00
         820  0.0000000E+00
         821  0.0000000E+00
         822  0.0000000E+00
         823  0.0000000E+00
         824  0.0000000E+00
         825  0.0000000E+00
         826  0.0000000E+00
         827  0.0000000E+00
         828  0.0000000E+00
         829  0.0000000E+00
         830  0.0000000E+00
         831  0.0000000E+00
         832  0.0000000E+00
         833  0.0000000E+00
         834  0.0000000E+00
         835  0.0000000E+00
         836  0.0000000E+00
         837  0.0000000E+00
         838  0.0000000E+00
         839  0.0000000E+00
         840  0.0000000E+00
         841  0.0000000E+00
         842  0.0000000E+00
         843  0.0000000E+00
         844  0.0000000E+00
         845  0.0000000E+00
         846  0.0000000E+00
         847  0.0000000E+00
         848  0.0000000E+00
         849  0.0000000E+00
         850  0.0000000E+00
         851  0.0000000E+00
         852  0.0000000E+00
         853  0.0000000E+00
         854  0.0000000E+00
         855  0.0000000E+00
         856  0.0000000E+00
         857  0.0000000E+00
         858  0.0000000E+00
         859  0.0000000E+00
         860  0.0000000E+00
         861  0.0000000E+00
         862  0.0000000E+00
         863  0.0000000E+00
         864  0.0000000E+00
         865  0.0000000E+00
         866  0.0000000E+00
         867  0.0000000E+00
         868  0.0000000E+00
         869  0.0000000E+00
         870  0.0000000E+00
         871  0.0000000E+00
         872  0.0000000E+00
         873  0.0000000E+00
         874  0.0000000E+00
         875  0.0000000E+00
         876  0.0000000E+00
         877  0.0000000E+00
         878  0.0000000E+00
         879  0.0000000E+00
         880  0.0000000E+00
         881  0.0000000E+00
         882  0.0000000E+00
         883  0.0000000E+00
         884  0.0000000E+00
         885  0.0000000E+00
         886  0.0000000E+00
         887  0.0000000E+00
         888  0.0000000E+00
         889  0.0000000E+00
         890  0.0000000E+00
         891  0.0000000E+00
         892  0.0000000E+00
         893  0.0000000E+00
         894  0.0000000E+00
         895  0.0000000E+00
         896  0.0000000E+00
         897  0.0000000E+00
         898  0.0000000E+00
         899  0.0000000E+00
         900  0.0000000E+00
         901  0.0000000E+00
         902  0.0000000E+00
         903  0.0000000E+00
         904  0.0000000E+00
         905  0.0000000E+00
         906  0.0000000E+00
         907  0.0000000E+00
         908  0.0000000E+00
         909  0.0000000E+00
         910  0.0000000E+00
         911  0.0000000E+00
         912  0.0000000E+00
         913  0.0000000E+00
         914  0.0000000E+00
         915  0.0000000E+00
         916  0.0000000E+00
         917  0.0000000E+00
         918  0.0000000E+00
         919  0.0000000E+00
         920  0.0000000E+00
         921  0.0000000E+00
         922  0.0000000E+00
         923  0.0000000E+00
         924  0.0000000E+00
         925  0.0000000E+00
         926  0.0000000E+00
         927  0.0000000E+00
         928  0.0000000E+00
         929  0.0000000E+00
         930  0.0000000E+00
         931  0.0000000E+00
         932  0.0000000E+00
         933  0.0000000E+00
         934  0.0000000E+00
         935  0.0000000E+00
         936  0.0000000E+00
         937  0.0000000E+00
         938  0.0000000E+00
         939  0.0000000E+00
         940  0.0000000E+00
         941  0.0000000E+00
         942  0.0000000E+00
         943  0.0000000E+00
         944  0.0000000E+00
         945  0.0000000E+00
         946  0.0000000E+00
         947  0.0000000E+00
         948  0.0000000E+00
         949  0.0000000E+00
         950  0.0000000E+00
         951  0.0000000E+00
         952  0.0000000E+00
         953  0.0000000E+00
         954  0.0000000E+00
         955  0.0000000E+00
         956  0.0000000E+00
         957  0.0000000E+00
         958  0.0000000E+00
         959  0.0000000E+00
         960  0.0000000E+00
         961  0.0000000E+00
         962  0.0000000E+00
         963  0.0000000E+00
         964  0.0000000E+00
         965  0.0000000E+00
         966  0.0000000E+00
         967  0.0000000E+00
         968  0.0000000E+00
         969  0.0000000E+00
         970  0.0000000E+00
         971  0.0000000E+00
         972  0.0000000E+00
         973  0.0000000E+00
         974  0.0000000E+00
         975  0.0000000E+00
         976  0.0000000E+00
         977  0.0000000E+00
         978  0.0000000E+00
         979  0.0000000E+00
         980  0.0000000E+00
         981  0.0000000E+00
         982  0.0000000E+00
         983  0.0000000E+00
         984  0.0000000E+00
         985  0.0000000E+00
         986  0.0000000E+00
         987  0.0000000E+00
         988  0.0000000E+00
         989  0.0000000E+00
         990  0.0000000E+00
         991  0.0000000E+00
         992  0.0000000E+00
         993  0.0000000E+00
         994  0.0000000E+00
         995  0.0000000E+00
         996  0.0000000E+00
         997  0.0000000E+00
         998  0.0000000E+00
         999  0.0000000E+00
        1000  0.0000000E+00
        1001  0.0000000E+00
        1002  0.0000000E+00
        1003  0.0000000E+00
        1004  0.0000000E+00
        1005  0.0000000E+00
        1006  0.0000000E+00
        1007  0.0000000E+00
        1008  0.0000000E+00
        1009  0.0000000E+00
        1010  0.0000000E+00
        1011  0.0000000E+00
        1012  0.0000000E+00
        1013  0.0000000E+00
        1014  0.0000000E+00
        1015  0.0000000E+00
        1016  0.0000000E+00
        1017  0.0000000E+00
        1018  0.0000000E+00
        1019  0.0000000E+00
        1020  0.0000000E+00
        1021  0.0000000E+00
        1022  0.0000000E+00
        1023  0.0000000E+00
        1024  0.0000000E+00
