           0
 F
           0
 F
           4
  6.9999999E-07
  0.0000000E+00
   1.900000    
  0.2000000    
   1.200000    
           2
   1000.000    
  0.0000000E+00
 F
  0.0000000E+00
   117.0000    
        1024
  0.0000000E+00   3.517200       95.18100    
  0.0000000E+00  0.0000000E+00  0.0000000E+00  0.1170000E+03  0.1170000E+03
 -0.3294475E+00  0.0000000E+00 -0.3294475E+00  0.3532945E+02  0.3532945E+02
  0.0000000E+00  0.0000000E+00  0.0000000E+00  0.3100000E+02  0.3100000E+02
  0.0000000E+00  0.0000000E+00  0.0000000E+00  0.2600000E+02  0.2600000E+02
 -0.3294474E+00  0.0000000E+00 -0.3294474E+00  0.2432945E+02  0.2432945E+02
 -0.3294474E+00  0.0000000E+00 -0.3294474E+00  0.1932945E+02  0.1932945E+02
 -0.3245171E+00  0.0000000E+00 -0.3284639E+00  0.1832452E+02  0.1832452E+02
 -0.3146565E+00  0.0000000E+00 -0.3264968E+00  0.1131466E+02  0.1131466E+02
 -0.3047959E+00  0.3157392E-01 -0.3245296E+00  0.2130480E+02  0.2130480E+02
 -0.2949353E+00  0.3157392E-01 -0.3225625E+00  0.1129494E+02  0.1129494E+02
 -0.2719600E+00  0.3534808E-01 -0.3073081E+00  0.1527196E+02  0.1527196E+02
 -0.2358702E+00  0.4289642E-01 -0.2787666E+00  0.2323587E+02  0.2323587E+02
 -0.1997803E+00  0.5044475E-01 -0.2502250E+00  0.1719978E+02  0.1719978E+02
 -0.1636904E+00  0.5799308E-01 -0.2216835E+00  0.1216369E+02  0.1216369E+02
 -0.1749311E+00  0.6317090E-01 -0.2381020E+00  0.8174932E+01  0.8174932E+01
 -0.2335024E+00  0.6597824E-01 -0.2994806E+00  0.8233502E+01  0.8233502E+01
 -0.2920736E+00  0.6878556E-01 -0.3608592E+00  0.2529207E+02  0.2529207E+02
 -0.3506449E+00  0.7159289E-01 -0.4222378E+00  0.1935065E+02  0.1935065E+02
 -0.3773417E+00  0.7686897E-01 -0.4542106E+00  0.2637734E+02  0.2637734E+02
 -0.3721638E+00  0.8461384E-01 -0.4567776E+00  0.2837216E+02  0.2837216E+02
 -0.3669859E+00  0.9235869E-01 -0.4593447E+00  0.3636699E+02  0.3636699E+02
 -0.3618081E+00  0.1001035E+00 -0.4619116E+00  0.3136181E+02  0.3136181E+02
 -0.3265494E+00  0.1077521E+00 -0.4343016E+00  0.2232655E+02  0.2232655E+02
 -0.2612100E+00  0.1153045E+00 -0.3765145E+00  0.1126121E+02  0.1126121E+02
 -0.1958706E+00  0.1228568E+00 -0.3187273E+00  0.1319587E+02  0.1319587E+02
 -0.1305311E+00  0.1304091E+00 -0.2609402E+00  0.1213053E+02  0.1213053E+02
 -0.1042590E+00  0.1342293E+00 -0.2384884E+00  0.1310426E+02  0.1310426E+02
 -0.1170543E+00  0.1343175E+00 -0.2513717E+00  0.1211705E+02  0.1211705E+02
 -0.1298496E+00  0.1344056E+00 -0.2642551E+00  0.1212985E+02  0.1212985E+02
 -0.1426448E+00  0.1344937E+00 -0.2771386E+00  0.4142645E+01  0.4142645E+01
 -0.1609294E+00  0.1349240E+00 -0.2958533E+00  0.8160930E+01  0.8160930E+01
 -0.1847031E+00  0.1356963E+00 -0.3203995E+00  0.3718470E+02  0.3718470E+02
 -0.2084769E+00  0.1364687E+00 -0.3449456E+00  0.2720848E+02  0.2720848E+02
 -0.2322507E+00  0.1372410E+00 -0.3694917E+00  0.1923225E+02  0.1923225E+02
 -0.2259216E+00  0.1395870E+00 -0.3655087E+00  0.2322592E+02  0.2322592E+02
 -0.1894897E+00  0.1435067E+00 -0.3329964E+00  0.1318949E+02  0.1318949E+02
 -0.1530578E+00  0.1474264E+00 -0.3004842E+00  0.2115306E+02  0.2115306E+02
 -0.1166259E+00  0.1513461E+00 -0.2679719E+00  0.1311663E+02  0.1311663E+02
 -0.1041349E+00  0.1534490E+00 -0.2575839E+00  0.1210413E+02  0.1210413E+02
 -0.1155848E+00  0.1537353E+00 -0.2693201E+00  0.8115584E+01  0.8115584E+01
 -0.1270348E+00  0.1540215E+00 -0.2810563E+00  0.1812704E+02  0.1812704E+02
 -0.1384847E+00  0.1543078E+00 -0.2927925E+00  0.1713848E+02  0.1713848E+02
 -0.1366066E+00  0.1550831E+00 -0.2916897E+00  0.1913661E+02  0.1913661E+02
 -0.1214003E+00  0.1563476E+00 -0.2777478E+00  0.1012140E+02  0.1012140E+02
 -0.1061940E+00  0.1576120E+00 -0.2638059E+00  0.2210619E+02  0.2210619E+02
 -0.9098763E-01  0.1588764E+00 -0.2498641E+00  0.1109099E+02  0.1109099E+02
 -0.8456451E-01  0.1595240E+00 -0.2440886E+00  0.1008456E+02  0.1008456E+02
 -0.8692457E-01  0.1595548E+00 -0.2464794E+00  0.9086925E+01  0.9086925E+01
 -0.8928463E-01  0.1595856E+00 -0.2488703E+00  0.2408928E+02  0.2408928E+02
 -0.9164469E-01  0.1596164E+00 -0.2512611E+00  0.8091644E+01  0.8091644E+01
 -0.1177996E+00  0.1598312E+00 -0.2776308E+00  0.1311780E+02  0.1311780E+02
 -0.1677493E+00  0.1602300E+00 -0.3279793E+00  0.9167749E+01  0.9167749E+01
 -0.2176990E+00  0.1606288E+00 -0.3783278E+00  0.1921770E+02  0.1921770E+02
 -0.2676487E+00  0.1610275E+00 -0.4286763E+00  0.3267649E+01  0.3267649E+01
 -0.9907617E+01  0.1642545E+00 -0.1007187E+02  0.2390762E+02  0.2390762E+02
 -0.2913760E+02  0.1703097E+00 -0.2930791E+02  0.9013760E+02  0.9013760E+02
 -0.4836759E+02  0.1763649E+00 -0.4854396E+02  0.1393676E+03  0.1393676E+03
 -0.6759758E+02  0.1824201E+00 -0.6778000E+02  0.2946598E+04  0.2946598E+04
 -0.8075729E+02  0.1255181E+01 -0.8201247E+02  0.7026757E+04  0.7026757E+04
 -0.8784673E+02  0.3394648E+01 -0.9124139E+02  0.6702847E+04  0.6702847E+04
 -0.9493618E+02  0.5534115E+01 -0.1004703E+03  0.6554936E+04  0.6554936E+04
 -0.1020256E+03  0.7673583E+01 -0.1096992E+03  0.6288025E+04  0.6288025E+04
 -0.1008429E+03  0.1016094E+02 -0.1110038E+03  0.6123843E+04  0.6123843E+04
 -0.9138804E+02  0.1299619E+02 -0.1043842E+03  0.5822388E+04  0.5822388E+04
 -0.8193316E+02  0.1583143E+02 -0.9776460E+02  0.5405933E+04  0.5405933E+04
 -0.7247829E+02  0.1866668E+02 -0.9114497E+02  0.4783479E+04  0.4783479E+04
 -0.6465356E+02  0.2077878E+02 -0.8543234E+02  0.4405653E+04  0.4405653E+04
 -0.5845899E+02  0.2216772E+02 -0.8062672E+02  0.4420459E+04  0.4420459E+04
 -0.5226442E+02  0.2355667E+02 -0.7582108E+02  0.4621265E+04  0.4621265E+04
 -0.4606984E+02  0.2494562E+02 -0.7101546E+02  0.4029070E+04  0.4029070E+04
 -0.3961457E+02  0.2585314E+02 -0.6546771E+02  0.3331615E+04  0.3331615E+04
 -0.3289862E+02  0.2627925E+02 -0.5917787E+02  0.2818899E+04  0.2818899E+04
 -0.2618267E+02  0.2670535E+02 -0.5288802E+02  0.2469183E+04  0.2469183E+04
 -0.1946672E+02  0.2713145E+02 -0.4659817E+02  0.2349467E+04  0.2349467E+04
 -0.1573861E+02  0.2718182E+02 -0.4292042E+02  0.2257739E+04  0.2257739E+04
 -0.1499833E+02  0.2685645E+02 -0.4185478E+02  0.2260998E+04  0.2260998E+04
 -0.1425805E+02  0.2653109E+02 -0.4078914E+02  0.2264258E+04  0.2264258E+04
 -0.1351778E+02  0.2620572E+02 -0.3972350E+02  0.2185518E+04  0.2185518E+04
 -0.1262971E+02  0.2590361E+02 -0.3853332E+02  0.1961630E+04  0.1961630E+04
 -0.1159385E+02  0.2562475E+02 -0.3721860E+02  0.1989594E+04  0.1989594E+04
 -0.1055798E+02  0.2534590E+02 -0.3590388E+02  0.1882558E+04  0.1882558E+04
 -0.9522121E+01  0.2506704E+02 -0.3458916E+02  0.1839522E+04  0.1839522E+04
 -0.8975020E+01  0.2480857E+02 -0.3378359E+02  0.1775975E+04  0.1775975E+04
 -0.8916681E+01  0.2457047E+02 -0.3348716E+02  0.1765917E+04  0.1765917E+04
 -0.8858341E+01  0.2433238E+02 -0.3319072E+02  0.1801858E+04  0.1801858E+04
 -0.8800002E+01  0.2409429E+02 -0.3289429E+02  0.1706800E+04  0.1706800E+04
 -0.9030696E+01  0.2390586E+02 -0.3293656E+02  0.1756031E+04  0.1756031E+04
 -0.9550422E+01  0.2376710E+02 -0.3331752E+02  0.1742550E+04  0.1742550E+04
 -0.1007015E+02  0.2362834E+02 -0.3369849E+02  0.1818070E+04  0.1818070E+04
 -0.1058988E+02  0.2348958E+02 -0.3407946E+02  0.1813590E+04  0.1813590E+04
 -0.1086724E+02  0.2342044E+02 -0.3428768E+02  0.1831867E+04  0.1831867E+04
 -0.1090224E+02  0.2342091E+02 -0.3432315E+02  0.1871902E+04  0.1871902E+04
 -0.1093725E+02  0.2342138E+02 -0.3435863E+02  0.1750937E+04  0.1750937E+04
 -0.1097225E+02  0.2342185E+02 -0.3439410E+02  0.1766972E+04  0.1766972E+04
 -0.1063762E+02  0.2344635E+02 -0.3408397E+02  0.1964638E+04  0.1964638E+04
 -0.9933358E+01  0.2349486E+02 -0.3342822E+02  0.1880933E+04  0.1880933E+04
 -0.9229096E+01  0.2354338E+02 -0.3277247E+02  0.1810229E+04  0.1810229E+04
 -0.8524836E+01  0.2359189E+02 -0.3211673E+02  0.1729525E+04  0.1729525E+04
 -0.7515004E+01  0.2360981E+02 -0.3112481E+02  0.1699515E+04  0.1699515E+04
 -0.6199602E+01  0.2359712E+02 -0.2979672E+02  0.1553200E+04  0.1553200E+04
 -0.4884199E+01  0.2358443E+02 -0.2846863E+02  0.1478884E+04  0.1478884E+04
 -0.3568797E+01  0.2357174E+02 -0.2714054E+02  0.1385569E+04  0.1385569E+04
 -0.2894505E+01  0.2349206E+02 -0.2638657E+02  0.1326895E+04  0.1326895E+04
 -0.2861326E+01  0.2334540E+02 -0.2620673E+02  0.1442861E+04  0.1442861E+04
 -0.2828146E+01  0.2319874E+02 -0.2602689E+02  0.1339828E+04  0.1339828E+04
 -0.2794967E+01  0.2305208E+02 -0.2584704E+02  0.1293795E+04  0.1293795E+04
 -0.2865145E+01  0.2292132E+02 -0.2578647E+02  0.1403865E+04  0.1403865E+04
 -0.3038681E+01  0.2280648E+02 -0.2584516E+02  0.1373039E+04  0.1373039E+04
 -0.3212217E+01  0.2269164E+02 -0.2590385E+02  0.1298212E+04  0.1298212E+04
 -0.3385753E+01  0.2257679E+02 -0.2596255E+02  0.1328386E+04  0.1328386E+04
 -0.3585840E+01  0.2249539E+02 -0.2608124E+02  0.1404586E+04  0.1404586E+04
 -0.3812479E+01  0.2244744E+02 -0.2625992E+02  0.1408812E+04  0.1408812E+04
 -0.4039118E+01  0.2239949E+02 -0.2643861E+02  0.1427039E+04  0.1427039E+04
 -0.4265757E+01  0.2235154E+02 -0.2661729E+02  0.1397266E+04  0.1397266E+04
 -0.4354904E+01  0.2233331E+02 -0.2668821E+02  0.1378355E+04  0.1378355E+04
 -0.4306560E+01  0.2234481E+02 -0.2665137E+02  0.1390307E+04  0.1390307E+04
 -0.4258215E+01  0.2235631E+02 -0.2661452E+02  0.1405258E+04  0.1405258E+04
 -0.4209871E+01  0.2236781E+02 -0.2657768E+02  0.1383210E+04  0.1383210E+04
 -0.4189789E+01  0.2238583E+02 -0.2657562E+02  0.1393190E+04  0.1393190E+04
 -0.4197970E+01  0.2241037E+02 -0.2660834E+02  0.1381198E+04  0.1381198E+04
 -0.4206150E+01  0.2243492E+02 -0.2664107E+02  0.1429206E+04  0.1429206E+04
 -0.4214331E+01  0.2245946E+02 -0.2667379E+02  0.1383214E+04  0.1383214E+04
 -0.4246722E+01  0.2249217E+02 -0.2673889E+02  0.1376247E+04  0.1376247E+04
 -0.4303322E+01  0.2253305E+02 -0.2683638E+02  0.1402303E+04  0.1402303E+04
 -0.4359924E+01  0.2257394E+02 -0.2693386E+02  0.1417360E+04  0.1417360E+04
 -0.4416524E+01  0.2261482E+02 -0.2703135E+02  0.1371417E+04  0.1371417E+04
 -0.4544994E+01  0.2266658E+02 -0.2721157E+02  0.1438545E+04  0.1438545E+04
 -0.4745331E+01  0.2272920E+02 -0.2747454E+02  0.1436745E+04  0.1436745E+04
 -0.4945668E+01  0.2279183E+02 -0.2773750E+02  0.1459946E+04  0.1459946E+04
 -0.5146006E+01  0.2285446E+02 -0.2800047E+02  0.1420146E+04  0.1420146E+04
 -0.5198405E+01  0.2293263E+02 -0.2813104E+02  0.1488198E+04  0.1488198E+04
 -0.5102866E+01  0.2302635E+02 -0.2812921E+02  0.1448103E+04  0.1448103E+04
 -0.5007326E+01  0.2312006E+02 -0.2812739E+02  0.1473007E+04  0.1473007E+04
 -0.4911787E+01  0.2321378E+02 -0.2812557E+02  0.1377912E+04  0.1377912E+04
 -0.4788046E+01  0.2331040E+02 -0.2809845E+02  0.1452788E+04  0.1452788E+04
 -0.4636104E+01  0.2340992E+02 -0.2804603E+02  0.1503636E+04  0.1503636E+04
 -0.4484162E+01  0.2350945E+02 -0.2799361E+02  0.1464484E+04  0.1464484E+04
 -0.4332220E+01  0.2360897E+02 -0.2794119E+02  0.1470332E+04  0.1470332E+04
 -0.4300530E+01  0.2372003E+02 -0.2802056E+02  0.1454301E+04  0.1454301E+04
 -0.4389092E+01  0.2384263E+02 -0.2823172E+02  0.1375389E+04  0.1375389E+04
 -0.4477654E+01  0.2396523E+02 -0.2844288E+02  0.1527478E+04  0.1527478E+04
 -0.4566216E+01  0.2408782E+02 -0.2865404E+02  0.1400566E+04  0.1400566E+04
 -0.4508953E+01  0.2422582E+02 -0.2873477E+02  0.1502509E+04  0.1502509E+04
 -0.4305864E+01  0.2437921E+02 -0.2868508E+02  0.1510306E+04  0.1510306E+04
 -0.4102775E+01  0.2453260E+02 -0.2863538E+02  0.1471103E+04  0.1471103E+04
 -0.3899686E+01  0.2468600E+02 -0.2858568E+02  0.1465900E+04  0.1465900E+04
 -0.3772186E+01  0.2480799E+02 -0.2858018E+02  0.1452772E+04  0.1452772E+04
 -0.3720274E+01  0.2489858E+02 -0.2861885E+02  0.1509720E+04  0.1509720E+04
 -0.3668362E+01  0.2498917E+02 -0.2865753E+02  0.1524668E+04  0.1524668E+04
 -0.3616450E+01  0.2507976E+02 -0.2869621E+02  0.1394616E+04  0.1394616E+04
 -0.3531365E+01  0.2514455E+02 -0.2867591E+02  0.1515531E+04  0.1515531E+04
 -0.3413107E+01  0.2518353E+02 -0.2859663E+02  0.1482413E+04  0.1482413E+04
 -0.3294850E+01  0.2522251E+02 -0.2851735E+02  0.1443295E+04  0.1443295E+04
 -0.3176592E+01  0.2526148E+02 -0.2843808E+02  0.1463177E+04  0.1463177E+04
 -0.3261155E+01  0.2527543E+02 -0.2853658E+02  0.1420261E+04  0.1420261E+04
 -0.3548538E+01  0.2526433E+02 -0.2881287E+02  0.1473549E+04  0.1473549E+04
 -0.3835922E+01  0.2525324E+02 -0.2908916E+02  0.1498836E+04  0.1498836E+04
 -0.4123305E+01  0.2524215E+02 -0.2936545E+02  0.1498123E+04  0.1498123E+04
 -0.4261762E+01  0.2524864E+02 -0.2951041E+02  0.1523262E+04  0.1523262E+04
 -0.4251294E+01  0.2527273E+02 -0.2952402E+02  0.1502251E+04  0.1502251E+04
 -0.4240825E+01  0.2529681E+02 -0.2953763E+02  0.1502241E+04  0.1502241E+04
 -0.4230356E+01  0.2532089E+02 -0.2955124E+02  0.1505230E+04  0.1505230E+04
 -0.4121428E+01  0.2534871E+02 -0.2947014E+02  0.1540121E+04  0.1540121E+04
 -0.3914042E+01  0.2538027E+02 -0.2929431E+02  0.1488914E+04  0.1488914E+04
 -0.3706655E+01  0.2541183E+02 -0.2911848E+02  0.1528707E+04  0.1528707E+04
 -0.3499269E+01  0.2544339E+02 -0.2894266E+02  0.1474499E+04  0.1474499E+04
 -0.3446072E+01  0.2546507E+02 -0.2891114E+02  0.1416446E+04  0.1416446E+04
 -0.3547065E+01  0.2547688E+02 -0.2902394E+02  0.1473547E+04  0.1473547E+04
 -0.3648058E+01  0.2548868E+02 -0.2913674E+02  0.1513648E+04  0.1513648E+04
 -0.3749051E+01  0.2550048E+02 -0.2924953E+02  0.1468749E+04  0.1468749E+04
 -0.3767733E+01  0.2552546E+02 -0.2929319E+02  0.1502768E+04  0.1502768E+04
 -0.3704103E+01  0.2556360E+02 -0.2926770E+02  0.1503704E+04  0.1503704E+04
 -0.3640474E+01  0.2560174E+02 -0.2924221E+02  0.1445641E+04  0.1445641E+04
 -0.3576844E+01  0.2563988E+02 -0.2921673E+02  0.1501577E+04  0.1501577E+04
 -0.3538331E+01  0.2567482E+02 -0.2921315E+02  0.1473538E+04  0.1473538E+04
 -0.3524934E+01  0.2570656E+02 -0.2923150E+02  0.1517525E+04  0.1517525E+04
 -0.3511536E+01  0.2573830E+02 -0.2924984E+02  0.1467512E+04  0.1467512E+04
 -0.3498139E+01  0.2577004E+02 -0.2926818E+02  0.1524498E+04  0.1524498E+04
 -0.3562912E+01  0.2579943E+02 -0.2936234E+02  0.1488563E+04  0.1488563E+04
 -0.3705858E+01  0.2582646E+02 -0.2953231E+02  0.1447706E+04  0.1447706E+04
 -0.3848803E+01  0.2585348E+02 -0.2970229E+02  0.1480849E+04  0.1480849E+04
 -0.3991748E+01  0.2588051E+02 -0.2987226E+02  0.1476992E+04  0.1476992E+04
 -0.4022968E+01  0.2591613E+02 -0.2993910E+02  0.1543023E+04  0.1543023E+04
 -0.3942466E+01  0.2596033E+02 -0.2990280E+02  0.1561943E+04  0.1561943E+04
 -0.3861963E+01  0.2600454E+02 -0.2986650E+02  0.1463862E+04  0.1463862E+04
 -0.3781459E+01  0.2604874E+02 -0.2983020E+02  0.1551781E+04  0.1551781E+04
 -0.3734192E+01  0.2608831E+02 -0.2982251E+02  0.1539734E+04  0.1539734E+04
 -0.3720160E+01  0.2612325E+02 -0.2984341E+02  0.1478720E+04  0.1478720E+04
 -0.3706129E+01  0.2615819E+02 -0.2986432E+02  0.1477706E+04  0.1477706E+04
 -0.3692097E+01  0.2619312E+02 -0.2988522E+02  0.1568692E+04  0.1568692E+04
 -0.3639519E+01  0.2623023E+02 -0.2986975E+02  0.1460640E+04  0.1460640E+04
 -0.3548395E+01  0.2626951E+02 -0.2981791E+02  0.1546548E+04  0.1546548E+04
 -0.3457271E+01  0.2630879E+02 -0.2976606E+02  0.1577457E+04  0.1577457E+04
 -0.3366146E+01  0.2634807E+02 -0.2971422E+02  0.1484366E+04  0.1484366E+04
 -0.3283200E+01  0.2638537E+02 -0.2966857E+02  0.1493283E+04  0.1493283E+04
 -0.3208430E+01  0.2642070E+02 -0.2962913E+02  0.1458208E+04  0.1458208E+04
 -0.3133661E+01  0.2645602E+02 -0.2958969E+02  0.1441134E+04  0.1441134E+04
 -0.3058892E+01  0.2649135E+02 -0.2955024E+02  0.1459059E+04  0.1459059E+04
 -0.3109785E+01  0.2652192E+02 -0.2963171E+02  0.1473110E+04  0.1473110E+04
 -0.3286341E+01  0.2654774E+02 -0.2983408E+02  0.1564286E+04  0.1564286E+04
 -0.3462898E+01  0.2657356E+02 -0.3003646E+02  0.1596463E+04  0.1596463E+04
 -0.3639454E+01  0.2659938E+02 -0.3023883E+02  0.1475639E+04  0.1475639E+04
 -0.3525505E+01  0.2664028E+02 -0.3016578E+02  0.1495526E+04  0.1495526E+04
 -0.3121050E+01  0.2669627E+02 -0.2981732E+02  0.1531121E+04  0.1531121E+04
 -0.2716595E+01  0.2675225E+02 -0.2946884E+02  0.1473717E+04  0.1473717E+04
 -0.2312140E+01  0.2680823E+02 -0.2912037E+02  0.1440312E+04  0.1440312E+04
 -0.2335709E+01  0.2683920E+02 -0.2917491E+02  0.1432336E+04  0.1432336E+04
 -0.2787302E+01  0.2684515E+02 -0.2963245E+02  0.1463787E+04  0.1463787E+04
 -0.3238894E+01  0.2685110E+02 -0.3008999E+02  0.1549239E+04  0.1549239E+04
 -0.3690487E+01  0.2685704E+02 -0.3054753E+02  0.1524690E+04  0.1524690E+04
 -0.3790255E+01  0.2689642E+02 -0.3068667E+02  0.1573790E+04  0.1573790E+04
 -0.3538200E+01  0.2696922E+02 -0.3050743E+02  0.1529538E+04  0.1529538E+04
 -0.3286145E+01  0.2704203E+02 -0.3032817E+02  0.1498286E+04  0.1498286E+04
 -0.3034090E+01  0.2711483E+02 -0.3014892E+02  0.1449034E+04  0.1449034E+04
 -0.2841196E+01  0.2717136E+02 -0.3001256E+02  0.1585841E+04  0.1585841E+04
 -0.2707465E+01  0.2721161E+02 -0.2991908E+02  0.1495708E+04  0.1495708E+04
 -0.2573734E+01  0.2725186E+02 -0.2982559E+02  0.1492574E+04  0.1492574E+04
 -0.2440002E+01  0.2729211E+02 -0.2973211E+02  0.1490440E+04  0.1490440E+04
 -0.2473051E+01  0.2732398E+02 -0.2979703E+02  0.1538473E+04  0.1538473E+04
 -0.2672879E+01  0.2734748E+02 -0.3002035E+02  0.1429673E+04  0.1429673E+04
 -0.2872707E+01  0.2737097E+02 -0.3024368E+02  0.1470873E+04  0.1470873E+04
 -0.3072534E+01  0.2739446E+02 -0.3046700E+02  0.1522073E+04  0.1522073E+04
 -0.3195065E+01  0.2743130E+02 -0.3062636E+02  0.1522195E+04  0.1522195E+04
 -0.3240297E+01  0.2748147E+02 -0.3072176E+02  0.1573240E+04  0.1573240E+04
 -0.3285529E+01  0.2753164E+02 -0.3081717E+02  0.1536286E+04  0.1536286E+04
 -0.3330761E+01  0.2758181E+02 -0.3091257E+02  0.1525331E+04  0.1525331E+04
 -0.3221382E+01  0.2763563E+02 -0.3085702E+02  0.1553221E+04  0.1553221E+04
 -0.2957390E+01  0.2769311E+02 -0.3065050E+02  0.1542957E+04  0.1542957E+04
 -0.2693398E+01  0.2775060E+02 -0.3044399E+02  0.1493693E+04  0.1493693E+04
 -0.2429405E+01  0.2780808E+02 -0.3023748E+02  0.1437429E+04  0.1437429E+04
 -0.2338890E+01  0.2784782E+02 -0.3018671E+02  0.1498339E+04  0.1498339E+04
 -0.2421850E+01  0.2786983E+02 -0.3029168E+02  0.1559422E+04  0.1559422E+04
 -0.2504811E+01  0.2789183E+02 -0.3039664E+02  0.1508505E+04  0.1508505E+04
 -0.2587771E+01  0.2791384E+02 -0.3050161E+02  0.1530588E+04  0.1530588E+04
 -0.2507791E+01  0.2794364E+02 -0.3045143E+02  0.1557508E+04  0.1557508E+04
 -0.2264871E+01  0.2798122E+02 -0.3024610E+02  0.1472265E+04  0.1472265E+04
 -0.2021950E+01  0.2801881E+02 -0.3004076E+02  0.1468022E+04  0.1468022E+04
 -0.1779030E+01  0.2805640E+02 -0.2983543E+02  0.1436779E+04  0.1436779E+04
 -0.1708446E+01  0.2808006E+02 -0.2978850E+02  0.1462708E+04  0.1462708E+04
 -0.1810198E+01  0.2808978E+02 -0.2989998E+02  0.1527810E+04  0.1527810E+04
 -0.1911949E+01  0.2809950E+02 -0.3001145E+02  0.1512912E+04  0.1512912E+04
 -0.2013701E+01  0.2810922E+02 -0.3012293E+02  0.1482014E+04  0.1482014E+04
 -0.2138235E+01  0.2812842E+02 -0.3026665E+02  0.1540138E+04  0.1540138E+04
 -0.2285552E+01  0.2815707E+02 -0.3044263E+02  0.1437286E+04  0.1437286E+04
 -0.2432868E+01  0.2818573E+02 -0.3061860E+02  0.1509433E+04  0.1509433E+04
 -0.2580185E+01  0.2821439E+02 -0.3079457E+02  0.1498580E+04  0.1498580E+04
 -0.2493591E+01  0.2825266E+02 -0.3074626E+02  0.1575494E+04  0.1575494E+04
 -0.2173085E+01  0.2830055E+02 -0.3047364E+02  0.1501173E+04  0.1501173E+04
 -0.1852580E+01  0.2834845E+02 -0.3020103E+02  0.1463853E+04  0.1463853E+04
 -0.1532074E+01  0.2839634E+02 -0.2992841E+02  0.1518532E+04  0.1518532E+04
 -0.1320738E+01  0.2842290E+02 -0.2974364E+02  0.1438321E+04  0.1438321E+04
 -0.1218572E+01  0.2842813E+02 -0.2964670E+02  0.1440219E+04  0.1440219E+04
 -0.1116405E+01  0.2843336E+02 -0.2954976E+02  0.1506116E+04  0.1506116E+04
 -0.1014238E+01  0.2843859E+02 -0.2945283E+02  0.1473014E+04  0.1473014E+04
 -0.8979077E+00  0.2844019E+02 -0.2933810E+02  0.1397898E+04  0.1397898E+04
 -0.7674137E+00  0.2843817E+02 -0.2920559E+02  0.1402767E+04  0.1402767E+04
 -0.6369197E+00  0.2843615E+02 -0.2907307E+02  0.1422637E+04  0.1422637E+04
 -0.5064258E+00  0.2843413E+02 -0.2894055E+02  0.1426506E+04  0.1426506E+04
 -0.4411788E+00  0.2842846E+02 -0.2880543E+02  0.1416441E+04  0.1416441E+04
 -0.4411788E+00  0.2841916E+02 -0.2866771E+02  0.1406441E+04  0.1406441E+04
  0.7249964E-01  0.2840985E+02 -0.2852998E+02  0.1433927E+04  0.1433927E+04
  0.7249964E-01  0.2840055E+02 -0.2839225E+02  0.1360927E+04  0.1360927E+04
  0.1134158E+00  0.2838761E+02 -0.2827419E+02  0.1353887E+04  0.1353887E+04
  0.1952481E+00  0.2837104E+02 -0.2817579E+02  0.1407805E+04  0.1407805E+04
  0.2770804E+00  0.2835447E+02 -0.2807739E+02  0.1398723E+04  0.1398723E+04
  0.3589128E+00  0.2833790E+02 -0.2797898E+02  0.1429641E+04  0.1429641E+04
  0.4336237E+00  0.2831885E+02 -0.2788523E+02  0.1326566E+04  0.1326566E+04
  0.5012130E+00  0.2829733E+02 -0.2779611E+02  0.1296499E+04  0.1296499E+04
  0.5688024E+00  0.2827580E+02 -0.2770700E+02  0.1391431E+04  0.1391431E+04
  0.6363918E+00  0.2825428E+02 -0.2761789E+02  0.1294364E+04  0.1294364E+04
  0.8414835E+00  0.2823278E+02 -0.2739129E+02  0.1318159E+04  0.1318159E+04
  0.1184077E+01  0.2821130E+02 -0.2702722E+02  0.1368816E+04  0.1368816E+04
  0.1526671E+01  0.2818982E+02 -0.2666315E+02  0.1234473E+04  0.1234473E+04
  0.1869265E+01  0.2816834E+02 -0.2629908E+02  0.1254131E+04  0.1254131E+04
  0.1959676E+01  0.2812877E+02 -0.2616909E+02  0.1329040E+04  0.1329040E+04
  0.1797905E+01  0.2807109E+02 -0.2627319E+02  0.1264202E+04  0.1264202E+04
  0.1636134E+01  0.2801342E+02 -0.2637729E+02  0.1277364E+04  0.1277364E+04
  0.1474363E+01  0.2795575E+02 -0.2648138E+02  0.1297526E+04  0.1297526E+04
  0.1387392E+01  0.2791541E+02 -0.2652802E+02  0.1257613E+04  0.1257613E+04
  0.1375223E+01  0.2789242E+02 -0.2651720E+02  0.1329625E+04  0.1329625E+04
  0.1363053E+01  0.2786944E+02 -0.2650638E+02  0.1255637E+04  0.1255637E+04
  0.1350883E+01  0.2784645E+02 -0.2649556E+02  0.1297649E+04  0.1297649E+04
  0.1409798E+01  0.2782863E+02 -0.2641883E+02  0.1362590E+04  0.1362590E+04
  0.1539797E+01  0.2781600E+02 -0.2627620E+02  0.1235460E+04  0.1235460E+04
  0.1669796E+01  0.2780336E+02 -0.2613357E+02  0.1264330E+04  0.1264330E+04
  0.1799795E+01  0.2779073E+02 -0.2599093E+02  0.1222200E+04  0.1222200E+04
  0.1850021E+01  0.2777094E+02 -0.2592092E+02  0.1310150E+04  0.1310150E+04
  0.1820475E+01  0.2774400E+02 -0.2592352E+02  0.1239180E+04  0.1239180E+04
  0.1790929E+01  0.2771705E+02 -0.2592612E+02  0.1302209E+04  0.1302209E+04
  0.1761383E+01  0.2769011E+02 -0.2592873E+02  0.1269239E+04  0.1269239E+04
  0.1737707E+01  0.2766653E+02 -0.2592882E+02  0.1238262E+04  0.1238262E+04
  0.1719903E+01  0.2764631E+02 -0.2592640E+02  0.1205280E+04  0.1205280E+04
  0.1702099E+01  0.2762609E+02 -0.2592399E+02  0.1266298E+04  0.1266298E+04
  0.1684294E+01  0.2760587E+02 -0.2592158E+02  0.1208316E+04  0.1208316E+04
  0.1650521E+01  0.2758903E+02 -0.2593851E+02  0.1224349E+04  0.1224349E+04
  0.1600778E+01  0.2757558E+02 -0.2597480E+02  0.1307399E+04  0.1307399E+04
  0.1551035E+01  0.2756213E+02 -0.2601110E+02  0.1235449E+04  0.1235449E+04
  0.1501292E+01  0.2754868E+02 -0.2604739E+02  0.1307499E+04  0.1307499E+04
  0.1486888E+01  0.2753952E+02 -0.2605263E+02  0.1273513E+04  0.1273513E+04
  0.1507823E+01  0.2753466E+02 -0.2602683E+02  0.1215492E+04  0.1215492E+04
  0.1528758E+01  0.2752979E+02 -0.2600104E+02  0.1202471E+04  0.1202471E+04
  0.1549693E+01  0.2752493E+02 -0.2597524E+02  0.1260450E+04  0.1260450E+04
  0.1542088E+01  0.2751934E+02 -0.2597725E+02  0.1267458E+04  0.1267458E+04
  0.1505942E+01  0.2751302E+02 -0.2600708E+02  0.1278494E+04  0.1278494E+04
  0.1469796E+01  0.2750670E+02 -0.2603690E+02  0.1265530E+04  0.1265530E+04
  0.1433650E+01  0.2750038E+02 -0.2606673E+02  0.1301566E+04  0.1301566E+04
  0.1434730E+01  0.2749691E+02 -0.2606218E+02  0.1222565E+04  0.1222565E+04
  0.1473036E+01  0.2749628E+02 -0.2602324E+02  0.1240527E+04  0.1240527E+04
  0.1511341E+01  0.2749565E+02 -0.2598431E+02  0.1259489E+04  0.1259489E+04
  0.1549647E+01  0.2749502E+02 -0.2594537E+02  0.1155450E+04  0.1155450E+04
  0.1452606E+01  0.2749178E+02 -0.2603917E+02  0.1283547E+04  0.1283547E+04
  0.1220218E+01  0.2748591E+02 -0.2626570E+02  0.1299780E+04  0.1299780E+04
  0.9878302E+00  0.2748005E+02 -0.2649222E+02  0.1338012E+04  0.1338012E+04
  0.7554424E+00  0.2747419E+02 -0.2671875E+02  0.1293245E+04  0.1293245E+04
  0.8340195E+00  0.2748198E+02 -0.2664796E+02  0.1290166E+04  0.1290166E+04
  0.1223562E+01  0.2750343E+02 -0.2627987E+02  0.1230776E+04  0.1230776E+04
  0.1613104E+01  0.2752488E+02 -0.2591177E+02  0.1190387E+04  0.1190387E+04
  0.2002646E+01  0.2754632E+02 -0.2554368E+02  0.1188997E+04  0.1188997E+04
  0.2026304E+01  0.2754049E+02 -0.2551419E+02  0.1212974E+04  0.1212974E+04
  0.1684078E+01  0.2750739E+02 -0.2582331E+02  0.1272316E+04  0.1272316E+04
  0.1341852E+01  0.2747429E+02 -0.2613243E+02  0.1311658E+04  0.1311658E+04
  0.9996255E+00  0.2744118E+02 -0.2644156E+02  0.1231000E+04  0.1231000E+04
  0.8812103E+00  0.2743244E+02 -0.2655123E+02  0.1275119E+04  0.1275119E+04
  0.9866062E+00  0.2744806E+02 -0.2646146E+02  0.1283013E+04  0.1283013E+04
  0.1092002E+01  0.2746369E+02 -0.2637169E+02  0.1236908E+04  0.1236908E+04
  0.1197398E+01  0.2747931E+02 -0.2628191E+02  0.1214803E+04  0.1214803E+04
  0.1265676E+01  0.2748795E+02 -0.2622227E+02  0.1276734E+04  0.1276734E+04
  0.1296837E+01  0.2748959E+02 -0.2619275E+02  0.1300703E+04  0.1300703E+04
  0.1327997E+01  0.2749124E+02 -0.2616324E+02  0.1284672E+04  0.1284672E+04
  0.1359158E+01  0.2749288E+02 -0.2613372E+02  0.1242641E+04  0.1242641E+04
  0.1379182E+01  0.2749103E+02 -0.2611185E+02  0.1187621E+04  0.1187621E+04
  0.1388071E+01  0.2748568E+02 -0.2609760E+02  0.1289612E+04  0.1289612E+04
  0.1396960E+01  0.2748033E+02 -0.2608337E+02  0.1254603E+04  0.1254603E+04
  0.1405849E+01  0.2747498E+02 -0.2606913E+02  0.1241594E+04  0.1241594E+04
  0.1327139E+01  0.2746780E+02 -0.2614066E+02  0.1228673E+04  0.1228673E+04
  0.1160830E+01  0.2745880E+02 -0.2629797E+02  0.1250839E+04  0.1250839E+04
  0.9945214E+00  0.2744980E+02 -0.2645528E+02  0.1267005E+04  0.1267005E+04
  0.8282129E+00  0.2744080E+02 -0.2661259E+02  0.1354172E+04  0.1354172E+04
  0.7217411E+00  0.2744273E+02 -0.2672099E+02  0.1252278E+04  0.1252278E+04
  0.6751065E+00  0.2745560E+02 -0.2678049E+02  0.1218325E+04  0.1218325E+04
  0.6284717E+00  0.2746847E+02 -0.2683999E+02  0.1233372E+04  0.1233372E+04
  0.5818370E+00  0.2748133E+02 -0.2689950E+02  0.1326418E+04  0.1326418E+04
  0.5144518E+00  0.2749570E+02 -0.2698125E+02  0.1313486E+04  0.1313486E+04
  0.4263162E+00  0.2751157E+02 -0.2708526E+02  0.1261574E+04  0.1261574E+04
  0.3381806E+00  0.2752745E+02 -0.2718927E+02  0.1289662E+04  0.1289662E+04
  0.2500449E+00  0.2754332E+02 -0.2729327E+02  0.1354750E+04  0.1354750E+04
  0.3241214E+00  0.2756280E+02 -0.2723868E+02  0.1335676E+04  0.1335676E+04
  0.5604098E+00  0.2758588E+02 -0.2702547E+02  0.1232440E+04  0.1232440E+04
  0.7966983E+00  0.2760896E+02 -0.2681227E+02  0.1240203E+04  0.1240203E+04
  0.1032987E+01  0.2763205E+02 -0.2659906E+02  0.1223967E+04  0.1223967E+04
  0.1084228E+01  0.2763745E+02 -0.2655322E+02  0.1305916E+04  0.1305916E+04
  0.9504221E+00  0.2762517E+02 -0.2667474E+02  0.1275050E+04  0.1275050E+04
  0.8166161E+00  0.2761288E+02 -0.2679626E+02  0.1300183E+04  0.1300183E+04
  0.6828101E+00  0.2760060E+02 -0.2691778E+02  0.1286317E+04  0.1286317E+04
  0.6159071E+00  0.2759781E+02 -0.2710842E+02  0.1303384E+04  0.1303384E+04
  0.6159071E+00  0.2760452E+02 -0.2736818E+02  0.1247384E+04  0.1247384E+04
 -0.3962813E+00  0.2761123E+02 -0.2762794E+02  0.1364396E+04  0.1364396E+04
 -0.3962813E+00  0.2761794E+02 -0.2788769E+02  0.1287396E+04  0.1287396E+04
 -0.3719780E+00  0.2764050E+02 -0.2801248E+02  0.1334372E+04  0.1334372E+04
 -0.3233714E+00  0.2767892E+02 -0.2800229E+02  0.1336323E+04  0.1336323E+04
 -0.2747647E+00  0.2771734E+02 -0.2799211E+02  0.1331275E+04  0.1331275E+04
 -0.2261582E+00  0.2775576E+02 -0.2798192E+02  0.1317226E+04  0.1317226E+04
 -0.2018549E+00  0.2778781E+02 -0.2782852E+02  0.1325202E+04  0.1325202E+04
 -0.2018549E+00  0.2781349E+02 -0.2753192E+02  0.1334202E+04  0.1334202E+04
  0.1087270E+01  0.2783917E+02 -0.2723532E+02  0.1261913E+04  0.1261913E+04
  0.1087270E+01  0.2786485E+02 -0.2693872E+02  0.1276913E+04  0.1276913E+04
  0.1094000E+01  0.2786721E+02 -0.2677321E+02  0.1246906E+04  0.1246906E+04
  0.1107460E+01  0.2784625E+02 -0.2673879E+02  0.1289893E+04  0.1289893E+04
  0.1120921E+01  0.2782529E+02 -0.2670437E+02  0.1262879E+04  0.1262879E+04
  0.1134381E+01  0.2780433E+02 -0.2666995E+02  0.1298866E+04  0.1298866E+04
  0.1040076E+01  0.2778517E+02 -0.2674509E+02  0.1288960E+04  0.1288960E+04
  0.8380046E+00  0.2776779E+02 -0.2692979E+02  0.1196162E+04  0.1196162E+04
  0.6359332E+00  0.2775042E+02 -0.2711448E+02  0.1284364E+04  0.1284364E+04
  0.4338618E+00  0.2773304E+02 -0.2729918E+02  0.1293566E+04  0.1293566E+04
  0.3058204E+00  0.2773220E+02 -0.2742638E+02  0.1336694E+04  0.1336694E+04
  0.2518089E+00  0.2774790E+02 -0.2749609E+02  0.1271748E+04  0.1271748E+04
  0.1977974E+00  0.2776360E+02 -0.2756580E+02  0.1356802E+04  0.1356802E+04
  0.1437859E+00  0.2777930E+02 -0.2763552E+02  0.1281856E+04  0.1281856E+04
  0.1727250E+00  0.2779817E+02 -0.2762544E+02  0.1248827E+04  0.1248827E+04
  0.2846147E+00  0.2782021E+02 -0.2753560E+02  0.1349715E+04  0.1349715E+04
  0.3965044E+00  0.2784225E+02 -0.2744575E+02  0.1279604E+04  0.1279604E+04
  0.5083941E+00  0.2786429E+02 -0.2735590E+02  0.1338492E+04  0.1338492E+04
  0.5760436E+00  0.2787617E+02 -0.2730013E+02  0.1291424E+04  0.1291424E+04
  0.5994529E+00  0.2787790E+02 -0.2727844E+02  0.1243401E+04  0.1243401E+04
  0.6228623E+00  0.2787962E+02 -0.2725676E+02  0.1301377E+04  0.1301377E+04
  0.6462716E+00  0.2788135E+02 -0.2723507E+02  0.1309354E+04  0.1309354E+04
  0.8860596E+00  0.2788153E+02 -0.2699547E+02  0.1249114E+04  0.1249114E+04
  0.1342226E+01  0.2788017E+02 -0.2653795E+02  0.1269658E+04  0.1269658E+04
  0.1798393E+01  0.2787882E+02 -0.2608042E+02  0.1241202E+04  0.1241202E+04
  0.2254560E+01  0.2787746E+02 -0.2562290E+02  0.1167745E+04  0.1167745E+04
  0.2584620E+01  0.2784779E+02 -0.2526316E+02  0.1202415E+04  0.1202415E+04
  0.2788576E+01  0.2778979E+02 -0.2500122E+02  0.1165211E+04  0.1165211E+04
  0.2992531E+01  0.2773180E+02 -0.2473927E+02  0.1170007E+04  0.1170007E+04
  0.3196486E+01  0.2767381E+02 -0.2447733E+02  0.1109803E+04  0.1109803E+04
  0.3331490E+01  0.2760850E+02 -0.2427701E+02  0.1165668E+04  0.1165668E+04
  0.3397542E+01  0.2753585E+02 -0.2413831E+02  0.1128602E+04  0.1128602E+04
  0.3463595E+01  0.2746321E+02 -0.2399961E+02  0.1162536E+04  0.1162536E+04
  0.3529647E+01  0.2739057E+02 -0.2386092E+02  0.1113470E+04  0.1113470E+04
  0.3602513E+01  0.2732123E+02 -0.2371872E+02  0.1063397E+04  0.1063397E+04
  0.3682190E+01  0.2725520E+02 -0.2357301E+02  0.1125318E+04  0.1125318E+04
  0.3761868E+01  0.2718917E+02 -0.2342730E+02  0.1083238E+04  0.1083238E+04
  0.3841546E+01  0.2712314E+02 -0.2328159E+02  0.1066158E+04  0.1066158E+04
  0.3834991E+01  0.2705778E+02 -0.2322279E+02  0.1134165E+04  0.1134165E+04
  0.3742203E+01  0.2699309E+02 -0.2325088E+02  0.1062258E+04  0.1062258E+04
  0.3649416E+01  0.2692839E+02 -0.2327898E+02  0.1103351E+04  0.1103351E+04
  0.3556628E+01  0.2686370E+02 -0.2330707E+02  0.1029443E+04  0.1029443E+04
  0.3407759E+01  0.2680979E+02 -0.2340203E+02  0.1139592E+04  0.1139592E+04
  0.3202810E+01  0.2676665E+02 -0.2356384E+02  0.1089797E+04  0.1089797E+04
  0.2997860E+01  0.2672352E+02 -0.2372565E+02  0.1108002E+04  0.1108002E+04
  0.2792911E+01  0.2668038E+02 -0.2388747E+02  0.1153207E+04  0.1153207E+04
  0.2855648E+01  0.2665289E+02 -0.2379725E+02  0.1182144E+04  0.1182144E+04
  0.3186073E+01  0.2664106E+02 -0.2345499E+02  0.1038814E+04  0.1038814E+04
  0.3516497E+01  0.2662922E+02 -0.2311273E+02  0.1122484E+04  0.1122484E+04
  0.3846921E+01  0.2661739E+02 -0.2277047E+02  0.1027153E+04  0.1027153E+04
  0.4505702E+01  0.2658332E+02 -0.2207762E+02  0.1028494E+04  0.1028494E+04
  0.5492839E+01  0.2652701E+02 -0.2103417E+02  0.1039507E+04  0.1039507E+04
  0.6479976E+01  0.2647070E+02 -0.1999073E+02  0.8845200E+03  0.8845200E+03
  0.7467113E+01  0.2641440E+02 -0.1894728E+02  0.9105329E+03  0.9105329E+03
  0.8419350E+01  0.2629662E+02 -0.1787727E+02  0.8475806E+03  0.8475806E+03
  0.9336687E+01  0.2611737E+02 -0.1678069E+02  0.7766633E+03  0.7766633E+03
  0.1025402E+02  0.2593813E+02 -0.1568411E+02  0.7577460E+03  0.7577460E+03
  0.1117136E+02  0.2575889E+02 -0.1458752E+02  0.6258286E+03  0.6258286E+03
  0.1193762E+02  0.2553464E+02 -0.1359701E+02  0.6090624E+03  0.6090624E+03
  0.1255280E+02  0.2526538E+02 -0.1271257E+02  0.5894472E+03  0.5894472E+03
  0.1316799E+02  0.2499612E+02 -0.1182813E+02  0.5058320E+03  0.5058320E+03
  0.1378317E+02  0.2472686E+02 -0.1094369E+02  0.4952168E+03  0.4952168E+03
  0.1408092E+02  0.2444110E+02 -0.1036018E+02  0.4719191E+03  0.4719191E+03
  0.1406124E+02  0.2413884E+02 -0.1007760E+02  0.4339388E+03  0.4339388E+03
  0.1404156E+02  0.2383657E+02 -0.9795014E+01  0.4379584E+03  0.4379584E+03
  0.1402188E+02  0.2353431E+02 -0.9512433E+01  0.4219781E+03  0.4219781E+03
  0.1391610E+02  0.2325795E+02 -0.9341848E+01  0.4180839E+03  0.4180839E+03
  0.1372422E+02  0.2300748E+02 -0.9283261E+01  0.4152758E+03  0.4152758E+03
  0.1353235E+02  0.2275702E+02 -0.9224674E+01  0.4144677E+03  0.4144677E+03
  0.1334047E+02  0.2250656E+02 -0.9166087E+01  0.4176595E+03  0.4176595E+03
  0.1314054E+02  0.2228621E+02 -0.9145662E+01  0.4078595E+03  0.4078595E+03
  0.1293257E+02  0.2209597E+02 -0.9163400E+01  0.4110674E+03  0.4110674E+03
  0.1272460E+02  0.2190573E+02 -0.9181137E+01  0.4132754E+03  0.4132754E+03
  0.1251662E+02  0.2171550E+02 -0.9198874E+01  0.3934834E+03  0.3934834E+03
  0.1232597E+02  0.2154753E+02 -0.9221566E+01  0.4146740E+03  0.4146740E+03
  0.1215264E+02  0.2140185E+02 -0.9249211E+01  0.4448474E+03  0.4448474E+03
  0.1197931E+02  0.2125616E+02 -0.9276857E+01  0.4390207E+03  0.4390207E+03
  0.1180598E+02  0.2111048E+02 -0.9304502E+01  0.4411940E+03  0.4411940E+03
  0.1169866E+02  0.2097857E+02 -0.9279915E+01  0.4083013E+03  0.4083013E+03
  0.1165737E+02  0.2086046E+02 -0.9203094E+01  0.4003426E+03  0.4003426E+03
  0.1161607E+02  0.2074234E+02 -0.9126273E+01  0.4393839E+03  0.4393839E+03
  0.1157477E+02  0.2062423E+02 -0.9049453E+01  0.3734252E+03  0.3734252E+03
  0.1151640E+02  0.2050777E+02 -0.8991371E+01  0.4174836E+03  0.4174836E+03
  0.1144094E+02  0.2039297E+02 -0.8952028E+01  0.4015591E+03  0.4015591E+03
  0.1136549E+02  0.2027817E+02 -0.8912686E+01  0.4006345E+03  0.4006345E+03
  0.1129003E+02  0.2016338E+02 -0.8873343E+01  0.4257100E+03  0.4257100E+03
  0.1124399E+02  0.2005203E+02 -0.8808037E+01  0.3717560E+03  0.3717560E+03
  0.1122738E+02  0.1994414E+02 -0.8716765E+01  0.4017726E+03  0.4017726E+03
  0.1121076E+02  0.1983625E+02 -0.8625494E+01  0.3637892E+03  0.3637892E+03
  0.1119414E+02  0.1972836E+02 -0.8534223E+01  0.3998059E+03  0.3998059E+03
  0.1107505E+02  0.1962085E+02 -0.8545804E+01  0.3729250E+03  0.3729250E+03
  0.1085350E+02  0.1951373E+02 -0.8660235E+01  0.3951465E+03  0.3951465E+03
  0.1063194E+02  0.1940661E+02 -0.8774669E+01  0.4013680E+03  0.4013680E+03
  0.1041039E+02  0.1929949E+02 -0.8889100E+01  0.4005896E+03  0.4005896E+03
  0.1033701E+02  0.1920587E+02 -0.8868865E+01  0.4076630E+03  0.4076630E+03
  0.1041179E+02  0.1912575E+02 -0.8713962E+01  0.4085882E+03  0.4085882E+03
  0.1048657E+02  0.1904562E+02 -0.8559058E+01  0.3795134E+03  0.3795134E+03
  0.1056135E+02  0.1896550E+02 -0.8404155E+01  0.3684387E+03  0.3684387E+03
  0.1045913E+02  0.1887745E+02 -0.8418322E+01  0.3995409E+03  0.3995409E+03
  0.1017992E+02  0.1878148E+02 -0.8601560E+01  0.3548201E+03  0.3548201E+03
  0.9900708E+01  0.1868551E+02 -0.8784798E+01  0.4430993E+03  0.4430993E+03
  0.9621498E+01  0.1858953E+02 -0.8968036E+01  0.3733785E+03  0.3733785E+03
  0.9483216E+01  0.1850887E+02 -0.9025653E+01  0.3905168E+03  0.3905168E+03
  0.9485864E+01  0.1844352E+02 -0.8957651E+01  0.4335141E+03  0.4335141E+03
  0.9488512E+01  0.1837816E+02 -0.8889648E+01  0.3835115E+03  0.3835115E+03
  0.9491159E+01  0.1831281E+02 -0.8821647E+01  0.3795089E+03  0.3795089E+03
  0.9483509E+01  0.1824267E+02 -0.8759162E+01  0.4065165E+03  0.4065165E+03
  0.9465561E+01  0.1816776E+02 -0.8702196E+01  0.4185344E+03  0.4185344E+03
  0.9447614E+01  0.1809284E+02 -0.8645229E+01  0.3825524E+03  0.3825524E+03
  0.9429666E+01  0.1801793E+02 -0.8588264E+01  0.4105703E+03  0.4105703E+03
  0.9475148E+01  0.1793956E+02 -0.8464409E+01  0.3855248E+03  0.3855248E+03
  0.9584062E+01  0.1785773E+02 -0.8273665E+01  0.3654159E+03  0.3654159E+03
  0.9692975E+01  0.1777590E+02 -0.8082922E+01  0.3483070E+03  0.3483070E+03
  0.9801888E+01  0.1769407E+02 -0.7892179E+01  0.3561981E+03  0.3561981E+03
  0.1004972E+02  0.1760275E+02 -0.7553035E+01  0.3629503E+03  0.3629503E+03
  0.1043646E+02  0.1750195E+02 -0.7065489E+01  0.3325635E+03  0.3325635E+03
  0.1082320E+02  0.1740114E+02 -0.6577943E+01  0.3001768E+03  0.3001768E+03
  0.1120994E+02  0.1730034E+02 -0.6090397E+01  0.2787901E+03  0.2787901E+03
  0.1171205E+02  0.1717415E+02 -0.5462096E+01  0.2382879E+03  0.2382879E+03
  0.1232953E+02  0.1702257E+02 -0.4693038E+01  0.2156705E+03  0.2156705E+03
  0.1294701E+02  0.1687099E+02 -0.3923980E+01  0.1570530E+03  0.1570530E+03
  0.1356449E+02  0.1671941E+02 -0.3154923E+01  0.1314355E+03  0.1314355E+03
  0.1400257E+02  0.1653244E+02 -0.2529867E+01  0.9399743E+02  0.9399743E+02
  0.1426127E+02  0.1631009E+02 -0.2048814E+01  0.7373872E+02  0.7373872E+02
  0.1451997E+02  0.1608773E+02 -0.1567760E+01  0.3048003E+02  0.3048003E+02
  0.1477867E+02  0.1586538E+02 -0.1086707E+01  0.3222133E+02  0.3222133E+02
  0.1483847E+02  0.1563728E+02 -0.7988030E+00  0.1816153E+02  0.1816153E+02
  0.1469938E+02  0.1540343E+02 -0.7040492E+00  0.1630062E+02  0.1630062E+02
  0.1456029E+02  0.1516959E+02 -0.6092954E+00  0.9439710E+01  0.9439710E+01
  0.1442120E+02  0.1493574E+02 -0.5145417E+00  0.8578802E+01  0.8578802E+01
  0.1427369E+02  0.1472189E+02 -0.4481977E+00  0.1072631E+02  0.1072631E+02
  0.1411778E+02  0.1452804E+02 -0.4102633E+00 -0.1177807E+00  0.0000000E+00
  0.1396187E+02  0.1433420E+02 -0.3723289E+00  0.5038135E+01  0.5038135E+01
  0.1380595E+02  0.1414035E+02 -0.3343946E+00 -0.8059511E+00  0.0000000E+00
  0.1364640E+02  0.1396117E+02 -0.3147708E+00 -0.6464014E+00  0.0000000E+00
  0.1348322E+02  0.1379667E+02 -0.3134576E+00 -0.4832163E+00  0.0000000E+00
  0.1332003E+02  0.1363218E+02 -0.3121445E+00 -0.1320030E+01  0.0000000E+00
  0.1315685E+02  0.1346768E+02 -0.3108313E+00  0.2843155E+01  0.2843155E+01
  0.1300521E+02  0.1331337E+02 -0.3081545E+00  0.9947853E+00  0.9947853E+00
  0.1286514E+02  0.1316925E+02 -0.3041141E+00  0.2134860E+01  0.2134860E+01
  0.1272507E+02  0.1302514E+02 -0.3000736E+00 -0.1725065E+01  0.0000000E+00
  0.1258499E+02  0.1288102E+02 -0.2960332E+00  0.4150095E+00  0.4150095E+00
  0.1245836E+02  0.1274423E+02 -0.2858664E+00  0.4541636E+01  0.4541636E+01
  0.1234518E+02  0.1261476E+02 -0.2695732E+00  0.6548166E+00  0.6548166E+00
  0.1223201E+02  0.1248528E+02 -0.2532800E+00 -0.9232005E+01  0.0000000E+00
  0.1211882E+02  0.1235581E+02 -0.2369869E+00 -0.8118825E+01  0.0000000E+00
  0.1200748E+02  0.1223225E+02 -0.2247674E+00  0.5992517E+01  0.5992517E+01
  0.1189798E+02  0.1211460E+02 -0.2166217E+00  0.5102021E+01  0.5102021E+01
  0.1178848E+02  0.1199695E+02 -0.2084760E+00 -0.2788475E+01  0.0000000E+00
  0.1167897E+02  0.1187930E+02 -0.2003303E+00 -0.2678970E+01  0.0000000E+00
  0.1156244E+02  0.1176761E+02 -0.2051640E+00 -0.5562445E+01  0.0000000E+00
  0.1143890E+02  0.1166188E+02 -0.2229771E+00  0.5611019E+00  0.5611019E+00
  0.1131535E+02  0.1155614E+02 -0.2407902E+00 -0.1315352E+01  0.0000000E+00
  0.1119181E+02  0.1145041E+02 -0.2586033E+00  0.1808194E+01  0.1808194E+01
  0.1109377E+02  0.1135107E+02 -0.2572955E+00 -0.9377384E-01  0.0000000E+00
  0.1102126E+02  0.1125812E+02 -0.2368668E+00  0.3978742E+01  0.3978742E+01
  0.1094874E+02  0.1116518E+02 -0.2164382E+00 -0.1948741E+01  0.0000000E+00
  0.1087623E+02  0.1107223E+02 -0.1960095E+00  0.1123775E+01  0.1123775E+01
  0.1079364E+02  0.1098150E+02 -0.1878637E+00 -0.5793637E+01  0.0000000E+00
  0.1070098E+02  0.1089298E+02 -0.1920008E+00 -0.2700979E+01  0.0000000E+00
  0.1060832E+02  0.1080446E+02 -0.1961379E+00 -0.1608320E+01  0.0000000E+00
  0.1051566E+02  0.1071594E+02 -0.2002750E+00 -0.1515662E+01  0.0000000E+00
  0.1042317E+02  0.1063032E+02 -0.2071456E+00 -0.4423171E+01  0.0000000E+00
  0.1033085E+02  0.1054760E+02 -0.2167498E+00  0.2669153E+01  0.2669153E+01
  0.1023852E+02  0.1046488E+02 -0.2263540E+00  0.7614765E+00  0.7614765E+00
  0.1014620E+02  0.1038216E+02 -0.2359581E+00  0.3853801E+01  0.3853801E+01
  0.1006339E+02  0.1030212E+02 -0.2387289E+00  0.1936606E+01  0.1936606E+01
  0.9990108E+01  0.1022477E+02 -0.2346662E+00 -0.2990108E+01  0.0000000E+00
  0.9916820E+01  0.1014742E+02 -0.2306035E+00  0.3083180E+01  0.3083180E+01
  0.9843534E+01  0.1007007E+02 -0.2265408E+00  0.4156466E+01  0.4156466E+01
  0.9767365E+01  0.9993948E+01 -0.2265837E+00 -0.3767365E+01  0.0000000E+00
  0.9688315E+01  0.9919047E+01 -0.2307322E+00 -0.1688315E+01  0.0000000E+00
  0.9609265E+01  0.9844146E+01 -0.2348808E+00 -0.1609265E+01  0.0000000E+00
  0.9530216E+01  0.9769245E+01 -0.2390293E+00  0.2469784E+01  0.2469784E+01
  0.9470836E+01  0.9696204E+01 -0.2253692E+00  0.1529164E+01  0.1529164E+01
  0.9431125E+01  0.9625025E+01 -0.1939004E+00  0.3568875E+01  0.3568875E+01
  0.9391413E+01  0.9553844E+01 -0.1624315E+00 -0.4391413E+01  0.0000000E+00
  0.9351702E+01  0.9482665E+01 -0.1309627E+00 -0.1351702E+01  0.0000000E+00
  0.9294810E+01  0.9410739E+01 -0.1159282E+00 -0.5294810E+01  0.0000000E+00
  0.9220738E+01  0.9338066E+01 -0.1173280E+00 -0.5220738E+01  0.0000000E+00
  0.9146666E+01  0.9265394E+01 -0.1187277E+00 -0.3146666E+01  0.0000000E+00
  0.9072594E+01  0.9192721E+01 -0.1201275E+00 -0.7259369E-01  0.0000000E+00
  0.8992811E+01  0.9121892E+01 -0.1290803E+00 -0.7992811E+01  0.0000000E+00
  0.8907319E+01  0.9052905E+01 -0.1455860E+00 -0.2907319E+01  0.0000000E+00
  0.8821826E+01  0.8983918E+01 -0.1620917E+00  0.1781740E+00  0.1781740E+00
  0.8736334E+01  0.8914931E+01 -0.1785975E+00  0.1263666E+01  0.1263666E+01
  0.8663505E+01  0.8848305E+01 -0.1847996E+00 -0.3663505E+01  0.0000000E+00
  0.8603339E+01  0.8784038E+01 -0.1806982E+00  0.1396661E+01  0.1396661E+01
  0.8543175E+01  0.8719771E+01 -0.1765968E+00  0.2456825E+01  0.2456825E+01
  0.8483009E+01  0.8655504E+01 -0.1724953E+00 -0.4830093E+00  0.0000000E+00
  0.8428376E+01  0.8591270E+01 -0.1628947E+00 -0.3428376E+01  0.0000000E+00
  0.8379274E+01  0.8527069E+01 -0.1477949E+00 -0.1379274E+01  0.0000000E+00
  0.8330173E+01  0.8462868E+01 -0.1326950E+00 -0.2330173E+01  0.0000000E+00
  0.8281071E+01  0.8398666E+01 -0.1175952E+00 -0.1281071E+01  0.0000000E+00
  0.8220053E+01  0.8333554E+01 -0.1135009E+00 -0.4220053E+01  0.0000000E+00
  0.8147119E+01  0.8267530E+01 -0.1204120E+00 -0.5147119E+01  0.0000000E+00
  0.8074183E+01  0.8201507E+01 -0.1273232E+00 -0.5074183E+01  0.0000000E+00
  0.8001248E+01  0.8135483E+01 -0.1342343E+00 -0.2001248E+01  0.0000000E+00
  0.7930171E+01  0.8069945E+01 -0.1397744E+00  0.2069829E+01  0.2069829E+01
  0.7860951E+01  0.8004894E+01 -0.1439434E+00 -0.1860951E+01  0.0000000E+00
  0.7791730E+01  0.7939843E+01 -0.1481124E+00  0.2082696E+00  0.2082696E+00
  0.7722510E+01  0.7874792E+01 -0.1522814E+00  0.2774901E+00  0.2774901E+00
  0.7665947E+01  0.7809984E+01 -0.1440370E+00 -0.1665947E+01  0.0000000E+00
  0.7622041E+01  0.7745420E+01 -0.1233792E+00 -0.1622041E+01  0.0000000E+00
  0.7578135E+01  0.7680857E+01 -0.1027213E+00 -0.2578135E+01  0.0000000E+00
  0.7534230E+01  0.7616293E+01 -0.8206349E-01 -0.2534230E+01  0.0000000E+00
  0.7472497E+01  0.7551134E+01 -0.7863710E-01 -0.5472497E+01  0.0000000E+00
  0.7392938E+01  0.7485380E+01 -0.9244218E-01 -0.6392938E+01  0.0000000E+00
  0.7313378E+01  0.7419625E+01 -0.1062472E+00 -0.2313378E+01  0.0000000E+00
  0.7233818E+01  0.7353871E+01 -0.1200523E+00 -0.1233818E+01  0.0000000E+00
  0.7161335E+01  0.7291067E+01 -0.1297320E+00 -0.3161335E+01  0.0000000E+00
  0.7095928E+01  0.7231215E+01 -0.1352865E+00  0.9040718E+00  0.9040718E+00
  0.7030521E+01  0.7171362E+01 -0.1408408E+00 -0.2030521E+01  0.0000000E+00
  0.6965114E+01  0.7111509E+01 -0.1463953E+00  0.2034886E+01  0.2034886E+01
  0.6904906E+01  0.7054090E+01 -0.1491841E+00 -0.9049058E+00  0.0000000E+00
  0.6849896E+01  0.6999103E+01 -0.1492075E+00  0.1501040E+00  0.1501040E+00
  0.6794886E+01  0.6944117E+01 -0.1492308E+00  0.1205114E+01  0.1205114E+01
  0.6739876E+01  0.6889130E+01 -0.1492541E+00 -0.7398758E+00  0.0000000E+00
  0.6691867E+01  0.6835616E+01 -0.1437489E+00  0.2308133E+01  0.2308133E+01
  0.6650860E+01  0.6783575E+01 -0.1327151E+00 -0.2650860E+01  0.0000000E+00
  0.6609852E+01  0.6731534E+01 -0.1216813E+00 -0.2609852E+01  0.0000000E+00
  0.6568845E+01  0.6679492E+01 -0.1106475E+00 -0.5688448E+00  0.0000000E+00
  0.6519962E+01  0.6627874E+01 -0.1079117E+00  0.4800377E+00  0.4800377E+00
  0.6463204E+01  0.6576678E+01 -0.1134739E+00 -0.4463204E+01  0.0000000E+00
  0.6406446E+01  0.6525482E+01 -0.1190362E+00 -0.4064460E+00  0.0000000E+00
  0.6349688E+01  0.6474287E+01 -0.1245985E+00 -0.1349688E+01  0.0000000E+00
  0.6297105E+01  0.6424498E+01 -0.1273933E+00  0.7028952E+00  0.7028952E+00
  0.6248697E+01  0.6376117E+01 -0.1274207E+00 -0.1248697E+01  0.0000000E+00
  0.6200288E+01  0.6327736E+01 -0.1274481E+00 -0.1200288E+01  0.0000000E+00
  0.6151880E+01  0.6279356E+01 -0.1274755E+00  0.8481197E+00  0.8481197E+00
  0.6102245E+01  0.6231824E+01 -0.1295798E+00  0.2897755E+01  0.2897755E+01
  0.6051382E+01  0.6185143E+01 -0.1337609E+00 -0.4051382E+01  0.0000000E+00
  0.6000519E+01  0.6138461E+01 -0.1379419E+00 -0.1000519E+01  0.0000000E+00
  0.5949656E+01  0.6091779E+01 -0.1421230E+00  0.1050344E+01  0.1050344E+01
  0.5900450E+01  0.6046062E+01 -0.1456123E+00  0.2099550E+01  0.2099550E+01
  0.5852900E+01  0.6001309E+01 -0.1484096E+00  0.1471004E+00  0.1471004E+00
  0.5805350E+01  0.5956557E+01 -0.1512069E+00  0.1946502E+00  0.1946502E+00
  0.5757800E+01  0.5911804E+01 -0.1540042E+00  0.2422004E+00  0.2422004E+00
  0.5724928E+01  0.5867847E+01 -0.1429188E+00  0.3275072E+01  0.3275072E+01
  0.5706735E+01  0.5824686E+01 -0.1179507E+00  0.1293265E+01  0.1293265E+01
  0.5688542E+01  0.5781524E+01 -0.9298250E-01 -0.2688542E+01  0.0000000E+00
  0.5670349E+01  0.5738363E+01 -0.6801434E-01 -0.2670349E+01  0.0000000E+00
  0.5632413E+01  0.5694206E+01 -0.6179244E-01 -0.5632413E+01  0.0000000E+00
  0.5574737E+01  0.5649053E+01 -0.7431681E-01 -0.1574737E+01  0.0000000E+00
  0.5517060E+01  0.5603901E+01 -0.8684117E-01 -0.1517060E+01  0.0000000E+00
  0.5459383E+01  0.5558748E+01 -0.9936552E-01 -0.3459383E+01  0.0000000E+00
  0.5413933E+01  0.5515398E+01 -0.1014653E+00 -0.4139328E+00  0.0000000E+00
  0.5380710E+01  0.5473850E+01 -0.9314051E-01  0.2619290E+01  0.2619290E+01
  0.5347486E+01  0.5432302E+01 -0.8481572E-01 -0.4347486E+01  0.0000000E+00
  0.5314263E+01  0.5390754E+01 -0.7649092E-01 -0.3142629E+00  0.0000000E+00
  0.5274295E+01  0.5349414E+01 -0.7511911E-01 -0.1274295E+01  0.0000000E+00
  0.5227583E+01  0.5308284E+01 -0.8070029E-01 -0.2227583E+01  0.0000000E+00
  0.5180872E+01  0.5267153E+01 -0.8628146E-01 -0.1808720E+00  0.0000000E+00
  0.5134160E+01  0.5226023E+01 -0.9186264E-01 -0.1134160E+01  0.0000000E+00
  0.5092557E+01  0.5185826E+01 -0.9326863E-01 -0.1092557E+01  0.0000000E+00
  0.5056065E+01  0.5146564E+01 -0.9049942E-01 -0.1056065E+01  0.0000000E+00
  0.5019572E+01  0.5107302E+01 -0.8773021E-01 -0.1019572E+01  0.0000000E+00
  0.4983079E+01  0.5068040E+01 -0.8496100E-01 -0.3983079E+01  0.0000000E+00
  0.4947579E+01  0.5029071E+01 -0.8149150E-01 -0.9475794E+00  0.0000000E+00
  0.4913073E+01  0.4990395E+01 -0.7732171E-01  0.1086927E+01  0.1086927E+01
  0.4878566E+01  0.4951718E+01 -0.7315191E-01 -0.4878566E+01  0.0000000E+00
  0.4844060E+01  0.4913042E+01 -0.6898212E-01  0.1155940E+01  0.1155940E+01
  0.4803473E+01  0.4874563E+01 -0.7108936E-01 -0.3803473E+01  0.0000000E+00
  0.4756808E+01  0.4836282E+01 -0.7947362E-01  0.2431922E+00  0.2431922E+00
  0.4710142E+01  0.4798000E+01 -0.8785789E-01  0.2289858E+01  0.2289858E+01
  0.4663476E+01  0.4759718E+01 -0.9624216E-01 -0.6634765E+00  0.0000000E+00
  0.4625600E+01  0.4722556E+01 -0.9695601E-01 -0.6255999E+00  0.0000000E+00
  0.4596513E+01  0.4686512E+01 -0.8999945E-01 -0.1596513E+01  0.0000000E+00
  0.4567426E+01  0.4650469E+01 -0.8304290E-01  0.4325738E+00  0.4325738E+00
  0.4538339E+01  0.4614425E+01 -0.7608633E-01 -0.1538339E+01  0.0000000E+00
  0.4504324E+01  0.4578334E+01 -0.7401023E-01 -0.2504324E+01  0.0000000E+00
  0.4465381E+01  0.4542195E+01 -0.7681458E-01 -0.1465381E+01  0.0000000E+00
  0.4426437E+01  0.4506056E+01 -0.7961895E-01 -0.4264369E+00  0.0000000E+00
  0.4387494E+01  0.4469917E+01 -0.8242330E-01 -0.3874936E+00  0.0000000E+00
  0.4349851E+01  0.4434386E+01 -0.8453480E-01 -0.2349851E+01  0.0000000E+00
  0.4313509E+01  0.4399462E+01 -0.8595344E-01  0.6864915E+00  0.6864915E+00
  0.4277166E+01  0.4364538E+01 -0.8737209E-01 -0.1277166E+01  0.0000000E+00
  0.4240824E+01  0.4329614E+01 -0.8879074E-01 -0.2408237E+00  0.0000000E+00
  0.4208529E+01  0.4295237E+01 -0.8670839E-01 -0.2085285E+00  0.0000000E+00
  0.4180281E+01  0.4261405E+01 -0.8112504E-01  0.8197193E+00  0.8197193E+00
  0.4152032E+01  0.4227574E+01 -0.7554170E-01 -0.4152032E+01  0.0000000E+00
  0.4123785E+01  0.4193743E+01 -0.6995836E-01 -0.2123785E+01  0.0000000E+00
  0.4090680E+01  0.4159950E+01 -0.6927026E-01  0.9093204E+00  0.9093204E+00
  0.4052717E+01  0.4126195E+01 -0.7347742E-01  0.9472828E+00  0.9472828E+00
  0.4014755E+01  0.4092440E+01 -0.7768457E-01  0.3985245E+01  0.3985245E+01
  0.3976793E+01  0.4058685E+01 -0.8189174E-01 -0.2976793E+01  0.0000000E+00
  0.3943031E+01  0.4025632E+01 -0.8260237E-01 -0.9430306E+00  0.0000000E+00
  0.3913467E+01  0.3993284E+01 -0.7981651E-01 -0.9134674E+00  0.0000000E+00
  0.3883904E+01  0.3960935E+01 -0.7703064E-01 -0.2883904E+01  0.0000000E+00
  0.3854341E+01  0.3928586E+01 -0.7424477E-01  0.1456592E+00  0.1456592E+00
  0.3825725E+01  0.3896483E+01 -0.7075772E-01  0.1174275E+01  0.1174275E+01
  0.3798057E+01  0.3864626E+01 -0.6656950E-01 -0.7980568E+00  0.0000000E+00
  0.3770389E+01  0.3832770E+01 -0.6238128E-01 -0.7703888E+00  0.0000000E+00
  0.3742721E+01  0.3800914E+01 -0.5819306E-01 -0.2742721E+01  0.0000000E+00
  0.3710322E+01  0.3769233E+01 -0.5891144E-01 -0.1710322E+01  0.0000000E+00
  0.3673192E+01  0.3737729E+01 -0.6453642E-01  0.3268077E+00  0.3268077E+00
  0.3636062E+01  0.3706224E+01 -0.7016139E-01  0.1363938E+01  0.1363938E+01
  0.3598933E+01  0.3674719E+01 -0.7578637E-01 -0.2598933E+01  0.0000000E+00
  0.3567536E+01  0.3644036E+01 -0.7649901E-01 -0.5675364E+00  0.0000000E+00
  0.3541873E+01  0.3614172E+01 -0.7229929E-01  0.1458127E+01  0.1458127E+01
  0.3516210E+01  0.3584310E+01 -0.6809957E-01 -0.2516210E+01  0.0000000E+00
  0.3490547E+01  0.3554446E+01 -0.6389986E-01 -0.2490547E+01  0.0000000E+00
  0.3463576E+01  0.3524678E+01 -0.6110181E-01 -0.1463576E+01  0.0000000E+00
  0.3435297E+01  0.3495003E+01 -0.5970543E-01  0.3564703E+01  0.3564703E+01
  0.3407019E+01  0.3465328E+01 -0.5830904E-01  0.5929811E+00  0.5929811E+00
  0.3378741E+01  0.3435653E+01 -0.5691266E-01 -0.2378741E+01  0.0000000E+00
  0.3352162E+01  0.3406272E+01 -0.5410988E-01 -0.3521624E+00  0.0000000E+00
  0.3327285E+01  0.3377185E+01 -0.4990070E-01 -0.1327285E+01  0.0000000E+00
  0.3302407E+01  0.3348098E+01 -0.4569153E-01 -0.3302407E+01  0.0000000E+00
  0.3277529E+01  0.3319011E+01 -0.4148235E-01 -0.1277529E+01  0.0000000E+00
  0.3250044E+01  0.3290129E+01 -0.4008513E-01  0.7499561E+00  0.7499561E+00
  0.3219952E+01  0.3261452E+01 -0.4149987E-01 -0.2219952E+01  0.0000000E+00
  0.3189861E+01  0.3232775E+01 -0.4291461E-01 -0.2189861E+01  0.0000000E+00
  0.3159769E+01  0.3204098E+01 -0.4432935E-01  0.8402309E+00  0.8402309E+00
  0.3129544E+01  0.3175994E+01 -0.4645018E-01 -0.1129544E+01  0.0000000E+00
  0.3099184E+01  0.3148461E+01 -0.4927710E-01 -0.2099184E+01  0.0000000E+00
  0.3068825E+01  0.3120929E+01 -0.5210402E-01 -0.3068825E+01  0.0000000E+00
  0.3038465E+01  0.3093396E+01 -0.5493095E-01 -0.3846478E-01  0.0000000E+00
  0.3010114E+01  0.3066464E+01 -0.5634994E-01  0.9898860E+00  0.9898860E+00
  0.2983771E+01  0.3040132E+01 -0.5636102E-01  0.1622868E-01  0.1622868E-01
  0.2957429E+01  0.3013801E+01 -0.5637209E-01 -0.9574287E+00  0.0000000E+00
  0.2931086E+01  0.2987469E+01 -0.5638317E-01  0.1068914E+01  0.1068914E+01
  0.2904325E+01  0.2961423E+01 -0.5709706E-01 -0.9043255E+00  0.0000000E+00
  0.2877147E+01  0.2935661E+01 -0.5851376E-01 -0.8771470E+00  0.0000000E+00
  0.2849968E+01  0.2909899E+01 -0.5993046E-01 -0.2849968E+01  0.0000000E+00
  0.2822790E+01  0.2884137E+01 -0.6134716E-01  0.1177210E+01  0.1177210E+01
  0.2796727E+01  0.2858789E+01 -0.6206227E-01  0.2203273E+01  0.2203273E+01
  0.2771780E+01  0.2833856E+01 -0.6207580E-01 -0.7717798E+00  0.0000000E+00
  0.2746832E+01  0.2808922E+01 -0.6208933E-01  0.2531676E+00  0.2531676E+00
  0.2721885E+01  0.2783988E+01 -0.6210286E-01  0.2781148E+00  0.2781148E+00
  0.2701489E+01  0.2759366E+01 -0.5787733E-01  0.1298511E+01  0.1298511E+01
  0.2685644E+01  0.2735056E+01 -0.4941274E-01 -0.1685644E+01  0.0000000E+00
  0.2669798E+01  0.2710746E+01 -0.4094816E-01  0.3302019E+00  0.3302019E+00
  0.2653953E+01  0.2686436E+01 -0.3248357E-01 -0.6539528E+00  0.0000000E+00
  0.2633679E+01  0.2661932E+01 -0.2825328E-01 -0.2633679E+01  0.0000000E+00
  0.2608977E+01  0.2637234E+01 -0.2825726E-01 -0.2608977E+01  0.0000000E+00
  0.2584275E+01  0.2612536E+01 -0.2826125E-01 -0.2584275E+01  0.0000000E+00
  0.2559573E+01  0.2587838E+01 -0.2826523E-01  0.4404273E+00  0.4404273E+00
  0.2533915E+01  0.2563600E+01 -0.2968513E-01 -0.5339146E+00  0.0000000E+00
  0.2507300E+01  0.2539821E+01 -0.3252092E-01 -0.2507300E+01  0.0000000E+00
  0.2480686E+01  0.2516043E+01 -0.3535673E-01 -0.2480686E+01  0.0000000E+00
  0.2454072E+01  0.2492265E+01 -0.3819253E-01 -0.1454072E+01  0.0000000E+00
  0.2428791E+01  0.2469113E+01 -0.4032211E-01  0.1571209E+01  0.1571209E+01
  0.2404843E+01  0.2446588E+01 -0.4174547E-01 -0.4048426E+00  0.0000000E+00
  0.2380894E+01  0.2424063E+01 -0.4316882E-01  0.6191061E+00  0.6191061E+00
  0.2356946E+01  0.2401538E+01 -0.4459218E-01 -0.1356946E+01  0.0000000E+00
  0.2334830E+01  0.2379429E+01 -0.4459868E-01  0.6651697E+00  0.6651697E+00
  0.2314548E+01  0.2357736E+01 -0.4318834E-01 -0.1314548E+01  0.0000000E+00
  0.2294266E+01  0.2336044E+01 -0.4177799E-01 -0.2942655E+00  0.0000000E+00
  0.2273983E+01  0.2314351E+01 -0.4036764E-01 -0.2739832E+00  0.0000000E+00
  0.2252451E+01  0.2292826E+01 -0.4037531E-01 -0.2524507E+00  0.0000000E+00
  0.2229668E+01  0.2271469E+01 -0.4180100E-01 -0.1229668E+01  0.0000000E+00
  0.2206885E+01  0.2250111E+01 -0.4322669E-01 -0.1206885E+01  0.0000000E+00
  0.2184102E+01  0.2228754E+01 -0.4465238E-01 -0.1841016E+00  0.0000000E+00
  0.2165222E+01  0.2207754E+01 -0.4253151E-01 -0.1652219E+00  0.0000000E+00
  0.2150246E+01  0.2187110E+01 -0.3686407E-01  0.8497543E+00  0.8497543E+00
  0.2135269E+01  0.2166466E+01 -0.3119664E-01 -0.2135269E+01  0.0000000E+00
  0.2120293E+01  0.2145822E+01 -0.2552920E-01  0.8797071E+00  0.8797071E+00
  0.2103102E+01  0.2125090E+01 -0.2198797E-01 -0.2103102E+01  0.0000000E+00
  0.2083696E+01  0.2104269E+01 -0.2057295E-01 -0.1083696E+01  0.0000000E+00
  0.2064291E+01  0.2083449E+01 -0.1915793E-01 -0.1064291E+01  0.0000000E+00
  0.2044885E+01  0.2062628E+01 -0.1774290E-01 -0.1044885E+01  0.0000000E+00
  0.2021445E+01  0.2042034E+01 -0.2058909E-01 -0.1021445E+01  0.0000000E+00
  0.1993969E+01  0.2021666E+01 -0.2769648E-01 -0.1993969E+01  0.0000000E+00
  0.1966494E+01  0.2001298E+01 -0.3480387E-01  0.1033506E+01  0.1033506E+01
  0.1939019E+01  0.1980930E+01 -0.4191126E-01 -0.9390190E+00  0.0000000E+00
  0.1918738E+01  0.1961363E+01 -0.4262524E-01 -0.9187376E+00  0.0000000E+00
  0.1905650E+01  0.1942596E+01 -0.3694580E-01  0.1094350E+01  0.1094350E+01
  0.1892563E+01  0.1923830E+01 -0.3126637E-01 -0.8925632E+00  0.0000000E+00
  0.1879476E+01  0.1905063E+01 -0.2558693E-01 -0.1879476E+01  0.0000000E+00
  0.1860539E+01  0.1886133E+01 -0.2559414E-01 -0.8605393E+00  0.0000000E+00
  0.1835753E+01  0.1867041E+01 -0.3128800E-01  0.1642469E+00  0.1642469E+00
  0.1810967E+01  0.1847949E+01 -0.3698186E-01  0.1189033E+01  0.1189033E+01
  0.1786181E+01  0.1828856E+01 -0.4267572E-01  0.2138194E+00  0.2138194E+00
  0.1766961E+01  0.1810353E+01 -0.4339154E-01  0.2330389E+00  0.2330389E+00
  0.1753308E+01  0.1792438E+01 -0.3912931E-01 -0.7533084E+00  0.0000000E+00
  0.1739656E+01  0.1774523E+01 -0.3486707E-01 -0.7396557E+00  0.0000000E+00
  0.1726003E+01  0.1756608E+01 -0.3060485E-01 -0.7260031E+00  0.0000000E+00
  0.1711591E+01  0.1738642E+01 -0.2705115E-01 -0.7115911E+00  0.0000000E+00
  0.1696420E+01  0.1720626E+01 -0.2420599E-01  0.3035798E+00  0.3035798E+00
  0.1681249E+01  0.1702610E+01 -0.2136084E-01 -0.6812493E+00  0.0000000E+00
  0.1666078E+01  0.1684594E+01 -0.1851567E-01 -0.6660783E+00  0.0000000E+00
  0.1646673E+01  0.1666619E+01 -0.1994569E-01 -0.6466732E+00  0.0000000E+00
  0.1623034E+01  0.1648685E+01 -0.2565088E-01 -0.1623034E+01  0.0000000E+00
  0.1599395E+01  0.1630751E+01 -0.3135606E-01  0.1400605E+01  0.1400605E+01
  0.1575756E+01  0.1612817E+01 -0.3706124E-01 -0.1575756E+01  0.0000000E+00
  0.1558471E+01  0.1595535E+01 -0.3706447E-01 -0.5584708E+00  0.0000000E+00
  0.1547540E+01  0.1578906E+01 -0.3136573E-01  0.1452460E+01  0.1452460E+01
  0.1536610E+01  0.1562277E+01 -0.2566700E-01 -0.5366101E+00  0.0000000E+00
  0.1525680E+01  0.1545648E+01 -0.1996827E-01 -0.5256797E+00  0.0000000E+00
  0.1510322E+01  0.1528870E+01 -0.1854827E-01 -0.1510322E+01  0.0000000E+00
  0.1490537E+01  0.1511944E+01 -0.2140700E-01 -0.4905370E+00  0.0000000E+00
  0.1470752E+01  0.1495018E+01 -0.2426574E-01  0.5292480E+00  0.5292480E+00
  0.1450967E+01  0.1478091E+01 -0.2712447E-01 -0.4509670E+00  0.0000000E+00
  0.1432326E+01  0.1461596E+01 -0.2927032E-01 -0.4323260E+00  0.0000000E+00
  0.1414829E+01  0.1445532E+01 -0.3070328E-01 -0.4148288E+00  0.0000000E+00
  0.1397332E+01  0.1429468E+01 -0.3213624E-01 -0.3973317E+00  0.0000000E+00
  0.1379835E+01  0.1413404E+01 -0.3356920E-01 -0.3798345E+00  0.0000000E+00
  0.1364826E+01  0.1397685E+01 -0.3285880E-01  0.2635174E+01  0.2635174E+01
  0.1352306E+01  0.1382311E+01 -0.3000505E-01 -0.1352306E+01  0.0000000E+00
  0.1339787E+01  0.1366938E+01 -0.2715130E-01 -0.3397868E+00  0.0000000E+00
  0.1327267E+01  0.1351565E+01 -0.2429754E-01 -0.3272671E+00  0.0000000E+00
  0.1312612E+01  0.1336200E+01 -0.2358766E-01 -0.3126122E+00  0.0000000E+00
  0.1295822E+01  0.1320844E+01 -0.2502164E-01 -0.2958221E+00  0.0000000E+00
  0.1279032E+01  0.1305488E+01 -0.2645563E-01 -0.2790321E+00  0.0000000E+00
  0.1262242E+01  0.1290132E+01 -0.2788961E-01 -0.2622421E+00  0.0000000E+00
  0.1248629E+01  0.1275091E+01 -0.2646220E-01  0.1751371E+01  0.1751371E+01
  0.1238193E+01  0.1260367E+01 -0.2217338E-01 -0.1238193E+01  0.0000000E+00
  0.1227758E+01  0.1245642E+01 -0.1788457E-01 -0.2277576E+00  0.0000000E+00
  0.1217322E+01  0.1230918E+01 -0.1359576E-01 -0.1217322E+01  0.0000000E+00
  0.1204700E+01  0.1216152E+01 -0.1145238E-01 -0.2047000E+00  0.0000000E+00
  0.1189892E+01  0.1201346E+01 -0.1145444E-01 -0.1189892E+01  0.0000000E+00
  0.1175084E+01  0.1186540E+01 -0.1145651E-01 -0.1750839E+00  0.0000000E+00
  0.1160276E+01  0.1171734E+01 -0.1145857E-01 -0.1602758E+00  0.0000000E+00
  0.1146433E+01  0.1157177E+01 -0.1074394E-01 -0.1146433E+01  0.0000000E+00
  0.1133556E+01  0.1142869E+01 -0.9312621E-02 -0.1133556E+01  0.0000000E+00
  0.1120679E+01  0.1128561E+01 -0.7881301E-02 -0.1120679E+01  0.0000000E+00
  0.1107802E+01  0.1114252E+01 -0.6449980E-02 -0.1107802E+01  0.0000000E+00
  0.1092235E+01  0.1100121E+01 -0.7886222E-02 -0.9223461E-01  0.0000000E+00
  0.1073976E+01  0.1086166E+01 -0.1219003E-01 -0.1073976E+01  0.0000000E+00
  0.1055718E+01  0.1072212E+01 -0.1649383E-01  0.9442822E+00  0.9442822E+00
  0.1037459E+01  0.1058257E+01 -0.2079764E-01 -0.1037459E+01  0.0000000E+00
  0.1024017E+01  0.1044815E+01 -0.2079844E-01 -0.2401698E-01  0.0000000E+00
  0.1015391E+01  0.1031887E+01 -0.1649625E-01 -0.1539052E-01  0.0000000E+00
  0.1006764E+01  0.1018958E+01 -0.1219405E-01 -0.1006764E+01  0.0000000E+00
  0.9981375E+00  0.1006029E+01 -0.7891855E-02  0.1862466E-02  0.1862466E-02
  0.9844025E+00  0.9930162E+00 -0.8613664E-02 -0.9844025E+00  0.0000000E+00
  0.9655589E+00  0.9799184E+00 -0.1435948E-01 -0.9655589E+00  0.0000000E+00
  0.9467153E+00  0.9668206E+00 -0.2010529E-01  0.5328470E-01  0.5328470E-01
  0.9278717E+00  0.9537228E+00 -0.2585110E-01 -0.9278717E+00  0.0000000E+00
  0.9138900E+00  0.9411789E+00 -0.2728892E-01  0.2086110E+01  0.2086110E+01
  0.9047702E+00  0.9291890E+00 -0.2441876E-01  0.9522980E-01  0.9522980E-01
  0.8956504E+00  0.9171991E+00 -0.2154860E-01  0.1043496E+00  0.1043496E+00
  0.8865306E+00  0.9052091E+00 -0.1867844E-01 -0.8865306E+00  0.0000000E+00
  0.8745065E+00  0.8931894E+00 -0.1868280E-01  0.1254935E+00  0.1254935E+00
  0.8595781E+00  0.8811399E+00 -0.2156170E-01  0.1404219E+00  0.1404219E+00
  0.8446497E+00  0.8690903E+00 -0.2444059E-01  0.1155350E+01  0.1155350E+01
  0.8297213E+00  0.8570408E+00 -0.2731949E-01  0.1702787E+00  0.1702787E+00
  0.8180003E+00  0.8453231E+00 -0.2732278E-01  0.1819997E+00  0.1819997E+00
  0.8094867E+00  0.8339372E+00 -0.2445048E-01  0.1905133E+00  0.1905133E+00
  0.8009730E+00  0.8225512E+00 -0.2157818E-01  0.1199027E+01  0.1199027E+01
  0.7924594E+00  0.8111653E+00 -0.1870588E-01 -0.7924594E+00  0.0000000E+00
  0.7832246E+00  0.7997755E+00 -0.1655093E-01 -0.7832246E+00  0.0000000E+00
  0.7732686E+00  0.7883819E+00 -0.1511334E-01  0.2267314E+00  0.2267314E+00
  0.7633125E+00  0.7769883E+00 -0.1367575E-01 -0.7633125E+00  0.0000000E+00
  0.7533565E+00  0.7655947E+00 -0.1223816E-01  0.2466435E+00  0.2466435E+00
  0.7435262E+00  0.7543261E+00 -0.1079991E-01  0.2564738E+00  0.2564738E+00
  0.7338215E+00  0.7431825E+00 -0.9361004E-02 -0.7338215E+00  0.0000000E+00
  0.7241168E+00  0.7320389E+00 -0.7922094E-02 -0.7241168E+00  0.0000000E+00
  0.7144121E+00  0.7208952E+00 -0.6483185E-02  0.2855879E+00  0.2855879E+00
  0.7041391E+00  0.7099033E+00 -0.5764203E-02 -0.7041391E+00  0.0000000E+00
  0.6932978E+00  0.6990629E+00 -0.5765148E-02 -0.6932978E+00  0.0000000E+00
  0.6824565E+00  0.6882226E+00 -0.5766094E-02 -0.6824565E+00  0.0000000E+00
  0.6716152E+00  0.6773822E+00 -0.5767040E-02  0.3283848E+00  0.3283848E+00
  0.6617413E+00  0.6667879E+00 -0.5767513E-02 -0.6617413E+00  0.0000000E+00
  0.6528348E+00  0.6564395E+00 -0.5767513E-02 -0.6528348E+00  0.0000000E+00
  0.6439284E+00  0.6460912E+00  0.0000000E+00 -0.6439284E+00  0.0000000E+00
  0.6350219E+00  0.6357428E+00  0.0000000E+00 -0.6350219E+00  0.0000000E+00
  0.6240925E+00  0.6255364E+00  0.0000000E+00 -0.6240925E+00  0.0000000E+00
  0.6111400E+00  0.6154718E+00  0.0000000E+00 -0.6111400E+00  0.0000000E+00
  0.5981875E+00  0.6054071E+00 -0.1155145E-01  0.4018125E+00  0.4018125E+00
  0.5852350E+00  0.5953425E+00 -0.1155145E-01 -0.5852350E+00  0.0000000E+00
  0.5726984E+00  0.5856953E+00 -0.1299687E-01  0.4273016E+00  0.4273016E+00
  0.5605778E+00  0.5764655E+00 -0.1588770E-01 -0.5605778E+00  0.0000000E+00
  0.5484571E+00  0.5672356E+00 -0.1877854E-01 -0.5484571E+00  0.0000000E+00
  0.5363365E+00  0.5580058E+00 -0.2166938E-01  0.4636635E+00  0.4636635E+00
  0.5267755E+00  0.5491692E+00 -0.2239369E-01  0.1473225E+01  0.1473225E+01
  0.5197742E+00  0.5407257E+00 -0.2095148E-01  0.4802258E+00  0.4802258E+00
  0.5127729E+00  0.5322822E+00 -0.1950927E-01 -0.5127729E+00  0.0000000E+00
  0.5057716E+00  0.5238387E+00 -0.1806706E-01  0.4942284E+00  0.4942284E+00
  0.5002727E+00  0.5154504E+00 -0.1734596E-01  0.4997273E+00  0.4997273E+00
  0.4962760E+00  0.5071172E+00 -0.1734596E-01  0.5037240E+00  0.5037240E+00
  0.4922794E+00  0.4987841E+00  0.0000000E+00 -0.4922794E+00  0.0000000E+00
  0.4882827E+00  0.4904509E+00  0.0000000E+00 -0.4882827E+00  0.0000000E+00
  0.4805807E+00  0.4820280E+00  0.0000000E+00 -0.4805807E+00  0.0000000E+00
  0.4691735E+00  0.4735153E+00  0.0000000E+00 -0.4691735E+00  0.0000000E+00
  0.4577662E+00  0.4650026E+00 -0.1157822E-01  0.5422338E+00  0.5422338E+00
  0.4463589E+00  0.4564898E+00 -0.1157822E-01  0.5536411E+00  0.5536411E+00
  0.4382734E+00  0.4484044E+00 -0.1157822E-01 -0.4382734E+00  0.0000000E+00
  0.4335098E+00  0.4407462E+00 -0.1157822E-01 -0.4335098E+00  0.0000000E+00
  0.4287461E+00  0.4330879E+00  0.0000000E+00 -0.4287461E+00  0.0000000E+00
  0.4239825E+00  0.4254297E+00  0.0000000E+00 -0.4239825E+00  0.0000000E+00
  0.4177931E+00  0.4177931E+00  0.0000000E+00 -0.4177931E+00  0.0000000E+00
  0.4101781E+00  0.4101781E+00  0.0000000E+00 -0.4101781E+00  0.0000000E+00
  0.4025631E+00  0.4025631E+00  0.0000000E+00 -0.4025631E+00  0.0000000E+00
  0.3949481E+00  0.3949481E+00  0.0000000E+00 -0.3949481E+00  0.0000000E+00
  0.3868009E+00  0.3875261E+00  0.0000000E+00 -0.3868009E+00  0.0000000E+00
  0.3781217E+00  0.3802971E+00  0.0000000E+00 -0.3781217E+00  0.0000000E+00
  0.3694426E+00  0.3730681E+00 -0.5800940E-02 -0.3694426E+00  0.0000000E+00
  0.3607633E+00  0.3658392E+00 -0.5800940E-02  0.6392367E+00  0.6392367E+00
  0.3538471E+00  0.3589229E+00 -0.5800940E-02 -0.3538471E+00  0.0000000E+00
  0.3486938E+00  0.3523194E+00 -0.5800940E-02 -0.3486938E+00  0.0000000E+00
  0.3435405E+00  0.3457159E+00  0.0000000E+00 -0.3435405E+00  0.0000000E+00
  0.3383873E+00  0.3391124E+00  0.0000000E+00 -0.3383873E+00  0.0000000E+00
  0.3326269E+00  0.3326269E+00  0.0000000E+00 -0.3326269E+00  0.0000000E+00
  0.3262595E+00  0.3262595E+00  0.0000000E+00 -0.3262595E+00  0.0000000E+00
  0.3198920E+00  0.3198920E+00  0.0000000E+00 -0.3198920E+00  0.0000000E+00
  0.3135246E+00  0.3135246E+00  0.0000000E+00 -0.3135246E+00  0.0000000E+00
  0.3073809E+00  0.3073809E+00  0.0000000E+00 -0.3073809E+00  0.0000000E+00
  0.3014608E+00  0.3014608E+00  0.0000000E+00 -0.3014608E+00  0.0000000E+00
  0.2955408E+00  0.2955408E+00  0.0000000E+00 -0.2955408E+00  0.0000000E+00
  0.2896207E+00  0.2896207E+00  0.0000000E+00 -0.2896207E+00  0.0000000E+00
  0.2839271E+00  0.2839271E+00  0.0000000E+00 -0.2839271E+00  0.0000000E+00
  0.2784598E+00  0.2784598E+00  0.0000000E+00 -0.2784598E+00  0.0000000E+00
  0.2729926E+00  0.2729926E+00  0.0000000E+00 -0.2729926E+00  0.0000000E+00
  0.2675253E+00  0.2675253E+00  0.0000000E+00 -0.2675253E+00  0.0000000E+00
  0.2622401E+00  0.2622401E+00  0.0000000E+00 -0.2622401E+00  0.0000000E+00
  0.2571369E+00  0.2571369E+00  0.0000000E+00 -0.2571369E+00  0.0000000E+00
  0.2520337E+00  0.2520337E+00  0.0000000E+00 -0.2520337E+00  0.0000000E+00
  0.2469305E+00  0.2469305E+00  0.0000000E+00 -0.2469305E+00  0.0000000E+00
  0.2405283E+00  0.2419841E+00  0.0000000E+00 -0.2405283E+00  0.0000000E+00
  0.2328271E+00  0.2371944E+00  0.0000000E+00 -0.2328271E+00  0.0000000E+00
  0.2251258E+00  0.2324047E+00 -0.1164617E-01  0.7748742E+00  0.7748742E+00
  0.2174246E+00  0.2276150E+00 -0.1164617E-01  0.7825754E+00  0.7825754E+00
  0.2129287E+00  0.2231191E+00 -0.1164617E-01 -0.2129287E+00  0.0000000E+00
  0.2116382E+00  0.2189171E+00 -0.1164617E-01 -0.2116382E+00  0.0000000E+00
  0.2103477E+00  0.2147150E+00  0.0000000E+00 -0.2103477E+00  0.0000000E+00
  0.2090572E+00  0.2105130E+00  0.0000000E+00 -0.2090572E+00  0.0000000E+00
  0.2062031E+00  0.2062031E+00  0.0000000E+00 -0.2062031E+00  0.0000000E+00
  0.2017855E+00  0.2017855E+00  0.0000000E+00 -0.2017855E+00  0.0000000E+00
  0.1973679E+00  0.1973679E+00  0.0000000E+00 -0.1973679E+00  0.0000000E+00
  0.1929502E+00  0.1929502E+00  0.0000000E+00 -0.1929502E+00  0.0000000E+00
  0.1886380E+00  0.1886380E+00  0.0000000E+00 -0.1886380E+00  0.0000000E+00
  0.1844313E+00  0.1844313E+00  0.0000000E+00 -0.1844313E+00  0.0000000E+00
  0.1802246E+00  0.1802246E+00  0.0000000E+00 -0.1802246E+00  0.0000000E+00
  0.1760179E+00  0.1760179E+00  0.0000000E+00 -0.1760179E+00  0.0000000E+00
  0.1719588E+00  0.1719588E+00  0.0000000E+00 -0.1719588E+00  0.0000000E+00
  0.1680475E+00  0.1680475E+00  0.0000000E+00 -0.1680475E+00  0.0000000E+00
  0.1641361E+00  0.1641361E+00  0.0000000E+00 -0.1641361E+00  0.0000000E+00
  0.1602248E+00  0.1602248E+00  0.0000000E+00 -0.1602248E+00  0.0000000E+00
  0.1557253E+00  0.1564553E+00  0.0000000E+00 -0.1557253E+00  0.0000000E+00
  0.1506377E+00  0.1528278E+00  0.0000000E+00 -0.1506377E+00  0.0000000E+00
  0.1455502E+00  0.1492003E+00 -0.5840255E-02 -0.1455502E+00  0.0000000E+00
  0.1404626E+00  0.1455728E+00 -0.5840255E-02  0.8595374E+00  0.8595374E+00
  0.1370593E+00  0.1421695E+00 -0.5840255E-02 -0.1370593E+00  0.0000000E+00
  0.1353402E+00  0.1389903E+00 -0.5840255E-02 -0.1353402E+00  0.0000000E+00
  0.1336211E+00  0.1358112E+00  0.0000000E+00 -0.1336211E+00  0.0000000E+00
  0.1319020E+00  0.1326320E+00  0.0000000E+00 -0.1319020E+00  0.0000000E+00
  0.1287400E+00  0.1294709E+00  0.0000000E+00 -0.1287400E+00  0.0000000E+00
  0.1241351E+00  0.1263280E+00  0.0000000E+00 -0.1241351E+00  0.0000000E+00
  0.1195303E+00  0.1231851E+00 -0.5847735E-02 -0.1195303E+00  0.0000000E+00
  0.1149254E+00  0.1200422E+00 -0.5847735E-02  0.8850746E+00  0.8850746E+00
  0.1119807E+00  0.1170975E+00 -0.5847735E-02 -0.1119807E+00  0.0000000E+00
  0.1106962E+00  0.1143510E+00 -0.5847735E-02 -0.1106962E+00  0.0000000E+00
  0.1094116E+00  0.1116045E+00  0.0000000E+00 -0.1094116E+00  0.0000000E+00
  0.1081271E+00  0.1088581E+00  0.0000000E+00 -0.1081271E+00  0.0000000E+00
  0.1061318E+00  0.1061318E+00  0.0000000E+00 -0.1061318E+00  0.0000000E+00
  0.1034256E+00  0.1034256E+00  0.0000000E+00 -0.1034256E+00  0.0000000E+00
  0.1007195E+00  0.1007195E+00  0.0000000E+00 -0.1007195E+00  0.0000000E+00
  0.9801342E-01  0.9801342E-01  0.0000000E+00 -0.9801342E-01  0.0000000E+00
  0.9395039E-01  0.9541507E-01  0.0000000E+00 -0.9395039E-01  0.0000000E+00
  0.8853043E-01  0.9292448E-01  0.0000000E+00 -0.8853043E-01  0.0000000E+00
  0.8311047E-01  0.9043387E-01 -0.1171744E-01 -0.8311047E-01  0.0000000E+00
  0.7769051E-01  0.8794328E-01 -0.1171744E-01  0.9223095E+00  0.9223095E+00
  0.7550748E-01  0.8576024E-01 -0.1171744E-01  0.9244925E+00  0.9244925E+00
  0.7656135E-01  0.8388476E-01 -0.1171744E-01 -0.7656135E-01  0.0000000E+00
  0.7761524E-01  0.8200928E-01  0.0000000E+00 -0.7761524E-01  0.0000000E+00
  0.7866912E-01  0.8013380E-01  0.0000000E+00 -0.7866912E-01  0.0000000E+00
  0.7819078E-01  0.7819078E-01  0.0000000E+00 -0.7819078E-01  0.0000000E+00
  0.7618023E-01  0.7618023E-01  0.0000000E+00 -0.7618023E-01  0.0000000E+00
  0.7416968E-01  0.7416968E-01  0.0000000E+00 -0.7416968E-01  0.0000000E+00
  0.7215913E-01  0.7215913E-01  0.0000000E+00 -0.7215913E-01  0.0000000E+00
  0.7028979E-01  0.7028979E-01  0.0000000E+00 -0.7028979E-01  0.0000000E+00
  0.6856167E-01  0.6856167E-01  0.0000000E+00 -0.6856167E-01  0.0000000E+00
  0.6683354E-01  0.6683354E-01  0.0000000E+00 -0.6683354E-01  0.0000000E+00
  0.6510542E-01  0.6510542E-01  0.0000000E+00 -0.6510542E-01  0.0000000E+00
  0.6353672E-01  0.6353672E-01  0.0000000E+00 -0.6353672E-01  0.0000000E+00
  0.6212745E-01  0.6212745E-01  0.0000000E+00 -0.6212745E-01  0.0000000E+00
  0.6071818E-01  0.6071818E-01  0.0000000E+00 -0.6071818E-01  0.0000000E+00
  0.5930891E-01  0.5930891E-01  0.0000000E+00 -0.5930891E-01  0.0000000E+00
  0.5800778E-01  0.5800778E-01  0.0000000E+00 -0.5800778E-01  0.0000000E+00
  0.5681479E-01  0.5681479E-01  0.0000000E+00 -0.5681479E-01  0.0000000E+00
  0.5562180E-01  0.5562180E-01  0.0000000E+00 -0.5562180E-01  0.0000000E+00
  0.5442882E-01  0.5442882E-01  0.0000000E+00 -0.5442882E-01  0.0000000E+00
  0.5329861E-01  0.5329861E-01  0.0000000E+00 -0.5329861E-01  0.0000000E+00
  0.5223118E-01  0.5223118E-01  0.0000000E+00 -0.5223118E-01  0.0000000E+00
  0.5116374E-01  0.5116374E-01  0.0000000E+00 -0.5116374E-01  0.0000000E+00
  0.5009631E-01  0.5009631E-01  0.0000000E+00 -0.5009631E-01  0.0000000E+00
  0.4906765E-01  0.4906765E-01  0.0000000E+00 -0.4906765E-01  0.0000000E+00
  0.4807774E-01  0.4807774E-01  0.0000000E+00 -0.4807774E-01  0.0000000E+00
  0.4708784E-01  0.4708784E-01  0.0000000E+00 -0.4708784E-01  0.0000000E+00
  0.4609793E-01  0.4609793E-01  0.0000000E+00 -0.4609793E-01  0.0000000E+00
  0.4513967E-01  0.4513967E-01  0.0000000E+00 -0.4513967E-01  0.0000000E+00
  0.4421305E-01  0.4421305E-01  0.0000000E+00 -0.4421305E-01  0.0000000E+00
  0.4328642E-01  0.4328642E-01  0.0000000E+00 -0.4328642E-01  0.0000000E+00
  0.4235980E-01  0.4235980E-01  0.0000000E+00 -0.4235980E-01  0.0000000E+00
  0.4146038E-01  0.4146038E-01  0.0000000E+00 -0.4146038E-01  0.0000000E+00
  0.4058817E-01  0.4058817E-01  0.0000000E+00 -0.4058817E-01  0.0000000E+00
  0.3971597E-01  0.3971597E-01  0.0000000E+00 -0.3971597E-01  0.0000000E+00
  0.3884376E-01  0.3884376E-01  0.0000000E+00 -0.3884376E-01  0.0000000E+00
  0.3800217E-01  0.3800217E-01  0.0000000E+00 -0.3800217E-01  0.0000000E+00
  0.3719121E-01  0.3719121E-01  0.0000000E+00 -0.3719121E-01  0.0000000E+00
  0.3638024E-01  0.3638024E-01  0.0000000E+00 -0.3638024E-01  0.0000000E+00
  0.3556927E-01  0.3556927E-01  0.0000000E+00 -0.3556927E-01  0.0000000E+00
  0.3478809E-01  0.3478809E-01  0.0000000E+00 -0.3478809E-01  0.0000000E+00
  0.3403668E-01  0.3403668E-01  0.0000000E+00 -0.3403668E-01  0.0000000E+00
  0.3328527E-01  0.3328527E-01  0.0000000E+00 -0.3328527E-01  0.0000000E+00
  0.3253387E-01  0.3253387E-01  0.0000000E+00 -0.3253387E-01  0.0000000E+00
  0.3180494E-01  0.3180494E-01  0.0000000E+00 -0.3180494E-01  0.0000000E+00
  0.3109849E-01  0.3109849E-01  0.0000000E+00 -0.3109849E-01  0.0000000E+00
  0.3039205E-01  0.3039205E-01  0.0000000E+00 -0.3039205E-01  0.0000000E+00
  0.2968560E-01  0.2968560E-01  0.0000000E+00 -0.2968560E-01  0.0000000E+00
  0.2899949E-01  0.2899949E-01  0.0000000E+00 -0.2899949E-01  0.0000000E+00
  0.2833373E-01  0.2833373E-01  0.0000000E+00 -0.2833373E-01  0.0000000E+00
  0.2766797E-01  0.2766797E-01  0.0000000E+00 -0.2766797E-01  0.0000000E+00
  0.2700221E-01  0.2700221E-01  0.0000000E+00 -0.2700221E-01  0.0000000E+00
  0.2562319E-01  0.2636169E-01  0.0000000E+00 -0.2562319E-01  0.0000000E+00
  0.2353092E-01  0.2574642E-01  0.0000000E+00 -0.2353092E-01  0.0000000E+00
  0.2143865E-01  0.2513115E-01 -0.5907996E-02 -0.2143865E-01  0.0000000E+00
  0.1934639E-01  0.2451588E-01 -0.5907996E-02 -0.1934639E-01  0.0000000E+00
  0.1884454E-01  0.2401403E-01 -0.5907996E-02  0.9811555E+00  0.9811555E+00
  0.1993311E-01  0.2362560E-01 -0.5907996E-02 -0.1993311E-01  0.0000000E+00
  0.2102167E-01  0.2323717E-01  0.0000000E+00 -0.2102167E-01  0.0000000E+00
  0.2211024E-01  0.2284874E-01  0.0000000E+00 -0.2211024E-01  0.0000000E+00
  0.2238415E-01  0.2238415E-01  0.0000000E+00 -0.2238415E-01  0.0000000E+00
  0.2184340E-01  0.2184340E-01  0.0000000E+00 -0.2184340E-01  0.0000000E+00
  0.2130265E-01  0.2130265E-01  0.0000000E+00 -0.2130265E-01  0.0000000E+00
  0.2076189E-01  0.2076189E-01  0.0000000E+00 -0.2076189E-01  0.0000000E+00
  0.2024885E-01  0.2024885E-01  0.0000000E+00 -0.2024885E-01  0.0000000E+00
  0.1976352E-01  0.1976352E-01  0.0000000E+00 -0.1976352E-01  0.0000000E+00
  0.1927819E-01  0.1927819E-01  0.0000000E+00 -0.1927819E-01  0.0000000E+00
  0.1879286E-01  0.1879286E-01  0.0000000E+00 -0.1879286E-01  0.0000000E+00
  0.1835771E-01  0.1835771E-01  0.0000000E+00 -0.1835771E-01  0.0000000E+00
  0.1797273E-01  0.1797273E-01  0.0000000E+00 -0.1797273E-01  0.0000000E+00
  0.1758775E-01  0.1758775E-01  0.0000000E+00 -0.1758775E-01  0.0000000E+00
  0.1720276E-01  0.1720276E-01  0.0000000E+00 -0.1720276E-01  0.0000000E+00
  0.1685855E-01  0.1685855E-01  0.0000000E+00 -0.1685855E-01  0.0000000E+00
  0.1655509E-01  0.1655509E-01  0.0000000E+00 -0.1655509E-01  0.0000000E+00
  0.1625163E-01  0.1625163E-01  0.0000000E+00 -0.1625163E-01  0.0000000E+00
  0.1594818E-01  0.1594818E-01  0.0000000E+00 -0.1594818E-01  0.0000000E+00
  0.1567858E-01  0.1567858E-01  0.0000000E+00 -0.1567858E-01  0.0000000E+00
  0.1544283E-01  0.1544283E-01  0.0000000E+00 -0.1544283E-01  0.0000000E+00
  0.1520708E-01  0.1520708E-01  0.0000000E+00 -0.1520708E-01  0.0000000E+00
  0.1497133E-01  0.1497133E-01  0.0000000E+00 -0.1497133E-01  0.0000000E+00
  0.1476167E-01  0.1476167E-01  0.0000000E+00 -0.1476167E-01  0.0000000E+00
  0.1457810E-01  0.1457810E-01  0.0000000E+00 -0.1457810E-01  0.0000000E+00
  0.1439454E-01  0.1439454E-01  0.0000000E+00 -0.1439454E-01  0.0000000E+00
  0.1421097E-01  0.1421097E-01  0.0000000E+00 -0.1421097E-01  0.0000000E+00
  0.1403604E-01  0.1403604E-01  0.0000000E+00 -0.1403604E-01  0.0000000E+00
  0.1386975E-01  0.1386975E-01  0.0000000E+00 -0.1386975E-01  0.0000000E+00
  0.1370346E-01  0.1370346E-01  0.0000000E+00 -0.1370346E-01  0.0000000E+00
  0.1353717E-01  0.1353717E-01  0.0000000E+00 -0.1353717E-01  0.0000000E+00
  0.1337605E-01  0.1337605E-01  0.0000000E+00 -0.1337605E-01  0.0000000E+00
  0.1322011E-01  0.1322011E-01  0.0000000E+00 -0.1322011E-01  0.0000000E+00
  0.1306417E-01  0.1306417E-01  0.0000000E+00 -0.1306417E-01  0.0000000E+00
  0.1290824E-01  0.1290824E-01  0.0000000E+00 -0.1290824E-01  0.0000000E+00
  0.1275737E-01  0.1275737E-01  0.0000000E+00 -0.1275737E-01  0.0000000E+00
  0.1261159E-01  0.1261159E-01  0.0000000E+00 -0.1261159E-01  0.0000000E+00
  0.1246580E-01  0.1246580E-01  0.0000000E+00 -0.1246580E-01  0.0000000E+00
  0.1232001E-01  0.1232001E-01  0.0000000E+00 -0.1232001E-01  0.0000000E+00
  0.1217780E-01  0.1217780E-01  0.0000000E+00 -0.1217780E-01  0.0000000E+00
  0.1203917E-01  0.1203917E-01  0.0000000E+00 -0.1203917E-01  0.0000000E+00
  0.1190053E-01  0.1190053E-01  0.0000000E+00 -0.1190053E-01  0.0000000E+00
  0.1176190E-01  0.1176190E-01  0.0000000E+00 -0.1176190E-01  0.0000000E+00
  0.1169258E-01  0.1162750E-01  0.0000000E+00 -0.1169258E-01  0.0000000E+00
  0.1169258E-01  0.1149733E-01  0.0000000E+00 -0.1169258E-01  0.0000000E+00
 -0.1857959E-01  0.1136716E-01 -0.2975150E-01  0.1857959E-01  0.1857959E-01
 -0.1857959E-01  0.1123700E-01 -0.2975150E-01  0.1857959E-01  0.1857959E-01
 -0.1857959E-01  0.1117192E-01 -0.2975150E-01  0.1857959E-01  0.1857959E-01
 -0.1857959E-01  0.1117192E-01 -0.2975150E-01  0.5018579E+01  0.5018579E+01
