 File:An·lise amostras  Solution Type:Thick  fitting 1231 channels (  70-1300)
 Channel#, E(keV),   Data,        Fit, Residual,    Data-Fit
   70,   0.422,     3789.,        1.07,    0.02,     3787.93
   71,   0.442,     3663.,        1.60,    0.01,     3661.40
   72,   0.462,     3619.,        2.32,   -0.01,     3616.68
   73,   0.482,     3473.,        3.21,   -0.01,     3469.79
   74,   0.503,     3445.,        4.20,   -0.03,     3440.80
   75,   0.523,     3296.,        5.14,   -0.03,     3290.86
   76,   0.543,     3263.,        5.85,   -0.04,     3257.15
   77,   0.563,     3201.,        6.14,   -0.07,     3194.86
   78,   0.583,     3265.,        5.94,   -0.09,     3259.06
   79,   0.603,     3107.,        5.32,   -0.06,     3101.68
   80,   0.623,     2969.,        4.44,   -0.06,     2964.56
   81,   0.643,     2959.,        3.54,   -0.01,     2955.46
   82,   0.663,     3019.,        2.86,   -0.02,     3016.14
   83,   0.683,     2913.,        2.70,   -0.04,     2910.30
   84,   0.703,     3040.,        3.16,   -0.01,     3036.84
   85,   0.723,     2914.,        4.52,   -0.04,     2909.48
   86,   0.743,     2750.,        7.06,   -0.04,     2742.94
   87,   0.763,     2841.,       11.04,   -0.07,     2829.96
   88,   0.784,     2708.,       16.74,   -0.14,     2691.26
   89,   0.804,     2812.,       23.75,   -0.14,     2788.25
   90,   0.824,     2696.,       31.27,   -0.07,     2664.73
   91,   0.844,     2786.,       37.99,   -0.03,     2748.01
   92,   0.864,     2812.,       42.46,    0.05,     2769.54
   93,   0.884,     2786.,       43.59,    0.02,     2742.41
   94,   0.904,     2790.,       41.05,    0.05,     2748.95
   95,   0.924,     2696.,       35.56,   -0.01,     2660.44
   96,   0.944,     2645.,       28.48,   -0.05,     2616.52
   97,   0.964,     2657.,       21.31,   -0.08,     2635.69
   98,   0.984,     2601.,       15.35,   -0.17,     2585.65
   99,   1.004,     2681.,       11.09,   -0.10,     2669.91
  100,   1.024,     2641.,        8.48,   -0.06,     2632.52
  101,   1.044,     2614.,        7.05,    0.00,     2606.95
  102,   1.065,     2674.,        6.22,    0.05,     2667.78
  103,   1.085,     2590.,        5.65,    0.02,     2584.35
  104,   1.105,     2633.,        4.98,    0.03,     2628.02
  105,   1.125,     2594.,        4.11,    0.06,     2589.89
  106,   1.145,     2568.,        3.25,    0.02,     2564.75
  107,   1.165,     2600.,        2.41,   -0.02,     2597.59
  108,   1.185,     2596.,        1.70,   -0.13,     2594.30
  109,   1.205,     2647.,        1.16,   -0.14,     2645.84
  110,   1.225,     2509.,        0.78,   -0.03,     2508.22
  111,   1.245,     2521.,        0.56,   -0.09,     2520.44
  112,   1.265,     2543.,        0.45,   -0.10,     2542.55
  113,   1.285,     2622.,        0.61,   -0.25,     2621.39
  114,   1.305,     2580.,        1.16,   -0.08,     2578.84
  115,   1.326,     2574.,        2.46,    0.05,     2571.54
  116,   1.346,     2528.,        5.11,    0.03,     2522.89
  117,   1.366,     2619.,       10.35,   -0.21,     2608.65
  118,   1.386,     2646.,       20.04,   -0.40,     2625.96
  119,   1.406,     2630.,       36.89,   -0.36,     2593.11
  120,   1.426,     2589.,       64.41,   -0.05,     2524.59
  121,   1.446,     2658.,      106.08,    0.29,     2551.92
  122,   1.466,     2822.,      164.05,    0.40,     2657.95
  123,   1.486,     2965.,      237.21,    0.46,     2727.79
  124,   1.506,     3032.,      320.17,    0.59,     2711.83
  125,   1.526,     3069.,      403.72,    0.28,     2665.28
  126,   1.546,     3128.,      478.56,   -0.35,     2649.44
  127,   1.566,     3181.,      540.77,   -0.85,     2640.23
  128,   1.586,     3064.,      596.89,   -1.33,     2467.11
  129,   1.607,     3226.,      665.38,   -1.39,     2560.62
  130,   1.627,     3405.,      772.02,   -0.58,     2632.98
  131,   1.647,     3577.,      939.31,    0.04,     2637.69
  132,   1.667,     3930.,     1175.32,    0.90,     2754.68
  133,   1.687,     4528.,     1467.69,    1.33,     3060.31
  134,   1.707,     4702.,     1788.02,    1.15,     2913.98
  135,   1.727,     4986.,     2107.65,    0.61,     2878.35
  136,   1.747,     5246.,     2420.30,   -0.29,     2825.70
  137,   1.767,     5450.,     2762.68,   -1.45,     2687.32
  138,   1.787,     5862.,     3221.79,   -1.86,     2640.21
  139,   1.807,     6556.,     3923.14,   -1.78,     2632.86
  140,   1.827,     7686.,     4993.28,   -1.24,     2692.72
  141,   1.847,     9408.,     6502.04,   -0.17,     2905.96
  142,   1.867,    11656.,     8400.07,    0.85,     3255.93
  143,   1.888,    13892.,    10479.24,    1.82,     3412.76
  144,   1.908,    16016.,    12388.11,    2.29,     3627.89
  145,   1.928,    17232.,    13716.20,    2.29,     3515.80
  146,   1.948,    17680.,    14126.30,    1.49,     3553.70
  147,   1.968,    16648.,    13479.75,    0.55,     3168.25
  148,   1.988,    14896.,    11891.88,   -0.61,     3004.12
  149,   2.008,    12336.,     9690.44,   -1.61,     2645.56
  150,   2.028,    10056.,     7295.88,   -2.32,     2760.12
  151,   2.048,     7870.,     5087.18,   -2.41,     2782.82
  152,   2.068,     6206.,     3309.14,   -2.17,     2896.86
  153,   2.088,     5146.,     2051.12,   -1.24,     3094.88
  154,   2.108,     4544.,     1282.92,   -0.23,     3261.08
  155,   2.128,     4208.,      913.78,    0.72,     3294.22
  156,   2.148,     4348.,      841.49,    1.40,     3506.51
  157,   2.169,     4426.,      977.10,    1.65,     3448.90
  158,   2.189,     4742.,     1246.74,    1.53,     3495.26
  159,   2.209,     5090.,     1581.83,    1.37,     3508.17
  160,   2.229,     5566.,     1911.76,    0.90,     3654.24
  161,   2.249,     5696.,     2166.39,    0.99,     3529.61
  162,   2.269,     5884.,     2288.06,    0.53,     3595.94
  163,   2.289,     5988.,     2246.86,    0.18,     3741.14
  164,   2.309,     5820.,     2049.50,    0.13,     3770.50
  165,   2.329,     5278.,     1736.95,    0.05,     3541.05
  166,   2.349,     4986.,     1369.92,   -0.03,     3616.08
  167,   2.369,     4790.,     1010.22,   -0.51,     3779.78
  168,   2.389,     4436.,      705.63,   -0.83,     3730.37
  169,   2.409,     4190.,      484.12,   -0.32,     3705.88
  170,   2.429,     4136.,      357.21,   -0.06,     3778.79
  171,   2.450,     4146.,      328.79,   -0.05,     3817.21
  172,   2.470,     4338.,      403.78,    0.01,     3934.22
  173,   2.490,     4376.,      589.06,    0.01,     3786.94
  174,   2.510,     4800.,      889.39,   -0.17,     3910.61
  175,   2.530,     5248.,     1294.58,   -0.04,     3953.42
  176,   2.550,     5804.,     1769.42,    0.57,     4034.58
  177,   2.570,     6042.,     2249.02,   -0.36,     3792.98
  178,   2.590,     6664.,     2648.73,    0.18,     4015.27
  179,   2.610,     6960.,     2887.10,   -0.27,     4072.90
  180,   2.630,     7122.,     2912.63,   -0.65,     4209.37
  181,   2.650,     6608.,     2722.99,   -1.26,     3885.01
  182,   2.670,     6602.,     2366.31,   -1.32,     4235.69
  183,   2.690,     6016.,     1924.00,   -1.27,     4092.00
  184,   2.710,     5642.,     1482.61,   -1.38,     4159.39
  185,   2.731,     5294.,     1108.13,   -1.69,     4185.87
  186,   2.751,     5068.,      832.04,   -0.72,     4235.96
  187,   2.771,     5038.,      652.15,   -1.09,     4385.85
  188,   2.791,     4972.,      544.15,   -0.98,     4427.85
  189,   2.811,     5046.,      476.62,   -0.18,     4569.38
  190,   2.831,     5084.,      423.08,   -0.90,     4660.92
  191,   2.851,     4950.,      368.26,   -0.91,     4581.74
  192,   2.871,     4990.,      307.92,   -0.76,     4682.08
  193,   2.891,     5122.,      245.29,   -1.05,     4876.71
  194,   2.911,     4892.,      186.20,   -2.10,     4705.80
  195,   2.931,     4996.,      135.48,   -2.61,     4860.52
  196,   2.951,     5208.,       95.36,   -3.17,     5112.64
  197,   2.971,     5204.,       66.00,   -2.74,     5138.00
  198,   2.991,     5276.,       46.90,   -1.89,     5229.10
  199,   3.012,     5446.,       39.10,   -0.54,     5406.90
  200,   3.032,     5432.,       48.58,    0.96,     5383.42
  201,   3.052,     5732.,       92.18,    0.86,     5639.82
  202,   3.072,     6140.,      207.19,    1.17,     5932.81
  203,   3.092,     6360.,      466.87,    0.52,     5893.13
  204,   3.112,     7178.,      999.11,   -0.87,     6178.89
  205,   3.132,     8052.,     2001.76,   -2.07,     6050.24
  206,   3.152,     9916.,     3739.13,   -3.27,     6176.87
  207,   3.172,    12732.,     6501.46,   -4.47,     6230.54
  208,   3.192,    16744.,    10513.57,   -4.20,     6230.43
  209,   3.212,    22256.,    15801.73,   -3.46,     6454.27
  210,   3.232,    28600.,    22062.05,   -2.91,     6537.95
  211,   3.252,    35616.,    28601.48,   -1.96,     7014.52
  212,   3.272,    42112.,    34418.37,   -2.14,     7693.63
  213,   3.293,    46976.,    38436.39,   -2.36,     8539.61
  214,   3.313,    48320.,    39826.68,   -2.38,     8493.32
  215,   3.333,    47408.,    38292.86,   -1.52,     9115.14
  216,   3.353,    42912.,    34186.56,    0.36,     8725.44
  217,   3.373,    37408.,    28416.10,    2.18,     8991.90
  218,   3.393,    31776.,    22210.29,    3.10,     9565.71
  219,   3.413,    27072.,    16903.95,    2.00,    10168.05
  220,   3.433,    24800.,    13918.40,   -0.35,    10881.60
  221,   3.453,    26816.,    15054.42,   -3.28,    11761.58
  222,   3.473,    35152.,    23099.12,   -6.72,    12052.88
  223,   3.493,    54464.,    42585.43,   -9.03,    11878.57
  224,   3.513,    90816.,    80336.45,  -10.55,    10479.55
  225,   3.533,   155072.,   145223.25,  -10.60,     9848.75
  226,   3.553,   255488.,   246512.48,   -8.65,     8975.52
  227,   3.574,   404352.,   390508.41,   -5.30,    13843.59
  228,   3.594,   595456.,   576032.25,   -0.59,    19423.75
  229,   3.614,   822784.,   790403.50,    4.87,    32380.50
  230,   3.634,  1057792.,  1008306.25,    9.97,    49485.75
  231,   3.654,  1255936.,  1195441.00,   14.18,    60495.00
  232,   3.674,  1385472.,  1316908.00,   16.42,    68564.00
  233,   3.694,  1417728.,  1347730.63,   16.97,    69997.38
  234,   3.714,  1341952.,  1281273.00,   15.37,    60679.00
  235,   3.734,  1178112.,  1131536.13,   11.41,    46575.88
  236,   3.754,   958976.,   928487.50,    6.58,    30488.50
  237,   3.774,   728064.,   708398.50,    1.26,    19665.50
  238,   3.794,   515200.,   503701.06,   -3.55,    11498.94
  239,   3.814,   341120.,   336155.84,   -6.89,     4964.16
  240,   3.835,   217344.,   215035.27,   -8.90,     2308.73
  241,   3.855,   140224.,   139475.25,   -9.26,      748.75
  242,   3.875,   101984.,   102669.05,   -8.80,     -685.05
  243,   3.895,    93728.,    95633.92,   -8.04,    -1905.92
  244,   3.915,   103968.,   109369.69,   -7.48,    -5401.69
  245,   3.935,   128032.,   135468.47,   -8.32,    -7436.47
  246,   3.955,   155200.,   165987.45,  -11.01,   -10787.45
  247,   3.975,   181952.,   193465.72,  -14.81,   -11513.72
  248,   3.995,   198720.,   211526.16,  -19.29,   -12806.16
  249,   4.015,   202816.,   215911.67,  -21.08,   -13095.67
  250,   4.035,   192320.,   205400.11,  -20.26,   -13080.11
  251,   4.055,   171200.,   181980.17,  -16.03,   -10780.17
  252,   4.075,   140928.,   150106.20,  -10.60,    -9178.20
  253,   4.095,   108032.,   115246.75,   -5.11,    -7214.75
  254,   4.116,    77504.,    82346.99,    0.76,    -4842.99
  255,   4.136,    52064.,    54753.51,    5.94,    -2689.51
  256,   4.156,    32704.,    33876.02,   10.01,    -1172.02
  257,   4.176,    18840.,    19501.49,   13.43,     -661.49
  258,   4.196,    10824.,    10445.31,   16.01,      378.69
  259,   4.216,     5664.,     5205.30,   17.10,      458.70
  260,   4.236,     2971.,     2414.07,   17.52,      556.93
  261,   4.256,     1721.,     1043.28,   16.42,      677.72
  262,   4.276,      953.,      423.33,   14.97,      529.67
  263,   4.296,      609.,      167.94,   11.63,      441.06
  264,   4.316,      541.,       77.94,    8.53,      463.06
  265,   4.336,      455.,       61.83,    5.74,      393.17
  266,   4.356,      491.,       82.73,    0.27,      408.27
  267,   4.376,      513.,      128.24,   -1.34,      384.76
  268,   4.397,      545.,      194.05,   -2.22,      350.95
  269,   4.417,      642.,      276.47,   -2.43,      365.53
  270,   4.437,      689.,      368.05,   -0.67,      320.95
  271,   4.457,      762.,      457.14,   -0.56,      304.86
  272,   4.477,      817.,      529.70,   -0.50,      287.30
  273,   4.497,      855.,      572.61,   -0.37,      282.39
  274,   4.517,      826.,      577.66,   -1.25,      248.34
  275,   4.537,      765.,      544.13,   -1.64,      220.87
  276,   4.557,      723.,      479.03,   -2.18,      243.97
  277,   4.577,      604.,      394.79,   -2.36,      209.21
  278,   4.597,      501.,      305.39,   -2.75,      195.61
  279,   4.617,      385.,      222.73,   -3.25,      162.27
  280,   4.637,      322.,      154.24,   -3.03,      167.76
  281,   4.657,      284.,      102.50,   -3.73,      181.50
  282,   4.678,      225.,       66.47,   -4.05,      158.53
  283,   4.698,      188.,       43.18,   -4.16,      144.82
  284,   4.718,      205.,       29.21,   -3.16,      175.79
  285,   4.738,      187.,       21.93,   -1.56,      165.07
  286,   4.758,      182.,       19.75,   -0.26,      162.25
  287,   4.778,      186.,       21.86,    1.04,      164.14
  288,   4.798,      219.,       28.06,    2.73,      190.94
  289,   4.818,      225.,       38.16,    2.50,      186.84
  290,   4.838,      257.,       51.53,    3.24,      205.47
  291,   4.858,      248.,       67.03,    3.66,      180.97
  292,   4.878,      270.,       82.67,    2.88,      187.33
  293,   4.898,      254.,       95.93,    2.87,      158.07
  294,   4.918,      269.,      104.48,    2.07,      164.52
  295,   4.938,      262.,      106.67,   -0.18,      155.33
  296,   4.959,      241.,      101.97,   -0.93,      139.03
  297,   4.979,      242.,       91.25,   -2.10,      150.75
  298,   4.999,      214.,       76.47,   -2.28,      137.53
  299,   5.019,      182.,       60.05,   -1.86,      121.95
  300,   5.039,      189.,       44.24,   -1.14,      144.76
  301,   5.059,      133.,       30.62,   -1.29,      102.38
  302,   5.079,      140.,       20.09,   -1.28,      119.91
  303,   5.099,      149.,       12.63,   -0.29,      136.37
  304,   5.119,      147.,        7.75,    0.44,      139.25
  305,   5.139,      102.,        4.85,    0.20,       97.15
  306,   5.159,      127.,        3.36,    1.43,      123.64
  307,   5.179,      129.,        2.64,    0.86,      126.36
  308,   5.199,      112.,        2.77,   -0.27,      109.23
  309,   5.219,      118.,        3.27,   -1.43,      114.73
  310,   5.240,      109.,        4.21,   -0.24,      104.79
  311,   5.260,       97.,        5.61,   -0.79,       91.39
  312,   5.280,      103.,        7.50,   -0.90,       95.50
  313,   5.300,      104.,        9.95,   -1.04,       94.05
  314,   5.320,      112.,       12.71,   -1.41,       99.29
  315,   5.340,      126.,       15.67,   -1.80,      110.33
  316,   5.360,      129.,       18.49,   -0.72,      110.51
  317,   5.380,      109.,       20.96,   -0.08,       88.04
  318,   5.400,      109.,       22.44,    0.81,       86.56
  319,   5.420,      110.,       22.93,    1.36,       87.07
  320,   5.440,      125.,       22.51,    0.46,      102.49
  321,   5.460,      113.,       21.52,   -0.58,       91.48
  322,   5.480,      119.,       20.51,   -0.98,       98.49
  323,   5.500,      118.,       20.09,   -1.34,       97.91
  324,   5.521,      100.,       20.75,   -1.34,       79.25
  325,   5.541,      116.,       22.72,   -1.42,       93.28
  326,   5.561,      112.,       25.88,   -0.20,       86.12
  327,   5.581,      104.,       29.67,    0.29,       74.33
  328,   5.601,      118.,       33.41,    0.12,       84.59
  329,   5.621,      120.,       36.12,    1.03,       83.88
  330,   5.641,      144.,       37.23,    0.92,      106.77
  331,   5.661,      148.,       36.42,    0.86,      111.58
  332,   5.681,      121.,       34.05,    1.91,       86.95
  333,   5.701,      125.,       30.75,    1.76,       94.25
  334,   5.721,      102.,       27.37,    1.36,       74.63
  335,   5.741,      106.,       24.88,    0.20,       81.12
  336,   5.761,      115.,       23.99,   -0.83,       91.01
  337,   5.781,       97.,       25.12,   -1.22,       71.88
  338,   5.802,      101.,       28.23,   -1.69,       72.77
  339,   5.822,      102.,       32.86,   -1.56,       69.14
  340,   5.842,      122.,       38.22,   -0.88,       83.78
  341,   5.862,      124.,       43.32,   -0.52,       80.68
  342,   5.882,      126.,       47.21,    0.29,       78.79
  343,   5.902,      125.,       49.19,    1.18,       75.81
  344,   5.922,      121.,       48.96,    1.83,       72.04
  345,   5.942,      126.,       46.64,    0.73,       79.36
  346,   5.962,      124.,       42.79,    0.72,       81.21
  347,   5.982,      114.,       38.13,    0.94,       75.87
  348,   6.002,      113.,       33.44,    0.36,       79.56
  349,   6.022,       82.,       29.36,    0.07,       52.64
  350,   6.042,       95.,       26.44,    0.40,       68.56
  351,   6.063,       92.,       25.01,   -0.34,       66.99
  352,   6.083,       83.,       25.59,   -1.48,       57.41
  353,   6.103,       94.,       29.15,   -1.83,       64.85
  354,   6.123,      107.,       37.82,   -1.93,       69.18
  355,   6.143,      122.,       55.88,   -1.74,       66.12
  356,   6.163,      127.,       91.09,   -0.99,       35.91
  357,   6.183,      218.,      156.21,   -1.16,       61.79
  358,   6.203,      338.,      269.93,   -0.77,       68.07
  359,   6.223,      500.,      456.29,    0.01,       43.71
  360,   6.243,      834.,      741.77,    0.34,       92.23
  361,   6.263,     1227.,     1147.88,    1.23,       79.12
  362,   6.283,     1766.,     1681.83,    2.71,       84.17
  363,   6.303,     2468.,     2326.14,    2.69,      141.86
  364,   6.323,     3067.,     3031.21,    3.28,       35.79
  365,   6.344,     3784.,     3718.04,    2.16,       65.96
  366,   6.364,     4456.,     4289.63,    1.14,      166.37
  367,   6.384,     4728.,     4653.34,    0.03,       74.66
  368,   6.404,     4822.,     4745.03,   -0.43,       76.97
  369,   6.424,     4486.,     4547.37,   -0.98,      -61.37
  370,   6.444,     4032.,     4095.29,   -1.41,      -63.29
  371,   6.464,     3400.,     3465.72,   -3.01,      -65.72
  372,   6.484,     2815.,     2755.94,   -3.46,       59.06
  373,   6.504,     2038.,     2059.42,   -3.84,      -21.42
  374,   6.524,     1446.,     1446.29,   -2.97,       -0.29
  375,   6.544,      936.,      954.73,   -1.89,      -18.73
  376,   6.564,      612.,      592.69,    0.01,       19.31
  377,   6.584,      355.,      346.37,    0.04,        8.63
  378,   6.604,      249.,      190.98,    1.30,       58.02
  379,   6.625,      154.,       99.85,    1.49,       54.15
  380,   6.645,      119.,       50.15,    2.11,       68.85
  381,   6.665,       80.,       24.97,    2.09,       55.03
  382,   6.685,       68.,       13.23,    3.71,       54.77
  383,   6.705,       69.,        8.50,    3.20,       60.50
  384,   6.725,       64.,        7.29,    2.95,       56.71
  385,   6.745,       70.,        8.06,    1.20,       61.94
  386,   6.765,       73.,       10.52,    1.02,       62.48
  387,   6.785,       58.,       15.18,    0.55,       42.82
  388,   6.805,       87.,       23.21,   -0.40,       63.79
  389,   6.825,       85.,       36.37,    0.17,       48.63
  390,   6.845,      120.,       57.37,   -0.90,       62.63
  391,   6.865,      156.,       89.40,   -1.30,       66.60
  392,   6.885,      168.,      135.99,   -0.96,       32.01
  393,   6.906,      266.,      200.16,   -1.21,       65.84
  394,   6.926,      340.,      283.06,   -1.16,       56.94
  395,   6.946,      430.,      382.78,    0.57,       47.22
  396,   6.966,      553.,      493.48,    0.57,       59.52
  397,   6.986,      660.,      605.04,    1.45,       54.96
  398,   7.006,      741.,      704.18,    1.89,       36.82
  399,   7.026,      914.,      777.06,    1.55,      136.94
  400,   7.046,      872.,      812.18,    1.80,       59.82
  401,   7.066,      872.,      803.94,    1.60,       68.06
  402,   7.086,      824.,      754.33,    1.39,       69.67
  403,   7.106,      706.,      673.01,    1.74,       32.99
  404,   7.126,      627.,      575.64,    0.84,       51.36
  405,   7.146,      527.,      481.28,    0.87,       45.72
  406,   7.166,      435.,      409.40,    1.31,       25.60
  407,   7.187,      399.,      378.07,    0.82,       20.93
  408,   7.207,      434.,      402.20,   -0.34,       31.80
  409,   7.227,      533.,      492.57,   -1.78,       40.43
  410,   7.247,      709.,      653.77,   -2.46,       55.23
  411,   7.267,      872.,      881.91,   -2.85,       -9.91
  412,   7.287,     1147.,     1162.05,   -3.87,      -15.05
  413,   7.307,     1408.,     1467.19,   -3.17,      -59.19
  414,   7.327,     1758.,     1760.39,   -2.12,       -2.39
  415,   7.347,     1968.,     2000.22,   -1.81,      -32.22
  416,   7.367,     2098.,     2149.53,   -1.28,      -51.53
  417,   7.387,     2286.,     2184.23,    0.37,      101.77
  418,   7.407,     2224.,     2099.41,    2.39,      124.59
  419,   7.427,     1983.,     1910.47,    3.53,       72.53
  420,   7.447,     1668.,     1648.96,    5.01,       19.04
  421,   7.468,     1448.,     1354.42,    6.26,       93.58
  422,   7.488,     1140.,     1065.62,    4.85,       74.38
  423,   7.508,      872.,      813.87,    2.54,       58.13
  424,   7.528,      652.,      619.10,    1.40,       32.90
  425,   7.548,      486.,      489.86,    0.54,       -3.86
  426,   7.568,      393.,      425.10,   -2.81,      -32.10
  427,   7.588,      385.,      416.60,   -4.45,      -31.60
  428,   7.608,      428.,      451.05,   -5.01,      -23.05
  429,   7.628,      463.,      511.99,   -5.95,      -48.99
  430,   7.648,      476.,      581.14,   -7.14,     -105.14
  431,   7.668,      592.,      640.77,   -6.15,      -48.77
  432,   7.688,      673.,      676.04,   -4.69,       -3.04
  433,   7.708,      662.,      677.78,   -3.49,      -15.78
  434,   7.728,      603.,      643.31,   -1.47,      -40.31
  435,   7.749,      583.,      577.37,    1.44,        5.63
  436,   7.769,      531.,      489.60,    2.88,       41.40
  437,   7.789,      426.,      392.47,    3.79,       33.53
  438,   7.809,      345.,      297.92,    5.11,       47.08
  439,   7.829,      255.,      215.27,    6.72,       39.73
  440,   7.849,      175.,      149.84,    6.22,       25.16
  441,   7.869,      152.,      103.25,    4.75,       48.75
  442,   7.889,      115.,       74.17,    4.24,       40.83
  443,   7.909,       91.,       59.55,    2.49,       31.45
  444,   7.929,       82.,       55.54,    0.01,       26.46
  445,   7.949,       55.,       58.41,   -0.98,       -3.41
  446,   7.969,       69.,       64.61,   -2.93,        4.39
  447,   7.989,       66.,       71.22,   -4.62,       -5.22
  448,   8.009,       62.,       75.98,   -5.11,      -13.98
  449,   8.030,       78.,       77.49,   -5.35,        0.51
  450,   8.050,       68.,       75.22,   -3.97,       -7.22
  451,   8.070,       64.,       69.51,   -1.86,       -5.51
  452,   8.090,       70.,       61.34,    0.07,        8.66
  453,   8.110,       59.,       52.12,    2.49,        6.88
  454,   8.130,       52.,       43.21,    3.10,        8.79
  455,   8.150,       52.,       35.70,    2.98,       16.30
  456,   8.170,       31.,       30.15,    3.30,        0.85
  457,   8.190,       29.,       26.62,    1.70,        2.38
  458,   8.210,       17.,       24.66,   -0.54,       -7.66
  459,   8.230,       12.,       23.72,   -2.02,      -11.72
  460,   8.250,       15.,       23.02,   -4.72,       -8.02
  461,   8.270,        8.,       22.01,   -5.72,      -14.01
  462,   8.291,        9.,       20.37,   -6.07,      -11.37
  463,   8.311,       12.,       18.03,   -6.26,       -6.03
  464,   8.331,        9.,       15.22,   -5.44,       -6.22
  465,   8.351,        6.,       12.16,   -4.30,       -6.16
  466,   8.371,        4.,        9.32,   -1.83,       -5.32
  467,   8.391,       14.,        6.82,    0.32,        7.18
  468,   8.411,        9.,        4.87,    2.72,        4.13
  469,   8.431,        7.,        3.55,    2.90,        3.45
  470,   8.451,        3.,        2.88,    3.00,        0.12
  471,   8.471,       10.,        2.80,    3.27,        7.20
  472,   8.491,       10.,        3.24,    3.67,        6.76
  473,   8.511,       11.,        4.13,    2.06,        6.87
  474,   8.531,       11.,        5.30,    2.50,        5.70
  475,   8.551,       13.,        6.65,    2.56,        6.35
  476,   8.572,       10.,        8.05,    2.17,        1.95
  477,   8.592,       17.,        9.23,    1.30,        7.77
  478,   8.612,       13.,       10.00,    1.05,        3.00
  479,   8.632,       22.,       10.27,    0.27,       11.73
  480,   8.652,       20.,        9.97,    0.02,       10.03
  481,   8.672,       13.,        9.24,   -0.42,        3.76
  482,   8.692,       13.,        8.12,   -0.06,        4.88
  483,   8.712,       11.,        6.82,   -0.34,        4.18
  484,   8.732,        8.,        5.54,    0.52,        2.46
  485,   8.752,       10.,        4.44,   -0.08,        5.56
  486,   8.772,       10.,        3.63,   -0.39,        6.37
  487,   8.792,        6.,        3.14,   -0.42,        2.86
  488,   8.812,        9.,        2.95,    0.33,        6.05
  489,   8.832,       10.,        2.98,    0.08,        7.02
  490,   8.853,       10.,        3.14,    1.14,        6.86
  491,   8.873,       10.,        3.28,    1.48,        6.72
  492,   8.893,        7.,        3.41,    0.58,        3.59
  493,   8.913,       11.,        3.35,    0.45,        7.65
  494,   8.933,        5.,        3.19,   -0.12,        1.81
  495,   8.953,        8.,        2.88,   -0.97,        5.12
  496,   8.973,        7.,        2.46,   -1.24,        4.54
  497,   8.993,        4.,        1.98,   -1.06,        2.02
  498,   9.013,        4.,        1.52,   -0.96,        2.48
  499,   9.033,        3.,        1.10,   -1.53,        1.90
  500,   9.053,        4.,        0.75,   -0.79,        3.25
  501,   9.073,        5.,        0.48,   -0.74,        4.52
  502,   9.093,        7.,        0.30,   -0.69,        6.70
  503,   9.113,        6.,        0.17,   -0.27,        5.83
  504,   9.134,        3.,        0.06,   -0.01,        2.94
  505,   9.154,        5.,        0.00,    0.27,        5.00
  506,   9.174,        4.,        0.00,    0.64,        4.00
  507,   9.194,        4.,        0.00,    0.70,        4.00
  508,   9.214,        6.,        0.00,    0.49,        6.00
  509,   9.234,        3.,        0.00,    0.60,        3.00
  510,   9.254,        5.,        0.00,    0.73,        5.00
  511,   9.274,        4.,        0.00,    0.33,        4.00
  512,   9.294,        5.,        0.00,    0.54,        5.00
  513,   9.314,        7.,        0.00,    1.46,        7.00
  514,   9.334,        6.,        0.03,    1.04,        5.97
  515,   9.354,        5.,        0.06,    1.44,        4.94
  516,   9.374,        3.,        0.11,    1.35,        2.89
  517,   9.394,        5.,        0.18,    1.49,        4.82
  518,   9.415,        5.,        0.28,    0.54,        4.72
  519,   9.435,        2.,        0.41,   -0.16,        1.59
  520,   9.455,        5.,        0.58,   -0.91,        4.42
  521,   9.475,        4.,        0.78,   -1.19,        3.22
  522,   9.495,        5.,        0.98,   -1.30,        4.02
  523,   9.515,        0.,        1.17,   -1.35,       -1.17
  524,   9.535,        3.,        1.33,   -1.38,        1.67
  525,   9.555,        3.,        1.43,   -1.07,        1.57
  526,   9.575,        4.,        1.45,   -1.18,        2.55
  527,   9.595,        4.,        1.40,   -1.14,        2.60
  528,   9.615,        3.,        1.28,   -1.79,        1.72
  529,   9.635,        4.,        1.11,   -0.56,        2.89
  530,   9.655,        3.,        0.91,   -0.14,        2.09
  531,   9.675,        4.,        0.71,    0.41,        3.29
  532,   9.696,        5.,        0.53,    1.11,        4.47
  533,   9.716,        0.,        0.37,    0.57,       -0.37
  534,   9.736,        4.,        0.24,    0.48,        3.76
  535,   9.756,        4.,        0.15,    0.05,        3.85
  536,   9.776,        4.,        0.12,   -0.24,        3.88
  537,   9.796,        5.,        0.09,   -0.85,        4.91
  538,   9.816,        3.,        0.11,    0.18,        2.89
  539,   9.836,        2.,        0.22,   -0.44,        1.78
  540,   9.856,        2.,        0.41,   -0.34,        1.59
  541,   9.876,        4.,        0.73,   -0.48,        3.27
  542,   9.896,        2.,        1.25,   -0.56,        0.75
  543,   9.916,       12.,        2.02,   -0.74,        9.98
  544,   9.936,        3.,        3.11,    0.01,       -0.11
  545,   9.956,        8.,        4.53,   -0.20,        3.47
  546,   9.977,       13.,        6.26,    0.80,        6.74
  547,   9.997,       12.,        8.21,    0.58,        3.79
  548,  10.017,       13.,       10.23,    0.74,        2.77
  549,  10.037,       21.,       12.09,   -0.07,        8.91
  550,  10.057,       15.,       13.57,    0.40,        1.43
  551,  10.077,       24.,       14.45,    0.41,        9.55
  552,  10.097,       19.,       14.60,    0.73,        4.40
  553,  10.117,       17.,       14.00,    1.17,        3.00
  554,  10.137,       14.,       12.75,    1.00,        1.25
  555,  10.157,       17.,       11.01,    0.18,        5.99
  556,  10.177,       14.,        9.06,    0.36,        4.94
  557,  10.197,       16.,        7.07,   -0.14,        8.93
  558,  10.217,       12.,        5.27,   -1.00,        6.73
  559,  10.237,        2.,        3.77,   -0.83,       -1.77
  560,  10.258,        9.,        2.62,    0.43,        6.38
  561,  10.278,        6.,        1.82,    0.46,        4.18
  562,  10.298,        4.,        1.32,    0.46,        2.68
  563,  10.318,        1.,        1.06,    0.58,       -0.06
  564,  10.338,        5.,        0.96,   -0.47,        4.04
  565,  10.358,        8.,        0.95,   -0.05,        7.05
  566,  10.378,        7.,        0.99,   -0.48,        6.01
  567,  10.398,        2.,        0.99,   -0.44,        1.01
  568,  10.418,        9.,        1.02,   -0.04,        7.98
  569,  10.438,        3.,        0.99,    1.54,        2.01
  570,  10.458,        3.,        0.91,    0.94,        2.09
  571,  10.478,        2.,        0.80,   -0.07,        1.20
  572,  10.498,        3.,        0.67,   -0.70,        2.33
  573,  10.519,        2.,        0.56,   -0.13,        1.44
  574,  10.539,        7.,        0.45,   -1.29,        6.55
  575,  10.559,        4.,        0.37,   -0.72,        3.63
  576,  10.579,        1.,        0.34,    0.01,        0.66
  577,  10.599,        1.,        0.34,    0.11,        0.66
  578,  10.619,        3.,        0.39,   -0.13,        2.61
  579,  10.639,        4.,        0.47,    0.86,        3.53
  580,  10.659,        4.,        0.55,   -0.10,        3.45
  581,  10.679,        5.,        0.68,    0.19,        4.32
  582,  10.699,        1.,        0.80,    0.71,        0.20
  583,  10.719,        1.,        0.89,    0.64,        0.11
  584,  10.739,        4.,        0.95,    0.66,        3.05
  585,  10.759,        2.,        0.96,    0.78,        1.04
  586,  10.779,        5.,        0.95,    0.89,        4.05
  587,  10.800,        4.,        0.91,    0.47,        3.09
  588,  10.820,        0.,        0.86,    0.92,       -0.86
  589,  10.840,        2.,        0.84,    1.03,        1.16
  590,  10.860,        2.,        0.90,    1.23,        1.10
  591,  10.880,        1.,        1.06,    0.88,       -0.06
  592,  10.900,        2.,        1.37,    0.50,        0.63
  593,  10.920,        2.,        1.84,   -0.62,        0.16
  594,  10.940,        1.,        2.49,   -0.32,       -1.49
  595,  10.960,        4.,        3.30,   -0.55,        0.70
  596,  10.980,        0.,        4.20,   -1.37,       -4.20
  597,  11.000,        3.,        5.10,   -1.36,       -2.10
  598,  11.020,        2.,        5.95,   -1.53,       -3.95
  599,  11.040,        5.,        6.60,   -2.45,       -1.60
  600,  11.060,        4.,        6.96,   -2.29,       -2.96
  601,  11.081,        4.,        6.98,   -1.92,       -2.98
  602,  11.101,        3.,        6.66,   -1.61,       -3.66
  603,  11.121,        4.,        6.09,   -1.11,       -2.09
  604,  11.141,        1.,        5.30,   -0.22,       -4.30
  605,  11.161,        2.,        4.44,   -0.19,       -2.44
  606,  11.181,        5.,        3.61,    0.49,        1.39
  607,  11.201,        0.,        2.91,    0.81,       -2.91
  608,  11.221,        2.,        2.42,    1.27,       -0.42
  609,  11.241,        2.,        2.17,    1.23,       -0.17
  610,  11.261,        0.,        2.16,    1.66,       -2.16
  611,  11.281,        1.,        2.35,    1.40,       -1.35
  612,  11.301,        2.,        2.70,    0.35,       -0.70
  613,  11.321,        2.,        3.12,    0.23,       -1.12
  614,  11.341,        2.,        3.54,   -0.38,       -1.54
  615,  11.362,        1.,        3.83,   -1.39,       -2.83
  616,  11.382,        1.,        4.04,   -1.66,       -3.04
  617,  11.402,        1.,        4.06,   -1.62,       -3.06
  618,  11.422,        2.,        3.88,   -1.85,       -1.88
  619,  11.442,        1.,        3.53,   -1.98,       -2.53
  620,  11.462,        0.,        3.05,   -1.65,       -3.05
  621,  11.482,        1.,        2.52,   -1.13,       -1.52
  622,  11.502,        1.,        1.97,   -0.36,       -0.97
  623,  11.522,        1.,        1.47,    0.02,       -0.47
  624,  11.542,        1.,        1.05,    0.73,       -0.05
  625,  11.562,        1.,        0.71,    0.85,        0.29
  626,  11.582,        2.,        0.46,    1.25,        1.54
  627,  11.602,        2.,        0.28,    1.23,        1.72
  628,  11.622,        0.,        0.16,    1.20,       -0.16
  629,  11.643,        3.,        0.09,    1.20,        2.91
  630,  11.663,        0.,        0.00,    1.41,        0.00
  631,  11.683,        1.,        0.00,    1.24,        1.00
  632,  11.703,        0.,        0.00,    0.72,        0.00
  633,  11.723,        1.,        0.00,    0.38,        1.00
  634,  11.743,        1.,        0.00,    0.50,        1.00
  635,  11.763,        2.,        0.00,   -0.13,        2.00
  636,  11.783,        1.,        0.00,    0.04,        1.00
  637,  11.803,        0.,        0.00,   -0.02,        0.00
  638,  11.823,        1.,        0.00,    0.11,        1.00
  639,  11.843,        1.,        0.00,    0.17,        1.00
  640,  11.863,        0.,        0.00,   -0.02,        0.00
  641,  11.883,        1.,        0.00,    0.05,        1.00
  642,  11.903,        1.,        0.00,   -0.12,        1.00
  643,  11.924,        0.,        0.00,   -0.11,        0.00
  644,  11.944,        1.,        0.00,   -0.37,        1.00
  645,  11.964,        0.,        0.00,   -0.29,        0.00
  646,  11.984,        1.,        0.00,   -0.29,        1.00
  647,  12.004,        0.,        0.00,   -0.30,        0.00
  648,  12.024,        1.,        0.00,   -0.39,        1.00
  649,  12.044,        0.,        0.00,   -0.11,        0.00
  650,  12.064,        1.,        0.00,   -0.11,        1.00
  651,  12.084,        0.,        0.00,   -0.03,        0.00
  652,  12.104,        0.,        0.00,   -0.11,        0.00
  653,  12.124,        0.,        0.00,   -0.03,        0.00
  654,  12.144,        3.,        0.00,   -0.12,        3.00
  655,  12.164,        1.,        0.00,    0.40,        1.00
  656,  12.184,        0.,        0.00,    0.48,        0.00
  657,  12.205,        1.,        0.00,    0.48,        1.00
  658,  12.225,        0.,        0.00,    0.66,        0.00
  659,  12.245,        0.,        0.00,    0.66,        0.00
  660,  12.265,        3.,        0.00,   -0.03,        3.00
  661,  12.285,        1.,        0.00,   -0.29,        1.00
  662,  12.305,        0.,        0.00,   -0.20,        0.00
  663,  12.325,        1.,        0.00,   -0.38,        1.00
  664,  12.345,        0.,        0.00,   -0.20,        0.00
  665,  12.365,        0.,        0.00,   -0.20,        0.00
  666,  12.385,        0.,        0.00,   -0.04,        0.00
  667,  12.405,        0.,        0.00,    0.05,        0.00
  668,  12.425,        0.,        0.00,    0.05,        0.00
  669,  12.445,        1.,        0.00,   -0.30,        1.00
  670,  12.465,        0.,        0.00,   -0.30,        0.00
  671,  12.486,        3.,        0.00,   -0.30,        3.00
  672,  12.506,        1.,        0.00,    0.05,        1.00
  673,  12.526,        0.,        0.00,    0.05,        0.00
  674,  12.546,        0.,        0.00,    0.05,        0.00
  675,  12.566,        0.,        0.00,    0.39,        0.00
  676,  12.586,        0.,        0.00,    0.39,        0.00
  677,  12.606,        1.,        0.00,   -0.13,        1.00
  678,  12.626,        0.,        0.00,   -0.13,        0.00
  679,  12.646,        0.,        0.00,    0.05,        0.00
  680,  12.666,        3.,        0.00,   -0.04,        3.00
  681,  12.686,        0.,        0.00,    0.22,        0.00
  682,  12.706,        0.,        0.00,    0.22,        0.00
  683,  12.726,        1.,        0.00,    0.21,        1.00
  684,  12.747,        1.,        0.00,    0.30,        1.00
  685,  12.767,        0.,        0.00,    0.30,        0.00
  686,  12.787,        1.,        0.00,   -0.05,        1.00
  687,  12.807,        0.,        0.00,   -0.14,        0.00
  688,  12.827,        0.,        0.00,   -0.14,        0.00
  689,  12.847,        0.,        0.00,   -0.05,        0.00
  690,  12.867,        0.,        0.00,   -0.23,        0.00
  691,  12.887,        1.,        0.00,   -0.23,        1.00
  692,  12.907,        0.,        0.00,   -0.15,        0.00
  693,  12.927,        0.,        0.00,   -0.14,        0.00
  694,  12.947,        1.,        0.00,   -0.14,        1.00
  695,  12.967,        0.,        0.00,   -0.14,        0.00
  696,  12.987,        0.,        0.00,   -0.14,        0.00
  697,  13.007,        0.,        0.00,   -0.48,        0.00
  698,  13.028,        1.,        0.00,   -0.40,        1.00
  699,  13.048,        0.,        0.00,   -0.30,        0.00
  700,  13.068,        0.,        0.00,   -0.73,        0.00
  701,  13.088,        0.,        0.00,   -0.89,        0.00
  702,  13.108,        0.,        0.00,   -0.88,        0.00
  703,  13.128,        0.,        0.00,   -0.53,        0.00
  704,  13.148,        2.,        0.00,   -1.20,        2.00
  705,  13.168,        0.,        0.00,   -1.02,        0.00
  706,  13.188,        1.,        0.00,   -0.58,        1.00
  707,  13.208,        1.,        0.00,    0.12,        1.00
  708,  13.228,        2.,        0.00,    0.14,        2.00
  709,  13.248,        0.,        0.00,    0.06,        0.00
  710,  13.268,        3.,        0.00,    0.67,        3.00
  711,  13.288,        3.,        0.00,    1.20,        3.00
  712,  13.309,        4.,        0.00,    1.30,        4.00
  713,  13.329,        2.,        0.00,    1.12,        2.00
  714,  13.349,        1.,        0.00,    1.47,        1.00
  715,  13.369,        6.,        0.00,    1.91,        6.00
  716,  13.389,        4.,        0.00,    1.82,        4.00
  717,  13.409,        2.,        0.00,    1.56,        2.00
  718,  13.429,        0.,        0.00,    1.12,        0.00
  719,  13.449,        4.,        0.00,    0.86,        4.00
  720,  13.469,        3.,        0.00,    0.77,        3.00
  721,  13.489,        2.,        0.00,   -0.11,        2.00
  722,  13.509,        2.,        0.00,   -0.38,        2.00
  723,  13.529,        1.,        0.00,   -0.30,        1.00
  724,  13.549,        0.,        0.00,    0.03,        0.00
  725,  13.569,        0.,        0.00,   -0.49,        0.00
  726,  13.590,        1.,        0.00,   -0.75,        1.00
  727,  13.610,        1.,        0.00,   -0.74,        1.00
  728,  13.630,        1.,        0.00,   -0.88,        1.00
  729,  13.650,        0.,        0.00,   -0.82,        0.00
  730,  13.670,        0.,        0.00,   -0.79,        0.00
  731,  13.690,        1.,        0.00,   -0.78,        1.00
  732,  13.710,        0.,        0.00,   -0.61,        0.00
  733,  13.730,        0.,        0.00,   -0.39,        0.00
  734,  13.750,        0.,        0.00,   -0.36,        0.00
  735,  13.770,        0.,        0.03,   -0.59,       -0.03
  736,  13.790,        0.,        0.06,   -1.07,       -0.06
  737,  13.810,        0.,        0.12,   -0.88,       -0.12
  738,  13.830,        2.,        0.27,   -0.86,        1.73
  739,  13.850,        2.,        0.48,   -1.65,        1.52
  740,  13.871,        0.,        0.84,   -0.81,       -0.84
  741,  13.891,        1.,        1.40,   -1.13,       -0.40
  742,  13.911,        6.,        2.24,   -0.10,        3.76
  743,  13.931,        2.,        3.45,    0.69,       -1.45
  744,  13.951,        6.,        5.10,    0.07,        0.90
  745,  13.971,       10.,        7.26,    1.54,        2.74
  746,  13.991,       12.,        9.94,    1.28,        2.06
  747,  14.011,       18.,       13.09,    2.33,        4.91
  748,  14.031,       20.,       16.57,    1.44,        3.43
  749,  14.051,       18.,       20.19,    1.08,       -2.19
  750,  14.071,       36.,       23.66,    1.14,       12.34
  751,  14.091,       24.,       26.68,    0.36,       -2.68
  752,  14.111,       39.,       28.94,    0.25,       10.06
  753,  14.131,       26.,       30.19,   -0.29,       -4.19
  754,  14.152,       26.,       30.28,   -0.57,       -4.28
  755,  14.172,       31.,       29.20,   -0.35,        1.80
  756,  14.192,       23.,       27.07,   -1.36,       -4.07
  757,  14.212,       24.,       24.11,   -0.59,       -0.11
  758,  14.232,       21.,       20.63,   -1.85,        0.37
  759,  14.252,       17.,       16.95,   -1.04,        0.05
  760,  14.272,       14.,       13.37,   -0.11,        0.63
  761,  14.292,       12.,       10.12,   -0.48,        1.88
  762,  14.312,       11.,        7.35,    0.72,        3.65
  763,  14.332,        2.,        5.12,    0.56,       -3.12
  764,  14.352,        5.,        3.42,    1.18,        1.58
  765,  14.372,        5.,        2.19,    0.95,        2.81
  766,  14.392,        1.,        1.34,    0.59,       -0.34
  767,  14.412,        1.,        0.74,    0.47,        0.26
  768,  14.433,        0.,        0.42,   -0.51,       -0.42
  769,  14.453,        0.,        0.23,    0.03,       -0.23
  770,  14.473,        0.,        0.12,   -0.22,       -0.12
  771,  14.493,        0.,        0.06,   -0.70,       -0.06
  772,  14.513,        0.,        0.00,   -0.59,        0.00
  773,  14.533,        0.,        0.00,   -0.56,        0.00
  774,  14.553,        0.,        0.00,   -0.18,        0.00
  775,  14.573,        0.,        0.00,   -0.40,        0.00
  776,  14.593,        0.,        0.00,   -0.42,        0.00
  777,  14.613,        0.,        0.00,   -0.17,        0.00
  778,  14.633,        0.,        0.00,   -0.29,        0.00
  779,  14.653,        0.,        0.00,   -0.17,        0.00
  780,  14.673,        0.,        0.00,   -0.21,        0.00
  781,  14.693,        0.,        0.00,   -0.31,        0.00
  782,  14.714,        0.,        0.00,   -0.06,        0.00
  783,  14.734,        0.,        0.00,   -0.14,        0.00
  784,  14.754,        1.,        0.00,    0.03,        1.00
  785,  14.774,        0.,        0.00,    0.20,        0.00
  786,  14.794,        0.,        0.00,    0.20,        0.00
  787,  14.814,        2.,        0.00,    0.21,        2.00
  788,  14.834,        0.,        0.00,    0.30,        0.00
  789,  14.854,        1.,        0.00,    0.48,        1.00
  790,  14.874,        1.,        0.00,    0.14,        1.00
  791,  14.894,        0.,        0.00,    0.14,        0.00
  792,  14.914,        1.,        0.00,   -0.03,        1.00
  793,  14.934,        1.,        0.00,   -0.03,        1.00
  794,  14.954,        1.,        0.00,    0.14,        1.00
  795,  14.974,        0.,        0.00,   -0.03,        0.00
  796,  14.995,        0.,        0.00,    0.14,        0.00
  797,  15.015,        0.,        0.00,    0.14,        0.00
  798,  15.035,        2.,        0.00,    0.32,        2.00
  799,  15.055,        1.,        0.00,    0.31,        1.00
  800,  15.075,        0.,        0.00,    0.14,        0.00
  801,  15.095,        2.,        0.00,    0.22,        2.00
  802,  15.115,        0.,        0.00,    0.48,        0.00
  803,  15.135,        2.,        0.00,    0.48,        2.00
  804,  15.155,        0.,        0.00,    0.21,        0.00
  805,  15.175,        0.,        0.00,    0.12,        0.00
  806,  15.195,        0.,        0.00,    0.20,        0.00
  807,  15.215,        1.,        0.00,   -0.14,        1.00
  808,  15.235,        0.,        0.00,   -0.14,        0.00
  809,  15.256,        0.,        0.00,   -0.49,        0.00
  810,  15.276,        0.,        0.00,   -0.33,        0.00
  811,  15.296,        0.,        0.00,   -0.24,        0.00
  812,  15.316,        0.,        0.00,   -0.24,        0.00
  813,  15.336,        0.,        0.00,   -0.24,        0.00
  814,  15.356,        0.,        0.00,   -0.23,        0.00
  815,  15.376,        0.,        0.00,   -0.35,        0.00
  816,  15.396,        0.,        0.00,   -0.21,        0.00
  817,  15.416,        0.,        0.00,   -0.14,        0.00
  818,  15.436,        0.,        0.00,   -0.31,        0.00
  819,  15.456,        0.,        0.00,   -0.36,        0.00
  820,  15.476,        0.,        0.00,    0.01,        0.00
  821,  15.496,        0.,        0.00,    0.24,        0.00
  822,  15.516,        0.,        0.00,    0.23,        0.00
  823,  15.537,        0.,        0.00,    0.05,        0.00
  824,  15.557,        0.,        0.08,    0.00,       -0.08
  825,  15.577,        0.,        0.14,   -0.11,       -0.14
  826,  15.597,        1.,        0.24,   -0.60,        0.76
  827,  15.617,        1.,        0.38,   -0.60,        0.62
  828,  15.637,        1.,        0.58,   -0.48,        0.42
  829,  15.657,        0.,        0.85,   -0.20,       -0.85
  830,  15.677,        3.,        1.19,    0.30,        1.81
  831,  15.697,        2.,        1.60,    0.50,        0.40
  832,  15.717,        0.,        2.07,    0.83,       -2.07
  833,  15.737,        1.,        2.57,    0.29,       -1.57
  834,  15.757,        4.,        3.05,    0.10,        0.95
  835,  15.777,        4.,        3.49,   -0.34,        0.51
  836,  15.797,        8.,        3.82,   -0.04,        4.18
  837,  15.818,        6.,        4.03,   -0.02,        1.97
  838,  15.838,        6.,        4.08,   -0.05,        1.92
  839,  15.858,        1.,        3.96,    0.29,       -2.96
  840,  15.878,        4.,        3.70,    0.82,        0.30
  841,  15.898,        1.,        3.34,    0.72,       -2.34
  842,  15.918,        5.,        2.90,    0.69,        2.10
  843,  15.938,        4.,        2.45,    0.07,        1.55
  844,  15.958,        2.,        2.02,   -0.29,       -0.02
  845,  15.978,        1.,        1.64,   -0.85,       -0.64
  846,  15.998,        3.,        1.33,   -0.41,        1.67
  847,  16.018,        1.,        1.09,   -0.52,       -0.09
  848,  16.038,        3.,        0.91,    0.32,        2.09
  849,  16.058,        0.,        0.78,    0.20,       -0.78
  850,  16.078,        0.,        0.63,    0.08,       -0.63
  851,  16.099,        0.,        0.58,    0.21,       -0.58
  852,  16.119,        1.,        0.48,    0.04,        0.52
  853,  16.139,        0.,        0.43,   -0.06,       -0.43
  854,  16.159,        3.,        0.38,   -0.25,        2.62
  855,  16.179,        0.,        0.32,   -0.26,       -0.32
  856,  16.199,        0.,        0.26,   -0.01,       -0.26
  857,  16.219,        0.,        0.20,    0.09,       -0.20
  858,  16.239,        0.,        0.15,    0.13,       -0.15
  859,  16.259,        1.,        0.11,    0.19,        0.89
  860,  16.279,        0.,        0.07,    0.25,       -0.07
  861,  16.299,        1.,        0.05,    0.00,        0.95
  862,  16.319,        0.,        0.03,   -0.01,       -0.03
  863,  16.339,        0.,        0.00,   -0.11,        0.00
  864,  16.359,        0.,        0.00,   -0.12,        0.00
  865,  16.380,        0.,        0.00,   -0.05,        0.00
  866,  16.400,        0.,        0.00,   -0.23,        0.00
  867,  16.420,        0.,        0.00,    0.00,        0.00
  868,  16.440,        0.,        0.00,   -0.27,        0.00
  869,  16.460,        0.,        0.00,   -0.21,        0.00
  870,  16.480,        0.,        0.00,   -0.22,        0.00
  871,  16.500,        0.,        0.00,   -0.23,        0.00
  872,  16.520,        0.,        0.00,   -0.16,        0.00
  873,  16.540,        0.,        0.00,   -0.17,        0.00
  874,  16.560,        0.,        0.00,    0.07,        0.00
  875,  16.580,        1.,        0.00,    0.15,        1.00
  876,  16.600,        0.,        0.00,    0.15,        0.00
  877,  16.620,        0.,        0.00,    0.15,        0.00
  878,  16.640,        0.,        0.00,    0.15,        0.00
  879,  16.661,        0.,        0.00,    0.15,        0.00
  880,  16.681,        1.,        0.00,    0.15,        1.00
  881,  16.701,        1.,        0.00,    0.31,        1.00
  882,  16.721,        0.,        0.00,    0.15,        0.00
  883,  16.741,        0.,        0.00,    0.15,        0.00
  884,  16.761,        0.,        0.00,    0.15,        0.00
  885,  16.781,        0.,        0.00,    0.15,        0.00
  886,  16.801,        0.,        0.00,    0.15,        0.00
  887,  16.821,        1.,        0.00,   -0.01,        1.00
  888,  16.841,        0.,        0.00,   -0.09,        0.00
  889,  16.861,        0.,        0.00,   -0.09,        0.00
  890,  16.881,        0.,        0.00,   -0.17,        0.00
  891,  16.901,        0.,        0.00,   -0.17,        0.00
  892,  16.921,        0.,        0.00,   -0.17,        0.00
  893,  16.942,        0.,        0.00,   -0.09,        0.00
  894,  16.962,        0.,        0.00,   -0.17,        0.00
  895,  16.982,        0.,        0.00,   -0.17,        0.00
  896,  17.002,        0.,        0.00,   -0.01,        0.00
  897,  17.022,        0.,        0.00,   -0.01,        0.00
  898,  17.042,        0.,        0.00,   -0.01,        0.00
  899,  17.062,        0.,        0.00,   -0.01,        0.00
  900,  17.082,        0.,        0.00,   -0.01,        0.00
  901,  17.102,        0.,        0.00,   -0.01,        0.00
  902,  17.122,        1.,        0.00,   -0.01,        1.00
  903,  17.142,        0.,        0.00,   -0.01,        0.00
  904,  17.162,        0.,        0.00,   -0.01,        0.00
  905,  17.182,        0.,        0.00,   -0.01,        0.00
  906,  17.202,        0.,        0.00,    0.15,        0.00
  907,  17.223,        0.,        0.00,    0.15,        0.00
  908,  17.243,        0.,        0.00,    0.15,        0.00
  909,  17.263,        0.,        0.00,   -0.01,        0.00
  910,  17.283,        0.,        0.00,   -0.01,        0.00
  911,  17.303,        0.,        0.00,   -0.01,        0.00
  912,  17.323,        1.,        0.00,   -0.01,        1.00
  913,  17.343,        0.,        0.00,   -0.01,        0.00
  914,  17.363,        0.,        0.00,   -0.01,        0.00
  915,  17.383,        0.,        0.00,   -0.01,        0.00
  916,  17.403,        0.,        0.00,   -0.01,        0.00
  917,  17.423,        0.,        0.00,   -0.01,        0.00
  918,  17.443,        0.,        0.00,   -0.01,        0.00
  919,  17.463,        0.,        0.00,   -0.17,        0.00
  920,  17.484,        0.,        0.00,   -0.17,        0.00
  921,  17.504,        0.,        0.00,   -0.01,        0.00
  922,  17.524,        0.,        0.00,   -0.01,        0.00
  923,  17.544,        0.,        0.00,   -0.01,        0.00
  924,  17.564,        0.,        0.00,   -0.09,        0.00
  925,  17.584,        0.,        0.00,   -0.01,        0.00
  926,  17.604,        0.,        0.00,   -0.01,        0.00
  927,  17.624,        1.,        0.00,   -0.01,        1.00
  928,  17.644,        0.,        0.00,   -0.09,        0.00
  929,  17.664,        0.,        0.00,   -0.09,        0.00
  930,  17.684,        0.,        0.00,    0.07,        0.00
  931,  17.704,        0.,        0.00,    0.07,        0.00
  932,  17.724,        0.,        0.00,    0.07,        0.00
  933,  17.744,        0.,        0.00,    0.07,        0.00
  934,  17.765,        0.,        0.00,    0.07,        0.00
  935,  17.785,        0.,        0.00,    0.07,        0.00
  936,  17.805,        1.,        0.00,   -0.01,        1.00
  937,  17.825,        0.,        0.00,   -0.01,        0.00
  938,  17.845,        0.,        0.00,   -0.01,        0.00
  939,  17.865,        0.,        0.00,   -0.01,        0.00
  940,  17.885,        1.,        0.00,    0.07,        1.00
  941,  17.905,        0.,        0.00,    0.07,        0.00
  942,  17.925,        0.,        0.00,    0.23,        0.00
  943,  17.945,        0.,        0.00,    0.07,        0.00
  944,  17.965,        0.,        0.00,    0.07,        0.00
  945,  17.985,        0.,        0.00,    0.07,        0.00
  946,  18.005,        0.,        0.00,    0.07,        0.00
  947,  18.025,        0.,        0.00,   -0.09,        0.00
  948,  18.046,        1.,        0.00,   -0.09,        1.00
  949,  18.066,        0.,        0.00,   -0.01,        0.00
  950,  18.086,        0.,        0.00,   -0.01,        0.00
  951,  18.106,        0.,        0.00,   -0.01,        0.00
  952,  18.126,        0.,        0.00,   -0.01,        0.00
  953,  18.146,        0.,        0.00,    0.08,        0.00
  954,  18.166,        0.,        0.00,    0.08,        0.00
  955,  18.186,        0.,        0.00,   -0.08,        0.00
  956,  18.206,        0.,        0.00,   -0.08,        0.00
  957,  18.226,        0.,        0.00,   -0.08,        0.00
  958,  18.246,        0.,        0.00,   -0.08,        0.00
  959,  18.266,        0.,        0.00,   -0.08,        0.00
  960,  18.286,        0.,        0.00,   -0.08,        0.00
  961,  18.306,        0.,        0.00,    0.00,        0.00
  962,  18.327,        0.,        0.00,    0.00,        0.00
  963,  18.347,        0.,        0.00,    0.00,        0.00
  964,  18.367,        0.,        0.00,    0.00,        0.00
  965,  18.387,        0.,        0.00,    0.00,        0.00
  966,  18.407,        0.,        0.00,    0.00,        0.00
  967,  18.427,        0.,        0.00,    0.00,        0.00
  968,  18.447,        0.,        0.00,    0.00,        0.00
  969,  18.467,        0.,        0.00,    0.00,        0.00
  970,  18.487,        0.,        0.00,    0.00,        0.00
  971,  18.507,        0.,        0.00,    0.00,        0.00
  972,  18.527,        0.,        0.00,    0.00,        0.00
  973,  18.547,        0.,        0.00,    0.00,        0.00
  974,  18.567,        0.,        0.00,    0.00,        0.00
  975,  18.587,        0.,        0.00,    0.00,        0.00
  976,  18.608,        0.,        0.00,    0.00,        0.00
  977,  18.628,        0.,        0.00,    0.00,        0.00
  978,  18.648,        0.,        0.00,    0.00,        0.00
  979,  18.668,        0.,        0.00,    0.00,        0.00
  980,  18.688,        0.,        0.00,    0.00,        0.00
  981,  18.708,        0.,        0.00,    0.00,        0.00
  982,  18.728,        0.,        0.00,    0.00,        0.00
  983,  18.748,        0.,        0.00,    0.00,        0.00
  984,  18.768,        0.,        0.00,    0.00,        0.00
  985,  18.788,        0.,        0.00,    0.00,        0.00
  986,  18.808,        0.,        0.00,    0.00,        0.00
  987,  18.828,        0.,        0.00,    0.00,        0.00
  988,  18.848,        0.,        0.00,    0.00,        0.00
  989,  18.868,        0.,        0.00,    0.00,        0.00
  990,  18.889,        0.,        0.00,    0.00,        0.00
  991,  18.909,        0.,        0.00,    0.00,        0.00
  992,  18.929,        0.,        0.00,    0.00,        0.00
  993,  18.949,        0.,        0.00,    0.00,        0.00
  994,  18.969,        0.,        0.00,    0.00,        0.00
  995,  18.989,        0.,        0.00,    0.00,        0.00
  996,  19.009,        0.,        0.00,    0.00,        0.00
  997,  19.029,        0.,        0.00,    0.00,        0.00
  998,  19.049,        0.,        0.00,    0.00,        0.00
  999,  19.069,        0.,        0.00,    0.00,        0.00
 1000,  19.089,        0.,        0.00,    0.00,        0.00
 1001,  19.109,        0.,        0.00,    0.00,        0.00
 1002,  19.129,        0.,        0.00,    0.00,        0.00
 1003,  19.149,        0.,        0.00,    0.00,        0.00
 1004,  19.170,        0.,        0.00,    0.00,        0.00
 1005,  19.190,        0.,        0.00,    0.00,        0.00
 1006,  19.210,        0.,        0.00,    0.00,        0.00
 1007,  19.230,        0.,        0.00,    0.00,        0.00
 1008,  19.250,        0.,        0.00,    0.00,        0.00
 1009,  19.270,        0.,        0.00,    0.00,        0.00
 1010,  19.290,        0.,        0.00,    0.00,        0.00
 1011,  19.310,        0.,        0.00,    0.00,        0.00
 1012,  19.330,        0.,        0.00,    0.00,        0.00
 1013,  19.350,        0.,        0.00,    0.00,        0.00
 1014,  19.370,        0.,        0.00,    0.00,        0.00
 1015,  19.390,        0.,        0.00,    0.00,        0.00
 1016,  19.410,        0.,        0.00,    0.00,        0.00
 1017,  19.430,        0.,        0.00,    0.00,        0.00
 1018,  19.451,        0.,        0.00,    0.00,        0.00
 1019,  19.471,        0.,        0.00,    0.00,        0.00
 1020,  19.491,        0.,        0.00,    0.00,        0.00
 1021,  19.511,        0.,        0.00,    0.00,        0.00
 1022,  19.531,        0.,        0.00,    0.00,        0.00
 1023,  19.551,        0.,        0.00,    0.00,        0.00
 1024,  19.571,        0.,        0.00,    0.00,        0.00
 1025,  19.591,        0.,        0.00,   -0.07,        0.00
 1026,  19.611,        0.,        0.00,   -0.14,        0.00
 1027,  19.631,        0.,        0.00,   -0.14,        0.00
 1028,  19.651,        0.,        0.00,   -0.14,        0.00
 1029,  19.671,        0.,        0.00,   -0.14,        0.00
 1030,  19.691,        0.,        0.00,   -0.14,        0.00
 1031,  19.712,        0.,        0.00,   -0.14,        0.00
 1032,  19.732,        0.,        0.00,    0.01,        0.00
 1033,  19.752,        0.,        0.00,    0.15,        0.00
 1034,  19.772,        0.,        0.00,    0.15,        0.00
 1035,  19.792,        0.,        0.00,    0.15,        0.00
 1036,  19.812,        0.,        0.00,    0.15,        0.00
 1037,  19.832,        0.,        0.00,    0.15,        0.00
 1038,  19.852,        1.,        0.00,    0.15,        1.00
 1039,  19.872,        1.,        0.00,    0.15,        1.00
 1040,  19.892,        0.,        0.00,    0.15,        0.00
 1041,  19.912,        0.,        0.00,    0.15,        0.00
 1042,  19.932,        0.,        0.00,    0.15,        0.00
 1043,  19.952,        0.,        0.00,    0.15,        0.00
 1044,  19.972,        0.,        0.00,    0.15,        0.00
 1045,  19.993,        0.,        0.00,    0.01,        0.00
 1046,  20.013,        0.,        0.00,   -0.14,        0.00
 1047,  20.033,        0.,        0.00,   -0.14,        0.00
 1048,  20.053,        0.,        0.00,   -0.14,        0.00
 1049,  20.073,        0.,        0.00,   -0.14,        0.00
 1050,  20.093,        0.,        0.00,   -0.21,        0.00
 1051,  20.113,        0.,        0.00,   -0.21,        0.00
 1052,  20.133,        0.,        0.00,   -0.14,        0.00
 1053,  20.153,        0.,        0.00,   -0.07,        0.00
 1054,  20.173,        0.,        0.00,   -0.07,        0.00
 1055,  20.193,        0.,        0.00,   -0.07,        0.00
 1056,  20.213,        0.,        0.00,   -0.07,        0.00
 1057,  20.233,        0.,        0.00,    0.08,        0.00
 1058,  20.253,        0.,        0.00,    0.08,        0.00
 1059,  20.274,        0.,        0.00,    0.08,        0.00
 1060,  20.294,        0.,        0.00,    0.08,        0.00
 1061,  20.314,        0.,        0.00,    0.08,        0.00
 1062,  20.334,        0.,        0.00,    0.08,        0.00
 1063,  20.354,        1.,        0.00,    0.08,        1.00
 1064,  20.374,        0.,        0.00,    0.08,        0.00
 1065,  20.394,        0.,        0.00,    0.08,        0.00
 1066,  20.414,        0.,        0.00,    0.08,        0.00
 1067,  20.434,        0.,        0.00,    0.08,        0.00
 1068,  20.454,        0.,        0.00,    0.08,        0.00
 1069,  20.474,        0.,        0.00,    0.08,        0.00
 1070,  20.494,        0.,        0.00,   -0.07,        0.00
 1071,  20.514,        0.,        0.00,   -0.07,        0.00
 1072,  20.534,        0.,        0.00,   -0.07,        0.00
 1073,  20.555,        0.,        0.00,   -0.07,        0.00
 1074,  20.575,        0.,        0.00,   -0.07,        0.00
 1075,  20.595,        0.,        0.00,   -0.07,        0.00
 1076,  20.615,        0.,        0.00,   -0.07,        0.00
 1077,  20.635,        0.,        0.00,    0.00,        0.00
 1078,  20.655,        0.,        0.00,    0.00,        0.00
 1079,  20.675,        0.,        0.00,    0.00,        0.00
 1080,  20.695,        0.,        0.00,    0.00,        0.00
 1081,  20.715,        0.,        0.00,    0.00,        0.00
 1082,  20.735,        0.,        0.00,    0.00,        0.00
 1083,  20.755,        0.,        0.00,    0.00,        0.00
 1084,  20.775,        0.,        0.00,    0.00,        0.00
 1085,  20.795,        0.,        0.00,    0.00,        0.00
 1086,  20.815,        0.,        0.00,    0.00,        0.00
 1087,  20.836,        0.,        0.00,    0.00,        0.00
 1088,  20.856,        0.,        0.00,    0.00,        0.00
 1089,  20.876,        0.,        0.00,    0.00,        0.00
 1090,  20.896,        0.,        0.00,    0.00,        0.00
 1091,  20.916,        0.,        0.00,    0.00,        0.00
 1092,  20.936,        0.,        0.00,    0.00,        0.00
 1093,  20.956,        0.,        0.00,    0.00,        0.00
 1094,  20.976,        0.,        0.00,    0.00,        0.00
 1095,  20.996,        0.,        0.00,    0.00,        0.00
 1096,  21.016,        0.,        0.00,    0.00,        0.00
 1097,  21.036,        0.,        0.00,    0.00,        0.00
 1098,  21.056,        0.,        0.00,    0.00,        0.00
 1099,  21.076,        0.,        0.00,    0.00,        0.00
 1100,  21.096,        0.,        0.00,    0.00,        0.00
 1101,  21.117,        0.,        0.00,    0.00,        0.00
 1102,  21.137,        0.,        0.00,    0.00,        0.00
 1103,  21.157,        0.,        0.00,    0.00,        0.00
 1104,  21.177,        0.,        0.00,    0.00,        0.00
 1105,  21.197,        0.,        0.00,    0.00,        0.00
 1106,  21.217,        0.,        0.00,    0.00,        0.00
 1107,  21.237,        0.,        0.00,    0.00,        0.00
 1108,  21.257,        0.,        0.00,    0.00,        0.00
 1109,  21.277,        0.,        0.00,    0.00,        0.00
 1110,  21.297,        0.,        0.00,    0.00,        0.00
 1111,  21.317,        0.,        0.00,    0.00,        0.00
 1112,  21.337,        0.,        0.00,    0.00,        0.00
 1113,  21.357,        0.,        0.00,    0.00,        0.00
 1114,  21.377,        0.,        0.00,    0.00,        0.00
 1115,  21.398,        0.,        0.00,    0.00,        0.00
 1116,  21.418,        0.,        0.00,    0.00,        0.00
 1117,  21.438,        0.,        0.00,    0.00,        0.00
 1118,  21.458,        0.,        0.00,   -0.07,        0.00
 1119,  21.478,        0.,        0.00,   -0.07,        0.00
 1120,  21.498,        0.,        0.00,   -0.07,        0.00
 1121,  21.518,        0.,        0.00,   -0.07,        0.00
 1122,  21.538,        0.,        0.00,   -0.07,        0.00
 1123,  21.558,        0.,        0.00,   -0.07,        0.00
 1124,  21.578,        0.,        0.00,   -0.07,        0.00
 1125,  21.598,        0.,        0.00,    0.08,        0.00
 1126,  21.618,        0.,        0.00,    0.08,        0.00
 1127,  21.638,        0.,        0.00,    0.08,        0.00
 1128,  21.658,        0.,        0.00,    0.08,        0.00
 1129,  21.679,        0.,        0.00,    0.08,        0.00
 1130,  21.699,        0.,        0.00,    0.08,        0.00
 1131,  21.719,        1.,        0.00,    0.08,        1.00
 1132,  21.739,        0.,        0.00,    0.08,        0.00
 1133,  21.759,        0.,        0.00,    0.08,        0.00
 1134,  21.779,        0.,        0.00,    0.08,        0.00
 1135,  21.799,        0.,        0.00,    0.08,        0.00
 1136,  21.819,        0.,        0.00,    0.08,        0.00
 1137,  21.839,        0.,        0.00,    0.08,        0.00
 1138,  21.859,        0.,        0.00,   -0.07,        0.00
 1139,  21.879,        0.,        0.00,   -0.07,        0.00
 1140,  21.899,        0.,        0.00,   -0.07,        0.00
 1141,  21.919,        0.,        0.00,   -0.07,        0.00
 1142,  21.940,        0.,        0.00,   -0.07,        0.00
 1143,  21.960,        0.,        0.00,   -0.07,        0.00
 1144,  21.980,        0.,        0.00,   -0.07,        0.00
 1145,  22.000,        0.,        0.00,    0.00,        0.00
 1146,  22.020,        0.,        0.00,    0.00,        0.00
 1147,  22.040,        0.,        0.00,    0.00,        0.00
 1148,  22.060,        0.,        0.00,    0.00,        0.00
 1149,  22.080,        0.,        0.00,    0.00,        0.00
 1150,  22.100,        0.,        0.00,    0.00,        0.00
 1151,  22.120,        0.,        0.00,    0.00,        0.00
 1152,  22.140,        0.,        0.00,    0.00,        0.00
 1153,  22.160,        0.,        0.00,    0.00,        0.00
 1154,  22.180,        0.,        0.00,    0.00,        0.00
 1155,  22.200,        0.,        0.00,    0.00,        0.00
 1156,  22.221,        0.,        0.00,    0.00,        0.00
 1157,  22.241,        0.,        0.00,    0.00,        0.00
 1158,  22.261,        0.,        0.00,    0.00,        0.00
 1159,  22.281,        0.,        0.00,    0.00,        0.00
 1160,  22.301,        0.,        0.00,    0.00,        0.00
 1161,  22.321,        0.,        0.00,    0.00,        0.00
 1162,  22.341,        0.,        0.00,    0.00,        0.00
 1163,  22.361,        0.,        0.00,    0.00,        0.00
 1164,  22.381,        0.,        0.00,    0.00,        0.00
 1165,  22.401,        0.,        0.00,    0.00,        0.00
 1166,  22.421,        0.,        0.00,    0.00,        0.00
 1167,  22.441,        0.,        0.00,    0.00,        0.00
 1168,  22.461,        0.,        0.00,    0.00,        0.00
 1169,  22.481,        0.,        0.00,    0.00,        0.00
 1170,  22.502,        0.,        0.00,    0.00,        0.00
 1171,  22.522,        0.,        0.00,    0.00,        0.00
 1172,  22.542,        0.,        0.00,    0.00,        0.00
 1173,  22.562,        0.,        0.00,    0.00,        0.00
 1174,  22.582,        0.,        0.00,    0.00,        0.00
 1175,  22.602,        0.,        0.00,    0.00,        0.00
 1176,  22.622,        0.,        0.00,    0.00,        0.00
 1177,  22.642,        0.,        0.00,    0.00,        0.00
 1178,  22.662,        0.,        0.00,    0.00,        0.00
 1179,  22.682,        0.,        0.00,    0.00,        0.00
 1180,  22.702,        0.,        0.00,    0.00,        0.00
 1181,  22.722,        0.,        0.00,    0.00,        0.00
 1182,  22.742,        0.,        0.00,    0.00,        0.00
 1183,  22.762,        0.,        0.00,    0.00,        0.00
 1184,  22.783,        0.,        0.00,    0.00,        0.00
 1185,  22.803,        0.,        0.00,    0.00,        0.00
 1186,  22.823,        0.,        0.00,    0.00,        0.00
 1187,  22.843,        0.,        0.00,    0.00,        0.00
 1188,  22.863,        0.,        0.00,    0.00,        0.00
 1189,  22.883,        0.,        0.00,    0.00,        0.00
 1190,  22.903,        0.,        0.00,    0.00,        0.00
 1191,  22.923,        0.,        0.00,    0.00,        0.00
 1192,  22.943,        0.,        0.00,    0.00,        0.00
 1193,  22.963,        0.,        0.00,    0.00,        0.00
 1194,  22.983,        0.,        0.00,    0.00,        0.00
 1195,  23.003,        0.,        0.00,    0.00,        0.00
 1196,  23.023,        0.,        0.00,    0.00,        0.00
 1197,  23.043,        0.,        0.00,    0.00,        0.00
 1198,  23.064,        0.,        0.00,    0.00,        0.00
 1199,  23.084,        0.,        0.00,    0.00,        0.00
 1200,  23.104,        0.,        0.00,    0.00,        0.00
 1201,  23.124,        0.,        0.00,    0.00,        0.00
 1202,  23.144,        0.,        0.00,    0.00,        0.00
 1203,  23.164,        0.,        0.00,    0.00,        0.00
 1204,  23.184,        0.,        0.00,    0.00,        0.00
 1205,  23.204,        0.,        0.00,    0.00,        0.00
 1206,  23.224,        0.,        0.00,    0.00,        0.00
 1207,  23.244,        0.,        0.00,    0.00,        0.00
 1208,  23.264,        0.,        0.00,    0.00,        0.00
 1209,  23.284,        0.,        0.00,    0.00,        0.00
 1210,  23.304,        0.,        0.00,    0.00,        0.00
 1211,  23.324,        0.,        0.00,    0.00,        0.00
 1212,  23.345,        0.,        0.00,    0.00,        0.00
 1213,  23.365,        0.,        0.00,    0.00,        0.00
 1214,  23.385,        0.,        0.00,    0.00,        0.00
 1215,  23.405,        0.,        0.00,    0.00,        0.00
 1216,  23.425,        0.,        0.00,    0.00,        0.00
 1217,  23.445,        0.,        0.00,    0.00,        0.00
 1218,  23.465,        0.,        0.00,    0.00,        0.00
 1219,  23.485,        0.,        0.00,    0.00,        0.00
 1220,  23.505,        0.,        0.00,    0.00,        0.00
 1221,  23.525,        0.,        0.00,    0.00,        0.00
 1222,  23.545,        0.,        0.00,    0.00,        0.00
 1223,  23.565,        0.,        0.00,    0.00,        0.00
 1224,  23.585,        0.,        0.00,   -0.07,        0.00
 1225,  23.605,        0.,        0.00,   -0.14,        0.00
 1226,  23.626,        0.,        0.00,   -0.14,        0.00
 1227,  23.646,        0.,        0.00,   -0.14,        0.00
 1228,  23.666,        0.,        0.00,   -0.14,        0.00
 1229,  23.686,        0.,        0.00,   -0.14,        0.00
 1230,  23.706,        0.,        0.00,   -0.14,        0.00
 1231,  23.726,        0.,        0.00,    0.01,        0.00
 1232,  23.746,        0.,        0.00,    0.15,        0.00
 1233,  23.766,        0.,        0.00,    0.15,        0.00
 1234,  23.786,        0.,        0.00,    0.13,        0.00
 1235,  23.806,        0.,        0.00,    0.13,        0.00
 1236,  23.826,        0.,        0.00,    0.13,        0.00
 1237,  23.846,        1.,        0.00,    0.13,        1.00
 1238,  23.866,        1.,        0.00,    0.13,        1.00
 1239,  23.886,        0.,        0.00,    0.13,        0.00
 1240,  23.907,        0.,        0.00,    0.13,        0.00
 1241,  23.927,        0.,        0.00,    0.13,        0.00
 1242,  23.947,        0.,        0.00,    0.13,        0.00
 1243,  23.967,        0.,        0.00,    0.13,        0.00
 1244,  23.987,        0.,        0.00,    0.13,        0.00
 1245,  24.007,        0.,        0.00,    0.00,        0.00
 1246,  24.027,        0.,        0.00,   -0.14,        0.00
 1247,  24.047,        0.,        0.00,   -0.14,        0.00
 1248,  24.067,        0.,        0.00,   -0.14,        0.00
 1249,  24.087,        0.,        0.00,   -0.14,        0.00
 1250,  24.107,        0.,        0.00,   -0.14,        0.00
 1251,  24.127,        0.,        0.00,   -0.14,        0.00
 1252,  24.147,        0.,        0.00,   -0.07,        0.00
 1253,  24.167,        0.,        0.00,    0.00,        0.00
 1254,  24.188,        0.,        0.00,    0.00,        0.00
 1255,  24.208,        0.,        0.00,    0.00,        0.00
 1256,  24.228,        0.,        0.00,    0.00,        0.00
 1257,  24.248,        0.,        0.00,    0.00,        0.00
 1258,  24.268,        0.,        0.00,    0.00,        0.00
 1259,  24.288,        0.,        0.00,    0.00,        0.00
 1260,  24.308,        0.,        0.00,    0.00,        0.00
 1261,  24.328,        0.,        0.00,    0.00,        0.00
 1262,  24.348,        0.,        0.00,    0.00,        0.00
 1263,  24.368,        0.,        0.00,    0.00,        0.00
 1264,  24.388,        0.,        0.00,    0.00,        0.00
 1265,  24.408,        0.,        0.00,    0.00,        0.00
 1266,  24.428,        0.,        0.00,    0.00,        0.00
 1267,  24.449,        0.,        0.00,    0.00,        0.00
 1268,  24.469,        0.,        0.00,    0.00,        0.00
 1269,  24.489,        0.,        0.00,    0.00,        0.00
 1270,  24.509,        0.,        0.00,    0.00,        0.00
 1271,  24.529,        0.,        0.00,    0.00,        0.00
 1272,  24.549,        0.,        0.00,    0.00,        0.00
 1273,  24.569,        0.,        0.00,    0.00,        0.00
 1274,  24.589,        0.,        0.00,    0.00,        0.00
 1275,  24.609,        0.,        0.00,    0.00,        0.00
 1276,  24.629,        0.,        0.00,    0.00,        0.00
 1277,  24.649,        0.,        0.00,    0.00,        0.00
 1278,  24.669,        0.,        0.00,    0.00,        0.00
 1279,  24.689,        0.,        0.00,    0.00,        0.00
 1280,  24.709,        0.,        0.00,    0.00,        0.00
 1281,  24.730,        0.,        0.00,    0.00,        0.00
 1282,  24.750,        0.,        0.00,    0.00,        0.00
 1283,  24.770,        0.,        0.00,    0.00,        0.00
 1284,  24.790,        0.,        0.00,    0.00,        0.00
 1285,  24.810,        0.,        0.00,    0.00,        0.00
 1286,  24.830,        0.,        0.00,    0.00,        0.00
 1287,  24.850,        0.,        0.00,    0.00,        0.00
 1288,  24.870,        0.,        0.00,    0.00,        0.00
 1289,  24.890,        0.,        0.00,    0.00,        0.00
 1290,  24.910,        0.,        0.00,    0.00,        0.00
 1291,  24.930,        0.,        0.00,    0.00,        0.00
 1292,  24.950,        0.,        0.00,    0.00,        0.00
 1293,  24.970,        0.,        0.00,    0.00,        0.00
 1294,  24.990,        0.,        0.00,    0.00,        0.00
 1295,  25.011,        0.,        0.00,    0.00,        0.00
 1296,  25.031,        0.,        0.00,    0.00,        0.00
 1297,  25.051,        0.,        0.00,    0.00,        0.00
 1298,  25.071,        0.,        0.00,    0.00,        0.00
 1299,  25.091,        0.,        0.00,    0.00,        0.00
 1300,  25.111,        0.,        0.00,    0.00,        0.00
