           0
 F
           0
 F
           4
  6.0000002E-07
  0.0000000E+00
   1.900000    
  0.2000000    
   1.200000    
           2
   1000.000    
  0.0000000E+00
 F
  0.0000000E+00
   110.0000    
        1024
  0.0000000E+00   3.517200       95.18100    
  0.0000000E+00  0.0000000E+00  0.0000000E+00  0.1100000E+03  0.1100000E+03
 -0.6047343E+00  0.0000000E+00 -0.6047344E+00  0.3260473E+02  0.3260473E+02
  0.0000000E+00  0.0000000E+00  0.0000000E+00  0.4200000E+02  0.4200000E+02
  0.0000000E+00  0.0000000E+00  0.0000000E+00  0.2100000E+02  0.2100000E+02
 -0.6047343E+00  0.0000000E+00 -0.6047343E+00  0.4260473E+02  0.4260473E+02
 -0.6047343E+00  0.0000000E+00 -0.6047343E+00  0.1360473E+02  0.1360473E+02
 -0.6138927E+00  0.0000000E+00 -0.6189553E+00  0.2061389E+02  0.2061389E+02
 -0.6322097E+00  0.0000000E+00 -0.6473972E+00  0.1863221E+02  0.1863221E+02
 -0.6505265E+00  0.4050004E-01 -0.6758391E+00  0.4765053E+02  0.4765053E+02
 -0.6688434E+00  0.4050004E-01 -0.7042810E+00  0.2666884E+02  0.2666884E+02
 -0.6340928E+00  0.4786396E-01 -0.6819568E+00  0.2163409E+02  0.2163409E+02
 -0.5462747E+00  0.6259178E-01 -0.6088665E+00  0.1654627E+02  0.1654627E+02
 -0.4584565E+00  0.7731961E-01 -0.5357761E+00  0.1945846E+02  0.1945846E+02
 -0.3706384E+00  0.9204745E-01 -0.4626859E+00  0.1837064E+02  0.1837064E+02
 -0.3772782E+00  0.1032727E+00 -0.4805509E+00  0.1537728E+02  0.1537728E+02
 -0.4783758E+00  0.1109955E+00 -0.5893713E+00  0.1347838E+02  0.1347838E+02
 -0.5794734E+00  0.1187182E+00 -0.6981916E+00  0.5257947E+02  0.5257947E+02
 -0.6805710E+00  0.1264409E+00 -0.8070119E+00  0.2168057E+02  0.2168057E+02
 -0.7034563E+00  0.1360019E+00 -0.8394582E+00  0.3570346E+02  0.3570346E+02
 -0.6481292E+00  0.1474012E+00 -0.7955304E+00  0.2364813E+02  0.2364813E+02
 -0.5928021E+00  0.1588004E+00 -0.7516025E+00  0.3159280E+02  0.3159280E+02
 -0.5374750E+00  0.1701997E+00 -0.7076747E+00  0.3353748E+02  0.3353748E+02
 -0.5029536E+00  0.1804710E+00 -0.6834246E+00  0.2450295E+02  0.2450295E+02
 -0.4892379E+00  0.1896143E+00 -0.6788522E+00  0.1648924E+02  0.1648924E+02
 -0.4755222E+00  0.1987575E+00 -0.6742797E+00  0.3947552E+02  0.3947552E+02
 -0.4618065E+00  0.2079008E+00 -0.6697074E+00  0.2246181E+02  0.2246181E+02
 -0.4205615E+00  0.2155738E+00 -0.6361352E+00  0.1642056E+02  0.1642056E+02
 -0.3517871E+00  0.2217763E+00 -0.5735633E+00  0.2435179E+02  0.2435179E+02
 -0.2830127E+00  0.2279789E+00 -0.5109915E+00  0.1028301E+02  0.1028301E+02
 -0.2142382E+00  0.2341814E+00 -0.4484197E+00  0.1821424E+02  0.1821424E+02
 -0.2162006E+00  0.2374985E+00 -0.4536991E+00  0.1721620E+02  0.1721620E+02
 -0.2888996E+00  0.2379302E+00 -0.5268297E+00  0.1828890E+02  0.1828890E+02
 -0.3615986E+00  0.2383618E+00 -0.5999604E+00  0.3536160E+02  0.3536160E+02
 -0.4342977E+00  0.2387935E+00 -0.6730911E+00  0.2743430E+02  0.2743430E+02
 -0.4343599E+00  0.2413848E+00 -0.6757447E+00  0.2643436E+02  0.2643436E+02
 -0.3617854E+00  0.2461357E+00 -0.6079211E+00  0.1936179E+02  0.1936179E+02
 -0.2892108E+00  0.2508866E+00 -0.5400975E+00  0.1728921E+02  0.1728921E+02
 -0.2166363E+00  0.2556376E+00 -0.4722739E+00  0.1721664E+02  0.1721664E+02
 -0.1931540E+00  0.2585823E+00 -0.4517363E+00  0.1919315E+02  0.1919315E+02
 -0.2187640E+00  0.2597207E+00 -0.4784848E+00  0.1321876E+02  0.1321876E+02
 -0.2443740E+00  0.2608592E+00 -0.5052332E+00  0.2424437E+02  0.2424437E+02
 -0.2699839E+00  0.2619977E+00 -0.5319816E+00  0.2226998E+02  0.2226998E+02
 -0.2545345E+00  0.2634358E+00 -0.5179704E+00  0.2225453E+02  0.2225453E+02
 -0.1980257E+00  0.2651737E+00 -0.4631995E+00  0.1419803E+02  0.1419803E+02
 -0.1415169E+00  0.2669116E+00 -0.4084285E+00  0.9141517E+01  0.9141517E+01
 -0.8500815E-01  0.2686494E+00 -0.3536576E+00  0.1408501E+02  0.1408501E+02
 -0.8184690E-01  0.2686294E+00 -0.3504764E+00  0.1508185E+02  0.1508185E+02
 -0.1320332E+00  0.2668516E+00 -0.3988849E+00  0.1113203E+02  0.1113203E+02
 -0.1822196E+00  0.2650738E+00 -0.4472934E+00  0.3718222E+02  0.3718222E+02
 -0.2324059E+00  0.2632960E+00 -0.4957019E+00  0.7232406E+01  0.7232406E+01
 -0.2500931E+00  0.2632017E+00 -0.5132947E+00  0.2025009E+02  0.2025009E+02
 -0.2352812E+00  0.2647908E+00 -0.5000719E+00  0.1423528E+02  0.1423528E+02
 -0.2204693E+00  0.2663799E+00 -0.4868492E+00  0.1122047E+02  0.1122047E+02
 -0.2056574E+00  0.2679690E+00 -0.4736264E+00  0.1020566E+02  0.1020566E+02
 -0.8004070E+01  0.2695815E+00 -0.8273651E+01  0.2000407E+02  0.2000407E+02
 -0.2361571E+02  0.2712172E+00 -0.2388692E+02  0.6061571E+02  0.6061571E+02
 -0.3922734E+02  0.2728530E+00 -0.3950020E+02  0.1252273E+03  0.1252273E+03
 -0.5483898E+02  0.2744888E+00 -0.5511347E+02  0.1761839E+04  0.1761839E+04
 -0.6584865E+02  0.9138221E+00 -0.6676247E+02  0.3963849E+04  0.3963849E+04
 -0.7225635E+02  0.2190853E+01 -0.7444720E+02  0.3804256E+04  0.3804256E+04
 -0.7866404E+02  0.3467884E+01 -0.8213193E+02  0.3818664E+04  0.3818664E+04
 -0.8507174E+02  0.4744915E+01 -0.8981666E+02  0.3648072E+04  0.3648072E+04
 -0.8555564E+02  0.6381746E+01 -0.9193739E+02  0.3493556E+04  0.3493556E+04
 -0.8011574E+02  0.8378377E+01 -0.8849412E+02  0.3384116E+04  0.3384116E+04
 -0.7467583E+02  0.1037501E+02 -0.8505084E+02  0.3332676E+04  0.3332676E+04
 -0.6923594E+02  0.1237164E+02 -0.8160757E+02  0.3055236E+04  0.3055236E+04
 -0.6431396E+02  0.1406668E+02 -0.7838065E+02  0.2903314E+04  0.2903314E+04
 -0.5990993E+02  0.1546014E+02 -0.7537006E+02  0.2922910E+04  0.2922910E+04
 -0.5550589E+02  0.1685359E+02 -0.7235947E+02  0.3107506E+04  0.3107506E+04
 -0.5110185E+02  0.1824704E+02 -0.6934889E+02  0.2788102E+04  0.2788102E+04
 -0.4691281E+02  0.1930327E+02 -0.6621607E+02  0.2320913E+04  0.2320913E+04
 -0.4293877E+02  0.2002226E+02 -0.6296104E+02  0.2118939E+04  0.2118939E+04
 -0.3896473E+02  0.2074126E+02 -0.5970599E+02  0.1990965E+04  0.1990965E+04
 -0.3499070E+02  0.2146025E+02 -0.5645095E+02  0.2104991E+04  0.2104991E+04
 -0.3281141E+02  0.2194955E+02 -0.5476096E+02  0.2117812E+04  0.2117812E+04
 -0.3242688E+02  0.2220914E+02 -0.5463602E+02  0.2113427E+04  0.2113427E+04
 -0.3204234E+02  0.2246873E+02 -0.5451108E+02  0.2202042E+04  0.2202042E+04
 -0.3165781E+02  0.2272833E+02 -0.5438614E+02  0.2064658E+04  0.2064658E+04
 -0.3085081E+02  0.2295921E+02 -0.5381001E+02  0.1985851E+04  0.1985851E+04
 -0.2962133E+02  0.2316137E+02 -0.5278270E+02  0.1980621E+04  0.1980621E+04
 -0.2839185E+02  0.2336353E+02 -0.5175538E+02  0.1927392E+04  0.1927392E+04
 -0.2716237E+02  0.2356569E+02 -0.5072807E+02  0.1922162E+04  0.1922162E+04
 -0.2666602E+02  0.2374317E+02 -0.5040919E+02  0.1923666E+04  0.1923666E+04
 -0.2690279E+02  0.2389595E+02 -0.5079874E+02  0.1827903E+04  0.1827903E+04
 -0.2713956E+02  0.2404873E+02 -0.5118829E+02  0.1915140E+04  0.1915140E+04
 -0.2737633E+02  0.2420151E+02 -0.5157784E+02  0.1956376E+04  0.1956376E+04
 -0.2731754E+02  0.2437811E+02 -0.5169565E+02  0.1988318E+04  0.1988318E+04
 -0.2696321E+02  0.2457852E+02 -0.5154173E+02  0.1969963E+04  0.1969963E+04
 -0.2660887E+02  0.2477892E+02 -0.5138779E+02  0.1929609E+04  0.1929609E+04
 -0.2625453E+02  0.2497933E+02 -0.5123387E+02  0.1876255E+04  0.1876255E+04
 -0.2588748E+02  0.2518469E+02 -0.5107217E+02  0.1966887E+04  0.1966887E+04
 -0.2550772E+02  0.2539498E+02 -0.5090270E+02  0.1957508E+04  0.1957508E+04
 -0.2512795E+02  0.2560528E+02 -0.5073323E+02  0.1912128E+04  0.1912128E+04
 -0.2474819E+02  0.2581558E+02 -0.5056377E+02  0.1906748E+04  0.1906748E+04
 -0.2450591E+02  0.2601691E+02 -0.5052282E+02  0.1864506E+04  0.1864506E+04
 -0.2440112E+02  0.2620926E+02 -0.5061038E+02  0.1937401E+04  0.1937401E+04
 -0.2429634E+02  0.2640161E+02 -0.5069794E+02  0.1974296E+04  0.1974296E+04
 -0.2419155E+02  0.2659396E+02 -0.5078551E+02  0.1888192E+04  0.1888192E+04
 -0.2370080E+02  0.2678912E+02 -0.5048992E+02  0.1942701E+04  0.1942701E+04
 -0.2282409E+02  0.2698708E+02 -0.4981117E+02  0.1860824E+04  0.1860824E+04
 -0.2194738E+02  0.2718505E+02 -0.4913243E+02  0.1786947E+04  0.1786947E+04
 -0.2107067E+02  0.2738301E+02 -0.4845368E+02  0.1822071E+04  0.1822071E+04
 -0.2064882E+02  0.2754769E+02 -0.4819650E+02  0.1730649E+04  0.1730649E+04
 -0.2068184E+02  0.2767906E+02 -0.4836089E+02  0.1883682E+04  0.1883682E+04
 -0.2071485E+02  0.2781043E+02 -0.4852528E+02  0.1785715E+04  0.1785715E+04
 -0.2074787E+02  0.2794180E+02 -0.4868967E+02  0.1825748E+04  0.1825748E+04
 -0.2081908E+02  0.2807180E+02 -0.4889087E+02  0.1804819E+04  0.1804819E+04
 -0.2092846E+02  0.2820041E+02 -0.4912888E+02  0.1813928E+04  0.1813928E+04
 -0.2103786E+02  0.2832903E+02 -0.4936689E+02  0.1837038E+04  0.1837038E+04
 -0.2114724E+02  0.2845765E+02 -0.4960490E+02  0.1843147E+04  0.1843147E+04
 -0.2128398E+02  0.2860274E+02 -0.4988672E+02  0.1785284E+04  0.1785284E+04
 -0.2144806E+02  0.2876429E+02 -0.5021235E+02  0.1890448E+04  0.1890448E+04
 -0.2161214E+02  0.2892584E+02 -0.5053799E+02  0.1882612E+04  0.1882612E+04
 -0.2177623E+02  0.2908740E+02 -0.5086362E+02  0.1878776E+04  0.1878776E+04
 -0.2173150E+02  0.2926630E+02 -0.5099781E+02  0.1909731E+04  0.1909731E+04
 -0.2147797E+02  0.2946255E+02 -0.5094053E+02  0.1877478E+04  0.1877478E+04
 -0.2122445E+02  0.2965881E+02 -0.5088325E+02  0.1939224E+04  0.1939224E+04
 -0.2097091E+02  0.2985506E+02 -0.5082597E+02  0.1838971E+04  0.1838971E+04
 -0.2076232E+02  0.3004600E+02 -0.5080832E+02  0.1801762E+04  0.1801762E+04
 -0.2059866E+02  0.3023163E+02 -0.5083029E+02  0.1932599E+04  0.1932599E+04
 -0.2043500E+02  0.3041727E+02 -0.5085226E+02  0.1860435E+04  0.1860435E+04
 -0.2027134E+02  0.3060290E+02 -0.5087423E+02  0.1871271E+04  0.1871271E+04
 -0.2026088E+02  0.3078376E+02 -0.5104464E+02  0.1960261E+04  0.1960261E+04
 -0.2040364E+02  0.3095986E+02 -0.5136350E+02  0.1831404E+04  0.1831404E+04
 -0.2054639E+02  0.3113596E+02 -0.5168235E+02  0.2018546E+04  0.2018546E+04
 -0.2068915E+02  0.3131205E+02 -0.5200120E+02  0.1877689E+04  0.1877689E+04
 -0.2084521E+02  0.3149832E+02 -0.5234353E+02  0.1887845E+04  0.1887845E+04
 -0.2101458E+02  0.3169476E+02 -0.5270934E+02  0.1902015E+04  0.1902015E+04
 -0.2118395E+02  0.3189119E+02 -0.5307515E+02  0.2023184E+04  0.2023184E+04
 -0.2135332E+02  0.3208763E+02 -0.5344096E+02  0.1942353E+04  0.1942353E+04
 -0.2129442E+02  0.3229197E+02 -0.5358639E+02  0.1981294E+04  0.1981294E+04
 -0.2100724E+02  0.3250420E+02 -0.5351144E+02  0.1869007E+04  0.1869007E+04
 -0.2072006E+02  0.3271644E+02 -0.5343650E+02  0.1921720E+04  0.1921720E+04
 -0.2043288E+02  0.3292867E+02 -0.5336155E+02  0.1907433E+04  0.1907433E+04
 -0.2017747E+02  0.3313232E+02 -0.5330980E+02  0.1995177E+04  0.1995177E+04
 -0.1995383E+02  0.3332739E+02 -0.5328122E+02  0.1942954E+04  0.1942954E+04
 -0.1973019E+02  0.3352245E+02 -0.5325265E+02  0.1910730E+04  0.1910730E+04
 -0.1950656E+02  0.3371752E+02 -0.5322407E+02  0.1885507E+04  0.1885507E+04
 -0.1939600E+02  0.3390976E+02 -0.5330575E+02  0.2017396E+04  0.2017396E+04
 -0.1939852E+02  0.3409917E+02 -0.5349769E+02  0.1936399E+04  0.1936399E+04
 -0.1940104E+02  0.3428858E+02 -0.5368962E+02  0.1976401E+04  0.1976401E+04
 -0.1940356E+02  0.3447800E+02 -0.5388156E+02  0.1936404E+04  0.1936404E+04
 -0.1943219E+02  0.3467454E+02 -0.5410673E+02  0.1964432E+04  0.1964432E+04
 -0.1948693E+02  0.3487820E+02 -0.5436513E+02  0.1985487E+04  0.1985487E+04
 -0.1954167E+02  0.3508187E+02 -0.5462354E+02  0.2012542E+04  0.2012542E+04
 -0.1959641E+02  0.3528553E+02 -0.5488194E+02  0.2062596E+04  0.2062596E+04
 -0.1949265E+02  0.3549279E+02 -0.5498545E+02  0.2061493E+04  0.2061493E+04
 -0.1923041E+02  0.3570365E+02 -0.5493406E+02  0.1878230E+04  0.1878230E+04
 -0.1896816E+02  0.3591450E+02 -0.5488266E+02  0.1997968E+04  0.1997968E+04
 -0.1870591E+02  0.3612536E+02 -0.5483127E+02  0.1947706E+04  0.1947706E+04
 -0.1854850E+02  0.3631878E+02 -0.5486728E+02  0.1946548E+04  0.1946548E+04
 -0.1849593E+02  0.3649478E+02 -0.5499070E+02  0.2059496E+04  0.2059496E+04
 -0.1844335E+02  0.3667077E+02 -0.5511412E+02  0.2020443E+04  0.2020443E+04
 -0.1839078E+02  0.3684676E+02 -0.5523755E+02  0.2003391E+04  0.2003391E+04
 -0.1835995E+02  0.3701228E+02 -0.5537223E+02  0.1968360E+04  0.1968360E+04
 -0.1835085E+02  0.3716731E+02 -0.5551817E+02  0.1966351E+04  0.1966351E+04
 -0.1834176E+02  0.3732235E+02 -0.5566411E+02  0.2030342E+04  0.2030342E+04
 -0.1833267E+02  0.3747738E+02 -0.5581005E+02  0.2062333E+04  0.2062333E+04
 -0.1831233E+02  0.3763509E+02 -0.5594743E+02  0.1971312E+04  0.1971312E+04
 -0.1828074E+02  0.3779548E+02 -0.5607622E+02  0.1976281E+04  0.1976281E+04
 -0.1824914E+02  0.3795588E+02 -0.5620502E+02  0.2032249E+04  0.2032249E+04
 -0.1821755E+02  0.3811626E+02 -0.5633382E+02  0.2032218E+04  0.2032218E+04
 -0.1819636E+02  0.3827951E+02 -0.5647587E+02  0.2018196E+04  0.2018196E+04
 -0.1818558E+02  0.3844560E+02 -0.5663118E+02  0.2034186E+04  0.2034186E+04
 -0.1817479E+02  0.3861170E+02 -0.5678649E+02  0.2082175E+04  0.2082175E+04
 -0.1816401E+02  0.3877779E+02 -0.5694180E+02  0.1962164E+04  0.1962164E+04
 -0.1816631E+02  0.3894684E+02 -0.5711316E+02  0.2041166E+04  0.2041166E+04
 -0.1818171E+02  0.3911885E+02 -0.5730056E+02  0.2123182E+04  0.2123182E+04
 -0.1819711E+02  0.3929085E+02 -0.5748796E+02  0.2058197E+04  0.2058197E+04
 -0.1821251E+02  0.3946285E+02 -0.5767537E+02  0.2136212E+04  0.2136212E+04
 -0.1799215E+02  0.3963851E+02 -0.5763066E+02  0.2051992E+04  0.2051992E+04
 -0.1753602E+02  0.3981783E+02 -0.5735385E+02  0.2071536E+04  0.2071536E+04
 -0.1707990E+02  0.3999714E+02 -0.5707705E+02  0.2007080E+04  0.2007080E+04
 -0.1662377E+02  0.4017646E+02 -0.5680024E+02  0.1981624E+04  0.1981624E+04
 -0.1647796E+02  0.4033057E+02 -0.5680854E+02  0.1999478E+04  0.1999478E+04
 -0.1664247E+02  0.4045948E+02 -0.5710195E+02  0.2114643E+04  0.2114643E+04
 -0.1680697E+02  0.4058839E+02 -0.5739536E+02  0.2146807E+04  0.2146807E+04
 -0.1697148E+02  0.4071729E+02 -0.5768877E+02  0.2020971E+04  0.2020971E+04
 -0.1706498E+02  0.4085280E+02 -0.5791779E+02  0.1975065E+04  0.1975065E+04
 -0.1708749E+02  0.4099491E+02 -0.5808240E+02  0.2099087E+04  0.2099087E+04
 -0.1711000E+02  0.4113702E+02 -0.5824702E+02  0.1951110E+04  0.1951110E+04
 -0.1713251E+02  0.4127913E+02 -0.5841163E+02  0.1994132E+04  0.1994132E+04
 -0.1715266E+02  0.4142856E+02 -0.5858122E+02  0.2163153E+04  0.2163153E+04
 -0.1717046E+02  0.4158532E+02 -0.5875578E+02  0.2227170E+04  0.2227170E+04
 -0.1718826E+02  0.4174208E+02 -0.5893034E+02  0.2024188E+04  0.2024188E+04
 -0.1720605E+02  0.4189884E+02 -0.5910490E+02  0.2140206E+04  0.2140206E+04
 -0.1698593E+02  0.4205947E+02 -0.5904541E+02  0.2194986E+04  0.2194986E+04
 -0.1652788E+02  0.4222398E+02 -0.5875186E+02  0.2077528E+04  0.2077528E+04
 -0.1606983E+02  0.4238848E+02 -0.5845832E+02  0.2015070E+04  0.2015070E+04
 -0.1561178E+02  0.4255299E+02 -0.5816477E+02  0.2103612E+04  0.2103612E+04
 -0.1558957E+02  0.4269745E+02 -0.5828703E+02  0.2023590E+04  0.2023590E+04
 -0.1600321E+02  0.4282187E+02 -0.5882508E+02  0.2128003E+04  0.2128003E+04
 -0.1641685E+02  0.4294628E+02 -0.5936314E+02  0.2137417E+04  0.2137417E+04
 -0.1683050E+02  0.4307069E+02 -0.5990119E+02  0.2080831E+04  0.2080831E+04
 -0.1708723E+02  0.4321775E+02 -0.6030499E+02  0.2193087E+04  0.2193087E+04
 -0.1718707E+02  0.4338744E+02 -0.6057451E+02  0.2171187E+04  0.2171187E+04
 -0.1728691E+02  0.4355713E+02 -0.6084404E+02  0.2151287E+04  0.2151287E+04
 -0.1738675E+02  0.4372682E+02 -0.6111357E+02  0.2112387E+04  0.2112387E+04
 -0.1716395E+02  0.4390113E+02 -0.6106509E+02  0.2141164E+04  0.2141164E+04
 -0.1661852E+02  0.4408006E+02 -0.6069858E+02  0.2259618E+04  0.2259618E+04
 -0.1607308E+02  0.4425900E+02 -0.6033208E+02  0.2079073E+04  0.2079073E+04
 -0.1552765E+02  0.4443793E+02 -0.5996557E+02  0.2153528E+04  0.2153528E+04
 -0.1538045E+02  0.4458867E+02 -0.5996913E+02  0.2100380E+04  0.2100380E+04
 -0.1563150E+02  0.4471124E+02 -0.6034274E+02  0.2118632E+04  0.2118632E+04
 -0.1588256E+02  0.4483380E+02 -0.6071635E+02  0.2163883E+04  0.2163883E+04
 -0.1613360E+02  0.4495636E+02 -0.6108997E+02  0.2125134E+04  0.2125134E+04
 -0.1619729E+02  0.4509224E+02 -0.6128954E+02  0.2161197E+04  0.2161197E+04
 -0.1607362E+02  0.4524144E+02 -0.6131506E+02  0.2212074E+04  0.2212074E+04
 -0.1594994E+02  0.4539064E+02 -0.6134058E+02  0.2191950E+04  0.2191950E+04
 -0.1582626E+02  0.4553984E+02 -0.6136610E+02  0.2192826E+04  0.2192826E+04
 -0.1546557E+02  0.4568922E+02 -0.6115480E+02  0.2185466E+04  0.2185466E+04
 -0.1486787E+02  0.4583879E+02 -0.6070666E+02  0.2104868E+04  0.2104868E+04
 -0.1427017E+02  0.4598835E+02 -0.6025852E+02  0.2083270E+04  0.2083270E+04
 -0.1367246E+02  0.4613792E+02 -0.5981038E+02  0.2020672E+04  0.2020672E+04
 -0.1350029E+02  0.4625856E+02 -0.5975885E+02  0.2126500E+04  0.2126500E+04
 -0.1375364E+02  0.4635028E+02 -0.6010392E+02  0.2187754E+04  0.2187754E+04
 -0.1400699E+02  0.4644199E+02 -0.6044898E+02  0.2085007E+04  0.2085007E+04
 -0.1426034E+02  0.4653371E+02 -0.6079405E+02  0.2187260E+04  0.2187260E+04
 -0.1467368E+02  0.4664073E+02 -0.6131441E+02  0.2263674E+04  0.2263674E+04
 -0.1524702E+02  0.4676306E+02 -0.6201009E+02  0.2077247E+04  0.2077247E+04
 -0.1582037E+02  0.4688539E+02 -0.6270575E+02  0.2145820E+04  0.2145820E+04
 -0.1639371E+02  0.4700772E+02 -0.6340142E+02  0.2247394E+04  0.2247394E+04
 -0.1648031E+02  0.4716115E+02 -0.6364146E+02  0.2276480E+04  0.2276480E+04
 -0.1608019E+02  0.4734568E+02 -0.6342588E+02  0.2276080E+04  0.2276080E+04
 -0.1568006E+02  0.4753022E+02 -0.6321029E+02  0.2200680E+04  0.2200680E+04
 -0.1527994E+02  0.4771476E+02 -0.6299470E+02  0.2112280E+04  0.2112280E+04
 -0.1494642E+02  0.4788064E+02 -0.6282706E+02  0.2222947E+04  0.2222947E+04
 -0.1467952E+02  0.4802787E+02 -0.6270739E+02  0.2282679E+04  0.2282679E+04
 -0.1441261E+02  0.4817510E+02 -0.6258771E+02  0.2172413E+04  0.2172413E+04
 -0.1414571E+02  0.4832233E+02 -0.6246804E+02  0.2054146E+04  0.2054146E+04
 -0.1388586E+02  0.4845334E+02 -0.6233920E+02  0.2174886E+04  0.2174886E+04
 -0.1363306E+02  0.4856813E+02 -0.6220120E+02  0.2346633E+04  0.2346633E+04
 -0.1338027E+02  0.4868293E+02 -0.6206320E+02  0.2175380E+04  0.2175380E+04
 -0.1312748E+02  0.4879772E+02 -0.6192520E+02  0.2201127E+04  0.2201127E+04
 -0.1325726E+02  0.4890326E+02 -0.6216053E+02  0.2165257E+04  0.2165257E+04
 -0.1376963E+02  0.4899957E+02 -0.6276920E+02  0.2127770E+04  0.2127770E+04
 -0.1428200E+02  0.4909587E+02 -0.6337787E+02  0.2174282E+04  0.2174282E+04
 -0.1479437E+02  0.4919217E+02 -0.6398654E+02  0.2205794E+04  0.2205794E+04
 -0.1501408E+02  0.4931922E+02 -0.6433330E+02  0.2235014E+04  0.2235014E+04
 -0.1494114E+02  0.4947702E+02 -0.6441815E+02  0.2396941E+04  0.2396941E+04
 -0.1486819E+02  0.4963482E+02 -0.6450301E+02  0.2290868E+04  0.2290868E+04
 -0.1479525E+02  0.4979262E+02 -0.6458787E+02  0.2271795E+04  0.2271795E+04
 -0.1441774E+02  0.4994977E+02 -0.6436750E+02  0.2225418E+04  0.2225418E+04
 -0.1373565E+02  0.5010627E+02 -0.6384192E+02  0.2245736E+04  0.2245736E+04
 -0.1305356E+02  0.5026276E+02 -0.6331633E+02  0.2195053E+04  0.2195053E+04
 -0.1237148E+02  0.5041926E+02 -0.6279074E+02  0.2119372E+04  0.2119372E+04
 -0.1207131E+02  0.5053611E+02 -0.6260743E+02  0.2170071E+04  0.2170071E+04
 -0.1215307E+02  0.5061331E+02 -0.6276638E+02  0.2214153E+04  0.2214153E+04
 -0.1223483E+02  0.5069050E+02 -0.6292533E+02  0.2186235E+04  0.2186235E+04
 -0.1231659E+02  0.5076770E+02 -0.6308429E+02  0.2158317E+04  0.2158317E+04
 -0.1251384E+02  0.5085049E+02 -0.6336433E+02  0.2257514E+04  0.2257514E+04
 -0.1282658E+02  0.5093888E+02 -0.6376546E+02  0.2182827E+04  0.2182827E+04
 -0.1313932E+02  0.5102726E+02 -0.6416658E+02  0.2200139E+04  0.2200139E+04
 -0.1345207E+02  0.5111565E+02 -0.6456771E+02  0.2195452E+04  0.2195452E+04
 -0.1370786E+02  0.5122848E+02 -0.6493633E+02  0.2220708E+04  0.2220708E+04
 -0.1390670E+02  0.5136576E+02 -0.6527245E+02  0.2394907E+04  0.2394907E+04
 -0.1410554E+02  0.5150303E+02 -0.6560857E+02  0.2323105E+04  0.2323105E+04
 -0.1430438E+02  0.5164031E+02 -0.6594469E+02  0.2299304E+04  0.2299304E+04
 -0.1408184E+02  0.5179147E+02 -0.6587331E+02  0.2379082E+04  0.2379082E+04
 -0.1343794E+02  0.5195652E+02 -0.6539445E+02  0.2198438E+04  0.2198438E+04
 -0.1279403E+02  0.5212157E+02 -0.6491560E+02  0.2221794E+04  0.2221794E+04
 -0.1215012E+02  0.5228661E+02 -0.6443674E+02  0.2229150E+04  0.2229150E+04
 -0.1201419E+02  0.5241829E+02 -0.6443248E+02  0.2187014E+04  0.2187014E+04
 -0.1238624E+02  0.5251659E+02 -0.6490282E+02  0.2289386E+04  0.2289386E+04
 -0.1275828E+02  0.5261489E+02 -0.6537318E+02  0.2232758E+04  0.2232758E+04
 -0.1313033E+02  0.5271320E+02 -0.6584352E+02  0.2335130E+04  0.2335130E+04
 -0.1314214E+02  0.5282483E+02 -0.6596697E+02  0.2355142E+04  0.2355142E+04
 -0.1279372E+02  0.5294980E+02 -0.6574352E+02  0.2216794E+04  0.2216794E+04
 -0.1244530E+02  0.5307477E+02 -0.6552007E+02  0.2200445E+04  0.2200445E+04
 -0.1209689E+02  0.5319973E+02 -0.6529662E+02  0.2183097E+04  0.2183097E+04
 -0.1191597E+02  0.5331263E+02 -0.6522860E+02  0.2248916E+04  0.2248916E+04
 -0.1190257E+02  0.5341344E+02 -0.6531600E+02  0.2374903E+04  0.2374903E+04
 -0.1188917E+02  0.5351425E+02 -0.6540342E+02  0.2348889E+04  0.2348889E+04
 -0.1187576E+02  0.5361507E+02 -0.6549082E+02  0.2258876E+04  0.2258876E+04
 -0.1185254E+02  0.5371606E+02 -0.6556860E+02  0.2226853E+04  0.2226853E+04
 -0.1181951E+02  0.5381724E+02 -0.6563675E+02  0.2218820E+04  0.2218820E+04
 -0.1178648E+02  0.5391842E+02 -0.6570490E+02  0.2291786E+04  0.2291786E+04
 -0.1175345E+02  0.5401960E+02 -0.6577305E+02  0.2291753E+04  0.2291753E+04
 -0.1177221E+02  0.5412401E+02 -0.6589622E+02  0.2234772E+04  0.2234772E+04
 -0.1184275E+02  0.5423166E+02 -0.6607441E+02  0.2271843E+04  0.2271843E+04
 -0.1191330E+02  0.5433931E+02 -0.6625261E+02  0.2286913E+04  0.2286913E+04
 -0.1198384E+02  0.5444696E+02 -0.6643080E+02  0.2336984E+04  0.2336984E+04
 -0.1170571E+02  0.5456102E+02 -0.6626672E+02  0.2313706E+04  0.2313706E+04
 -0.1107890E+02  0.5468148E+02 -0.6576038E+02  0.2250079E+04  0.2250079E+04
 -0.1045209E+02  0.5480195E+02 -0.6525404E+02  0.2264452E+04  0.2264452E+04
 -0.9825274E+01  0.5492242E+02 -0.6474769E+02  0.2199825E+04  0.2199825E+04
 -0.9838925E+01  0.5501321E+02 -0.6485213E+02  0.2173839E+04  0.2173839E+04
 -0.1049304E+02  0.5507433E+02 -0.6556738E+02  0.2264493E+04  0.2264493E+04
 -0.1114716E+02  0.5513546E+02 -0.6628261E+02  0.2359147E+04  0.2359147E+04
 -0.1180127E+02  0.5519658E+02 -0.6699785E+02  0.2314801E+04  0.2314801E+04
 -0.1194849E+02  0.5528846E+02 -0.6723695E+02  0.2352948E+04  0.2352948E+04
 -0.1158880E+02  0.5541110E+02 -0.6699990E+02  0.2226589E+04  0.2226589E+04
 -0.1122911E+02  0.5553374E+02 -0.6676285E+02  0.2254229E+04  0.2254229E+04
 -0.1086942E+02  0.5565639E+02 -0.6652580E+02  0.2211869E+04  0.2211869E+04
 -0.1063359E+02  0.5576738E+02 -0.6640097E+02  0.2317634E+04  0.2317634E+04
 -0.1052163E+02  0.5586671E+02 -0.6638834E+02  0.2331522E+04  0.2331522E+04
 -0.1040967E+02  0.5596605E+02 -0.6637572E+02  0.2331410E+04  0.2331410E+04
 -0.1029771E+02  0.5606539E+02 -0.6636309E+02  0.2258298E+04  0.2258298E+04
 -0.1024811E+02  0.5615762E+02 -0.6640572E+02  0.2304248E+04  0.2304248E+04
 -0.1026087E+02  0.5624275E+02 -0.6650362E+02  0.2211261E+04  0.2211261E+04
 -0.1027363E+02  0.5632788E+02 -0.6660151E+02  0.2263274E+04  0.2263274E+04
 -0.1028640E+02  0.5641301E+02 -0.6669941E+02  0.2202286E+04  0.2202286E+04
 -0.1009893E+02  0.5650318E+02 -0.6660210E+02  0.2371099E+04  0.2371099E+04
 -0.9711225E+01  0.5659840E+02 -0.6630962E+02  0.2319711E+04  0.2319711E+04
 -0.9323520E+01  0.5669361E+02 -0.6601713E+02  0.2229323E+04  0.2229323E+04
 -0.8935817E+01  0.5678882E+02 -0.6572464E+02  0.2226936E+04  0.2226936E+04
 -0.8962838E+01  0.5686781E+02 -0.6583064E+02  0.2317963E+04  0.2317963E+04
 -0.9404587E+01  0.5693056E+02 -0.6633514E+02  0.2219405E+04  0.2219405E+04
 -0.9846335E+01  0.5699331E+02 -0.6683965E+02  0.2274846E+04  0.2274846E+04
 -0.1028808E+02  0.5705607E+02 -0.6734415E+02  0.2309288E+04  0.2309288E+04
 -0.1032001E+02  0.5714326E+02 -0.6746326E+02  0.2338320E+04  0.2338320E+04
 -0.9942122E+01  0.5725489E+02 -0.6719701E+02  0.2343942E+04  0.2343942E+04
 -0.9564231E+01  0.5736652E+02 -0.6693075E+02  0.2237564E+04  0.2237564E+04
 -0.9186340E+01  0.5747816E+02 -0.6666450E+02  0.2288186E+04  0.2288186E+04
 -0.8995223E+01  0.5757234E+02 -0.6656756E+02  0.2297995E+04  0.2297995E+04
 -0.8990880E+01  0.5764906E+02 -0.6663994E+02  0.2254991E+04  0.2254991E+04
 -0.8986537E+01  0.5772579E+02 -0.6671232E+02  0.2246987E+04  0.2246987E+04
 -0.8982194E+01  0.5780251E+02 -0.6678470E+02  0.2279982E+04  0.2279982E+04
 -0.9086083E+01  0.5787844E+02 -0.6696452E+02  0.2247086E+04  0.2247086E+04
 -0.9298205E+01  0.5795358E+02 -0.6725178E+02  0.2343298E+04  0.2343298E+04
 -0.9510326E+01  0.5802871E+02 -0.6753903E+02  0.2252510E+04  0.2252510E+04
 -0.9722448E+01  0.5810384E+02 -0.6782629E+02  0.2400722E+04  0.2400722E+04
 -0.9566632E+01  0.5819474E+02 -0.6776137E+02  0.2318567E+04  0.2318567E+04
 -0.9042879E+01  0.5830139E+02 -0.6734427E+02  0.2300043E+04  0.2300043E+04
 -0.8519126E+01  0.5840804E+02 -0.6692716E+02  0.2163519E+04  0.2163519E+04
 -0.7995373E+01  0.5851469E+02 -0.6651006E+02  0.2235995E+04  0.2235995E+04
 -0.7891768E+01  0.5859692E+02 -0.6648869E+02  0.2296892E+04  0.2296892E+04
 -0.8208311E+01  0.5865471E+02 -0.6686302E+02  0.2343208E+04  0.2343208E+04
 -0.8524854E+01  0.5871251E+02 -0.6723736E+02  0.2355525E+04  0.2355525E+04
 -0.8841396E+01  0.5877031E+02 -0.6761169E+02  0.2295841E+04  0.2295841E+04
 -0.8952021E+01  0.5884470E+02 -0.6779672E+02  0.2348952E+04  0.2348952E+04
 -0.8856726E+01  0.5893571E+02 -0.6779243E+02  0.2245857E+04  0.2245857E+04
 -0.8761432E+01  0.5902671E+02 -0.6778814E+02  0.2271761E+04  0.2271761E+04
 -0.8666137E+01  0.5911772E+02 -0.6778385E+02  0.2245666E+04  0.2245666E+04
 -0.8540862E+01  0.5920676E+02 -0.6774762E+02  0.2294541E+04  0.2294541E+04
 -0.8385609E+01  0.5929384E+02 -0.6767944E+02  0.2394385E+04  0.2394385E+04
 -0.8230355E+01  0.5938092E+02 -0.6761127E+02  0.2337230E+04  0.2337230E+04
 -0.8075102E+01  0.5946800E+02 -0.6754310E+02  0.2209075E+04  0.2209075E+04
 -0.7889486E+01  0.5954674E+02 -0.6743623E+02  0.2282889E+04  0.2282889E+04
 -0.7673507E+01  0.5961715E+02 -0.6729065E+02  0.2330674E+04  0.2330674E+04
 -0.7457529E+01  0.5968755E+02 -0.6714508E+02  0.2155458E+04  0.2155458E+04
 -0.7241550E+01  0.5975796E+02 -0.6699950E+02  0.2276241E+04  0.2276241E+04
 -0.7260373E+01  0.5981959E+02 -0.6707996E+02  0.2266260E+04  0.2266260E+04
 -0.7513996E+01  0.5987244E+02 -0.6738643E+02  0.2378514E+04  0.2378514E+04
 -0.7767618E+01  0.5992529E+02 -0.6769291E+02  0.2344768E+04  0.2344768E+04
 -0.8021241E+01  0.5997815E+02 -0.6799938E+02  0.2304021E+04  0.2304021E+04
 -0.8068231E+01  0.6004744E+02 -0.6811567E+02  0.2334068E+04  0.2334068E+04
 -0.7908587E+01  0.6013319E+02 -0.6804177E+02  0.2259909E+04  0.2259909E+04
 -0.7748943E+01  0.6021893E+02 -0.6796787E+02  0.2378749E+04  0.2378749E+04
 -0.7589299E+01  0.6030468E+02 -0.6789397E+02  0.2222589E+04  0.2222589E+04
 -0.7528134E+01  0.6038656E+02 -0.6791470E+02  0.2193528E+04  0.2193528E+04
 -0.7565449E+01  0.6046459E+02 -0.6803003E+02  0.2405565E+04  0.2405565E+04
 -0.7602764E+01  0.6054261E+02 -0.6814537E+02  0.2306603E+04  0.2306603E+04
 -0.7640079E+01  0.6062063E+02 -0.6826070E+02  0.2336640E+04  0.2336640E+04
 -0.7654959E+01  0.6070072E+02 -0.6835567E+02  0.2339655E+04  0.2339655E+04
 -0.7647403E+01  0.6078288E+02 -0.6843028E+02  0.2279647E+04  0.2279647E+04
 -0.7639848E+01  0.6086504E+02 -0.6850488E+02  0.2315640E+04  0.2315640E+04
 -0.7632292E+01  0.6094720E+02 -0.6857949E+02  0.2250632E+04  0.2250632E+04
 -0.7439811E+01  0.6102827E+02 -0.6846808E+02  0.2310440E+04  0.2310440E+04
 -0.7062404E+01  0.6110825E+02 -0.6817065E+02  0.2391062E+04  0.2391062E+04
 -0.6684998E+01  0.6118822E+02 -0.6787322E+02  0.2216685E+04  0.2216685E+04
 -0.6307590E+01  0.6126820E+02 -0.6757579E+02  0.2305308E+04  0.2305308E+04
 -0.6088247E+01  0.6132957E+02 -0.6741782E+02  0.2328088E+04  0.2328088E+04
 -0.6026966E+01  0.6137233E+02 -0.6739929E+02  0.2247027E+04  0.2247027E+04
 -0.5965685E+01  0.6141508E+02 -0.6738076E+02  0.2308966E+04  0.2308966E+04
 -0.5904405E+01  0.6145784E+02 -0.6736224E+02  0.2171904E+04  0.2171904E+04
 -0.5676922E+01  0.6149939E+02 -0.6717631E+02  0.2308677E+04  0.2308677E+04
 -0.5283237E+01  0.6153975E+02 -0.6682298E+02  0.2294283E+04  0.2294283E+04
 -0.4889552E+01  0.6158010E+02 -0.6646965E+02  0.2271890E+04  0.2271890E+04
 -0.4495866E+01  0.6162046E+02 -0.6611633E+02  0.2230496E+04  0.2230496E+04
 -0.4561878E+01  0.6164650E+02 -0.6620837E+02  0.2216562E+04  0.2216562E+04
 -0.5087588E+01  0.6165821E+02 -0.6674579E+02  0.2169088E+04  0.2169088E+04
 -0.5613297E+01  0.6166991E+02 -0.6728321E+02  0.2353613E+04  0.2353613E+04
 -0.6139007E+01  0.6168163E+02 -0.6782063E+02  0.2245139E+04  0.2245139E+04
 -0.6407237E+01  0.6172424E+02 -0.6813147E+02  0.2229407E+04  0.2229407E+04
 -0.6417987E+01  0.6179775E+02 -0.6821573E+02  0.2352418E+04  0.2352418E+04
 -0.6428738E+01  0.6187126E+02 -0.6830000E+02  0.2263429E+04  0.2263429E+04
 -0.6439488E+01  0.6194477E+02 -0.6838425E+02  0.2267439E+04  0.2267439E+04
 -0.6467239E+01  0.6202532E+02 -0.6849255E+02  0.2386467E+04  0.2386467E+04
 -0.6511988E+01  0.6211291E+02 -0.6862489E+02  0.2308512E+04  0.2308512E+04
 -0.6556738E+01  0.6220050E+02 -0.6875724E+02  0.2352557E+04  0.2352557E+04
 -0.6601488E+01  0.6228809E+02 -0.6888958E+02  0.2268602E+04  0.2268602E+04
 -0.6469630E+01  0.6237317E+02 -0.6884280E+02  0.2309470E+04  0.2309470E+04
 -0.6161163E+01  0.6245572E+02 -0.6861687E+02  0.2334161E+04  0.2334161E+04
 -0.5852697E+01  0.6253827E+02 -0.6839097E+02  0.2320853E+04  0.2320853E+04
 -0.5544231E+01  0.6262082E+02 -0.6816505E+02  0.2232544E+04  0.2232544E+04
 -0.5280921E+01  0.6268682E+02 -0.6796774E+02  0.2268281E+04  0.2268281E+04
 -0.5062769E+01  0.6273627E+02 -0.6779904E+02  0.2312063E+04  0.2312063E+04
 -0.4844616E+01  0.6278573E+02 -0.6763034E+02  0.2276845E+04  0.2276845E+04
 -0.4626464E+01  0.6283518E+02 -0.6746164E+02  0.2223626E+04  0.2223626E+04
 -0.4431964E+01  0.6287415E+02 -0.6730611E+02  0.2286432E+04  0.2286432E+04
 -0.4261118E+01  0.6290264E+02 -0.6716375E+02  0.2251261E+04  0.2251261E+04
 -0.4090272E+01  0.6293112E+02 -0.6702139E+02  0.2263090E+04  0.2263090E+04
 -0.3919426E+01  0.6295961E+02 -0.6687904E+02  0.2326919E+04  0.2326919E+04
 -0.3988637E+01  0.6298352E+02 -0.6697215E+02  0.2182989E+04  0.2182989E+04
 -0.4297904E+01  0.6300285E+02 -0.6730075E+02  0.2186298E+04  0.2186298E+04
 -0.4607172E+01  0.6302217E+02 -0.6762934E+02  0.2252607E+04  0.2252607E+04
 -0.4916440E+01  0.6304150E+02 -0.6795794E+02  0.2309917E+04  0.2309917E+04
 -0.5020551E+01  0.6308117E+02 -0.6810172E+02  0.2251021E+04  0.2251021E+04
 -0.4919507E+01  0.6314119E+02 -0.6806069E+02  0.2321919E+04  0.2321919E+04
 -0.4818462E+01  0.6320119E+02 -0.6801965E+02  0.2276818E+04  0.2276818E+04
 -0.4717417E+01  0.6326121E+02 -0.6797862E+02  0.2255718E+04  0.2255718E+04
 -0.4589742E+01  0.6331876E+02 -0.6790849E+02  0.2339590E+04  0.2339590E+04
 -0.4435436E+01  0.6337384E+02 -0.6780927E+02  0.2218436E+04  0.2218436E+04
 -0.4281130E+01  0.6342892E+02 -0.6771004E+02  0.2213281E+04  0.2213281E+04
 -0.4126824E+01  0.6348400E+02 -0.6761082E+02  0.2211127E+04  0.2211127E+04
 -0.4114560E+01  0.6352980E+02 -0.6764436E+02  0.2329115E+04  0.2329115E+04
 -0.4244339E+01  0.6356633E+02 -0.6781066E+02  0.2273244E+04  0.2273244E+04
 -0.4374119E+01  0.6360285E+02 -0.6797697E+02  0.2235374E+04  0.2235374E+04
 -0.4503898E+01  0.6363937E+02 -0.6814326E+02  0.2316504E+04  0.2316504E+04
 -0.4529129E+01  0.6368424E+02 -0.6821336E+02  0.2232529E+04  0.2232529E+04
 -0.4449812E+01  0.6373745E+02 -0.6818726E+02  0.2327450E+04  0.2327450E+04
 -0.4370494E+01  0.6379066E+02 -0.6816115E+02  0.2303371E+04  0.2303371E+04
 -0.4291177E+01  0.6384387E+02 -0.6813504E+02  0.2172291E+04  0.2172291E+04
 -0.3893573E+01  0.6389611E+02 -0.6778967E+02  0.2280894E+04  0.2280894E+04
 -0.3177680E+01  0.6394737E+02 -0.6712505E+02  0.2337178E+04  0.2337178E+04
 -0.2461787E+01  0.6399864E+02 -0.6646043E+02  0.2213462E+04  0.2213462E+04
 -0.1745895E+01  0.6404990E+02 -0.6579580E+02  0.2147746E+04  0.2147746E+04
 -0.1387949E+01  0.6406510E+02 -0.6478703E+02  0.2235388E+04  0.2235388E+04
 -0.1387949E+01  0.6404423E+02 -0.6343410E+02  0.2132388E+04  0.2132388E+04
  0.3940259E+01  0.6402335E+02 -0.6208117E+02  0.2112060E+04  0.2112060E+04
  0.3940259E+01  0.6400247E+02 -0.6072824E+02  0.1945060E+04  0.1945060E+04
  0.4316759E+01  0.6391579E+02 -0.5959903E+02  0.1966683E+04  0.1966683E+04
  0.5069759E+01  0.6376329E+02 -0.5869353E+02  0.1957930E+04  0.1957930E+04
  0.5822758E+01  0.6361079E+02 -0.5778803E+02  0.1941177E+04  0.1941177E+04
  0.6575758E+01  0.6345829E+02 -0.5688253E+02  0.1849424E+04  0.1849424E+04
  0.7081433E+01  0.6327594E+02 -0.5619450E+02  0.1913919E+04  0.1913919E+04
  0.7339783E+01  0.6306375E+02 -0.5572396E+02  0.1766660E+04  0.1766660E+04
  0.7598133E+01  0.6285155E+02 -0.5525342E+02  0.1751402E+04  0.1751402E+04
  0.7856483E+01  0.6263936E+02 -0.5478288E+02  0.1816144E+04  0.1816144E+04
  0.7939516E+01  0.6243453E+02 -0.5449501E+02  0.1804060E+04  0.1804060E+04
  0.7847231E+01  0.6223706E+02 -0.5438984E+02  0.1839153E+04  0.1839153E+04
  0.7754947E+01  0.6203960E+02 -0.5428465E+02  0.1786245E+04  0.1786245E+04
  0.7662663E+01  0.6184213E+02 -0.5417947E+02  0.1774337E+04  0.1774337E+04
  0.7389031E+01  0.6166954E+02 -0.5428051E+02  0.1792611E+04  0.1792611E+04
  0.6934052E+01  0.6152184E+02 -0.5458778E+02  0.1800066E+04  0.1800066E+04
  0.6479073E+01  0.6137413E+02 -0.5489505E+02  0.1863521E+04  0.1863521E+04
  0.6024093E+01  0.6122642E+02 -0.5520232E+02  0.1730976E+04  0.1730976E+04
  0.5963579E+01  0.6111669E+02 -0.5515311E+02  0.1874036E+04  0.1874036E+04
  0.6297529E+01  0.6104494E+02 -0.5474741E+02  0.1850703E+04  0.1850703E+04
  0.6631478E+01  0.6097319E+02 -0.5434171E+02  0.1767369E+04  0.1767369E+04
  0.6965428E+01  0.6090144E+02 -0.5393601E+02  0.1781035E+04  0.1781035E+04
  0.7109219E+01  0.6082122E+02 -0.5371200E+02  0.1790891E+04  0.1790891E+04
  0.7062849E+01  0.6073253E+02 -0.5366969E+02  0.1759937E+04  0.1759937E+04
  0.7016479E+01  0.6064385E+02 -0.5362737E+02  0.1804984E+04  0.1804984E+04
  0.6970109E+01  0.6055516E+02 -0.5358505E+02  0.1774030E+04  0.1774030E+04
  0.7000000E+01  0.6046984E+02 -0.5346984E+02  0.1722000E+04  0.1722000E+04
  0.7106153E+01  0.6038791E+02 -0.5328175E+02  0.1773894E+04  0.1773894E+04
  0.7212305E+01  0.6030597E+02 -0.5309366E+02  0.1795788E+04  0.1795788E+04
  0.7318457E+01  0.6022403E+02 -0.5290557E+02  0.1758682E+04  0.1758682E+04
  0.7521218E+01  0.6014119E+02 -0.5261997E+02  0.1748479E+04  0.1748479E+04
  0.7820588E+01  0.6005744E+02 -0.5223685E+02  0.1652179E+04  0.1652179E+04
  0.8119957E+01  0.5997370E+02 -0.5185374E+02  0.1760880E+04  0.1760880E+04
  0.8419327E+01  0.5988995E+02 -0.5147063E+02  0.1599581E+04  0.1599581E+04
  0.8489702E+01  0.5979463E+02 -0.5130492E+02  0.1665510E+04  0.1665510E+04
  0.8331082E+01  0.5968772E+02 -0.5135664E+02  0.1719669E+04  0.1719669E+04
  0.8172463E+01  0.5958081E+02 -0.5140835E+02  0.1636828E+04  0.1636828E+04
  0.8013844E+01  0.5947390E+02 -0.5146006E+02  0.1732986E+04  0.1732986E+04
  0.8140074E+01  0.5937947E+02 -0.5123940E+02  0.1726860E+04  0.1726860E+04
  0.8551151E+01  0.5929752E+02 -0.5074636E+02  0.1674449E+04  0.1674449E+04
  0.8962230E+01  0.5921556E+02 -0.5025333E+02  0.1604038E+04  0.1604038E+04
  0.9373308E+01  0.5913360E+02 -0.4976029E+02  0.1608627E+04  0.1608627E+04
  0.9735282E+01  0.5903729E+02 -0.4930201E+02  0.1660265E+04  0.1660265E+04
  0.1004815E+02  0.5892663E+02 -0.4887848E+02  0.1629952E+04  0.1629952E+04
  0.1036102E+02  0.5881597E+02 -0.4845494E+02  0.1576639E+04  0.1576639E+04
  0.1067389E+02  0.5870530E+02 -0.4803141E+02  0.1574326E+04  0.1574326E+04
  0.1108111E+02  0.5858088E+02 -0.4749977E+02  0.1581919E+04  0.1581919E+04
  0.1158267E+02  0.5844270E+02 -0.4686002E+02  0.1539417E+04  0.1539417E+04
  0.1208423E+02  0.5830451E+02 -0.4622028E+02  0.1493916E+04  0.1493916E+04
  0.1258580E+02  0.5816633E+02 -0.4558053E+02  0.1463414E+04  0.1463414E+04
  0.1326886E+02  0.5800848E+02 -0.4473961E+02  0.1471731E+04  0.1471731E+04
  0.1413343E+02  0.5783096E+02 -0.4369752E+02  0.1485867E+04  0.1485867E+04
  0.1499801E+02  0.5765343E+02 -0.4265543E+02  0.1396002E+04  0.1396002E+04
  0.1586258E+02  0.5747591E+02 -0.4161333E+02  0.1384137E+04  0.1384137E+04
  0.1662529E+02  0.5726213E+02 -0.4063683E+02  0.1264375E+04  0.1264375E+04
  0.1728615E+02  0.5701207E+02 -0.3972592E+02  0.1302714E+04  0.1302714E+04
  0.1794701E+02  0.5676203E+02 -0.3881501E+02  0.1269053E+04  0.1269053E+04
  0.1860787E+02  0.5651197E+02 -0.3790410E+02  0.1213392E+04  0.1213392E+04
  0.1894906E+02  0.5623946E+02 -0.3729039E+02  0.1212051E+04  0.1212051E+04
  0.1897058E+02  0.5594447E+02 -0.3697388E+02  0.1161029E+04  0.1161029E+04
  0.1899210E+02  0.5564948E+02 -0.3665738E+02  0.1242008E+04  0.1242008E+04
  0.1901362E+02  0.5535448E+02 -0.3634086E+02  0.1157986E+04  0.1157986E+04
  0.1908381E+02  0.5507486E+02 -0.3599104E+02  0.1191916E+04  0.1191916E+04
  0.1920269E+02  0.5481060E+02 -0.3560791E+02  0.1092797E+04  0.1092797E+04
  0.1932156E+02  0.5454634E+02 -0.3522478E+02  0.1100678E+04  0.1100678E+04
  0.1944043E+02  0.5428209E+02 -0.3484166E+02  0.1068560E+04  0.1068560E+04
  0.1957289E+02  0.5402901E+02 -0.3445612E+02  0.1181427E+04  0.1181427E+04
  0.1971892E+02  0.5378711E+02 -0.3406819E+02  0.1129281E+04  0.1129281E+04
  0.1986496E+02  0.5354522E+02 -0.3368025E+02  0.1084135E+04  0.1084135E+04
  0.2001100E+02  0.5330332E+02 -0.3329232E+02  0.1085989E+04  0.1085989E+04
  0.2048535E+02  0.5306459E+02 -0.3257924E+02  0.1046515E+04  0.1046515E+04
  0.2128802E+02  0.5282903E+02 -0.3154100E+02  0.1054712E+04  0.1054712E+04
  0.2209069E+02  0.5259346E+02 -0.3050277E+02  0.9139093E+03  0.9139093E+03
  0.2289336E+02  0.5235791E+02 -0.2946454E+02  0.9611066E+03  0.9611066E+03
  0.2412169E+02  0.5208982E+02 -0.2796812E+02  0.9838783E+03  0.9838783E+03
  0.2577569E+02  0.5178921E+02 -0.2601352E+02  0.8462243E+03  0.8462243E+03
  0.2742968E+02  0.5148860E+02 -0.2405891E+02  0.8025703E+03  0.8025703E+03
  0.2908368E+02  0.5118799E+02 -0.2210431E+02  0.6969163E+03  0.6969163E+03
  0.3106566E+02  0.5081127E+02 -0.1974561E+02  0.6079343E+03  0.6079343E+03
  0.3337564E+02  0.5035845E+02 -0.1698281E+02  0.5426244E+03  0.5426244E+03
  0.3568562E+02  0.4990563E+02 -0.1422001E+02  0.4233144E+03  0.4233144E+03
  0.3799559E+02  0.4945281E+02 -0.1145722E+02  0.3150044E+03  0.3150044E+03
  0.3962181E+02  0.4889786E+02 -0.9276052E+01  0.2353782E+03  0.2353782E+03
  0.4056425E+02  0.4824077E+02 -0.7676525E+01  0.1934357E+03  0.1934357E+03
  0.4150669E+02  0.4758369E+02 -0.6076996E+01  0.1464933E+03  0.1464933E+03
  0.4244913E+02  0.4692660E+02 -0.4477468E+01  0.8655087E+02  0.8655087E+02
  0.4282440E+02  0.4624946E+02 -0.3425059E+01  0.3117560E+02  0.3117560E+02
  0.4263249E+02  0.4555226E+02 -0.2919770E+01  0.4836751E+02  0.4836751E+02
  0.4244059E+02  0.4485506E+02 -0.2414480E+01  0.2755941E+02  0.2755941E+02
  0.4224868E+02  0.4415786E+02 -0.1909190E+01  0.4751324E+01  0.4751324E+01
  0.4190745E+02  0.4351346E+02 -0.1606014E+01 -0.3907452E+01  0.0000000E+00
  0.4141690E+02  0.4292186E+02 -0.1504953E+01  0.2058310E+02  0.2058310E+02
  0.4092636E+02  0.4233025E+02 -0.1403891E+01 -0.4926365E+01  0.0000000E+00
  0.4043582E+02  0.4173865E+02 -0.1302829E+01  0.7564182E+01  0.7564182E+01
  0.3994011E+02  0.4120797E+02 -0.1267867E+01 -0.5940109E+01  0.0000000E+00
  0.3943923E+02  0.4073824E+02 -0.1299006E+01  0.6560768E+01  0.6560768E+01
  0.3893835E+02  0.4026850E+02 -0.1330144E+01 -0.7938351E+01  0.0000000E+00
  0.3843747E+02  0.3979876E+02 -0.1361283E+01  0.7562527E+01  0.7562527E+01
  0.3803819E+02  0.3937499E+02 -0.1336794E+01  0.1296181E+02  0.1296181E+02
  0.3774051E+02  0.3899719E+02 -0.1256677E+01  0.1425949E+02  0.1425949E+02
  0.3744283E+02  0.3861939E+02 -0.1176560E+01 -0.4428291E+00  0.0000000E+00
  0.3714515E+02  0.3824159E+02 -0.1096443E+01 -0.3145145E+01  0.0000000E+00
  0.3682276E+02  0.3788782E+02 -0.1065065E+01 -0.3822758E+01  0.0000000E+00
  0.3647567E+02  0.3755809E+02 -0.1082424E+01 -0.2475666E+01  0.0000000E+00
  0.3612857E+02  0.3722836E+02 -0.1099782E+01 -0.2128571E+01  0.0000000E+00
  0.3578148E+02  0.3689862E+02 -0.1117141E+01  0.2185211E+00  0.2185211E+00
  0.3546826E+02  0.3658839E+02 -0.1120130E+01 -0.7468262E+01  0.0000000E+00
  0.3518892E+02  0.3629766E+02 -0.1108748E+01  0.1381108E+02  0.1381108E+02
  0.3490957E+02  0.3600694E+02 -0.1097366E+01  0.1090427E+01  0.1090427E+01
  0.3463023E+02  0.3571621E+02 -0.1085984E+01  0.3697739E+00  0.3697739E+00
  0.3437255E+02  0.3543948E+02 -0.1066937E+01 -0.8372547E+01  0.0000000E+00
  0.3413654E+02  0.3517676E+02 -0.1040225E+01  0.9863464E+01  0.9863464E+01
  0.3390052E+02  0.3491404E+02 -0.1013513E+01 -0.1900524E+01  0.0000000E+00
  0.3366451E+02  0.3465131E+02 -0.9868015E+00 -0.2664513E+01  0.0000000E+00
  0.3342986E+02  0.3439767E+02 -0.9678097E+00 -0.4298630E+00  0.0000000E+00
  0.3319658E+02  0.3415312E+02 -0.9565379E+00 -0.2196579E+01  0.0000000E+00
  0.3296330E+02  0.3390857E+02 -0.9452662E+00 -0.4963299E+01  0.0000000E+00
  0.3273001E+02  0.3366401E+02 -0.9339944E+00 -0.7300148E+00  0.0000000E+00
  0.3248748E+02  0.3342750E+02 -0.9400127E+00  0.4512516E+01  0.4512516E+01
  0.3223570E+02  0.3319902E+02 -0.9633209E+00 -0.8235703E+01  0.0000000E+00
  0.3198393E+02  0.3297055E+02 -0.9866291E+00 -0.3983927E+01  0.0000000E+00
  0.3173215E+02  0.3274208E+02 -0.1009937E+01 -0.2732145E+01  0.0000000E+00
  0.3150773E+02  0.3252173E+02 -0.1013999E+01  0.8492268E+01  0.8492268E+01
  0.3131068E+02  0.3230949E+02 -0.9988138E+00  0.4689318E+01  0.4689318E+01
  0.3111363E+02  0.3209726E+02 -0.9836286E+00 -0.4113632E+01  0.0000000E+00
  0.3091658E+02  0.3188503E+02 -0.9684435E+00  0.8341789E-01  0.8341789E-01
  0.3071383E+02  0.3167761E+02 -0.9637818E+00  0.5286175E+01  0.5286175E+01
  0.3050536E+02  0.3147500E+02 -0.9696435E+00  0.4946404E+00  0.4946404E+00
  0.3029689E+02  0.3127240E+02 -0.9755052E+00  0.3703108E+01  0.3703108E+01
  0.3008843E+02  0.3106980E+02 -0.9813669E+00  0.3911573E+01  0.3911573E+01
  0.2989203E+02  0.3087156E+02 -0.9795268E+00 -0.3892033E+01  0.0000000E+00
  0.2970771E+02  0.3067770E+02 -0.9699849E+00  0.4292288E+01  0.4292288E+01
  0.2952339E+02  0.3048383E+02 -0.9604431E+00 -0.5233898E+00  0.0000000E+00
  0.2933907E+02  0.3028997E+02 -0.9509013E+00  0.6609306E+00  0.6609306E+00
  0.2917139E+02  0.3009930E+02 -0.9279114E+00  0.4828608E+01  0.4828608E+01
  0.2902036E+02  0.2991183E+02 -0.8914734E+00  0.9796429E+00  0.9796429E+00
  0.2886933E+02  0.2972436E+02 -0.8550355E+00 -0.4869326E+01  0.0000000E+00
  0.2871829E+02  0.2953689E+02 -0.8185975E+00 -0.5718290E+01  0.0000000E+00
  0.2853961E+02  0.2935069E+02 -0.8110849E+00 -0.6539606E+01  0.0000000E+00
  0.2833327E+02  0.2916577E+02 -0.8324975E+00  0.6666733E+01  0.6666733E+01
  0.2812693E+02  0.2898084E+02 -0.8539103E+00  0.9873072E+01  0.9873072E+01
  0.2792059E+02  0.2879591E+02 -0.8753229E+00 -0.1920589E+01  0.0000000E+00
  0.2774964E+02  0.2861553E+02 -0.8658885E+00 -0.1749638E+01  0.0000000E+00
  0.2761407E+02  0.2843968E+02 -0.8256070E+00 -0.2614073E+01  0.0000000E+00
  0.2747851E+02  0.2826383E+02 -0.7853254E+00 -0.3478508E+01  0.0000000E+00
  0.2734294E+02  0.2808799E+02 -0.7450439E+00 -0.6342943E+01  0.0000000E+00
  0.2718075E+02  0.2791343E+02 -0.7326832E+00 -0.1180746E+01  0.0000000E+00
  0.2699192E+02  0.2774016E+02 -0.7482435E+00 -0.3991920E+01  0.0000000E+00
  0.2680309E+02  0.2756690E+02 -0.7638038E+00  0.1969070E+00  0.1969070E+00
  0.2661427E+02  0.2739363E+02 -0.7793640E+00 -0.5614267E+01  0.0000000E+00
  0.2643822E+02  0.2722346E+02 -0.7852439E+00  0.1561785E+01  0.1561785E+01
  0.2627494E+02  0.2705638E+02 -0.7814434E+00 -0.2749405E+00  0.0000000E+00
  0.2611166E+02  0.2688931E+02 -0.7776430E+00 -0.7111664E+01  0.0000000E+00
  0.2594839E+02  0.2672223E+02 -0.7738425E+00 -0.1948389E+01  0.0000000E+00
  0.2577739E+02  0.2655711E+02 -0.7797229E+00  0.5222614E+01  0.5222614E+01
  0.2559865E+02  0.2639394E+02 -0.7952844E+00  0.4013462E+00  0.4013462E+00
  0.2541992E+02  0.2623077E+02 -0.8108458E+00  0.5800781E+00  0.5800781E+00
  0.2524119E+02  0.2606760E+02 -0.8264073E+00  0.8758810E+01  0.8758810E+01
  0.2507199E+02  0.2590622E+02 -0.8342268E+00  0.1928007E+01  0.1928007E+01
  0.2491233E+02  0.2574663E+02 -0.8343044E+00 -0.3912331E+01  0.0000000E+00
  0.2475267E+02  0.2558705E+02 -0.8343819E+00  0.1124733E+02  0.1124733E+02
  0.2459300E+02  0.2542746E+02 -0.8344595E+00  0.1406996E+01  0.1406996E+01
  0.2443615E+02  0.2526883E+02 -0.8326848E+00  0.1563850E+01  0.1563850E+01
  0.2428210E+02  0.2511116E+02 -0.8290575E+00 -0.4282103E+01  0.0000000E+00
  0.2412806E+02  0.2495349E+02 -0.8254303E+00  0.2871944E+01  0.2871944E+01
  0.2397401E+02  0.2479581E+02 -0.8218030E+00  0.2599144E-01  0.2599144E-01
  0.2383992E+02  0.2463966E+02 -0.7997450E+00  0.4160082E+01  0.4160082E+01
  0.2372578E+02  0.2448504E+02 -0.7592562E+00  0.3274218E+01  0.3274218E+01
  0.2361165E+02  0.2433042E+02 -0.7187673E+00 -0.3611649E+01  0.0000000E+00
  0.2349751E+02  0.2417579E+02 -0.6782784E+00 -0.4975128E+00  0.0000000E+00
  0.2335529E+02  0.2402209E+02 -0.6668036E+00 -0.6355288E+01  0.0000000E+00
  0.2318498E+02  0.2386932E+02 -0.6843427E+00  0.1815023E+01  0.1815023E+01
  0.2301466E+02  0.2371655E+02 -0.7018819E+00  0.3985338E+01  0.3985338E+01
  0.2284435E+02  0.2356377E+02 -0.7194210E+00 -0.8443508E+00  0.0000000E+00
  0.2267632E+02  0.2341521E+02 -0.7388957E+00  0.1323685E+01  0.1323685E+01
  0.2251056E+02  0.2327086E+02 -0.7603058E+00 -0.1510559E+01  0.0000000E+00
  0.2234480E+02  0.2312652E+02 -0.7817159E+00  0.1655197E+01  0.1655197E+01
  0.2217905E+02  0.2298217E+02 -0.8031260E+00 -0.4179047E+01  0.0000000E+00
  0.2204593E+02  0.2284234E+02 -0.7964199E+00  0.4954075E+01  0.4954075E+01
  0.2194544E+02  0.2270704E+02 -0.7615977E+00  0.1405456E+02  0.1405456E+02
  0.2184495E+02  0.2257172E+02 -0.7267755E+00  0.4155050E+01  0.4155050E+01
  0.2174446E+02  0.2243641E+02 -0.6919532E+00 -0.1744461E+01  0.0000000E+00
  0.2163386E+02  0.2230165E+02 -0.6677983E+00 -0.4633856E+01  0.0000000E+00
  0.2151313E+02  0.2216744E+02 -0.6543106E+00  0.2486868E+01  0.2486868E+01
  0.2139241E+02  0.2203323E+02 -0.6408229E+00 -0.8392406E+01  0.0000000E+00
  0.2127168E+02  0.2189902E+02 -0.6273353E+00 -0.1271683E+01  0.0000000E+00
  0.2112486E+02  0.2176593E+02 -0.6410703E+00  0.1875143E+01  0.1875143E+01
  0.2095193E+02  0.2163396E+02 -0.6820282E+00  0.3048069E+01  0.3048069E+01
  0.2077900E+02  0.2150199E+02 -0.7229860E+00 -0.1779003E+01  0.0000000E+00
  0.2060608E+02  0.2137002E+02 -0.7639440E+00  0.8393923E+01  0.8393923E+01
  0.2046364E+02  0.2124229E+02 -0.7786556E+00  0.5536364E+01  0.5536364E+01
  0.2035169E+02  0.2111881E+02 -0.7671211E+00  0.6648314E+01  0.6648314E+01
  0.2023973E+02  0.2099532E+02 -0.7555866E+00  0.4760267E+01  0.4760267E+01
  0.2012778E+02  0.2087183E+02 -0.7440521E+00 -0.1277828E+00  0.0000000E+00
  0.2002111E+02  0.2074973E+02 -0.7286190E+00  0.4978886E+01  0.4978886E+01
  0.1991973E+02  0.2062902E+02 -0.7092876E+00  0.5080271E+01  0.5080271E+01
  0.1981835E+02  0.2050830E+02 -0.6899562E+00 -0.2818346E+01  0.0000000E+00
  0.1971696E+02  0.2038759E+02 -0.6706248E+00  0.5283039E+01  0.5283039E+01
  0.1959925E+02  0.2026705E+02 -0.6678077E+00  0.4400755E+01  0.4400755E+01
  0.1946519E+02  0.2014670E+02 -0.6815050E+00 -0.4651947E+00  0.0000000E+00
  0.1933114E+02  0.2002635E+02 -0.6952023E+00  0.1166886E+02  0.1166886E+02
  0.1919709E+02  0.1990599E+02 -0.7088996E+00  0.6802906E+01  0.6802906E+01
  0.1908473E+02  0.1978787E+02 -0.7031376E+00 -0.4084734E+01  0.0000000E+00
  0.1899406E+02  0.1967198E+02 -0.6779163E+00  0.1005936E+01  0.1005936E+01
  0.1890339E+02  0.1955609E+02 -0.6526950E+00  0.2096605E+01  0.2096605E+01
  0.1881273E+02  0.1944020E+02 -0.6274737E+00 -0.6812725E+01  0.0000000E+00
  0.1872927E+02  0.1932472E+02 -0.5954527E+00  0.2270733E+01  0.2270733E+01
  0.1865302E+02  0.1920965E+02 -0.5566317E+00  0.6346977E+01  0.6346977E+01
  0.1857678E+02  0.1909459E+02 -0.5178109E+00 -0.2576778E+01  0.0000000E+00
  0.1850053E+02  0.1897952E+02 -0.4789900E+00 -0.6500534E+01  0.0000000E+00
  0.1839250E+02  0.1886383E+02 -0.4713286E+00 -0.5392502E+01  0.0000000E+00
  0.1825268E+02  0.1874751E+02 -0.4948266E+00 -0.2526836E+00  0.0000000E+00
  0.1811287E+02  0.1863119E+02 -0.5183247E+00 -0.4112865E+01  0.0000000E+00
  0.1797305E+02  0.1851487E+02 -0.5418227E+00 -0.9730473E+00  0.0000000E+00
  0.1784875E+02  0.1840138E+02 -0.5526318E+00  0.3151251E+01  0.3151251E+01
  0.1773997E+02  0.1829072E+02 -0.5507520E+00  0.1260027E+01  0.1260027E+01
  0.1763120E+02  0.1818007E+02 -0.5488721E+00 -0.2631195E+01  0.0000000E+00
  0.1752242E+02  0.1806941E+02 -0.5469922E+00 -0.5224190E+00  0.0000000E+00
  0.1740370E+02  0.1796054E+02 -0.5568391E+00  0.1596298E+01  0.1596298E+01
  0.1727504E+02  0.1785346E+02 -0.5784127E+00  0.1724957E+01  0.1724957E+01
  0.1714639E+02  0.1774637E+02 -0.5999864E+00  0.4853615E+01  0.4853615E+01
  0.1701773E+02  0.1763929E+02 -0.6215600E+00 -0.5017727E+01  0.0000000E+00
  0.1691076E+02  0.1753436E+02 -0.6235961E+00  0.1108924E+02  0.1108924E+02
  0.1682549E+02  0.1743159E+02 -0.6060948E+00  0.2174505E+01  0.2174505E+01
  0.1674023E+02  0.1732882E+02 -0.5885934E+00 -0.2740229E+01  0.0000000E+00
  0.1665496E+02  0.1722605E+02 -0.5710920E+00  0.2345041E+01  0.2345041E+01
  0.1656211E+02  0.1712350E+02 -0.5613875E+00  0.4378853E+00  0.4378853E+00
  0.1646169E+02  0.1702117E+02 -0.5594799E+00  0.5538309E+01  0.5538309E+01
  0.1636127E+02  0.1691884E+02 -0.5575722E+00  0.2638731E+01  0.2638731E+01
  0.1626085E+02  0.1681651E+02 -0.5556646E+00 -0.2260845E+01  0.0000000E+00
  0.1615817E+02  0.1671489E+02 -0.5567217E+00  0.5841829E+01  0.5841829E+01
  0.1605324E+02  0.1661399E+02 -0.5607437E+00 -0.5324173E-01  0.0000000E+00
  0.1594832E+02  0.1651308E+02 -0.5647657E+00  0.5051684E+01  0.5051684E+01
  0.1584339E+02  0.1641217E+02 -0.5687876E+00  0.1566133E+00  0.1566133E+00
  0.1575938E+02  0.1631264E+02 -0.5532546E+00 -0.2759383E+01  0.0000000E+00
  0.1569630E+02  0.1621447E+02 -0.5181665E+00  0.7303696E+01  0.7303696E+01
  0.1563323E+02  0.1611630E+02 -0.4830785E+00 -0.3633225E+01  0.0000000E+00
  0.1557015E+02  0.1601814E+02 -0.4479905E+00 -0.4570147E+01  0.0000000E+00
  0.1548690E+02  0.1591934E+02 -0.4324386E+00 -0.2486901E+01  0.0000000E+00
  0.1538349E+02  0.1581991E+02 -0.4364228E+00  0.3616510E+01  0.3616510E+01
  0.1528008E+02  0.1572049E+02 -0.4404070E+00 -0.3280079E+01  0.0000000E+00
  0.1517667E+02  0.1562106E+02 -0.4443913E+00  0.3823333E+01  0.3823333E+01
  0.1506366E+02  0.1552281E+02 -0.4591498E+00 -0.1063660E+01  0.0000000E+00
  0.1494105E+02  0.1542574E+02 -0.4846826E+00 -0.2941054E+01  0.0000000E+00
  0.1481845E+02  0.1532866E+02 -0.5102155E+00  0.1815510E+00  0.1815510E+00
  0.1469584E+02  0.1523159E+02 -0.5357484E+00  0.1304156E+01  0.1304156E+01
  0.1458379E+02  0.1513723E+02 -0.5534452E+00  0.2416215E+01  0.2416215E+01
  0.1448227E+02  0.1504558E+02 -0.5633059E+00  0.7517726E+01  0.7517726E+01
  0.1438076E+02  0.1495393E+02 -0.5731667E+00 -0.1380761E+01  0.0000000E+00
  0.1427925E+02  0.1486228E+02 -0.5830275E+00  0.4720750E+01  0.4720750E+01
  0.1420370E+02  0.1477209E+02 -0.5683857E+00  0.1279630E+02  0.1279630E+02
  0.1415411E+02  0.1468335E+02 -0.5292412E+00  0.1845890E+01  0.1845890E+01
  0.1410452E+02  0.1459462E+02 -0.4900968E+00  0.8954792E+00  0.8954792E+00
  0.1405493E+02  0.1450588E+02 -0.4509524E+00  0.2945068E+01  0.2945068E+01
  0.1398647E+02  0.1441593E+02 -0.4294665E+00 -0.2986465E+01  0.0000000E+00
  0.1389912E+02  0.1432476E+02 -0.4256392E+00 -0.1899123E+01  0.0000000E+00
  0.1381178E+02  0.1423359E+02 -0.4218118E+00  0.4188220E+01  0.4188220E+01
  0.1372444E+02  0.1414242E+02 -0.4179845E+00 -0.4724438E+01  0.0000000E+00
  0.1364139E+02  0.1405160E+02 -0.4102186E+00 -0.3641385E+01  0.0000000E+00
  0.1356262E+02  0.1396114E+02 -0.3985141E+00  0.2437378E+01  0.2437378E+01
  0.1348386E+02  0.1387067E+02 -0.3868096E+00 -0.5483859E+01  0.0000000E+00
  0.1340510E+02  0.1378020E+02 -0.3751052E+00 -0.1405096E+01  0.0000000E+00
  0.1332218E+02  0.1369048E+02 -0.3682974E+00  0.6677821E+01  0.6677821E+01
  0.1323510E+02  0.1360149E+02 -0.3663862E+00 -0.6235105E+01  0.0000000E+00
  0.1314803E+02  0.1351251E+02 -0.3644751E+00  0.2851968E+01  0.2851968E+01
  0.1306096E+02  0.1342352E+02 -0.3625639E+00  0.2939042E+01  0.2939042E+01
  0.1295525E+02  0.1333555E+02 -0.3803042E+00 -0.3955247E+01  0.0000000E+00
  0.1283090E+02  0.1324859E+02 -0.4176959E+00 -0.7830896E+01  0.0000000E+00
  0.1270655E+02  0.1316163E+02 -0.4550875E+00  0.1293454E+01  0.1293454E+01
  0.1258220E+02  0.1307467E+02 -0.4924792E+00  0.2417805E+01  0.2417805E+01
  0.1248142E+02  0.1299067E+02 -0.5092520E+00  0.5185843E+00  0.5185843E+00
  0.1240421E+02  0.1290961E+02 -0.5054060E+00  0.1059579E+02  0.1059579E+02
  0.1232700E+02  0.1282856E+02 -0.5015599E+00  0.6730032E+00  0.6730032E+00
  0.1224979E+02  0.1274750E+02 -0.4977140E+00  0.6750213E+01  0.6750213E+01
  0.1218707E+02  0.1266714E+02 -0.4800740E+00  0.5812933E+01  0.5812933E+01
  0.1213884E+02  0.1258748E+02 -0.4486402E+00  0.8611631E+00  0.8611631E+00
  0.1209061E+02  0.1250781E+02 -0.4172064E+00  0.3909394E+01  0.3909394E+01
  0.1204238E+02  0.1242815E+02 -0.3857726E+00 -0.2042376E+01  0.0000000E+00
  0.1197515E+02  0.1234721E+02 -0.3720600E+00  0.1024849E+01  0.1024849E+01
  0.1188893E+02  0.1226500E+02 -0.3760685E+00 -0.3888933E+01  0.0000000E+00
  0.1180272E+02  0.1218279E+02 -0.3800770E+00 -0.4802715E+01  0.0000000E+00
  0.1171650E+02  0.1210058E+02 -0.3840855E+00  0.6283503E+01  0.6283503E+01
  0.1164094E+02  0.1201918E+02 -0.3782424E+00 -0.4640937E+01  0.0000000E+00
  0.1157604E+02  0.1193858E+02 -0.3625478E+00  0.5423965E+01  0.5423965E+01
  0.1151113E+02  0.1185799E+02 -0.3468531E+00  0.4888678E+00  0.4888678E+00
  0.1144623E+02  0.1177739E+02 -0.3311585E+00 -0.1446231E+01  0.0000000E+00
  0.1137384E+02  0.1169717E+02 -0.3233346E+00 -0.6373837E+01  0.0000000E+00
  0.1129395E+02  0.1161733E+02 -0.3233817E+00  0.2706047E+01  0.2706047E+01
  0.1121407E+02  0.1153750E+02 -0.3234288E+00  0.3785932E+01  0.3785932E+01
  0.1113418E+02  0.1145766E+02 -0.3234758E+00  0.8658161E+00  0.8658161E+00
  0.1104034E+02  0.1137866E+02 -0.3383168E+00 -0.5040344E+01  0.0000000E+00
  0.1093255E+02  0.1130050E+02 -0.3679517E+00 -0.2932549E+01  0.0000000E+00
  0.1082475E+02  0.1122234E+02 -0.3975866E+00  0.4175246E+01  0.4175246E+01
  0.1071696E+02  0.1114418E+02 -0.4272214E+00  0.3283041E+01  0.3283041E+01
  0.1064120E+02  0.1106847E+02 -0.4272653E+00  0.3358795E+01  0.3358795E+01
  0.1059749E+02  0.1099521E+02 -0.3977181E+00  0.2402508E+01  0.2402508E+01
  0.1055378E+02  0.1092195E+02 -0.3681709E+00  0.4462204E+00  0.4462204E+00
  0.1051007E+02  0.1084869E+02 -0.3386238E+00  0.4899330E+00  0.4899330E+00
  0.1045292E+02  0.1077481E+02 -0.3218955E+00 -0.2452916E+01  0.0000000E+00
  0.1038233E+02  0.1070031E+02 -0.3179862E+00  0.6176729E+00  0.6176729E+00
  0.1031174E+02  0.1062582E+02 -0.3140769E+00 -0.1311738E+01  0.0000000E+00
  0.1024115E+02  0.1055132E+02 -0.3101676E+00 -0.2411489E+00  0.0000000E+00
  0.1017562E+02  0.1047695E+02 -0.3013254E+00 -0.3175623E+01  0.0000000E+00
  0.1011516E+02  0.1040271E+02 -0.2875502E+00  0.2884840E+01  0.2884840E+01
  0.1005470E+02  0.1032847E+02 -0.2737751E+00 -0.1054697E+01  0.0000000E+00
  0.9994234E+01  0.1025423E+02 -0.2599999E+00  0.1005766E+01  0.1005766E+01
  0.9930170E+01  0.1018033E+02 -0.2501638E+00 -0.5930170E+01  0.0000000E+00
  0.9862504E+01  0.1010677E+02 -0.2442669E+00 -0.1862504E+01  0.0000000E+00
  0.9794839E+01  0.1003321E+02 -0.2383699E+00 -0.2794839E+01  0.0000000E+00
  0.9727173E+01  0.9959646E+01 -0.2324730E+00  0.2272827E+01  0.2272827E+01
  0.9641281E+01  0.9886663E+01 -0.2453823E+00 -0.4641281E+01  0.0000000E+00
  0.9537163E+01  0.9814260E+01 -0.2770979E+00 -0.4537163E+01  0.0000000E+00
  0.9433044E+01  0.9741858E+01 -0.3088135E+00  0.1566956E+01  0.1566956E+01
  0.9328926E+01  0.9669456E+01 -0.3405292E+00  0.5671074E+01  0.5671074E+01
  0.9244136E+01  0.9599554E+01 -0.3554179E+00  0.1755864E+01  0.1755864E+01
  0.9178674E+01  0.9532153E+01 -0.3534798E+00 -0.1178674E+01  0.0000000E+00
  0.9113211E+01  0.9464753E+01 -0.3515416E+00  0.3886789E+01  0.3886789E+01
  0.9047749E+01  0.9397352E+01 -0.3496034E+00 -0.1047749E+01  0.0000000E+00
  0.9003819E+01  0.9330677E+01 -0.3268579E+00  0.4996181E+01  0.4996181E+01
  0.8981421E+01  0.9264727E+01 -0.2833050E+00  0.1857853E-01  0.1857853E-01
  0.8959024E+01  0.9198776E+01 -0.2397520E+00 -0.9590244E+00  0.0000000E+00
  0.8936627E+01  0.9132826E+01 -0.1961991E+00 -0.1936627E+01  0.0000000E+00
  0.8879686E+01  0.9065028E+01 -0.1853425E+00 -0.3879686E+01  0.0000000E+00
  0.8788201E+01  0.8995383E+01 -0.2071823E+00 -0.6788201E+01  0.0000000E+00
  0.8696717E+01  0.8925739E+01 -0.2290221E+00 -0.6967173E+00  0.0000000E+00
  0.8605232E+01  0.8856094E+01 -0.2508618E+00 -0.6052322E+00  0.0000000E+00
  0.8527227E+01  0.8788039E+01 -0.2608117E+00 -0.1527227E+01  0.0000000E+00
  0.8462701E+01  0.8721573E+01 -0.2588719E+00  0.1537299E+01  0.1537299E+01
  0.8398174E+01  0.8655107E+01 -0.2569320E+00 -0.3981743E+00  0.0000000E+00
  0.8333648E+01  0.8588640E+01 -0.2549921E+00 -0.1333648E+01  0.0000000E+00
  0.8269285E+01  0.8523331E+01 -0.2540455E+00 -0.2692852E+00  0.0000000E+00
  0.8205086E+01  0.8459178E+01 -0.2540922E+00  0.7949142E+00  0.7949142E+00
  0.8140886E+01  0.8395025E+01 -0.2541389E+00 -0.2140886E+01  0.0000000E+00
  0.8076687E+01  0.8330873E+01 -0.2541856E+00 -0.4076687E+01  0.0000000E+00
  0.8011006E+01  0.8267223E+01 -0.2562171E+00  0.1988994E+01  0.1988994E+01
  0.7943846E+01  0.8204079E+01 -0.2602334E+00  0.4056154E+01  0.4056154E+01
  0.7876685E+01  0.8140933E+01 -0.2642497E+00 -0.8766847E+00  0.0000000E+00
  0.7809524E+01  0.8077788E+01 -0.2682659E+00 -0.1809524E+01  0.0000000E+00
  0.7745148E+01  0.8015436E+01 -0.2702895E+00  0.2254852E+01  0.2254852E+01
  0.7683557E+01  0.7953877E+01 -0.2703205E+00  0.3316443E+01  0.3316443E+01
  0.7621967E+01  0.7892318E+01 -0.2703515E+00  0.1378033E+01  0.1378033E+01
  0.7560376E+01  0.7830759E+01 -0.2703824E+00 -0.1560376E+01  0.0000000E+00
  0.7510306E+01  0.7769783E+01 -0.2594765E+00  0.4489694E+01  0.4489694E+01
  0.7471756E+01  0.7709390E+01 -0.2376336E+00 -0.4717565E+00  0.0000000E+00
  0.7433207E+01  0.7648997E+01 -0.2157907E+00 -0.2433207E+01  0.0000000E+00
  0.7394657E+01  0.7588604E+01 -0.1939478E+00 -0.1394657E+01  0.0000000E+00
  0.7347652E+01  0.7527706E+01 -0.1800544E+00 -0.1347652E+01  0.0000000E+00
  0.7292192E+01  0.7466302E+01 -0.1741106E+00 -0.1292192E+01  0.0000000E+00
  0.7236732E+01  0.7404899E+01 -0.1681668E+00 -0.1236732E+01  0.0000000E+00
  0.7181272E+01  0.7343495E+01 -0.1622229E+00 -0.2181272E+01  0.0000000E+00
  0.7121214E+01  0.7282471E+01 -0.1612566E+00 -0.2121214E+01  0.0000000E+00
  0.7056560E+01  0.7221828E+01 -0.1652678E+00 -0.3056560E+01  0.0000000E+00
  0.6991906E+01  0.7161185E+01 -0.1692789E+00  0.1008094E+01  0.1008094E+01
  0.6927251E+01  0.7100542E+01 -0.1732901E+00 -0.4927251E+01  0.0000000E+00
  0.6866667E+01  0.7040982E+01 -0.1743150E+00 -0.1866667E+01  0.0000000E+00
  0.6810152E+01  0.6982505E+01 -0.1723536E+00  0.1898484E+00  0.1898484E+00
  0.6753637E+01  0.6924029E+01 -0.1703922E+00  0.3246363E+01  0.3246363E+01
  0.6697122E+01  0.6865552E+01 -0.1684308E+00 -0.6971216E+00  0.0000000E+00
  0.6631300E+01  0.6807738E+01 -0.1764379E+00 -0.3631300E+01  0.0000000E+00
  0.6556173E+01  0.6750586E+01 -0.1944134E+00 -0.4556173E+01  0.0000000E+00
  0.6481045E+01  0.6693434E+01 -0.2123889E+00 -0.1481045E+01  0.0000000E+00
  0.6405917E+01  0.6636281E+01 -0.2303644E+00  0.1594083E+01  0.1594083E+01
  0.6347201E+01  0.6580582E+01 -0.2333811E+00 -0.3472009E+00  0.0000000E+00
  0.6304897E+01  0.6526336E+01 -0.2214389E+00  0.4695103E+01  0.4695103E+01
  0.6262592E+01  0.6472089E+01 -0.2094967E+00 -0.2625918E+00  0.0000000E+00
  0.6220288E+01  0.6417842E+01 -0.1975546E+00  0.7797122E+00  0.7797122E+00
  0.6176046E+01  0.6363649E+01 -0.1876022E+00 -0.1176046E+01  0.0000000E+00
  0.6129868E+01  0.6309508E+01 -0.1796398E+00 -0.1298680E+00  0.0000000E+00
  0.6083690E+01  0.6255368E+01 -0.1716773E+00 -0.3083690E+01  0.0000000E+00
  0.6037512E+01  0.6201227E+01 -0.1637149E+00 -0.2037512E+01  0.0000000E+00
  0.5988263E+01  0.6147011E+01 -0.1587481E+00  0.1173735E-01  0.1173735E-01
  0.5935943E+01  0.6092720E+01 -0.1567769E+00  0.1064057E+01  0.1064057E+01
  0.5883623E+01  0.6038428E+01 -0.1548057E+00 -0.2883623E+01  0.0000000E+00
  0.5831303E+01  0.5984137E+01 -0.1528345E+00  0.1168697E+01  0.1168697E+01
  0.5770555E+01  0.5930411E+01 -0.1598558E+00  0.2294445E+00  0.2294445E+00
  0.5701382E+01  0.5877251E+01 -0.1758694E+00 -0.2701382E+01  0.0000000E+00
  0.5632207E+01  0.5824090E+01 -0.1918830E+00  0.3367793E+01  0.3367793E+01
  0.5563034E+01  0.5770930E+01 -0.2078966E+00  0.2436966E+01  0.2436966E+01
  0.5502299E+01  0.5719220E+01 -0.2169213E+00 -0.5022993E+00  0.0000000E+00
  0.5450004E+01  0.5668961E+01 -0.2189569E+00 -0.4500041E+00  0.0000000E+00
  0.5397709E+01  0.5618701E+01 -0.2209926E+00  0.1602291E+01  0.1602291E+01
  0.5345414E+01  0.5568442E+01 -0.2230283E+00  0.1654586E+01  0.1654586E+01
  0.5306849E+01  0.5518905E+01 -0.2120547E+00  0.2693151E+01  0.2693151E+01
  0.5282016E+01  0.5470088E+01 -0.1880721E+00  0.7179837E+00  0.7179837E+00
  0.5257183E+01  0.5421273E+01 -0.1640894E+00  0.2742817E+01  0.2742817E+01
  0.5232350E+01  0.5372457E+01 -0.1401068E+00 -0.2232350E+01  0.0000000E+00
  0.5197705E+01  0.5322825E+01 -0.1251200E+00 -0.3197705E+01  0.0000000E+00
  0.5153250E+01  0.5272379E+01 -0.1191292E+00 -0.2153250E+01  0.0000000E+00
  0.5108794E+01  0.5221932E+01 -0.1131384E+00 -0.2108794E+01  0.0000000E+00
  0.5064338E+01  0.5171486E+01 -0.1071476E+00 -0.1064338E+01  0.0000000E+00
  0.5011013E+01  0.5121184E+01 -0.1101707E+00 -0.2011013E+01  0.0000000E+00
  0.4948818E+01  0.5071026E+01 -0.1222077E+00 -0.1948818E+01  0.0000000E+00
  0.4886624E+01  0.5020868E+01 -0.1342447E+00 -0.8866239E+00  0.0000000E+00
  0.4824429E+01  0.4970711E+01 -0.1462816E+00  0.2175571E+01  0.2175571E+01
  0.4774698E+01  0.4921997E+01 -0.1472991E+00 -0.7746978E+00  0.0000000E+00
  0.4737430E+01  0.4874727E+01 -0.1372970E+00 -0.7374301E+00  0.0000000E+00
  0.4700162E+01  0.4827457E+01 -0.1272950E+00  0.1299838E+01  0.1299838E+01
  0.4662894E+01  0.4780187E+01 -0.1172929E+00  0.3371058E+00  0.3371058E+00
  0.4620893E+01  0.4733193E+01 -0.1123011E+00 -0.2620893E+01  0.0000000E+00
  0.4574156E+01  0.4686476E+01 -0.1123194E+00 -0.3574156E+01  0.0000000E+00
  0.4527421E+01  0.4639758E+01 -0.1123378E+00 -0.5274205E+00  0.0000000E+00
  0.4480684E+01  0.4593040E+01 -0.1123561E+00  0.1519316E+01  0.1519316E+01
  0.4439380E+01  0.4546736E+01 -0.1073556E+00 -0.3439380E+01  0.0000000E+00
  0.4403509E+01  0.4500844E+01 -0.9733605E-01 -0.1403509E+01  0.0000000E+00
  0.4367636E+01  0.4454953E+01 -0.8731654E-01 -0.1367636E+01  0.0000000E+00
  0.4331765E+01  0.4409061E+01 -0.7729703E-01 -0.3317647E+00  0.0000000E+00
  0.4286055E+01  0.4363369E+01 -0.7731440E-01 -0.3286055E+01  0.0000000E+00
  0.4230506E+01  0.4317875E+01 -0.8736863E-01 -0.3230506E+01  0.0000000E+00
  0.4174959E+01  0.4272381E+01 -0.9742288E-01  0.1825041E+01  0.1825041E+01
  0.4119411E+01  0.4226888E+01 -0.1074771E+00 -0.1194105E+00  0.0000000E+00
  0.4070951E+01  0.4182458E+01 -0.1115074E+00 -0.3070951E+01  0.0000000E+00
  0.4029580E+01  0.4139094E+01 -0.1095138E+00 -0.1029580E+01  0.0000000E+00
  0.3988209E+01  0.4095729E+01 -0.1075201E+00 -0.1988209E+01  0.0000000E+00
  0.3946838E+01  0.4052365E+01 -0.1055265E+00  0.1053162E+01  0.1053162E+01
  0.3908100E+01  0.4009619E+01 -0.1015190E+00 -0.1908100E+01  0.0000000E+00
  0.3871996E+01  0.3967493E+01 -0.9549752E-01  0.1280043E+00  0.1280043E+00
  0.3835891E+01  0.3925367E+01 -0.8947607E-01 -0.8358905E+00  0.0000000E+00
  0.3799786E+01  0.3883240E+01 -0.8345462E-01 -0.1799786E+01  0.0000000E+00
  0.3756797E+01  0.3841272E+01 -0.8447444E-01 -0.7567971E+00  0.0000000E+00
  0.3706925E+01  0.3799460E+01 -0.9253555E-01 -0.1706925E+01  0.0000000E+00
  0.3657053E+01  0.3757649E+01 -0.1005967E+00 -0.6570525E+00  0.0000000E+00
  0.3607180E+01  0.3715838E+01 -0.1086578E+00  0.3928196E+00  0.3928196E+00
  0.3564239E+01  0.3674926E+01 -0.1106868E+00 -0.5642385E+00  0.0000000E+00
  0.3528228E+01  0.3634911E+01 -0.1066839E+00  0.4717724E+00  0.4717724E+00
  0.3492217E+01  0.3594898E+01 -0.1026809E+00 -0.4922166E+00  0.0000000E+00
  0.3456206E+01  0.3554883E+01 -0.9867790E-01 -0.1456206E+01  0.0000000E+00
  0.3416563E+01  0.3515259E+01 -0.9869643E-01 -0.4165628E+00  0.0000000E+00
  0.3373288E+01  0.3476024E+01 -0.1027365E+00  0.6267121E+00  0.6267121E+00
  0.3330014E+01  0.3436790E+01 -0.1067765E+00  0.1669986E+01  0.1669986E+01
  0.3286739E+01  0.3397555E+01 -0.1108165E+00 -0.1286739E+01  0.0000000E+00
  0.3252126E+01  0.3358923E+01 -0.1067972E+00  0.2747874E+01  0.2747874E+01
  0.3226175E+01  0.3320894E+01 -0.9471865E-01 -0.2226175E+01  0.0000000E+00
  0.3200224E+01  0.3282864E+01 -0.8264007E-01 -0.1200224E+01  0.0000000E+00
  0.3174273E+01  0.3244835E+01 -0.7056149E-01 -0.1174273E+01  0.0000000E+00
  0.3138226E+01  0.3206788E+01 -0.6856238E-01 -0.1382256E+00  0.0000000E+00
  0.3092080E+01  0.3168723E+01 -0.7664275E-01 -0.2092080E+01  0.0000000E+00
  0.3045935E+01  0.3130658E+01 -0.8472311E-01  0.1954065E+01  0.1954065E+01
  0.2999790E+01  0.3092594E+01 -0.9280349E-01  0.2100468E-03  0.2100468E-03
  0.2961551E+01  0.3055373E+01 -0.9382170E-01 -0.1961551E+01  0.0000000E+00
  0.2931220E+01  0.3018997E+01 -0.8777778E-01  0.6878018E-01  0.6878018E-01
  0.2900888E+01  0.2982622E+01 -0.8173385E-01  0.1099112E+01  0.1099112E+01
  0.2870556E+01  0.2946246E+01 -0.7568993E-01 -0.1870556E+01  0.0000000E+00
  0.2837622E+01  0.2910296E+01 -0.7267374E-01 -0.1837622E+01  0.0000000E+00
  0.2802086E+01  0.2874772E+01 -0.7268528E-01  0.1979139E+00  0.1979139E+00
  0.2766550E+01  0.2839247E+01 -0.7269682E-01 -0.7665503E+00  0.0000000E+00
  0.2731014E+01  0.2803723E+01 -0.7270836E-01 -0.1731014E+01  0.0000000E+00
  0.2697953E+01  0.2768651E+01 -0.7069854E-01  0.2302047E+01  0.2302047E+01
  0.2667366E+01  0.2734033E+01 -0.6666737E-01 -0.1667366E+01  0.0000000E+00
  0.2636778E+01  0.2699414E+01 -0.6263620E-01 -0.2636778E+01  0.0000000E+00
  0.2606191E+01  0.2664796E+01 -0.5860502E-01 -0.6061909E+00  0.0000000E+00
  0.2574984E+01  0.2630566E+01 -0.5558239E-01  0.4250164E+00  0.4250164E+00
  0.2543156E+01  0.2596724E+01 -0.5356829E-01 -0.5431559E+00  0.0000000E+00
  0.2511328E+01  0.2562882E+01 -0.5155419E-01 -0.2511328E+01  0.0000000E+00
  0.2479501E+01  0.2529041E+01 -0.4954010E-01 -0.4795005E+00  0.0000000E+00
  0.2447091E+01  0.2495628E+01 -0.4853753E-01  0.5529091E+00  0.5529091E+00
  0.2414099E+01  0.2462645E+01 -0.4854649E-01 -0.1414099E+01  0.0000000E+00
  0.2381107E+01  0.2429662E+01 -0.4855546E-01 -0.3811069E+00  0.0000000E+00
  0.2348115E+01  0.2396679E+01 -0.4856442E-01 -0.3481150E+00  0.0000000E+00
  0.2315710E+01  0.2364283E+01 -0.4857257E-01 -0.1315710E+01  0.0000000E+00
  0.2283892E+01  0.2332472E+01 -0.4857992E-01 -0.1283892E+01  0.0000000E+00
  0.2252074E+01  0.2300661E+01 -0.4858726E-01 -0.2252074E+01  0.0000000E+00
  0.2220255E+01  0.2268850E+01 -0.4859461E-01 -0.1220255E+01  0.0000000E+00
  0.2190021E+01  0.2237609E+01 -0.4758786E-01  0.8099787E+00  0.8099787E+00
  0.2161371E+01  0.2206938E+01 -0.4556702E-01 -0.1613712E+00  0.0000000E+00
  0.2132721E+01  0.2176268E+01 -0.4354618E-01 -0.1327214E+00  0.0000000E+00
  0.2104071E+01  0.2145597E+01 -0.4152535E-01 -0.1104071E+01  0.0000000E+00
  0.2076865E+01  0.2115357E+01 -0.3849130E-01 -0.7686543E-01  0.0000000E+00
  0.2051103E+01  0.2085547E+01 -0.3444403E-01 -0.2051103E+01  0.0000000E+00
  0.2025341E+01  0.2055738E+01 -0.3039676E-01 -0.2534080E-01  0.0000000E+00
  0.1999579E+01  0.2025928E+01 -0.2634949E-01 -0.9995788E+00  0.0000000E+00
  0.1970082E+01  0.1996438E+01 -0.2635613E-01 -0.1970082E+01  0.0000000E+00
  0.1936851E+01  0.1967267E+01 -0.3041668E-01 -0.1936851E+01  0.0000000E+00
  0.1903619E+01  0.1938096E+01 -0.3447723E-01 -0.1903619E+01  0.0000000E+00
  0.1870388E+01  0.1908926E+01 -0.3853777E-01 -0.8703878E+00  0.0000000E+00
  0.1841932E+01  0.1880473E+01 -0.3854125E-01  0.1580682E+00  0.1580682E+00
  0.1818251E+01  0.1852739E+01 -0.3448766E-01  0.1817487E+00  0.1817487E+00
  0.1794571E+01  0.1825005E+01 -0.3043408E-01 -0.1794571E+01  0.0000000E+00
  0.1770890E+01  0.1797271E+01 -0.2638049E-01 -0.1770890E+01  0.0000000E+00
  0.1737449E+01  0.1769928E+01 -0.3247948E-01 -0.7374486E+00  0.0000000E+00
  0.1694246E+01  0.1742977E+01 -0.4873104E-01  0.3057539E+00  0.3057539E+00
  0.1651043E+01  0.1716026E+01 -0.6498260E-01  0.1348957E+01  0.1348957E+01
  0.1607841E+01  0.1689075E+01 -0.8123418E-01  0.1392159E+01  0.1392159E+01
  0.1580048E+01  0.1663318E+01 -0.8326986E-01 -0.1580048E+01  0.0000000E+00
  0.1567664E+01  0.1638754E+01 -0.7108969E-01  0.3432336E+01  0.3432336E+01
  0.1555281E+01  0.1614190E+01 -0.5890952E-01 -0.5552806E+00  0.0000000E+00
  0.1542897E+01  0.1589626E+01 -0.4672935E-01 -0.1542897E+01  0.0000000E+00
  0.1521384E+01  0.1565075E+01 -0.4369170E-01 -0.5213835E+00  0.0000000E+00
  0.1490740E+01  0.1540537E+01 -0.4979657E-01  0.1509260E+01  0.1509260E+01
  0.1460097E+01  0.1515998E+01 -0.5590144E-01  0.1539903E+01  0.1539903E+01
  0.1429454E+01  0.1491460E+01 -0.6200631E-01  0.5705464E+00  0.5705464E+00
  0.1408518E+01  0.1467479E+01 -0.5896084E-01  0.5914822E+00  0.5914822E+00
  0.1397290E+01  0.1444055E+01 -0.4676505E-01 -0.3972896E+00  0.0000000E+00
  0.1386061E+01  0.1420631E+01 -0.3456926E-01 -0.1386061E+01  0.0000000E+00
  0.1374833E+01  0.1397207E+01 -0.2237347E-01 -0.1374833E+01  0.0000000E+00
  0.1357570E+01  0.1373847E+01 -0.1627672E-01 -0.1357570E+01  0.0000000E+00
  0.1334273E+01  0.1350552E+01 -0.1627903E-01  0.6657274E+00  0.6657274E+00
  0.1310975E+01  0.1327256E+01 -0.1628134E-01 -0.3109750E+00  0.0000000E+00
  0.1287677E+01  0.1303961E+01 -0.1628365E-01 -0.1287677E+01  0.0000000E+00
  0.1261763E+01  0.1281104E+01 -0.1934123E-01 -0.2617632E+00  0.0000000E+00
  0.1233233E+01  0.1258687E+01 -0.2545409E-01 -0.1233233E+01  0.0000000E+00
  0.1204702E+01  0.1236269E+01 -0.3156695E-01  0.7952977E+00  0.7952977E+00
  0.1176172E+01  0.1213852E+01 -0.3767981E-01 -0.1176172E+01  0.0000000E+00
  0.1152665E+01  0.1192385E+01 -0.3972009E-01  0.8473351E+00  0.8473351E+00
  0.1134182E+01  0.1171869E+01 -0.3768779E-01 -0.1341816E+00  0.0000000E+00
  0.1115698E+01  0.1151354E+01 -0.3565548E-01 -0.1156983E+00  0.0000000E+00
  0.1097215E+01  0.1130838E+01 -0.3362317E-01 -0.9721506E-01  0.0000000E+00
  0.1079204E+01  0.1110794E+01 -0.3159012E-01 -0.7920396E-01  0.0000000E+00
  0.1061665E+01  0.1091221E+01 -0.2955631E-01 -0.6166470E-01  0.0000000E+00
  0.1044126E+01  0.1071648E+01 -0.2752250E-01 -0.1044126E+01  0.0000000E+00
  0.1026586E+01  0.1052075E+01 -0.2548869E-01 -0.1026586E+01  0.0000000E+00
  0.1006316E+01  0.1032830E+01 -0.2651330E-01 -0.1006316E+01  0.0000000E+00
  0.9833150E+00  0.1013911E+01 -0.3059632E-01  0.2016685E+01  0.2016685E+01
  0.9603136E+00  0.9949930E+00 -0.3467933E-01  0.3968638E-01  0.3968638E-01
  0.9373123E+00  0.9760746E+00 -0.3876236E-01 -0.9373123E+00  0.0000000E+00
  0.9211164E+00  0.9578404E+00 -0.3672403E-01 -0.9211164E+00  0.0000000E+00
  0.9117258E+00  0.9402900E+00 -0.2856435E-01  0.3088274E+01  0.3088274E+01
  0.9023351E+00  0.9227398E+00 -0.2040466E-01 -0.9023351E+00  0.0000000E+00
  0.8929445E+00  0.9051895E+00 -0.1224498E-01 -0.8929445E+00  0.0000000E+00
  0.8786482E+00  0.8878353E+00 -0.9187180E-02 -0.8786482E+00  0.0000000E+00
  0.8594460E+00  0.8706773E+00 -0.1123126E-01  0.1405540E+00  0.1405540E+00
  0.8402439E+00  0.8535192E+00 -0.1327533E-01  0.1597561E+00  0.1597561E+00
  0.8210418E+00  0.8363612E+00 -0.1531941E-01 -0.8210418E+00  0.0000000E+00
  0.8013867E+00  0.8197735E+00 -0.1838687E-01  0.1986133E+00  0.1986133E+00
  0.7812785E+00  0.8037562E+00 -0.2247771E-01 -0.7812785E+00  0.0000000E+00
  0.7611703E+00  0.7877389E+00 -0.2656855E-01  0.2388297E+00  0.2388297E+00
  0.7410622E+00  0.7717216E+00 -0.3065940E-01  0.2589378E+00  0.2589378E+00
  0.7258652E+00  0.7565269E+00 -0.3066179E-01  0.2741348E+00  0.2741348E+00
  0.7155793E+00  0.7421550E+00 -0.2657573E-01  0.2844207E+00  0.2844207E+00
  0.7052934E+00  0.7277831E+00 -0.2248967E-01  0.2947066E+00  0.2947066E+00
  0.6950075E+00  0.7134112E+00 -0.1840361E-01  0.3049925E+00  0.3049925E+00
  0.6850275E+00  0.6993430E+00 -0.1636058E-01 -0.6850275E+00  0.0000000E+00
  0.6753532E+00  0.6855786E+00 -0.1636058E-01 -0.6753532E+00  0.0000000E+00
  0.6656790E+00  0.6718142E+00  0.0000000E+00 -0.6656790E+00  0.0000000E+00
  0.6560047E+00  0.6580498E+00  0.0000000E+00 -0.6560047E+00  0.0000000E+00
  0.6434228E+00  0.6444466E+00  0.0000000E+00 -0.6434228E+00  0.0000000E+00
  0.6279331E+00  0.6310044E+00  0.0000000E+00 -0.6279331E+00  0.0000000E+00
  0.6124434E+00  0.6175622E+00 -0.8190061E-02  0.3875566E+00  0.3875566E+00
  0.5969537E+00  0.6041200E+00 -0.8190061E-02 -0.5969537E+00  0.0000000E+00
  0.5819702E+00  0.5911851E+00 -0.9214981E-02 -0.5819702E+00  0.0000000E+00
  0.5674926E+00  0.5787574E+00 -0.1126482E-01 -0.5674926E+00  0.0000000E+00
  0.5530151E+00  0.5663297E+00 -0.1331466E-01 -0.5530151E+00  0.0000000E+00
  0.5385375E+00  0.5539020E+00 -0.1536450E-01  0.4614625E+00  0.4614625E+00
  0.5256292E+00  0.5420199E+00 -0.1639065E-01 -0.5256292E+00  0.0000000E+00
  0.5142901E+00  0.5306832E+00 -0.1639312E-01  0.4857099E+00  0.4857099E+00
  0.5029510E+00  0.5193467E+00 -0.1639558E-01 -0.5029510E+00  0.0000000E+00
  0.4916120E+00  0.5080100E+00 -0.1639805E-01  0.5083880E+00  0.5083880E+00
  0.4827037E+00  0.4970531E+00 -0.1639928E-01  0.5172963E+00  0.5172963E+00
  0.4762264E+00  0.4864759E+00 -0.1639928E-01 -0.4762264E+00  0.0000000E+00
  0.4697490E+00  0.4758987E+00  0.0000000E+00 -0.4697490E+00  0.0000000E+00
  0.4632716E+00  0.4653215E+00  0.0000000E+00 -0.4632716E+00  0.0000000E+00
  0.4548998E+00  0.4548998E+00  0.0000000E+00 -0.4548998E+00  0.0000000E+00
  0.4446333E+00  0.4446333E+00  0.0000000E+00 -0.4446333E+00  0.0000000E+00
  0.4343670E+00  0.4343670E+00  0.0000000E+00 -0.4343670E+00  0.0000000E+00
  0.4241005E+00  0.4241005E+00  0.0000000E+00 -0.4241005E+00  0.0000000E+00
  0.4141886E+00  0.4141886E+00  0.0000000E+00 -0.4141886E+00  0.0000000E+00
  0.4046309E+00  0.4046309E+00  0.0000000E+00 -0.4046309E+00  0.0000000E+00
  0.3950733E+00  0.3950733E+00  0.0000000E+00 -0.3950733E+00  0.0000000E+00
  0.3855157E+00  0.3855157E+00  0.0000000E+00 -0.3855157E+00  0.0000000E+00
  0.3753563E+00  0.3763836E+00  0.0000000E+00 -0.3753563E+00  0.0000000E+00
  0.3645951E+00  0.3676771E+00  0.0000000E+00 -0.3645951E+00  0.0000000E+00
  0.3538339E+00  0.3589706E+00 -0.8218702E-02 -0.3538339E+00  0.0000000E+00
  0.3430727E+00  0.3502640E+00 -0.8218702E-02  0.6569273E+00  0.6569273E+00
  0.3348478E+00  0.3420391E+00 -0.8218702E-02 -0.3348478E+00  0.0000000E+00
  0.3291592E+00  0.3342959E+00 -0.8218702E-02 -0.3291592E+00  0.0000000E+00
  0.3234706E+00  0.3265526E+00  0.0000000E+00 -0.3234706E+00  0.0000000E+00
  0.3177820E+00  0.3188093E+00  0.0000000E+00 -0.3177820E+00  0.0000000E+00
  0.3103195E+00  0.3113482E+00  0.0000000E+00 -0.3103195E+00  0.0000000E+00
  0.3010831E+00  0.3041691E+00  0.0000000E+00 -0.3010831E+00  0.0000000E+00
  0.2918467E+00  0.2969901E+00 -0.8229365E-02 -0.2918467E+00  0.0000000E+00
  0.2826103E+00  0.2898110E+00 -0.8229365E-02 -0.2826103E+00  0.0000000E+00
  0.2738006E+00  0.2830597E+00 -0.9259104E-02  0.7261994E+00  0.7261994E+00
  0.2654175E+00  0.2767361E+00 -0.1131858E-01 -0.2654175E+00  0.0000000E+00
  0.2570345E+00  0.2704126E+00 -0.1337806E-01 -0.2570345E+00  0.0000000E+00
  0.2486515E+00  0.2640890E+00 -0.1543754E-01 -0.2486515E+00  0.0000000E+00
  0.2438291E+00  0.2582380E+00 -0.1646727E-01  0.7561709E+00  0.7561709E+00
  0.2425675E+00  0.2528595E+00 -0.1646727E-01  0.7574325E+00  0.7574325E+00
  0.2413059E+00  0.2474811E+00  0.0000000E+00 -0.2413059E+00  0.0000000E+00
  0.2400442E+00  0.2421026E+00  0.0000000E+00 -0.2400442E+00  0.0000000E+00
  0.2358229E+00  0.2368533E+00  0.0000000E+00 -0.2358229E+00  0.0000000E+00
  0.2286419E+00  0.2317331E+00  0.0000000E+00 -0.2286419E+00  0.0000000E+00
  0.2214609E+00  0.2266129E+00 -0.8243176E-02 -0.2214609E+00  0.0000000E+00
  0.2142800E+00  0.2214927E+00 -0.8243176E-02 -0.2142800E+00  0.0000000E+00
  0.2095080E+00  0.2167208E+00 -0.8243176E-02 -0.2095080E+00  0.0000000E+00
  0.2071450E+00  0.2122970E+00 -0.8243176E-02  0.7928550E+00  0.7928550E+00
  0.2047820E+00  0.2078732E+00  0.0000000E+00 -0.2047820E+00  0.0000000E+00
  0.2024191E+00  0.2034495E+00  0.0000000E+00 -0.2024191E+00  0.0000000E+00
  0.1992449E+00  0.1992449E+00  0.0000000E+00 -0.1992449E+00  0.0000000E+00
  0.1952597E+00  0.1952597E+00  0.0000000E+00 -0.1952597E+00  0.0000000E+00
  0.1912745E+00  0.1912745E+00  0.0000000E+00 -0.1912745E+00  0.0000000E+00
  0.1872892E+00  0.1872892E+00  0.0000000E+00 -0.1872892E+00  0.0000000E+00
  0.1835322E+00  0.1835322E+00  0.0000000E+00 -0.1835322E+00  0.0000000E+00
  0.1800033E+00  0.1800033E+00  0.0000000E+00 -0.1800033E+00  0.0000000E+00
  0.1764744E+00  0.1764744E+00  0.0000000E+00 -0.1764744E+00  0.0000000E+00
  0.1729455E+00  0.1729455E+00  0.0000000E+00 -0.1729455E+00  0.0000000E+00
  0.1696889E+00  0.1696889E+00  0.0000000E+00 -0.1696889E+00  0.0000000E+00
  0.1667044E+00  0.1667044E+00  0.0000000E+00 -0.1667044E+00  0.0000000E+00
  0.1637200E+00  0.1637200E+00  0.0000000E+00 -0.1637200E+00  0.0000000E+00
  0.1607356E+00  0.1607356E+00  0.0000000E+00 -0.1607356E+00  0.0000000E+00
  0.1476743E+00  0.1580087E+00  0.0000000E+00 -0.1476743E+00  0.0000000E+00
  0.1245361E+00  0.1555392E+00  0.0000000E+00 -0.1245361E+00  0.0000000E+00
  0.1013979E+00  0.1530698E+00 -0.8267499E-01 -0.1013979E+00  0.0000000E+00
  0.7825970E-01  0.1506003E+00 -0.8267499E-01 -0.7825970E-01  0.0000000E+00
  0.6669060E-01  0.1493656E+00 -0.8267499E-01 -0.6669060E-01  0.0000000E+00
  0.6669060E-01  0.1493656E+00 -0.8267499E-01  0.9933310E+01  0.9933310E+01
