 File:672016.spo  Solution Type:Thick  fitting  891 channels ( 110-1000)
 Channel#, E(keV),   Data,        Fit, Residual,    Data-Fit
  110,   0.614,      456.,        6.82,   -0.19,      449.18
  111,   0.624,      438.,        6.05,   -0.12,      431.95
  112,   0.634,      483.,        5.24,   -0.02,      477.76
  113,   0.644,      458.,        4.47,   -0.09,      453.53
  114,   0.654,      467.,        3.76,   -0.02,      463.24
  115,   0.664,      483.,        3.13,    0.13,      479.87
  116,   0.674,      486.,        2.67,    0.15,      483.33
  117,   0.684,      478.,        2.33,   -0.45,      475.67
  118,   0.694,      497.,        2.09,   -1.05,      494.91
  119,   0.704,      527.,        2.06,   -0.83,      524.94
  120,   0.714,      503.,        2.10,   -1.97,      500.90
  121,   0.724,      513.,        2.30,   -2.62,      510.70
  122,   0.734,      552.,        2.70,   -2.61,      549.30
  123,   0.744,      541.,        3.22,   -3.03,      537.78
  124,   0.754,      537.,        4.06,   -3.35,      532.94
  125,   0.764,      539.,        5.15,   -3.03,      533.85
  126,   0.774,      589.,        6.60,   -3.24,      582.40
  127,   0.784,      558.,        8.47,   -3.09,      549.53
  128,   0.794,      555.,       10.92,   -2.56,      544.08
  129,   0.805,      618.,       14.19,   -2.64,      603.81
  130,   0.815,      608.,       18.62,   -2.51,      589.38
  131,   0.825,      642.,       24.75,   -1.77,      617.25
  132,   0.835,      667.,       33.40,   -0.93,      633.60
  133,   0.845,      682.,       45.69,   -0.56,      636.31
  134,   0.855,      736.,       63.20,    0.01,      672.80
  135,   0.865,      786.,       88.00,    0.67,      698.00
  136,   0.875,      804.,      122.71,    1.63,      681.29
  137,   0.885,      875.,      170.38,    2.29,      704.62
  138,   0.895,      942.,      234.55,    2.51,      707.45
  139,   0.905,     1073.,      318.88,    1.95,      754.12
  140,   0.915,     1149.,      426.72,    2.21,      722.28
  141,   0.925,     1343.,      560.85,    2.21,      782.15
  142,   0.935,     1449.,      722.78,    1.85,      726.22
  143,   0.945,     1729.,      912.28,    1.15,      816.72
  144,   0.955,     1958.,     1126.62,    1.24,      831.38
  145,   0.965,     2138.,     1360.58,    0.97,      777.42
  146,   0.975,     2325.,     1606.12,    1.04,      718.88
  147,   0.985,     2656.,     1852.79,    0.71,      803.21
  148,   0.995,     2893.,     2088.33,    0.43,      804.67
  149,   1.005,     3103.,     2299.67,   -0.10,      803.33
  150,   1.015,     3233.,     2474.24,    0.26,      758.76
  151,   1.025,     3464.,     2601.29,    0.01,      862.71
  152,   1.035,     3502.,     2673.14,   -0.28,      828.86
  153,   1.045,     3559.,     2686.62,    0.47,      872.38
  154,   1.055,     3500.,     2643.15,    1.27,      856.85
  155,   1.065,     3359.,     2549.25,    1.98,      809.75
  156,   1.076,     3284.,     2415.95,    2.26,      868.05
  157,   1.086,     3186.,     2258.28,    3.07,      927.72
  158,   1.096,     2935.,     2093.43,    4.13,      841.57
  159,   1.106,     2829.,     1939.84,    3.69,      889.16
  160,   1.116,     2740.,     1815.23,    4.06,      924.77
  161,   1.126,     2643.,     1735.24,    3.10,      907.76
  162,   1.136,     2627.,     1712.18,    2.93,      914.82
  163,   1.146,     2643.,     1753.96,    2.73,      889.04
  164,   1.156,     2821.,     1863.22,    2.56,      957.78
  165,   1.166,     3026.,     2037.00,    2.17,      989.00
  166,   1.176,     3088.,     2266.79,    2.49,      821.21
  167,   1.186,     3424.,     2538.92,    2.97,      885.08
  168,   1.196,     3621.,     2835.42,    2.61,      785.58
  169,   1.206,     3988.,     3135.56,    3.13,      852.44
  170,   1.216,     4178.,     3417.39,    2.58,      760.61
  171,   1.226,     4458.,     3659.78,    2.65,      798.22
  172,   1.236,     4676.,     3844.62,    1.95,      831.38
  173,   1.246,     4804.,     3958.75,    1.30,      845.25
  174,   1.256,     4850.,     3995.93,    1.46,      854.07
  175,   1.266,     4766.,     3957.56,    0.47,      808.44
  176,   1.276,     4760.,     3853.53,    0.80,      906.47
  177,   1.286,     4460.,     3702.14,    0.76,      757.86
  178,   1.296,     4292.,     3529.23,    1.79,      762.77
  179,   1.306,     4081.,     3366.91,    1.45,      714.09
  180,   1.316,     3986.,     3251.97,    0.94,      734.03
  181,   1.326,     3877.,     3223.71,    1.08,      653.29
  182,   1.337,     3940.,     3321.86,   -0.27,      618.14
  183,   1.347,     4296.,     3583.96,   -0.04,      712.04
  184,   1.357,     4724.,     4042.55,   -0.23,      681.45
  185,   1.367,     5440.,     4722.10,    0.06,      717.90
  186,   1.377,     6148.,     5636.03,   -0.02,      511.97
  187,   1.387,     7388.,     6783.35,    0.20,      604.65
  188,   1.397,     8772.,     8146.25,    1.23,      625.75
  189,   1.407,    10112.,     9688.21,    1.45,      423.79
  190,   1.417,    12064.,    11353.92,    2.59,      710.08
  191,   1.427,    13700.,    13070.93,    2.97,      629.07
  192,   1.437,    15312.,    14753.50,    2.83,      558.50
  193,   1.447,    16672.,    16308.79,    2.22,      363.21
  194,   1.457,    18064.,    17644.16,    1.55,      419.84
  195,   1.467,    19384.,    18675.89,    0.59,      708.11
  196,   1.477,    19784.,    19337.54,   -0.03,      446.46
  197,   1.487,    20192.,    19587.21,    0.05,      604.79
  198,   1.497,    19976.,    19412.82,   -1.01,      563.18
  199,   1.507,    19152.,    18833.05,   -1.62,      318.95
  200,   1.517,    18176.,    17897.56,   -2.01,      278.44
  201,   1.527,    16664.,    16682.48,   -1.94,      -18.48
  202,   1.537,    15348.,    15284.38,   -2.85,       63.62
  203,   1.547,    13980.,    13812.87,   -4.14,      167.13
  204,   1.557,    12656.,    12383.09,   -4.91,      272.91
  205,   1.567,    11232.,    11108.86,   -5.86,      123.14
  206,   1.577,    10348.,    10096.65,   -7.03,      251.35
  207,   1.587,     9672.,     9440.66,   -7.03,      231.34
  208,   1.598,     9432.,     9219.44,   -6.99,      212.56
  209,   1.608,     9568.,     9492.59,   -6.08,       75.41
  210,   1.618,    10496.,    10297.86,   -5.52,      198.14
  211,   1.628,    11828.,    11647.91,   -4.52,      180.09
  212,   1.638,    13816.,    13527.22,   -3.79,      288.78
  213,   1.648,    15992.,    15889.04,   -2.76,      102.96
  214,   1.658,    19008.,    18653.60,   -1.51,      354.40
  215,   1.668,    22000.,    21708.05,   -0.80,      291.95
  216,   1.678,    25296.,    24909.84,   -0.45,      386.16
  217,   1.688,    28568.,    28093.17,   -0.31,      474.83
  218,   1.698,    31616.,    31079.11,    0.27,      536.89
  219,   1.708,    34400.,    33688.68,    0.49,      711.32
  220,   1.718,    36336.,    35757.73,    0.60,      578.27
  221,   1.728,    37920.,    37151.70,    0.94,      768.30
  222,   1.738,    38592.,    37778.35,    0.37,      813.65
  223,   1.748,    38256.,    37597.59,    0.98,      658.41
  224,   1.758,    37168.,    36622.41,    1.30,      545.59
  225,   1.768,    35792.,    34919.37,    1.15,      872.63
  226,   1.778,    33280.,    32599.93,    1.35,      680.07
  227,   1.788,    30576.,    29807.92,    1.28,      768.08
  228,   1.798,    27392.,    26705.28,    2.07,      686.72
  229,   1.808,    24024.,    23456.37,    1.85,      567.63
  230,   1.818,    21128.,    20214.34,    2.38,      913.66
  231,   1.828,    18008.,    17110.22,    2.76,      897.78
  232,   1.838,    15076.,    14245.42,    3.57,      830.58
  233,   1.848,    12644.,    11688.87,    3.60,      955.13
  234,   1.858,    10492.,     9477.52,    4.25,     1014.48
  235,   1.869,     8784.,     7620.17,    4.90,     1163.83
  236,   1.879,     7140.,     6102.95,    5.62,     1037.05
  237,   1.889,     6080.,     4895.36,    7.13,     1184.64
  238,   1.899,     4952.,     3957.11,    7.35,      994.89
  239,   1.909,     4240.,     3243.36,    7.41,      996.64
  240,   1.919,     3655.,     2709.31,    7.71,      945.69
  241,   1.929,     3211.,     2313.18,    7.78,      897.82
  242,   1.939,     2898.,     2018.49,    7.03,      879.51
  243,   1.949,     2646.,     1794.78,    5.82,      851.22
  244,   1.959,     2482.,     1618.11,    4.61,      863.89
  245,   1.969,     2186.,     1470.54,    2.07,      715.46
  246,   1.979,     2066.,     1339.43,    0.84,      726.57
  247,   1.989,     1956.,     1216.89,   -0.49,      739.11
  248,   1.999,     1770.,     1098.53,   -2.47,      671.47
  249,   2.009,     1582.,      982.42,   -3.34,      599.58
  250,   2.019,     1461.,      868.67,   -4.36,      592.33
  251,   2.029,     1325.,      758.54,   -5.42,      566.46
  252,   2.039,     1222.,      653.63,   -6.68,      568.37
  253,   2.049,     1049.,      555.81,   -6.03,      493.19
  254,   2.059,      982.,      466.55,   -6.69,      515.45
  255,   2.069,      830.,      387.28,   -7.44,      442.72
  256,   2.079,      829.,      318.40,   -7.41,      510.60
  257,   2.089,      712.,      260.44,   -7.45,      451.56
  258,   2.099,      572.,      213.25,   -7.46,      358.75
  259,   2.109,      582.,      176.61,   -7.11,      405.39
  260,   2.119,      560.,      150.07,   -6.96,      409.93
  261,   2.130,      509.,      133.05,   -6.97,      375.95
  262,   2.140,      489.,      125.10,   -6.68,      363.90
  263,   2.150,      515.,      125.93,   -6.86,      389.07
  264,   2.160,      484.,      135.09,   -5.13,      348.91
  265,   2.170,      494.,      152.41,   -4.78,      341.59
  266,   2.180,      517.,      177.48,   -4.97,      339.52
  267,   2.190,      523.,      210.00,   -4.04,      313.00
  268,   2.200,      573.,      249.35,   -3.76,      323.65
  269,   2.210,      644.,      294.51,   -3.70,      349.49
  270,   2.220,      659.,      344.19,   -3.22,      314.81
  271,   2.230,      693.,      396.60,   -2.47,      296.40
  272,   2.240,      788.,      449.77,   -3.31,      338.23
  273,   2.250,      822.,      501.20,   -3.40,      320.80
  274,   2.260,      828.,      548.50,   -2.83,      279.50
  275,   2.270,      864.,      588.96,   -3.11,      275.04
  276,   2.280,      879.,      620.42,   -3.21,      258.58
  277,   2.290,      915.,      641.17,   -3.24,      273.83
  278,   2.300,      945.,      649.79,   -3.67,      295.21
  279,   2.310,      956.,      645.80,   -2.98,      310.20
  280,   2.320,      862.,      629.49,   -2.49,      232.51
  281,   2.330,      834.,      601.78,   -2.04,      232.22
  282,   2.340,      850.,      564.57,   -2.23,      285.43
  283,   2.350,      794.,      519.86,   -2.02,      274.14
  284,   2.360,      701.,      470.43,   -1.56,      230.57
  285,   2.370,      707.,      418.70,   -0.06,      288.30
  286,   2.380,      626.,      367.37,    0.41,      258.63
  287,   2.390,      614.,      318.65,   -0.51,      295.35
  288,   2.401,      534.,      274.47,   -1.05,      259.53
  289,   2.411,      530.,      236.59,   -0.85,      293.41
  290,   2.421,      463.,      206.24,   -0.40,      256.76
  291,   2.431,      455.,      184.33,   -0.25,      270.67
  292,   2.441,      430.,      171.67,   -0.72,      258.33
  293,   2.451,      513.,      168.99,   -0.28,      344.01
  294,   2.461,      438.,      177.17,   -0.76,      260.83
  295,   2.471,      424.,      196.61,    0.27,      227.39
  296,   2.481,      475.,      228.31,    0.35,      246.69
  297,   2.491,      471.,      272.66,    0.10,      198.34
  298,   2.501,      575.,      329.99,   -0.40,      245.01
  299,   2.511,      694.,      400.23,   -0.36,      293.77
  300,   2.521,      699.,      482.61,   -0.50,      216.39
  301,   2.531,      849.,      575.77,   -0.51,      273.23
  302,   2.541,      932.,      677.24,   -0.93,      254.76
  303,   2.551,     1102.,      783.78,   -1.16,      318.22
  304,   2.561,     1147.,      891.11,   -1.16,      255.89
  305,   2.571,     1237.,      994.52,   -1.08,      242.48
  306,   2.581,     1367.,     1088.86,    0.08,      278.14
  307,   2.591,     1443.,     1168.99,    0.48,      274.01
  308,   2.601,     1467.,     1230.40,   -0.43,      236.60
  309,   2.611,     1542.,     1269.43,   -0.37,      272.57
  310,   2.621,     1571.,     1283.77,   -0.21,      287.23
  311,   2.631,     1517.,     1272.54,    0.01,      244.46
  312,   2.641,     1456.,     1236.50,   -0.67,      219.50
  313,   2.651,     1418.,     1178.00,   -1.28,      240.00
  314,   2.662,     1388.,     1100.66,   -1.61,      287.34
  315,   2.672,     1322.,     1009.09,   -1.57,      312.91
  316,   2.682,     1139.,      908.42,   -1.35,      230.58
  317,   2.692,     1065.,      803.78,   -0.68,      261.22
  318,   2.702,      950.,      700.14,   -0.82,      249.86
  319,   2.712,      867.,      601.54,   -1.66,      265.46
  320,   2.722,      792.,      511.30,   -1.36,      280.70
  321,   2.732,      665.,      431.52,   -0.91,      233.48
  322,   2.742,      630.,      363.29,   -0.57,      266.71
  323,   2.752,      628.,      306.83,   -0.49,      321.17
  324,   2.762,      565.,      261.38,   -0.89,      303.62
  325,   2.772,      561.,      225.73,   -0.76,      335.27
  326,   2.782,      470.,      198.30,   -0.87,      271.70
  327,   2.792,      420.,      177.27,   -0.51,      242.73
  328,   2.802,      433.,      161.07,   -0.57,      271.93
  329,   2.812,      456.,      148.02,   -0.54,      307.98
  330,   2.822,      439.,      136.88,   -0.28,      302.12
  331,   2.832,      448.,      126.65,    0.38,      321.35
  332,   2.842,      430.,      116.69,    0.20,      313.31
  333,   2.852,      398.,      106.61,   -0.42,      291.39
  334,   2.862,      392.,       96.29,   -1.24,      295.71
  335,   2.872,      395.,       85.79,   -1.19,      309.21
  336,   2.882,      393.,       75.29,   -0.20,      317.71
  337,   2.892,      417.,       65.02,    0.21,      351.98
  338,   2.902,      361.,       55.24,   -0.40,      305.76
  339,   2.912,      376.,       46.15,   -1.19,      329.85
  340,   2.922,      373.,       37.90,   -1.08,      335.10
  341,   2.933,      362.,       30.63,   -1.53,      331.37
  342,   2.943,      378.,       24.44,   -0.28,      353.56
  343,   2.953,      366.,       19.23,    0.02,      346.77
  344,   2.963,      368.,       14.94,   -0.71,      353.06
  345,   2.973,      363.,       11.53,   -0.86,      351.47
  346,   2.983,      351.,        8.83,   -1.42,      342.17
  347,   2.993,      330.,        6.73,   -1.27,      323.27
  348,   3.003,      369.,        5.28,   -1.08,      363.72
  349,   3.013,      367.,        4.27,   -0.08,      362.73
  350,   3.023,      398.,        3.69,   -0.63,      394.31
  351,   3.033,      391.,        3.54,   -1.21,      387.46
  352,   3.043,      365.,        3.94,   -0.77,      361.06
  353,   3.053,      393.,        4.87,   -0.95,      388.13
  354,   3.063,      376.,        6.57,   -1.09,      369.43
  355,   3.073,      406.,        9.24,   -0.32,      396.76
  356,   3.083,      403.,       13.30,   -0.05,      389.70
  357,   3.093,      469.,       19.35,   -0.71,      449.65
  358,   3.103,      423.,       27.82,   -0.56,      395.18
  359,   3.113,      456.,       39.43,   -0.71,      416.57
  360,   3.123,      479.,       55.26,   -1.67,      423.74
  361,   3.133,      502.,       76.24,   -1.37,      425.76
  362,   3.143,      509.,      103.49,   -1.91,      405.51
  363,   3.153,      601.,      138.18,   -2.42,      462.82
  364,   3.163,      598.,      181.42,   -3.48,      416.58
  365,   3.173,      657.,      234.24,   -2.89,      422.76
  366,   3.183,      776.,      297.28,   -3.23,      478.72
  367,   3.194,      858.,      370.80,   -2.92,      487.20
  368,   3.204,      863.,      454.47,   -3.00,      408.53
  369,   3.214,     1030.,      547.28,   -2.87,      482.72
  370,   3.224,     1125.,      647.40,   -2.45,      477.60
  371,   3.234,     1196.,      752.21,   -2.32,      443.79
  372,   3.244,     1335.,      858.32,   -1.74,      476.68
  373,   3.254,     1502.,      961.71,   -1.91,      540.29
  374,   3.264,     1596.,     1057.97,   -1.31,      538.03
  375,   3.274,     1701.,     1142.62,   -1.30,      558.38
  376,   3.284,     1746.,     1211.36,   -1.60,      534.64
  377,   3.294,     1811.,     1260.63,   -1.95,      550.37
  378,   3.304,     1905.,     1287.67,   -1.65,      617.33
  379,   3.314,     1868.,     1290.83,   -1.70,      577.17
  380,   3.324,     1937.,     1269.98,   -1.22,      667.02
  381,   3.334,     1794.,     1226.30,   -0.89,      567.70
  382,   3.344,     1768.,     1162.36,   -0.56,      605.64
  383,   3.354,     1749.,     1081.89,    0.59,      667.11
  384,   3.364,     1628.,      989.50,    1.39,      638.50
  385,   3.374,     1483.,      890.57,    3.16,      592.43
  386,   3.384,     1480.,      791.02,    4.34,      688.98
  387,   3.394,     1380.,      697.23,    5.63,      682.77
  388,   3.404,     1303.,      616.20,    6.37,      686.80
  389,   3.414,     1276.,      555.87,    6.65,      720.13
  390,   3.424,     1217.,      526.03,    7.74,      690.97
  391,   3.434,     1299.,      538.90,    7.23,      760.10
  392,   3.444,     1384.,      610.73,    6.61,      773.27
  393,   3.454,     1618.,      763.31,    5.55,      854.69
  394,   3.465,     1798.,     1025.66,    4.44,      772.34
  395,   3.475,     2257.,     1436.19,    2.64,      820.81
  396,   3.485,     2885.,     2043.78,    1.32,      841.22
  397,   3.495,     3735.,     2909.29,   -0.60,      825.71
  398,   3.505,     4752.,     4105.69,   -2.85,      646.31
  399,   3.515,     6356.,     5716.90,   -3.71,      639.10
  400,   3.525,     8524.,     7834.91,   -4.46,      689.09
  401,   3.535,    11068.,    10554.99,   -5.21,      513.01
  402,   3.545,    14456.,    13968.03,   -5.09,      487.97
  403,   3.555,    18480.,    18151.36,   -4.84,      328.64
  404,   3.565,    23664.,    23157.46,   -4.17,      506.54
  405,   3.575,    29440.,    29001.94,   -2.22,      438.06
  406,   3.585,    35600.,    35651.91,   -1.23,      -51.91
  407,   3.595,    43520.,    43016.46,    0.57,      503.54
  408,   3.605,    51520.,    50940.77,    2.62,      579.23
  409,   3.615,    59776.,    59205.47,    4.67,      570.53
  410,   3.625,    68288.,    67532.91,    5.68,      755.09
  411,   3.635,    76512.,    75599.30,    7.33,      912.70
  412,   3.645,    84128.,    83054.68,    8.78,     1073.32
  413,   3.655,    91200.,    89546.67,    9.23,     1653.33
  414,   3.665,    95776.,    94747.80,    9.50,     1028.20
  415,   3.675,    99552.,    98382.90,    9.36,     1169.10
  416,   3.685,   101472.,   100252.58,    8.30,     1219.42
  417,   3.695,   101472.,   100253.62,    6.87,     1218.38
  418,   3.705,    98880.,    98386.01,    5.99,      493.99
  419,   3.715,    95648.,    94752.53,    4.58,      895.47
  420,   3.726,    90144.,    89552.64,    2.97,      591.36
  421,   3.736,    83200.,    83062.31,    1.09,      137.69
  422,   3.746,    75616.,    75610.34,   -1.31,        5.66
  423,   3.756,    67104.,    67551.13,   -2.40,     -447.13
  424,   3.766,    58608.,    59238.03,   -4.22,     -630.03
  425,   3.776,    50208.,    50998.73,   -5.59,     -790.73
  426,   3.786,    42608.,    43116.35,   -6.76,     -508.35
  427,   3.796,    35248.,    35816.55,   -7.01,     -568.55
  428,   3.806,    28696.,    29261.70,   -7.65,     -565.70
  429,   3.816,    23048.,    23551.39,   -7.91,     -503.39
  430,   3.826,    18336.,    18728.15,   -7.15,     -392.15
  431,   3.836,    14684.,    14786.77,   -5.80,     -102.77
  432,   3.846,    11444.,    11685.51,   -4.22,     -241.51
  433,   3.856,     9144.,     9357.37,   -2.33,     -213.37
  434,   3.866,     7564.,     7720.74,   -0.23,     -156.74
  435,   3.876,     6398.,     6687.22,    1.05,     -289.22
  436,   3.886,     5956.,     6168.25,    1.32,     -212.25
  437,   3.896,     5804.,     6078.26,    2.28,     -274.26
  438,   3.906,     6068.,     6336.69,    2.79,     -268.69
  439,   3.916,     6506.,     6868.00,    2.22,     -362.00
  440,   3.926,     7186.,     7601.03,    0.54,     -415.03
  441,   3.936,     7960.,     8468.03,   -1.63,     -508.03
  442,   3.946,     8724.,     9404.01,   -4.33,     -680.01
  443,   3.956,     9532.,    10346.74,   -7.80,     -814.74
  444,   3.966,    10364.,    11237.25,  -10.35,     -873.25
  445,   3.976,    11128.,    12021.42,  -12.19,     -893.42
  446,   3.986,    11868.,    12651.89,  -14.83,     -783.89
  447,   3.997,    12144.,    13090.28,  -16.55,     -946.28
  448,   4.007,    12368.,    13309.21,  -17.96,     -941.21
  449,   4.017,    12368.,    13294.15,  -18.39,     -926.15
  450,   4.027,    12212.,    13043.96,  -18.28,     -831.96
  451,   4.037,    11716.,    12570.38,  -16.88,     -854.38
  452,   4.047,    11188.,    11897.35,  -14.64,     -709.35
  453,   4.057,    10720.,    11058.47,  -11.90,     -338.47
  454,   4.067,     9508.,    10094.02,   -8.81,     -586.02
  455,   4.077,     8728.,     9047.95,   -6.00,     -319.95
  456,   4.087,     7550.,     7964.10,   -2.32,     -414.10
  457,   4.097,     6562.,     6883.64,    0.93,     -321.64
  458,   4.107,     5592.,     5842.31,    4.50,     -250.31
  459,   4.117,     4780.,     4868.89,    7.39,      -88.89
  460,   4.127,     3904.,     3984.28,   10.50,      -80.28
  461,   4.137,     3202.,     3201.41,   12.64,        0.59
  462,   4.147,     2544.,     2525.80,   12.74,       18.20
  463,   4.157,     2019.,     1956.69,   14.21,       62.31
  464,   4.167,     1575.,     1488.35,   14.63,       86.65
  465,   4.177,     1130.,     1111.60,   15.27,       18.40
  466,   4.187,      907.,      815.17,   15.54,       91.83
  467,   4.197,      630.,      586.95,   15.34,       43.05
  468,   4.207,      535.,      414.96,   14.36,      120.04
  469,   4.217,      369.,      288.04,   13.14,       80.96
  470,   4.227,      228.,      196.31,   11.65,       31.69
  471,   4.237,      184.,      131.37,   11.25,       52.63
  472,   4.247,      120.,       86.31,    9.21,       33.69
  473,   4.258,      101.,       55.67,    7.84,       45.33
  474,   4.268,       91.,       35.31,    6.36,       55.69
  475,   4.278,       54.,       22.09,    4.15,       31.91
  476,   4.288,       43.,       13.64,    2.53,       29.36
  477,   4.298,       41.,        8.40,    0.53,       32.60
  478,   4.308,       27.,        5.25,   -1.17,       21.75
  479,   4.318,       26.,        3.42,   -2.00,       22.58
  480,   4.328,       21.,        2.50,   -3.09,       18.50
  481,   4.338,       19.,        2.22,   -3.34,       16.78
  482,   4.348,       20.,        2.32,   -3.69,       17.68
  483,   4.358,       25.,        2.71,   -5.39,       22.29
  484,   4.368,       21.,        3.27,   -4.66,       17.73
  485,   4.378,       26.,        4.05,   -5.08,       21.95
  486,   4.388,       26.,        5.06,   -3.71,       20.94
  487,   4.398,       13.,        6.20,   -3.01,        6.80
  488,   4.408,       25.,        7.47,   -2.63,       17.53
  489,   4.418,       28.,        8.85,   -1.26,       19.15
  490,   4.428,       19.,       10.29,   -0.66,        8.71
  491,   4.438,       26.,       11.76,   -0.63,       14.24
  492,   4.448,       41.,       13.20,    0.07,       27.80
  493,   4.458,       31.,       14.56,   -0.24,       16.44
  494,   4.468,       37.,       15.79,   -0.26,       21.21
  495,   4.478,       25.,       16.82,   -0.23,        8.18
  496,   4.488,       38.,       17.60,    0.39,       20.40
  497,   4.498,       40.,       18.09,    0.13,       21.91
  498,   4.508,       36.,       18.28,   -0.45,       17.72
  499,   4.518,       20.,       18.15,    0.34,        1.85
  500,   4.529,       28.,       17.71,    0.57,       10.29
  501,   4.539,       19.,       17.00,   -0.47,        2.00
  502,   4.549,       27.,       16.03,   -0.65,       10.97
  503,   4.559,       23.,       14.87,   -1.01,        8.13
  504,   4.569,       23.,       13.57,   -0.86,        9.43
  505,   4.579,       17.,       12.18,   -1.79,        4.82
  506,   4.589,       16.,       10.76,   -2.78,        5.24
  507,   4.599,       23.,        9.38,   -3.44,       13.62
  508,   4.609,       19.,        8.06,   -3.44,       10.94
  509,   4.619,       15.,        6.84,   -3.58,        8.16
  510,   4.629,       15.,        5.75,   -2.02,        9.25
  511,   4.639,       12.,        4.79,   -2.06,        7.21
  512,   4.649,        9.,        3.98,   -2.04,        5.02
  513,   4.659,       12.,        3.30,   -2.03,        8.70
  514,   4.669,        7.,        2.74,   -1.33,        4.26
  515,   4.679,        9.,        2.29,   -0.51,        6.71
  516,   4.689,        6.,        1.94,   -0.04,        4.06
  517,   4.699,        6.,        1.66,    0.12,        4.34
  518,   4.709,       13.,        1.44,   -0.06,       11.56
  519,   4.719,        9.,        1.27,   -0.56,        7.73
  520,   4.729,        4.,        1.12,   -0.12,        2.88
  521,   4.739,       11.,        1.05,    0.31,        9.95
  522,   4.749,        9.,        1.04,    0.68,        7.96
  523,   4.759,        8.,        0.97,    1.23,        7.03
  524,   4.769,       14.,        0.98,    0.99,       13.02
  525,   4.779,       14.,        1.02,    1.79,       12.98
  526,   4.790,        5.,        1.07,    1.96,        3.93
  527,   4.800,        7.,        1.15,    1.35,        5.85
  528,   4.810,       11.,        1.25,    1.20,        9.75
  529,   4.820,       10.,        1.38,    1.96,        8.62
  530,   4.830,       10.,        1.53,    1.42,        8.47
  531,   4.840,       11.,        1.72,    0.79,        9.28
  532,   4.850,        8.,        1.91,    0.29,        6.09
  533,   4.860,        8.,        2.12,   -0.03,        5.88
  534,   4.870,        5.,        2.34,   -1.29,        2.66
  535,   4.880,        8.,        2.56,   -1.16,        5.44
  536,   4.890,        8.,        2.77,   -0.77,        5.23
  537,   4.900,       10.,        2.95,   -0.90,        7.05
  538,   4.910,       10.,        3.09,   -1.65,        6.91
  539,   4.920,        5.,        3.19,   -1.34,        1.81
  540,   4.930,        8.,        3.22,   -1.21,        4.78
  541,   4.940,       12.,        3.23,   -0.78,        8.77
  542,   4.950,        6.,        3.24,   -0.77,        2.76
  543,   4.960,        8.,        3.16,    0.07,        4.84
  544,   4.970,       10.,        3.05,    0.10,        6.95
  545,   4.980,       10.,        2.91,    0.49,        7.09
  546,   4.990,        5.,        2.76,    0.77,        2.24
  547,   5.000,       11.,        2.60,    0.49,        8.40
  548,   5.010,       10.,        2.46,    0.92,        7.54
  549,   5.020,       11.,        2.34,    0.70,        8.66
  550,   5.030,        6.,        2.26,    0.20,        3.74
  551,   5.040,        8.,        2.22,    0.74,        5.78
  552,   5.050,        6.,        2.23,    0.49,        3.77
  553,   5.061,        9.,        2.30,   -0.24,        6.70
  554,   5.071,        7.,        2.42,   -0.80,        4.58
  555,   5.081,        6.,        2.59,   -1.01,        3.41
  556,   5.091,        7.,        2.81,   -1.10,        4.19
  557,   5.101,        5.,        3.06,   -1.22,        1.94
  558,   5.111,        8.,        3.32,   -1.74,        4.68
  559,   5.121,       12.,        3.60,   -1.07,        8.40
  560,   5.131,        8.,        3.77,   -1.06,        4.23
  561,   5.141,        4.,        3.99,   -0.61,        0.01
  562,   5.151,        6.,        4.21,   -0.62,        1.79
  563,   5.161,        4.,        4.36,   -0.49,       -0.36
  564,   5.171,       11.,        4.45,   -0.56,        6.55
  565,   5.181,       10.,        4.51,   -0.56,        5.49
  566,   5.191,       12.,        4.47,   -0.31,        7.53
  567,   5.201,       11.,        4.37,    0.70,        6.63
  568,   5.211,       12.,        4.22,   -0.10,        7.78
  569,   5.221,       10.,        4.03,    0.54,        5.97
  570,   5.231,        8.,        3.83,    0.64,        4.17
  571,   5.241,        8.,        3.62,    0.84,        4.38
  572,   5.251,        9.,        3.44,    1.12,        5.56
  573,   5.261,        8.,        3.29,    1.35,        4.71
  574,   5.271,        3.,        3.21,    1.61,       -0.21
  575,   5.281,       15.,        3.20,    0.47,       11.80
  576,   5.291,        6.,        3.27,    0.43,        2.73
  577,   5.301,       10.,        3.43,    0.38,        6.57
  578,   5.311,        5.,        3.73,   -0.27,        1.27
  579,   5.322,        6.,        4.10,   -0.41,        1.90
  580,   5.332,        9.,        4.55,   -0.19,        4.45
  581,   5.342,       13.,        5.08,   -0.77,        7.92
  582,   5.352,       15.,        5.66,   -0.73,        9.34
  583,   5.362,        5.,        6.27,   -0.37,       -1.27
  584,   5.372,       12.,        6.88,    0.15,        5.12
  585,   5.382,       14.,        7.48,   -0.20,        6.52
  586,   5.392,        7.,        8.01,   -0.03,       -1.01
  587,   5.402,       13.,        8.41,    0.32,        4.59
  588,   5.412,       12.,        8.78,    0.88,        3.22
  589,   5.422,       18.,        9.03,    1.32,        8.97
  590,   5.432,       11.,        9.13,    1.84,        1.87
  591,   5.442,       16.,        9.10,    1.24,        6.90
  592,   5.452,       14.,        8.92,    0.34,        5.08
  593,   5.462,       11.,        8.61,    0.32,        2.39
  594,   5.472,       15.,        8.19,    0.70,        6.81
  595,   5.482,       10.,        7.67,    0.21,        2.33
  596,   5.492,       13.,        7.07,    0.52,        5.93
  597,   5.502,       10.,        6.42,   -0.25,        3.58
  598,   5.512,       11.,        5.74,   -0.32,        5.26
  599,   5.522,       13.,        5.06,   -0.78,        7.94
  600,   5.532,        6.,        4.40,   -0.21,        1.60
  601,   5.542,        4.,        3.77,   -0.31,        0.23
  602,   5.552,        4.,        3.23,   -0.46,        0.77
  603,   5.562,        7.,        2.71,   -0.12,        4.29
  604,   5.572,        5.,        2.26,   -0.18,        2.74
  605,   5.583,        2.,        1.88,   -0.17,        0.12
  606,   5.593,        2.,        1.56,    0.08,        0.44
  607,   5.603,        4.,        1.30,    0.02,        2.70
  608,   5.613,        3.,        1.10,   -0.29,        1.90
  609,   5.623,        5.,        0.96,   -0.80,        4.04
  610,   5.633,        4.,        0.86,   -0.41,        3.14
  611,   5.643,        5.,        0.81,   -0.36,        4.19
  612,   5.653,        4.,        0.79,   -0.36,        3.21
  613,   5.663,        5.,        0.80,   -0.29,        4.20
  614,   5.673,        4.,        0.83,   -0.58,        3.17
  615,   5.683,        8.,        0.84,   -0.01,        7.16
  616,   5.693,        3.,        0.95,    0.29,        2.05
  617,   5.703,        0.,        1.01,    0.53,       -1.01
  618,   5.713,        3.,        1.11,    0.51,        1.89
  619,   5.723,        5.,        1.20,    0.50,        3.80
  620,   5.733,        1.,        1.29,    0.45,       -0.29
  621,   5.743,        2.,        1.37,    0.20,        0.63
  622,   5.753,        4.,        1.45,    0.30,        2.55
  623,   5.763,        2.,        1.52,    0.31,        0.48
  624,   5.773,        4.,        1.58,   -0.16,        2.42
  625,   5.783,        3.,        1.64,   -0.94,        1.36
  626,   5.793,        4.,        1.69,   -0.99,        2.31
  627,   5.803,        1.,        1.74,   -0.45,       -0.74
  628,   5.813,        6.,        1.78,   -0.14,        4.22
  629,   5.823,        5.,        1.82,   -0.36,        3.18
  630,   5.833,        4.,        1.85,   -0.03,        2.15
  631,   5.843,        4.,        1.88,    0.00,        2.12
  632,   5.854,        5.,        1.89,   -0.06,        3.11
  633,   5.864,        2.,        1.90,    0.16,        0.10
  634,   5.874,        2.,        1.89,    0.24,        0.11
  635,   5.884,        2.,        1.87,    0.17,        0.13
  636,   5.894,        5.,        1.92,   -0.27,        3.08
  637,   5.904,        4.,        1.87,   -0.28,        2.13
  638,   5.914,        3.,        1.80,   -0.37,        1.20
  639,   5.924,        3.,        1.72,   -0.73,        1.28
  640,   5.934,        2.,        1.62,   -0.75,        0.38
  641,   5.944,        2.,        1.51,   -0.70,        0.49
  642,   5.954,        4.,        1.35,   -0.64,        2.65
  643,   5.964,        2.,        1.24,   -0.28,        0.76
  644,   5.974,        1.,        1.13,   -0.17,       -0.13
  645,   5.984,        1.,        1.01,    0.01,       -0.01
  646,   5.994,        0.,        1.00,   -0.13,       -1.00
  647,   6.004,        3.,        0.90,   -0.01,        2.10
  648,   6.014,        2.,        0.81,    0.05,        1.19
  649,   6.024,        3.,        0.74,    0.08,        2.26
  650,   6.034,        2.,        0.67,   -0.07,        1.33
  651,   6.044,        4.,        0.62,   -0.48,        3.38
  652,   6.054,        3.,        0.59,   -0.97,        2.41
  653,   6.064,        1.,        0.56,   -1.95,        0.44
  654,   6.074,        3.,        0.55,   -1.41,        2.45
  655,   6.084,        2.,        0.52,   -1.73,        1.48
  656,   6.094,        2.,        0.62,   -1.59,        1.38
  657,   6.104,        3.,        0.66,   -1.52,        2.34
  658,   6.115,        2.,        0.78,   -1.71,        1.22
  659,   6.125,        1.,        0.94,   -1.58,        0.06
  660,   6.135,        1.,        1.17,   -1.11,       -0.17
  661,   6.145,        2.,        1.48,   -1.29,        0.52
  662,   6.155,        2.,        1.91,   -0.65,        0.09
  663,   6.165,        6.,        2.50,   -1.14,        3.50
  664,   6.175,        2.,        3.29,   -0.50,       -1.29
  665,   6.185,        5.,        4.35,   -1.03,        0.65
  666,   6.195,       10.,        5.74,   -1.26,        4.26
  667,   6.205,        9.,        7.54,   -1.22,        1.46
  668,   6.215,       14.,        9.84,   -1.01,        4.16
  669,   6.225,       22.,       12.71,   -0.55,        9.29
  670,   6.235,       21.,       16.26,   -0.02,        4.74
  671,   6.245,       37.,       20.54,    0.99,       16.46
  672,   6.255,       23.,       25.62,    1.40,       -2.62
  673,   6.265,       38.,       31.54,    0.84,        6.46
  674,   6.275,       41.,       38.30,    1.92,        2.70
  675,   6.285,       50.,       45.85,    2.71,        4.15
  676,   6.295,       62.,       54.09,    3.27,        7.91
  677,   6.305,       67.,       62.88,    3.58,        4.12
  678,   6.315,       80.,       72.04,    3.41,        7.96
  679,   6.325,       93.,       81.29,    3.37,       11.71
  680,   6.335,      104.,       90.37,    3.01,       13.63
  681,   6.345,      108.,       98.96,    2.38,        9.04
  682,   6.355,       97.,      106.73,    2.67,       -9.73
  683,   6.365,      133.,      113.38,    1.94,       19.62
  684,   6.375,      136.,      118.61,    1.72,       17.39
  685,   6.386,      135.,      122.21,    1.37,       12.79
  686,   6.396,      126.,      124.00,    0.62,        2.00
  687,   6.406,      124.,      123.91,    0.45,        0.09
  688,   6.416,      128.,      121.94,    0.13,        6.06
  689,   6.426,      104.,      118.17,   -1.00,      -14.17
  690,   6.436,      112.,      112.77,   -1.37,       -0.77
  691,   6.446,      106.,      105.97,   -2.01,        0.03
  692,   6.456,       91.,       98.07,   -1.20,       -7.07
  693,   6.466,       86.,       89.38,   -1.98,       -3.38
  694,   6.476,       72.,       80.21,   -2.77,       -8.21
  695,   6.486,       57.,       70.89,   -3.38,      -13.89
  696,   6.496,       60.,       61.69,   -3.38,       -1.69
  697,   6.506,       47.,       52.87,   -3.40,       -5.87
  698,   6.516,       25.,       44.61,   -3.57,      -19.61
  699,   6.526,       33.,       37.07,   -2.78,       -4.07
  700,   6.536,       25.,       30.34,   -2.65,       -5.34
  701,   6.546,       31.,       24.45,   -3.02,        6.55
  702,   6.556,       19.,       19.41,   -2.31,       -0.41
  703,   6.566,       12.,       15.17,   -1.78,       -3.17
  704,   6.576,        7.,       11.67,   -1.05,       -4.67
  705,   6.586,       10.,        8.85,   -0.20,        1.15
  706,   6.596,        4.,        6.60,   -0.07,       -2.60
  707,   6.606,        3.,        4.86,    0.56,       -1.86
  708,   6.616,        3.,        3.51,    1.68,       -0.51
  709,   6.626,        2.,        2.50,    2.19,       -0.50
  710,   6.636,        1.,        1.76,    2.84,       -0.76
  711,   6.647,        1.,        1.22,    2.30,       -0.22
  712,   6.657,        1.,        0.83,    2.36,        0.17
  713,   6.667,        1.,        0.56,    2.68,        0.44
  714,   6.677,        1.,        0.37,    2.44,        0.63
  715,   6.687,        1.,        0.19,    2.29,        0.81
  716,   6.697,        1.,        0.12,    2.17,        0.88
  717,   6.707,        3.,        0.11,    1.28,        2.89
  718,   6.717,        1.,        0.13,    0.82,        0.87
  719,   6.727,        1.,        0.17,    0.64,        0.83
  720,   6.737,        1.,        0.23,    0.94,        0.77
  721,   6.747,        1.,        0.30,    1.29,        0.70
  722,   6.757,        1.,        0.39,    0.96,        0.61
  723,   6.767,        0.,        0.50,    0.85,       -0.50
  724,   6.777,        1.,        0.63,    0.55,        0.37
  725,   6.787,        1.,        0.77,    0.22,        0.23
  726,   6.797,        0.,        1.01,   -0.47,       -1.01
  727,   6.807,        0.,        1.28,   -0.22,       -1.28
  728,   6.817,        2.,        1.56,   -0.27,        0.44
  729,   6.827,        1.,        1.87,   -0.26,       -0.87
  730,   6.837,        4.,        2.22,   -0.09,        1.78
  731,   6.847,        0.,        2.62,   -0.63,       -2.62
  732,   6.857,        4.,        3.07,   -0.79,        0.93
  733,   6.867,        3.,        3.56,    0.12,       -0.56
  734,   6.877,        6.,        4.19,    0.60,        1.81
  735,   6.887,        3.,        4.80,    1.31,       -1.80
  736,   6.897,        8.,        5.47,    1.00,        2.53
  737,   6.907,        6.,        6.20,    1.01,       -0.20
  738,   6.918,        8.,        6.99,    1.01,        1.01
  739,   6.928,        5.,        7.84,    0.22,       -2.84
  740,   6.938,        6.,        8.75,    0.47,       -2.75
  741,   6.948,        8.,        9.71,    0.54,       -1.71
  742,   6.958,       15.,       10.71,   -0.30,        4.29
  743,   6.968,       17.,       11.72,    0.15,        5.28
  744,   6.978,       18.,       12.74,   -0.02,        5.26
  745,   6.988,        8.,       13.74,    0.07,       -5.74
  746,   6.998,       13.,       14.67,   -0.51,       -1.67
  747,   7.008,       15.,       15.52,   -0.49,       -0.52
  748,   7.018,        6.,       16.25,   -0.81,      -10.25
  749,   7.028,       20.,       16.82,   -0.54,        3.18
  750,   7.038,       16.,       17.22,   -0.14,       -1.22
  751,   7.048,       11.,       17.41,    0.30,       -6.41
  752,   7.058,       19.,       17.38,   -0.53,        1.62
  753,   7.068,       15.,       17.13,   -1.35,       -2.13
  754,   7.078,       16.,       16.67,   -1.96,       -0.67
  755,   7.088,       16.,       16.00,   -1.09,        0.00
  756,   7.098,       14.,       15.15,   -0.94,       -1.15
  757,   7.108,       11.,       14.20,   -1.38,       -3.20
  758,   7.118,       12.,       13.07,   -0.29,       -1.07
  759,   7.128,       14.,       11.90,   -0.64,        2.10
  760,   7.138,       11.,       10.73,   -1.00,        0.27
  761,   7.148,        6.,        9.51,   -0.55,       -3.51
  762,   7.158,        4.,        8.41,   -0.56,       -4.41
  763,   7.168,        7.,        7.39,   -0.72,       -0.39
  764,   7.179,       11.,        6.57,    0.05,        4.43
  765,   7.189,        4.,        5.79,    0.15,       -1.79
  766,   7.199,        2.,        5.18,    0.04,       -3.18
  767,   7.209,        5.,        4.73,    0.77,        0.27
  768,   7.219,        4.,        4.46,    0.34,       -0.46
  769,   7.229,        1.,        4.37,    0.14,       -3.37
  770,   7.239,        3.,        4.44,    0.22,       -1.44
  771,   7.249,        5.,        4.68,    0.12,        0.32
  772,   7.259,        1.,        5.06,    0.71,       -4.06
  773,   7.269,        8.,        5.58,    1.13,        2.42
  774,   7.279,        8.,        6.21,    0.49,        1.79
  775,   7.289,        6.,        6.92,    0.17,       -0.92
  776,   7.299,       11.,        7.61,    0.51,        3.39
  777,   7.309,        9.,        8.42,    0.18,        0.58
  778,   7.319,        6.,        9.20,    0.30,       -3.20
  779,   7.329,       10.,        9.90,    0.38,        0.10
  780,   7.339,       10.,       10.58,    0.32,       -0.58
  781,   7.349,       13.,       11.15,    0.31,        1.85
  782,   7.359,       16.,       11.59,    0.82,        4.41
  783,   7.369,        8.,       11.86,    0.44,       -3.86
  784,   7.379,        8.,       11.97,   -0.02,       -3.97
  785,   7.389,       13.,       11.91,    0.24,        1.09
  786,   7.399,       10.,       11.67,   -0.09,       -1.67
  787,   7.409,       13.,       11.28,   -0.23,        1.72
  788,   7.419,        7.,       10.74,    0.10,       -3.74
  789,   7.429,        7.,       10.08,   -0.39,       -3.08
  790,   7.439,       11.,        9.34,   -0.62,        1.66
  791,   7.450,       11.,        8.52,   -0.86,        2.48
  792,   7.460,        7.,        7.66,   -1.65,       -0.66
  793,   7.470,        2.,        6.86,   -0.88,       -4.86
  794,   7.480,        8.,        6.04,   -0.33,        1.96
  795,   7.490,        6.,        5.26,   -0.47,        0.74
  796,   7.500,        4.,        4.54,   -0.22,       -0.54
  797,   7.510,        5.,        3.89,   -0.41,        1.11
  798,   7.520,        3.,        3.35,    0.16,       -0.35
  799,   7.530,        1.,        2.90,    1.21,       -1.90
  800,   7.540,        2.,        2.54,    1.11,       -0.54
  801,   7.550,        1.,        2.28,    0.97,       -1.28
  802,   7.560,        3.,        2.11,    1.21,        0.89
  803,   7.570,        2.,        2.02,    1.28,       -0.02
  804,   7.580,        1.,        2.00,    0.72,       -1.00
  805,   7.590,        0.,        2.05,    0.51,       -2.05
  806,   7.600,        3.,        2.15,    0.28,        0.85
  807,   7.610,        4.,        2.29,    0.50,        1.71
  808,   7.620,        8.,        2.45,    0.02,        5.55
  809,   7.630,        3.,        2.63,   -0.36,        0.37
  810,   7.640,        3.,        2.81,   -0.34,        0.19
  811,   7.650,        3.,        2.92,   -0.10,        0.08
  812,   7.660,        0.,        3.10,   -0.07,       -3.10
  813,   7.670,        2.,        3.24,   -0.50,       -1.24
  814,   7.680,        1.,        3.34,   -0.31,       -2.34
  815,   7.690,        1.,        3.40,   -0.16,       -2.40
  816,   7.700,        6.,        3.41,   -0.40,        2.59
  817,   7.711,        0.,        3.37,   -0.48,       -3.37
  818,   7.721,        0.,        3.29,   -1.10,       -3.29
  819,   7.731,        2.,        3.17,   -1.04,       -1.17
  820,   7.741,        3.,        3.01,   -1.09,       -0.01
  821,   7.751,        4.,        2.82,   -1.19,        1.18
  822,   7.761,        1.,        2.60,   -0.95,       -1.60
  823,   7.771,        3.,        2.37,   -0.77,        0.63
  824,   7.781,        1.,        2.12,   -0.52,       -1.12
  825,   7.791,        1.,        1.88,   -0.41,       -0.88
  826,   7.801,        2.,        1.64,   -0.56,        0.36
  827,   7.811,        1.,        1.41,   -0.19,       -0.41
  828,   7.821,        3.,        1.20,    0.41,        1.80
  829,   7.831,        1.,        1.00,    0.48,        0.00
  830,   7.841,        1.,        0.83,    0.39,        0.17
  831,   7.851,        0.,        0.67,    0.37,       -0.67
  832,   7.861,        1.,        0.52,    0.48,        0.48
  833,   7.871,        2.,        0.42,    0.36,        1.58
  834,   7.881,        0.,        0.33,    0.46,       -0.33
  835,   7.891,        1.,        0.25,    0.38,        0.75
  836,   7.901,        0.,        0.19,    0.42,       -0.19
  837,   7.911,        0.,        0.14,    0.40,       -0.14
  838,   7.921,        0.,        0.11,    0.05,       -0.11
  839,   7.931,        0.,        0.08,    0.10,       -0.08
  840,   7.941,        1.,        0.00,    0.28,        1.00
  841,   7.951,        1.,        0.00,    0.41,        1.00
  842,   7.961,        0.,        0.00,    0.28,        0.00
  843,   7.971,        2.,        0.00,    0.15,        2.00
  844,   7.982,        0.,        0.00,    0.33,        0.00
  845,   7.992,        0.,        0.00,    0.32,        0.00
  846,   8.002,        1.,        0.00,    0.46,        1.00
  847,   8.012,        0.,        0.00,    0.45,        0.00
  848,   8.022,        1.,        0.00,    0.45,        1.00
  849,   8.032,        2.,        0.00,    0.46,        2.00
  850,   8.042,        0.,        0.00,    0.36,        0.00
  851,   8.052,        0.,        0.00,    0.23,        0.00
  852,   8.062,        0.,        0.00,    0.25,        0.00
  853,   8.072,        2.,        0.00,    0.13,        2.00
  854,   8.082,        1.,        0.00,    0.11,        1.00
  855,   8.092,        1.,        0.00,    0.15,        1.00
  856,   8.102,        0.,        0.00,    0.03,        0.00
  857,   8.112,        0.,        0.00,    0.03,        0.00
  858,   8.122,        0.,        0.00,    0.12,        0.00
  859,   8.132,        0.,        0.00,   -0.08,        0.00
  860,   8.142,        0.,        0.00,   -0.03,        0.00
  861,   8.152,        0.,        0.00,    0.02,        0.00
  862,   8.162,        0.,        0.00,    0.02,        0.00
  863,   8.172,        0.,        0.00,   -0.09,        0.00
  864,   8.182,        0.,        0.00,   -0.24,        0.00
  865,   8.192,        0.,        0.00,   -0.34,        0.00
  866,   8.202,        0.,        0.00,   -0.29,        0.00
  867,   8.212,        2.,        0.00,   -0.29,        2.00
  868,   8.222,        0.,        0.00,   -0.24,        0.00
  869,   8.232,        0.,        0.00,   -0.14,        0.00
  870,   8.243,        0.,        0.00,   -0.14,        0.00
  871,   8.253,        0.,        0.00,   -0.19,        0.00
  872,   8.263,        0.,        0.00,   -0.19,        0.00
  873,   8.273,        0.,        0.00,   -0.09,        0.00
  874,   8.283,        0.,        0.00,    0.06,        0.00
  875,   8.293,        0.,        0.00,    0.11,        0.00
  876,   8.303,        0.,        0.00,    0.11,        0.00
  877,   8.313,        0.,        0.00,   -0.10,        0.00
  878,   8.323,        0.,        0.00,   -0.10,        0.00
  879,   8.333,        0.,        0.00,   -0.10,        0.00
  880,   8.343,        0.,        0.00,   -0.10,        0.00
  881,   8.353,        0.,        0.00,    0.01,        0.00
  882,   8.363,        0.,        0.00,    0.01,        0.00
  883,   8.373,        1.,        0.00,    0.01,        1.00
  884,   8.383,        0.,        0.00,    0.01,        0.00
  885,   8.393,        0.,        0.00,    0.01,        0.00
  886,   8.403,        0.,        0.00,    0.01,        0.00
  887,   8.413,        0.,        0.00,    0.11,        0.00
  888,   8.423,        0.,        0.00,    0.11,        0.00
  889,   8.433,        0.,        0.00,    0.11,        0.00
  890,   8.443,        1.,        0.00,    0.11,        1.00
  891,   8.453,        0.,        0.00,    0.06,        0.00
  892,   8.463,        0.,        0.00,   -0.04,        0.00
  893,   8.473,        0.,        0.00,   -0.15,        0.00
  894,   8.483,        0.,        0.00,   -0.15,        0.00
  895,   8.493,        0.,        0.00,   -0.15,        0.00
  896,   8.503,        0.,        0.00,   -0.15,        0.00
  897,   8.514,        0.,        0.00,   -0.15,        0.00
  898,   8.524,        0.,        0.00,   -0.15,        0.00
  899,   8.534,        0.,        0.00,   -0.15,        0.00
  900,   8.544,        0.,        0.00,   -0.25,        0.00
  901,   8.554,        0.,        0.00,   -0.15,        0.00
  902,   8.564,        0.,        0.00,    0.01,        0.00
  903,   8.574,        0.,        0.00,    0.06,        0.00
  904,   8.584,        0.,        0.00,    0.06,        0.00
  905,   8.594,        0.,        0.00,    0.06,        0.00
  906,   8.604,        0.,        0.00,    0.06,        0.00
  907,   8.614,        0.,        0.00,    0.01,        0.00
  908,   8.624,        0.,        0.00,    0.01,        0.00
  909,   8.634,        0.,        0.00,   -0.04,        0.00
  910,   8.644,        1.,        0.00,    0.01,        1.00
  911,   8.654,        2.,        0.00,    0.01,        2.00
  912,   8.664,        0.,        0.00,    0.11,        0.00
  913,   8.674,        0.,        0.00,    0.06,        0.00
  914,   8.684,        0.,        0.00,    0.06,        0.00
  915,   8.694,        0.,        0.00,    0.01,        0.00
  916,   8.704,        0.,        0.00,   -0.04,        0.00
  917,   8.714,        0.,        0.00,    0.06,        0.00
  918,   8.724,        0.,        0.00,    0.06,        0.00
  919,   8.734,        0.,        0.00,    0.17,        0.00
  920,   8.744,        0.,        0.00,    0.06,        0.00
  921,   8.754,        1.,        0.00,   -0.14,        1.00
  922,   8.764,        0.,        0.00,   -0.14,        0.00
  923,   8.775,        0.,        0.00,   -0.04,        0.00
  924,   8.785,        0.,        0.00,   -0.04,        0.00
  925,   8.795,        0.,        0.00,    0.06,        0.00
  926,   8.805,        1.,        0.00,    0.12,        1.00
  927,   8.815,        0.,        0.00,    0.07,        0.00
  928,   8.825,        1.,        0.00,    0.07,        1.00
  929,   8.835,        0.,        0.00,    0.02,        0.00
  930,   8.845,        0.,        0.00,    0.07,        0.00
  931,   8.855,        0.,        0.00,    0.06,        0.00
  932,   8.865,        1.,        0.00,    0.06,        1.00
  933,   8.875,        0.,        0.00,    0.06,        0.00
  934,   8.885,        1.,        0.00,    0.04,        1.00
  935,   8.895,        1.,        0.00,    0.14,        1.00
  936,   8.905,        0.,        0.00,    0.23,        0.00
  937,   8.915,        0.,        0.00,    0.14,        0.00
  938,   8.925,        0.,        0.00,    0.23,        0.00
  939,   8.935,        0.,        0.00,    0.14,        0.00
  940,   8.945,        0.,        0.00,    0.14,        0.00
  941,   8.955,        0.,        0.00,    0.14,        0.00
  942,   8.965,        0.,        0.00,    0.19,        0.00
  943,   8.975,        0.,        0.00,    0.09,        0.00
  944,   8.985,        0.,        0.00,    0.09,        0.00
  945,   8.995,        1.,        0.00,   -0.01,        1.00
  946,   9.005,        1.,        0.00,   -0.11,        1.00
  947,   9.015,        0.,        0.00,   -0.06,        0.00
  948,   9.025,        1.,        0.00,   -0.06,        1.00
  949,   9.036,        0.,        0.00,   -0.01,        0.00
  950,   9.046,        0.,        0.00,   -0.01,        0.00
  951,   9.056,        0.,        0.00,   -0.01,        0.00
  952,   9.066,        0.,        0.00,   -0.01,        0.00
  953,   9.076,        0.,        0.00,    0.04,        0.00
  954,   9.086,        0.,        0.00,    0.04,        0.00
  955,   9.096,        0.,        0.00,    0.09,        0.00
  956,   9.106,        0.,        0.00,    0.05,        0.00
  957,   9.116,        0.,        0.00,   -0.05,        0.00
  958,   9.126,        0.,        0.00,   -0.05,        0.00
  959,   9.136,        0.,        0.00,   -0.15,        0.00
  960,   9.146,        0.,        0.00,   -0.15,        0.00
  961,   9.156,        0.,        0.00,   -0.15,        0.00
  962,   9.166,        0.,        0.00,   -0.15,        0.00
  963,   9.176,        0.,        0.00,   -0.15,        0.00
  964,   9.186,        0.,        0.00,   -0.15,        0.00
  965,   9.196,        0.,        0.00,   -0.15,        0.00
  966,   9.206,        0.,        0.00,   -0.20,        0.00
  967,   9.216,        0.,        0.00,   -0.15,        0.00
  968,   9.226,        0.,        0.00,   -0.15,        0.00
  969,   9.236,        0.,        0.00,   -0.10,        0.00
  970,   9.246,        0.,        0.00,   -0.10,        0.00
  971,   9.256,        0.,        0.00,   -0.10,        0.00
  972,   9.266,        0.,        0.00,   -0.10,        0.00
  973,   9.276,        0.,        0.00,   -0.10,        0.00
  974,   9.286,        0.,        0.00,   -0.10,        0.00
  975,   9.296,        0.,        0.00,   -0.15,        0.00
  976,   9.307,        0.,        0.00,    0.00,        0.00
  977,   9.317,        0.,        0.00,    0.00,        0.00
  978,   9.327,        0.,        0.00,    0.00,        0.00
  979,   9.337,        0.,        0.00,    0.00,        0.00
  980,   9.347,        0.,        0.00,    0.00,        0.00
  981,   9.357,        0.,        0.00,   -0.02,        0.00
  982,   9.367,        0.,        0.00,   -0.03,        0.00
  983,   9.377,        0.,        0.00,   -0.04,        0.00
  984,   9.387,        0.,        0.00,   -0.05,        0.00
  985,   9.397,        0.,        0.00,    0.04,        0.00
  986,   9.407,        2.,        0.00,    0.12,        2.00
  987,   9.417,        0.,        0.00,    0.11,        0.00
  988,   9.427,        0.,        0.00,    0.10,        0.00
  989,   9.437,        0.,        0.00,    0.09,        0.00
  990,   9.447,        0.,        0.00,    0.08,        0.00
  991,   9.457,        0.,        0.00,    0.09,        0.00
  992,   9.467,        0.,        0.00,    0.10,        0.00
  993,   9.477,        0.,        0.00,    0.11,        0.00
  994,   9.487,        0.,        0.00,    0.12,        0.00
  995,   9.497,        1.,        0.00,    0.13,        1.00
  996,   9.507,        1.,        0.00,    0.14,        1.00
  997,   9.517,        0.,        0.00,   -0.05,        0.00
  998,   9.527,        0.,        0.00,   -0.04,        0.00
  999,   9.537,        0.,        0.00,   -0.03,        0.00
 1000,   9.547,        0.,        0.00,   -0.02,        0.00
