 File:An·lise amostras  Solution Type:Thick  fitting 1231 channels (  70-1300)
 Channel#, E(keV),   Data,        Fit, Residual,    Data-Fit
   70,   0.419,     3479.,        3.46,    0.03,     3475.54
   71,   0.440,     3313.,        4.86,    0.01,     3308.14
   72,   0.460,     3232.,        7.38,    0.00,     3224.62
   73,   0.480,     3122.,       10.98,   -0.03,     3111.02
   74,   0.500,     3030.,       15.37,   -0.09,     3014.63
   75,   0.520,     2953.,       19.87,   -0.08,     2933.13
   76,   0.540,     2795.,       23.61,   -0.10,     2771.39
   77,   0.560,     2715.,       25.68,   -0.11,     2689.32
   78,   0.580,     2845.,       25.61,   -0.07,     2819.39
   79,   0.600,     2654.,       23.54,   -0.08,     2630.46
   80,   0.620,     2665.,       20.26,   -0.05,     2644.74
   81,   0.640,     2706.,       17.01,   -0.01,     2688.99
   82,   0.661,     2497.,       15.23,   -0.04,     2481.77
   83,   0.681,     2485.,       16.58,   -0.04,     2468.42
   84,   0.701,     2522.,       23.04,   -0.06,     2498.96
   85,   0.721,     2447.,       37.31,   -0.10,     2409.69
   86,   0.741,     2408.,       62.97,   -0.06,     2345.03
   87,   0.761,     2471.,      103.90,   -0.02,     2367.10
   88,   0.781,     2564.,      162.22,   -0.04,     2401.78
   89,   0.801,     2546.,      236.19,    0.02,     2309.81
   90,   0.821,     2662.,      317.94,    0.05,     2344.06
   91,   0.841,     2620.,      393.44,    0.05,     2226.56
   92,   0.861,     2716.,      446.27,    0.01,     2269.73
   93,   0.882,     2669.,      463.31,    0.02,     2205.69
   94,   0.902,     2604.,      440.08,   -0.07,     2163.92
   95,   0.922,     2515.,      383.29,   -0.09,     2131.71
   96,   0.942,     2444.,      307.71,   -0.12,     2136.29
   97,   0.962,     2303.,      230.62,   -0.16,     2072.38
   98,   0.982,     2232.,      165.67,   -0.13,     2066.33
   99,   1.002,     2165.,      119.46,   -0.11,     2045.54
  100,   1.022,     2109.,       91.51,   -0.15,     2017.49
  101,   1.042,     2119.,       76.71,   -0.10,     2042.29
  102,   1.062,     2126.,       68.75,   -0.07,     2057.25
  103,   1.082,     2047.,       62.34,    0.02,     1984.66
  104,   1.103,     2055.,       54.58,    0.17,     2000.42
  105,   1.123,     2022.,       44.98,    0.17,     1977.02
  106,   1.143,     2054.,       34.53,    0.05,     2019.47
  107,   1.163,     2019.,       24.58,    0.10,     1994.42
  108,   1.183,     1953.,       16.41,    0.00,     1936.59
  109,   1.203,     1916.,       10.45,   -0.07,     1905.55
  110,   1.223,     1930.,        6.63,   -0.10,     1923.37
  111,   1.243,     1858.,        4.53,   -0.30,     1853.47
  112,   1.263,     1867.,        4.45,   -0.45,     1862.55
  113,   1.283,     1930.,        6.91,   -0.45,     1923.09
  114,   1.303,     1863.,       13.79,   -0.47,     1849.21
  115,   1.324,     1864.,       28.57,   -0.22,     1835.43
  116,   1.344,     1941.,       57.23,   -0.07,     1883.77
  117,   1.364,     1992.,      107.71,   -0.17,     1884.29
  118,   1.384,     2085.,      190.22,    0.10,     1894.78
  119,   1.404,     2247.,      316.11,    0.12,     1930.89
  120,   1.424,     2404.,      495.76,    0.40,     1908.24
  121,   1.444,     2683.,      735.88,    0.75,     1947.12
  122,   1.464,     2856.,     1035.73,    0.77,     1820.27
  123,   1.484,     3325.,     1383.92,    0.43,     1941.08
  124,   1.504,     3731.,     1759.37,   -0.01,     1971.63
  125,   1.524,     3997.,     2141.44,   -0.51,     1855.56
  126,   1.545,     4336.,     2532.47,   -0.69,     1803.53
  127,   1.565,     4666.,     2988.52,   -0.68,     1677.48
  128,   1.585,     5340.,     3643.75,   -0.56,     1696.25
  129,   1.605,     6396.,     4703.46,    0.06,     1692.54
  130,   1.625,     8316.,     6385.68,    0.59,     1930.32
  131,   1.645,    10760.,     8813.49,    1.34,     1946.51
  132,   1.665,    14076.,    11894.36,    1.84,     2181.64
  133,   1.685,    17352.,    15253.88,    1.92,     2098.13
  134,   1.705,    20360.,    18284.14,    1.60,     2075.86
  135,   1.725,    22072.,    20319.48,    0.86,     1752.52
  136,   1.746,    21976.,    20875.13,   -0.07,     1100.87
  137,   1.766,    20704.,    19836.32,   -1.13,      867.68
  138,   1.786,    17888.,    17497.49,   -1.99,      390.51
  139,   1.806,    14744.,    14435.83,   -2.54,      308.17
  140,   1.826,    11484.,    11289.16,   -2.75,      194.84
  141,   1.846,     9040.,     8553.07,   -2.78,      486.93
  142,   1.866,     7306.,     6476.54,   -2.47,      829.46
  143,   1.886,     5866.,     5071.29,   -2.00,      794.71
  144,   1.906,     5296.,     4194.48,   -1.40,     1101.52
  145,   1.926,     4842.,     3646.58,   -0.65,     1195.42
  146,   1.946,     4688.,     3247.23,   -0.16,     1440.77
  147,   1.967,     4604.,     2874.62,    0.74,     1729.38
  148,   1.987,     4570.,     2473.49,    1.53,     2096.51
  149,   2.007,     4364.,     2041.54,    2.73,     2322.46
  150,   2.027,     4040.,     1606.75,    3.89,     2433.25
  151,   2.047,     3843.,     1205.32,    4.18,     2637.68
  152,   2.067,     3602.,      865.73,    3.88,     2736.27
  153,   2.087,     3394.,      603.41,    2.89,     2790.59
  154,   2.107,     3223.,      422.15,    1.88,     2800.85
  155,   2.127,     3173.,      320.34,    0.83,     2852.66
  156,   2.147,     3212.,      296.16,   -0.13,     2915.84
  157,   2.167,     3351.,      350.17,   -0.32,     3000.83
  158,   2.188,     3529.,      483.09,    0.30,     3045.91
  159,   2.208,     3768.,      690.01,    0.59,     3077.99
  160,   2.228,     4186.,      953.26,    1.30,     3232.74
  161,   2.248,     4612.,     1238.33,    1.70,     3373.67
  162,   2.268,     4808.,     1496.98,    1.60,     3311.02
  163,   2.288,     5126.,     1678.23,    1.76,     3447.77
  164,   2.308,     5132.,     1743.86,    1.49,     3388.14
  165,   2.328,     4952.,     1683.05,    0.46,     3268.95
  166,   2.348,     4954.,     1518.52,   -0.70,     3435.48
  167,   2.368,     4736.,     1303.75,   -1.64,     3432.25
  168,   2.388,     4480.,     1116.36,   -2.17,     3363.64
  169,   2.409,     4394.,     1056.02,   -1.81,     3337.98
  170,   2.429,     4762.,     1252.59,   -1.76,     3509.41
  171,   2.449,     5386.,     1880.76,   -1.22,     3505.24
  172,   2.469,     6800.,     3163.91,    0.23,     3636.09
  173,   2.489,     9232.,     5344.07,    1.94,     3887.93
  174,   2.509,    12532.,     8599.78,    3.21,     3932.22
  175,   2.529,    16968.,    12921.08,    4.21,     4046.92
  176,   2.549,    22056.,    17991.07,    4.33,     4064.93
  177,   2.569,    27640.,    23148.53,    3.82,     4491.47
  178,   2.589,    31632.,    27494.26,    2.61,     4137.74
  179,   2.609,    33984.,    30139.38,    0.89,     3844.62
  180,   2.630,    33760.,    30509.04,   -0.61,     3250.96
  181,   2.650,    31448.,    28562.39,   -2.06,     2885.61
  182,   2.670,    27488.,    24814.29,   -3.56,     2673.71
  183,   2.690,    22528.,    20146.82,   -4.29,     2381.18
  184,   2.710,    18232.,    15498.82,   -4.59,     2733.18
  185,   2.730,    14344.,    11580.49,   -4.14,     2763.51
  186,   2.750,    11724.,     8721.34,   -3.00,     3002.66
  187,   2.770,    10228.,     6882.79,   -1.46,     3345.21
  188,   2.790,     9236.,     5788.36,    0.49,     3447.64
  189,   2.810,     8632.,     5090.79,    1.86,     3541.21
  190,   2.830,     8052.,     4505.71,    3.25,     3546.29
  191,   2.851,     7522.,     3876.45,    3.51,     3645.55
  192,   2.871,     6894.,     3172.18,    2.94,     3721.82
  193,   2.891,     6162.,     2443.50,    2.12,     3718.50
  194,   2.911,     5484.,     1766.54,    0.56,     3717.46
  195,   2.931,     4694.,     1201.13,   -0.40,     3492.87
  196,   2.951,     4472.,      772.85,   -1.28,     3699.15
  197,   2.971,     4130.,      476.03,   -2.25,     3653.97
  198,   2.991,     3918.,      288.34,   -1.95,     3629.66
  199,   3.011,     4009.,      188.22,   -1.24,     3820.78
  200,   3.031,     4011.,      172.84,    0.74,     3838.16
  201,   3.051,     4166.,      281.11,    2.01,     3884.89
  202,   3.072,     4600.,      630.82,    1.83,     3969.18
  203,   3.092,     5550.,     1478.38,    1.59,     4071.62
  204,   3.112,     7468.,     3298.76,    1.14,     4169.24
  205,   3.132,    11136.,     6859.05,    0.61,     4276.95
  206,   3.152,    17144.,    13225.85,    0.57,     3918.15
  207,   3.172,    27544.,    23621.63,    0.85,     3922.37
  208,   3.192,    42560.,    39062.67,    0.99,     3497.33
  209,   3.212,    63072.,    59801.03,    1.22,     3270.97
  210,   3.232,    88544.,    84743.91,    1.46,     3800.09
  211,   3.252,   115136.,   111157.38,    1.37,     3978.63
  212,   3.272,   138176.,   134955.05,    0.75,     3220.95
  213,   3.293,   155200.,   151656.47,    0.44,     3543.53
  214,   3.313,   161152.,   157746.70,   -0.11,     3405.30
  215,   3.333,   154496.,   151895.06,   -0.77,     2600.94
  216,   3.353,   137024.,   135440.72,   -1.41,     1583.28
  217,   3.373,   113696.,   111942.04,   -1.57,     1753.96
  218,   3.393,    87328.,    85985.45,   -1.52,     1342.55
  219,   3.413,    63648.,    61839.88,   -1.55,     1808.13
  220,   3.433,    44352.,    42499.21,   -1.36,     1852.79
  221,   3.453,    31360.,    29379.81,   -1.28,     1980.19
  222,   3.473,    25160.,    22592.11,   -1.65,     2567.89
  223,   3.494,    23984.,    21491.66,   -1.79,     2492.34
  224,   3.514,    27424.,    25207.16,   -1.91,     2216.84
  225,   3.534,    34736.,    32968.10,   -1.93,     1767.90
  226,   3.554,    45472.,    44185.14,   -1.60,     1286.86
  227,   3.574,    60448.,    58313.85,   -0.51,     2134.15
  228,   3.594,    77056.,    74577.45,    0.27,     2478.55
  229,   3.614,    94816.,    91672.22,    1.43,     3143.78
  230,   3.634,   111296.,   107625.50,    2.99,     3670.50
  231,   3.654,   124992.,   119975.38,    4.51,     5016.62
  232,   3.674,   130240.,   126310.45,    5.11,     3929.55
  233,   3.694,   128864.,   125015.41,    4.82,     3848.59
  234,   3.715,   119808.,   115899.67,    4.00,     3908.33
  235,   3.735,   103360.,   100369.52,    2.63,     2990.48
  236,   3.755,    83488.,    81046.41,    0.42,     2441.59
  237,   3.775,    62864.,    60977.65,   -0.47,     1886.35
  238,   3.795,    44816.,    42808.99,   -1.01,     2007.01
  239,   3.815,    30144.,    28240.91,   -1.63,     1903.09
  240,   3.835,    19480.,    17910.99,   -1.18,     1569.01
  241,   3.855,    13496.,    11623.22,   -1.00,     1872.78
  242,   3.875,    10484.,     8718.57,   -0.73,     1765.43
  243,   3.895,     9868.,     8391.60,   -0.68,     1476.40
  244,   3.915,    11144.,     9858.06,   -1.37,     1285.94
  245,   3.936,    13212.,    12387.32,   -3.14,      824.68
  246,   3.956,    15736.,    15279.22,   -6.26,      456.78
  247,   3.976,    18240.,    17865.19,   -9.72,      374.81
  248,   3.996,    20136.,    19569.21,  -10.99,      566.79
  249,   4.016,    20280.,    20010.72,  -11.11,      269.28
  250,   4.036,    19568.,    19092.00,   -9.29,      476.00
  251,   4.056,    17576.,    17011.41,   -5.37,      564.59
  252,   4.076,    15312.,    14186.91,   -2.20,     1125.09
  253,   4.096,    12572.,    11115.90,    0.62,     1456.10
  254,   4.116,     9616.,     8232.33,    3.63,     1383.67
  255,   4.136,     7450.,     5813.77,    5.30,     1636.23
  256,   4.157,     5450.,     3961.82,    7.02,     1488.18
  257,   4.177,     4242.,     2641.72,    7.15,     1600.28
  258,   4.197,     3345.,     1748.15,    5.54,     1596.85
  259,   4.217,     2678.,     1163.76,    4.22,     1514.24
  260,   4.237,     2431.,      796.23,    1.89,     1634.77
  261,   4.257,     2144.,      592.31,    0.98,     1551.69
  262,   4.277,     2145.,      540.26,   -0.28,     1604.74
  263,   4.297,     2236.,      670.33,   -0.83,     1565.67
  264,   4.317,     2694.,     1055.04,   -0.31,     1638.96
  265,   4.337,     3369.,     1808.06,   -0.32,     1560.94
  266,   4.357,     4624.,     3069.04,    1.09,     1554.96
  267,   4.378,     6538.,     4965.93,    1.35,     1572.07
  268,   4.398,     9148.,     7555.65,    2.28,     1592.35
  269,   4.418,    12384.,    10755.73,    2.51,     1628.27
  270,   4.438,    16144.,    14296.36,    2.51,     1847.64
  271,   4.458,    19296.,    17729.56,    2.42,     1566.44
  272,   4.478,    22096.,    20510.96,    1.10,     1585.04
  273,   4.498,    23632.,    22141.87,    0.32,     1490.13
  274,   4.518,    23768.,    22321.52,   -0.31,     1446.48
  275,   4.538,    22400.,    21045.29,   -1.94,     1354.71
  276,   4.558,    19600.,    18604.21,   -2.58,      995.79
  277,   4.578,    16672.,    15485.11,   -3.07,     1186.89
  278,   4.599,    13532.,    12216.37,   -3.57,     1315.63
  279,   4.619,    10488.,     9226.20,   -3.26,     1261.80
  280,   4.639,     8020.,     6763.13,   -3.60,     1256.87
  281,   4.659,     6234.,     4893.27,   -2.41,     1340.73
  282,   4.679,     4902.,     3554.76,   -1.42,     1347.24
  283,   4.699,     4055.,     2630.28,   -1.14,     1424.72
  284,   4.719,     3382.,     2007.10,    0.31,     1374.90
  285,   4.739,     3019.,     1608.28,    0.43,     1410.72
  286,   4.759,     3030.,     1398.24,    1.09,     1631.76
  287,   4.779,     2947.,     1371.34,    2.53,     1575.66
  288,   4.799,     3257.,     1534.38,    2.59,     1722.62
  289,   4.820,     3528.,     1887.53,    3.63,     1640.47
  290,   4.840,     4168.,     2407.93,    5.41,     1760.07
  291,   4.860,     4800.,     3040.30,    4.77,     1759.70
  292,   4.880,     5280.,     3695.08,    4.45,     1584.92
  293,   4.900,     5946.,     4261.77,    2.39,     1684.23
  294,   4.920,     6392.,     4631.90,    0.75,     1760.10
  295,   4.940,     6370.,     4728.25,   -0.36,     1641.75
  296,   4.960,     6108.,     4527.05,   -1.88,     1580.95
  297,   4.980,     5606.,     4064.41,   -1.10,     1541.59
  298,   5.000,     4910.,     3424.48,   -1.62,     1485.52
  299,   5.020,     4290.,     2713.29,   -2.62,     1576.71
  300,   5.041,     3575.,     2029.96,   -2.57,     1545.04
  301,   5.061,     3090.,     1445.12,   -3.31,     1644.88
  302,   5.081,     2591.,      992.74,   -2.97,     1598.26
  303,   5.101,     2283.,      674.41,   -1.03,     1608.59
  304,   5.121,     2078.,      470.69,   -0.97,     1607.31
  305,   5.141,     1961.,      353.45,    0.63,     1607.55
  306,   5.161,     1920.,      295.67,   -0.13,     1624.33
  307,   5.181,     2025.,      275.76,   -1.04,     1749.24
  308,   5.201,     1945.,      279.15,   -1.94,     1665.85
  309,   5.221,     2115.,      296.68,   -2.96,     1818.32
  310,   5.242,     2048.,      322.64,   -3.03,     1725.36
  311,   5.262,     2096.,      352.76,   -2.59,     1743.24
  312,   5.282,     2166.,      383.78,   -3.15,     1782.22
  313,   5.302,     2135.,      412.66,   -2.73,     1722.34
  314,   5.322,     2303.,      437.12,   -3.54,     1865.88
  315,   5.342,     2404.,      455.15,   -3.44,     1948.85
  316,   5.362,     2453.,      465.90,   -2.32,     1987.10
  317,   5.382,     2470.,      468.83,   -1.41,     2001.17
  318,   5.402,     2516.,      463.87,   -0.50,     2052.13
  319,   5.422,     2549.,      451.11,   -0.09,     2097.89
  320,   5.442,     2654.,      431.13,   -1.17,     2222.87
  321,   5.463,     2638.,      405.82,   -2.06,     2232.18
  322,   5.483,     2598.,      377.63,   -2.93,     2220.38
  323,   5.503,     2648.,      350.08,   -3.13,     2297.92
  324,   5.523,     2704.,      327.31,   -1.91,     2376.69
  325,   5.543,     2691.,      315.20,    0.57,     2375.80
  326,   5.563,     2806.,      324.70,    2.19,     2481.30
  327,   5.583,     2878.,      379.99,    4.33,     2498.01
  328,   5.603,     3167.,      536.07,    5.74,     2630.93
  329,   5.623,     3811.,      911.13,    5.17,     2899.87
  330,   5.643,     4540.,     1738.97,    4.66,     2801.03
  331,   5.663,     6494.,     3442.31,    4.33,     3051.69
  332,   5.684,     9484.,     6712.07,    3.60,     2771.93
  333,   5.704,    15256.,    12558.40,    0.82,     2697.60
  334,   5.724,    24840.,    22272.60,   -0.65,     2567.40
  335,   5.744,    39664.,    37230.58,   -1.71,     2433.42
  336,   5.764,    60864.,    58498.76,   -3.66,     2365.24
  337,   5.784,    87808.,    86282.59,   -4.93,     1525.41
  338,   5.804,   121696.,   119376.21,   -4.29,     2319.79
  339,   5.824,   157056.,   154868.67,   -3.57,     2187.33
  340,   5.844,   189952.,   188351.45,   -2.93,     1600.55
  341,   5.864,   216832.,   214726.55,   -1.65,     2105.45
  342,   5.884,   233216.,   229448.75,    0.87,     3767.25
  343,   5.905,   233472.,   229807.94,    2.18,     3664.06
  344,   5.925,   219008.,   215746.48,    3.68,     3261.52
  345,   5.945,   193600.,   189876.09,    5.15,     3723.91
  346,   5.965,   160960.,   156694.22,    6.10,     4265.78
  347,   5.985,   125152.,   121309.91,    4.84,     3842.09
  348,   6.005,    91968.,    88188.56,    4.39,     3779.44
  349,   6.025,    63504.,    60320.54,    3.89,     3183.46
  350,   6.045,    41904.,    38989.40,    2.83,     2914.60
  351,   6.065,    26520.,    24058.29,    0.81,     2461.71
  352,   6.085,    17272.,    14532.50,   -0.21,     2739.50
  353,   6.105,    11480.,     9150.76,   -2.37,     2329.24
  354,   6.126,     9228.,     6850.46,   -4.13,     2377.54
  355,   6.146,     9120.,     7070.84,   -6.23,     2049.16
  356,   6.166,    11952.,     9930.32,   -7.08,     2021.68
  357,   6.186,    18064.,    16323.30,   -7.45,     1740.70
  358,   6.206,    29616.,    27931.94,   -6.70,     1684.06
  359,   6.226,    48416.,    47083.69,   -6.71,     1332.31
  360,   6.246,    77888.,    76346.67,   -4.94,     1541.33
  361,   6.266,   119616.,   117791.85,   -2.95,     1824.15
  362,   6.286,   174976.,   171982.66,   -1.12,     2993.34
  363,   6.306,   240000.,   236955.56,    1.27,     3044.44
  364,   6.326,   312064.,   307622.19,    4.32,     4441.81
  365,   6.347,   381056.,   376032.22,    5.83,     5023.78
  366,   6.367,   436992.,   432694.50,    6.75,     4297.50
  367,   6.387,   473984.,   468720.72,    6.49,     5263.28
  368,   6.407,   484480.,   478151.09,    5.70,     6328.91
  369,   6.427,   464000.,   459606.25,    4.17,     4393.75
  370,   6.447,   420224.,   416609.84,    2.53,     3614.16
  371,   6.467,   359168.,   356512.38,    1.32,     2655.63
  372,   6.487,   290304.,   288416.41,   -0.39,     1887.59
  373,   6.507,   223040.,   220953.31,   -2.61,     2086.69
  374,   6.527,   162944.,   160614.94,   -3.31,     2329.06
  375,   6.547,   113184.,   111036.98,   -3.43,     2147.02
  376,   6.568,    74976.,    73184.94,   -3.26,     1791.06
  377,   6.588,    48224.,    46107.23,   -2.02,     2116.77
  378,   6.608,    29872.,    27839.73,   -0.30,     2032.27
  379,   6.628,    18104.,    16159.31,    0.43,     1944.69
  380,   6.648,    10800.,     9058.13,    1.17,     1741.87
  381,   6.668,     6658.,     4953.54,    2.15,     1704.46
  382,   6.688,     4288.,     2716.57,    1.90,     1571.43
  383,   6.708,     2942.,     1606.20,    1.61,     1335.80
  384,   6.728,     2398.,     1176.23,    1.88,     1221.77
  385,   6.748,     2320.,     1186.46,    1.63,     1133.54
  386,   6.768,     2410.,     1532.72,   -0.12,      877.28
  387,   6.789,     2972.,     2197.44,   -1.51,      774.56
  388,   6.809,     3999.,     3218.38,   -2.11,      780.62
  389,   6.829,     5248.,     4673.44,   -1.97,      574.56
  390,   6.849,     6930.,     6677.83,   -0.84,      252.17
  391,   6.869,     9480.,     9385.76,    0.87,       94.24
  392,   6.889,    13080.,    12984.61,    1.83,       95.39
  393,   6.909,    17608.,    17662.77,    3.16,      -54.77
  394,   6.929,    23600.,    23540.62,    2.75,       59.38
  395,   6.949,    30368.,    30566.70,    2.28,     -198.70
  396,   6.969,    38160.,    38413.29,    0.06,     -253.29
  397,   6.990,    46208.,    46420.17,   -2.13,     -212.17
  398,   7.010,    52896.,    53639.89,   -5.89,     -743.89
  399,   7.030,    57840.,    59004.30,   -8.79,    -1164.30
  400,   7.050,    59824.,    61578.20,  -12.06,    -1754.20
  401,   7.070,    59424.,    60822.77,  -14.23,    -1398.77
  402,   7.090,    54800.,    56763.17,  -14.95,    -1963.17
  403,   7.110,    48656.,    49995.86,  -13.10,    -1339.86
  404,   7.130,    40000.,    41528.80,   -9.93,    -1528.80
  405,   7.150,    31520.,    32518.09,   -5.04,     -998.09
  406,   7.170,    23728.,    23999.13,   -0.89,     -271.13
  407,   7.190,    17152.,    16698.00,    4.93,      454.00
  408,   7.211,    11492.,    10965.03,    8.98,      526.97
  409,   7.231,     7504.,     6819.52,   13.41,      684.48
  410,   7.251,     4672.,     4060.90,   15.64,      611.10
  411,   7.271,     2918.,     2391.85,   16.40,      526.15
  412,   7.291,     1973.,     1515.06,   13.25,      457.94
  413,   7.311,     1560.,     1186.72,   10.38,      373.28
  414,   7.331,     1467.,     1231.40,    5.01,      235.60
  415,   7.351,     1737.,     1529.04,    0.22,      207.96
  416,   7.371,     2193.,     1992.28,   -3.22,      200.72
  417,   7.391,     2720.,     2544.30,   -3.76,      175.70
  418,   7.411,     3317.,     3105.86,   -4.71,      211.14
  419,   7.432,     3833.,     3595.23,   -2.99,      237.77
  420,   7.452,     4142.,     3937.65,   -1.31,      204.35
  421,   7.472,     4294.,     4080.23,    0.40,      213.77
  422,   7.492,     4076.,     4005.26,    1.05,       70.74
  423,   7.512,     3936.,     3733.79,    1.56,      202.21
  424,   7.532,     3464.,     3319.36,    1.60,      144.64
  425,   7.552,     2977.,     2832.61,    1.09,      144.39
  426,   7.572,     2344.,     2341.93,   -0.42,        2.07
  427,   7.592,     1974.,     1898.73,   -1.05,       75.27
  428,   7.612,     1646.,     1529.49,   -2.61,      116.51
  429,   7.632,     1273.,     1237.37,   -3.68,       35.63
  430,   7.653,      988.,     1009.65,   -5.14,      -21.65
  431,   7.673,      762.,      827.53,   -4.10,      -65.53
  432,   7.693,      640.,      674.28,   -4.99,      -34.28
  433,   7.713,      514.,      539.51,   -5.84,      -25.51
  434,   7.733,      400.,      419.79,   -5.62,      -19.79
  435,   7.753,      369.,      316.52,   -3.77,       52.48
  436,   7.773,      257.,      233.25,   -2.12,       23.75
  437,   7.793,      206.,      174.10,   -0.42,       31.90
  438,   7.813,      205.,      142.67,    1.94,       62.33
  439,   7.833,      226.,      142.74,    3.73,       83.26
  440,   7.853,      249.,      178.63,    3.81,       70.37
  441,   7.874,      305.,      255.26,    2.82,       49.74
  442,   7.894,      458.,      376.88,    2.15,       81.12
  443,   7.914,      647.,      544.64,    1.09,      102.36
  444,   7.934,      834.,      753.41,   -0.15,       80.59
  445,   7.954,     1059.,      989.66,   -1.52,       69.34
  446,   7.974,     1280.,     1231.09,   -0.67,       48.91
  447,   7.994,     1520.,     1448.93,   -0.84,       71.07
  448,   8.014,     1694.,     1613.58,   -0.63,       80.42
  449,   8.034,     1715.,     1701.62,    0.49,       13.38
  450,   8.054,     1838.,     1702.04,    1.35,      135.96
  451,   8.074,     1694.,     1619.87,    1.61,       74.13
  452,   8.095,     1601.,     1474.87,    1.39,      126.13
  453,   8.115,     1442.,     1296.82,    1.83,      145.18
  454,   8.135,     1250.,     1117.40,    2.59,      132.60
  455,   8.155,     1047.,      962.66,    2.01,       84.34
  456,   8.175,      893.,      847.46,    2.12,       45.54
  457,   8.195,      855.,      773.79,    1.65,       81.21
  458,   8.215,      776.,      732.55,    0.15,       43.45
  459,   8.235,      773.,      708.07,   -1.84,       64.93
  460,   8.255,      765.,      683.68,   -2.33,       81.32
  461,   8.275,      709.,      646.55,   -2.92,       62.45
  462,   8.295,      624.,      590.40,   -2.25,       33.60
  463,   8.316,      542.,      516.10,   -1.83,       25.90
  464,   8.336,      447.,      430.03,   -0.62,       16.97
  465,   8.356,      397.,      341.39,   -0.02,       55.61
  466,   8.376,      276.,      259.39,   -0.19,       16.61
  467,   8.396,      259.,      191.49,   -0.62,       67.51
  468,   8.416,      203.,      142.31,   -0.42,       60.69
  469,   8.436,      157.,      113.78,   -0.66,       43.22
  470,   8.456,      147.,      106.11,   -0.12,       40.89
  471,   8.476,      171.,      118.16,   -0.03,       52.84
  472,   8.496,      169.,      147.75,   -0.04,       21.25
  473,   8.516,      221.,      191.88,   -0.65,       29.12
  474,   8.537,      258.,      246.05,   -1.38,       11.95
  475,   8.557,      330.,      304.27,   -2.06,       25.73
  476,   8.577,      406.,      359.21,   -1.31,       46.79
  477,   8.597,      409.,      403.26,   -1.78,        5.74
  478,   8.617,      483.,      429.86,   -0.44,       53.14
  479,   8.637,      473.,      435.00,    0.19,       38.00
  480,   8.657,      452.,      418.30,    1.35,       33.70
  481,   8.677,      439.,      383.17,    1.60,       55.83
  482,   8.697,      379.,      336.20,    1.54,       42.80
  483,   8.717,      341.,      285.69,    2.17,       55.31
  484,   8.738,      279.,      239.83,    1.90,       39.17
  485,   8.758,      254.,      205.16,    1.26,       48.84
  486,   8.778,      210.,      185.51,    0.94,       24.49
  487,   8.798,      213.,      181.53,    0.55,       31.47
  488,   8.818,      223.,      190.99,   -0.21,       32.01
  489,   8.838,      242.,      209.18,   -1.36,       32.82
  490,   8.858,      256.,      230.17,   -1.18,       25.83
  491,   8.878,      266.,      248.02,   -2.05,       17.98
  492,   8.898,      285.,      257.72,   -1.81,       27.28
  493,   8.918,      277.,      256.36,   -2.04,       20.64
  494,   8.938,      254.,      243.39,   -0.85,       10.61
  495,   8.959,      259.,      220.47,   -1.05,       38.53
  496,   8.979,      212.,      190.91,   -0.26,       21.09
  497,   8.999,      183.,      158.78,    0.37,       24.22
  498,   9.019,      149.,      127.84,    0.84,       21.16
  499,   9.039,      153.,      100.89,    0.78,       52.11
  500,   9.059,      100.,       79.78,    1.34,       20.22
  501,   9.079,      102.,       65.02,    0.77,       36.98
  502,   9.099,       91.,       56.21,    0.49,       34.79
  503,   9.119,       86.,       52.25,    0.13,       33.75
  504,   9.139,       68.,       51.63,    0.18,       16.37
  505,   9.159,       78.,       52.75,   -1.25,       25.25
  506,   9.180,       77.,       54.02,   -0.75,       22.98
  507,   9.200,       74.,       54.18,   -1.12,       19.82
  508,   9.220,       70.,       52.63,   -0.94,       17.37
  509,   9.240,       77.,       49.00,   -1.31,       28.00
  510,   9.260,       75.,       43.70,    0.58,       31.30
  511,   9.280,       66.,       37.35,    1.26,       28.65
  512,   9.300,       62.,       30.82,    2.04,       31.18
  513,   9.320,       58.,       24.98,    2.64,       33.02
  514,   9.340,       52.,       20.71,    3.76,       31.29
  515,   9.360,       54.,       18.67,    3.24,       35.33
  516,   9.380,       50.,       19.20,    2.41,       30.80
  517,   9.401,       46.,       22.61,    1.57,       23.39
  518,   9.421,       41.,       29.04,   -0.05,       11.96
  519,   9.441,       68.,       38.45,   -0.92,       29.55
  520,   9.461,       68.,       50.56,   -1.22,       17.44
  521,   9.481,       71.,       64.79,   -2.21,        6.21
  522,   9.501,       90.,       80.30,   -2.22,        9.70
  523,   9.521,       94.,       96.04,   -2.38,       -2.04
  524,   9.541,      125.,      110.81,   -1.63,       14.19
  525,   9.561,      136.,      123.74,   -2.15,       12.26
  526,   9.581,      141.,      134.10,   -1.68,        6.90
  527,   9.601,      159.,      141.59,   -1.67,       17.41
  528,   9.622,      167.,      146.19,   -0.64,       20.81
  529,   9.642,      166.,      148.05,   -0.13,       17.95
  530,   9.662,      152.,      147.22,   -0.03,        4.78
  531,   9.682,      165.,      143.69,    0.41,       21.31
  532,   9.702,      142.,      137.32,    1.00,        4.68
  533,   9.722,      164.,      128.13,    1.00,       35.87
  534,   9.742,      128.,      116.39,    0.28,       11.61
  535,   9.762,      111.,      102.67,    0.30,        8.33
  536,   9.782,      110.,       88.08,    0.69,       21.92
  537,   9.802,      102.,       73.70,    0.77,       28.30
  538,   9.822,       86.,       60.71,    1.72,       25.29
  539,   9.843,       64.,       50.05,    1.22,       13.95
  540,   9.863,       56.,       42.34,    0.81,       13.66
  541,   9.883,       53.,       37.80,    1.04,       15.20
  542,   9.903,       56.,       36.52,   -0.19,       19.48
  543,   9.923,       63.,       38.20,   -1.10,       24.80
  544,   9.943,       61.,       42.46,   -1.58,       18.54
  545,   9.963,       54.,       48.76,   -1.21,        5.24
  546,   9.983,       71.,       56.47,   -1.88,       14.53
  547,  10.003,       65.,       64.80,   -1.10,        0.20
  548,  10.023,       87.,       72.77,   -1.02,       14.23
  549,  10.043,       90.,       79.36,   -0.81,       10.64
  550,  10.064,      108.,       83.63,   -1.12,       24.37
  551,  10.084,       92.,       84.85,   -0.24,        7.15
  552,  10.104,      115.,       82.79,    0.11,       32.21
  553,  10.124,       93.,       77.54,    1.03,       15.46
  554,  10.144,       96.,       69.75,    1.91,       26.25
  555,  10.164,       76.,       60.43,    2.74,       15.57
  556,  10.184,       72.,       50.69,    2.24,       21.31
  557,  10.204,       65.,       41.74,    3.26,       23.26
  558,  10.224,       51.,       34.39,    1.83,       16.61
  559,  10.244,       49.,       29.23,    1.15,       19.77
  560,  10.264,       46.,       26.51,    0.17,       19.49
  561,  10.285,       38.,       26.24,   -0.04,       11.76
  562,  10.305,       47.,       28.04,   -1.25,       18.96
  563,  10.325,       49.,       31.54,   -0.22,       17.46
  564,  10.345,       40.,       36.18,   -0.24,        3.82
  565,  10.365,       47.,       41.45,   -0.39,        5.55
  566,  10.385,       46.,       46.95,   -1.48,       -0.95
  567,  10.405,       53.,       52.25,   -1.30,        0.75
  568,  10.425,       80.,       57.10,   -2.10,       22.90
  569,  10.445,       78.,       61.25,   -1.77,       16.75
  570,  10.465,       71.,       64.44,   -1.12,        6.56
  571,  10.486,       67.,       66.41,   -0.02,        0.59
  572,  10.506,       78.,       66.89,    1.12,       11.11
  573,  10.526,       60.,       65.62,    1.81,       -5.62
  574,  10.546,       79.,       62.56,    0.94,       16.44
  575,  10.566,       64.,       57.86,    0.03,        6.14
  576,  10.586,       68.,       51.93,   -0.31,       16.07
  577,  10.606,       59.,       45.36,   -0.66,       13.64
  578,  10.626,       41.,       38.73,   -1.74,        2.27
  579,  10.646,       36.,       32.62,   -0.40,        3.38
  580,  10.666,       30.,       27.44,   -0.78,        2.56
  581,  10.686,       27.,       23.39,   -0.46,        3.61
  582,  10.707,       24.,       20.47,   -0.81,        3.53
  583,  10.727,       19.,       18.50,   -0.73,        0.50
  584,  10.747,       25.,       17.32,   -1.10,        7.68
  585,  10.767,       22.,       16.75,   -0.69,        5.25
  586,  10.787,       27.,       16.54,   -0.70,       10.46
  587,  10.807,       32.,       16.60,   -0.25,       15.40
  588,  10.827,       30.,       16.73,    0.11,       13.27
  589,  10.847,       24.,       16.91,    1.03,        7.09
  590,  10.867,       23.,       16.99,    0.84,        6.01
  591,  10.887,       22.,       16.81,    1.27,        5.19
  592,  10.907,       25.,       16.31,    1.83,        8.69
  593,  10.928,       23.,       15.48,    1.40,        7.52
  594,  10.948,       27.,       14.29,    0.46,       12.71
  595,  10.968,       23.,       12.81,    0.91,       10.19
  596,  10.988,       22.,       11.16,    0.80,       10.84
  597,  11.008,       24.,        9.48,    0.47,       14.52
  598,  11.028,       21.,        7.89,    0.83,       13.11
  599,  11.048,       12.,        6.41,    0.68,        5.59
  600,  11.068,       18.,        5.23,    0.19,       12.77
  601,  11.088,        9.,        4.23,   -0.56,        4.77
  602,  11.108,        4.,        3.42,   -0.93,        0.58
  603,  11.128,       11.,        2.78,   -1.47,        8.22
  604,  11.149,        7.,        2.29,   -1.91,        4.71
  605,  11.169,       12.,        1.97,   -0.94,       10.03
  606,  11.189,        7.,        1.79,   -1.38,        5.21
  607,  11.209,       10.,        1.76,   -1.14,        8.24
  608,  11.229,       10.,        1.83,    0.09,        8.17
  609,  11.249,       13.,        2.04,    0.80,       10.96
  610,  11.269,       13.,        2.28,    0.86,       10.72
  611,  11.289,       12.,        2.52,    1.45,        9.48
  612,  11.309,        9.,        2.71,    2.12,        6.29
  613,  11.329,        8.,        2.83,    1.08,        5.17
  614,  11.349,       13.,        2.86,    1.08,       10.14
  615,  11.370,        9.,        2.78,    0.75,        6.22
  616,  11.390,       13.,        2.62,    0.54,       10.38
  617,  11.410,       12.,        2.42,   -0.06,        9.58
  618,  11.430,        7.,        2.22,    0.42,        4.78
  619,  11.450,        9.,        2.18,    0.72,        6.82
  620,  11.470,       10.,        2.20,    0.73,        7.80
  621,  11.490,        8.,        2.36,    1.30,        5.64
  622,  11.510,        7.,        2.73,    0.64,        4.27
  623,  11.530,       11.,        3.36,    0.25,        7.64
  624,  11.550,       10.,        4.33,    0.94,        5.67
  625,  11.570,        9.,        5.74,    0.56,        3.26
  626,  11.591,       11.,        7.77,   -0.44,        3.23
  627,  11.611,       14.,       10.49,   -0.25,        3.51
  628,  11.631,       18.,       14.05,   -0.03,        3.95
  629,  11.651,       23.,       18.43,   -1.13,        4.57
  630,  11.671,       21.,       23.55,   -1.43,       -2.55
  631,  11.691,       25.,       29.16,   -1.02,       -4.16
  632,  11.711,       41.,       34.91,   -0.18,        6.09
  633,  11.731,       42.,       40.33,   -0.65,        1.67
  634,  11.751,       37.,       44.94,   -0.58,       -7.94
  635,  11.771,       47.,       48.32,   -1.21,       -1.32
  636,  11.791,       53.,       50.16,   -0.49,        2.84
  637,  11.812,       58.,       50.31,   -0.41,        7.69
  638,  11.832,       49.,       48.96,   -1.32,        0.04
  639,  11.852,       46.,       46.23,   -0.65,       -0.23
  640,  11.872,       36.,       42.46,   -0.46,       -6.46
  641,  11.892,       45.,       37.99,   -0.07,        7.01
  642,  11.912,       29.,       33.18,    0.14,       -4.18
  643,  11.932,       23.,       28.29,   -0.66,       -5.29
  644,  11.952,       35.,       23.58,   -0.41,       11.42
  645,  11.972,       13.,       19.21,   -0.46,       -6.21
  646,  11.992,       18.,       15.54,    0.02,        2.46
  647,  12.012,       18.,       12.65,   -0.10,        5.35
  648,  12.033,       12.,       10.91,    0.32,        1.09
  649,  12.053,       16.,       10.59,    0.98,        5.41
  650,  12.073,       17.,       12.13,    0.26,        4.87
  651,  12.093,       18.,       15.95,    0.94,        2.05
  652,  12.113,       24.,       22.54,   -0.07,        1.46
  653,  12.133,       29.,       32.26,   -0.89,       -3.26
  654,  12.153,       50.,       45.35,   -1.77,        4.65
  655,  12.173,       72.,       61.45,   -2.41,       10.55
  656,  12.193,       94.,       79.93,   -2.03,       14.07
  657,  12.213,       95.,       99.41,   -2.06,       -4.41
  658,  12.234,      109.,      118.09,   -1.32,       -9.09
  659,  12.254,      125.,      134.08,   -0.72,       -9.08
  660,  12.274,      151.,      145.42,   -0.66,        5.58
  661,  12.294,      173.,      150.70,   -0.19,       22.30
  662,  12.314,      165.,      149.27,    0.55,       15.73
  663,  12.334,      159.,      141.37,    1.80,       17.63
  664,  12.354,      139.,      128.08,    2.10,       10.92
  665,  12.374,      124.,      111.07,    2.65,       12.93
  666,  12.394,      118.,       92.25,    3.02,       25.75
  667,  12.414,      107.,       73.47,    2.88,       33.53
  668,  12.434,       82.,       56.14,    2.96,       25.86
  669,  12.455,       44.,       41.26,    2.07,        2.74
  670,  12.475,       37.,       29.29,    2.00,        7.71
  671,  12.495,       36.,       20.31,    1.43,       15.69
  672,  12.515,       29.,       14.15,    1.14,       14.85
  673,  12.535,       21.,       10.60,    0.05,       10.40
  674,  12.555,       15.,        9.50,   -0.82,        5.50
  675,  12.575,       23.,       10.81,    0.02,       12.19
  676,  12.595,       21.,       14.69,   -0.41,        6.31
  677,  12.615,       31.,       21.45,   -0.63,        9.55
  678,  12.635,       35.,       31.36,   -1.65,        3.64
  679,  12.655,       46.,       44.59,   -1.06,        1.41
  680,  12.676,       73.,       60.97,   -0.96,       12.03
  681,  12.696,       78.,       79.93,   -1.64,       -1.93
  682,  12.716,      103.,      100.40,   -1.56,        2.60
  683,  12.736,      106.,      120.71,   -2.30,      -14.71
  684,  12.756,      146.,      139.04,   -2.33,        6.96
  685,  12.776,      155.,      153.54,   -2.43,        1.46
  686,  12.796,      164.,      162.72,   -2.34,        1.28
  687,  12.816,      175.,      165.72,   -1.70,        9.28
  688,  12.836,      158.,      162.46,   -1.25,       -4.46
  689,  12.856,      163.,      153.58,    0.29,        9.42
  690,  12.876,      141.,      140.33,    1.18,        0.67
  691,  12.897,      138.,      124.23,    1.72,       13.77
  692,  12.917,      120.,      106.83,    2.04,       13.17
  693,  12.937,      101.,       89.46,    1.99,       11.54
  694,  12.957,       97.,       73.11,    2.22,       23.89
  695,  12.977,       89.,       58.40,    2.00,       30.60
  696,  12.997,       61.,       45.62,    2.52,       15.38
  697,  13.017,       40.,       34.85,    2.17,        5.15
  698,  13.037,       38.,       26.10,    2.04,       11.90
  699,  13.057,       21.,       19.09,    2.06,        1.91
  700,  13.077,       26.,       13.68,    0.81,       12.32
  701,  13.097,       18.,        9.71,   -0.76,        8.29
  702,  13.118,       11.,        6.93,   -1.86,        4.07
  703,  13.138,       11.,        5.19,   -2.20,        5.81
  704,  13.158,       12.,        4.31,   -3.39,        7.69
  705,  13.178,       12.,        4.15,   -3.17,        7.85
  706,  13.198,        9.,        4.58,   -2.63,        4.42
  707,  13.218,        9.,        5.59,   -1.59,        3.41
  708,  13.238,        8.,        7.09,   -0.95,        0.91
  709,  13.258,        5.,        9.16,   -0.19,       -4.16
  710,  13.278,       17.,       11.74,    0.16,        5.26
  711,  13.298,       25.,       14.86,   -0.28,       10.14
  712,  13.318,       27.,       18.57,   -0.50,        8.43
  713,  13.339,       31.,       22.74,   -0.30,        8.26
  714,  13.359,       39.,       27.20,    0.20,       11.80
  715,  13.379,       41.,       31.67,    0.60,        9.33
  716,  13.399,       45.,       35.77,    0.73,        9.23
  717,  13.419,       41.,       39.10,    1.19,        1.90
  718,  13.439,       44.,       41.25,    1.64,        2.75
  719,  13.459,       50.,       41.92,    1.17,        8.08
  720,  13.479,       40.,       41.01,    0.71,       -1.01
  721,  13.499,       45.,       38.56,   -0.15,        6.44
  722,  13.519,       51.,       34.84,   -0.29,       16.16
  723,  13.539,       43.,       30.17,    0.53,       12.83
  724,  13.560,       27.,       25.19,    0.66,        1.81
  725,  13.580,       26.,       20.19,    0.58,        5.81
  726,  13.600,       17.,       15.55,    1.20,        1.45
  727,  13.620,       18.,       11.58,    1.18,        6.42
  728,  13.640,       16.,        8.33,    0.34,        7.67
  729,  13.660,        7.,        5.84,   -1.01,        1.16
  730,  13.680,        7.,        4.05,   -1.16,        2.95
  731,  13.700,        4.,        2.87,   -1.71,        1.13
  732,  13.720,        5.,        2.16,   -1.81,        2.84
  733,  13.740,        5.,        1.83,   -2.03,        3.17
  734,  13.760,        2.,        1.76,   -2.09,        0.24
  735,  13.781,        4.,        1.85,   -0.97,        2.15
  736,  13.801,        2.,        2.08,   -0.71,       -0.08
  737,  13.821,        4.,        2.25,    0.05,        1.75
  738,  13.841,        6.,        2.59,   -0.01,        3.41
  739,  13.861,        5.,        2.87,   -0.41,        2.13
  740,  13.881,        8.,        3.13,    0.48,        4.87
  741,  13.901,        9.,        3.43,    0.31,        5.57
  742,  13.921,        9.,        3.81,    0.59,        5.19
  743,  13.941,        4.,        4.34,    0.71,       -0.34
  744,  13.961,        7.,        5.09,   -0.25,        1.91
  745,  13.982,        9.,        6.10,    0.88,        2.90
  746,  14.002,        9.,        7.39,    0.03,        1.61
  747,  14.022,       12.,        8.91,   -0.64,        3.09
  748,  14.042,       14.,       10.58,   -0.67,        3.42
  749,  14.062,        8.,       12.27,   -0.35,       -4.27
  750,  14.082,       23.,       13.80,   -0.41,        9.20
  751,  14.102,       16.,       15.00,   -0.86,        1.00
  752,  14.122,       18.,       15.74,   -0.21,        2.26
  753,  14.142,       21.,       15.86,    0.32,        5.14
  754,  14.162,       18.,       15.45,    0.03,        2.55
  755,  14.182,       16.,       14.47,    0.48,        1.53
  756,  14.203,       13.,       13.03,   -0.11,       -0.03
  757,  14.223,       17.,       11.27,    0.26,        5.73
  758,  14.243,       16.,        9.38,    0.21,        6.62
  759,  14.263,        8.,        7.49,    0.09,        0.51
  760,  14.283,        8.,        5.75,    0.47,        2.25
  761,  14.303,        8.,        4.24,    0.62,        3.76
  762,  14.323,        7.,        3.00,    1.04,        4.00
  763,  14.343,        4.,        2.03,    0.52,        1.97
  764,  14.363,        5.,        1.33,   -0.52,        3.67
  765,  14.383,        5.,        0.77,    0.01,        4.23
  766,  14.403,        6.,        0.44,    0.00,        5.56
  767,  14.424,        1.,        0.25,   -0.26,        0.75
  768,  14.444,        3.,        0.14,   -0.08,        2.86
  769,  14.464,        2.,        0.08,    0.51,        1.92
  770,  14.484,        2.,        0.00,    1.24,        2.00
  771,  14.504,        1.,        0.00,    0.67,        1.00
  772,  14.524,        2.,        0.00,   -0.08,        2.00
  773,  14.544,        5.,        0.00,    0.08,        5.00
  774,  14.564,        3.,        0.00,   -0.10,        3.00
  775,  14.584,        7.,        0.00,   -0.20,        7.00
  776,  14.604,        1.,        0.00,    0.55,        1.00
  777,  14.624,        0.,        0.03,    0.90,       -0.03
  778,  14.645,        1.,        0.05,    0.93,        0.95
  779,  14.665,        0.,        0.08,    0.54,       -0.08
  780,  14.685,        1.,        0.15,    0.05,        0.85
  781,  14.705,        5.,        0.23,   -0.91,        4.77
  782,  14.725,        1.,        0.35,   -1.03,        0.65
  783,  14.745,        0.,        0.50,   -1.12,       -0.50
  784,  14.765,        3.,        0.69,   -1.53,        2.31
  785,  14.785,        1.,        0.92,   -1.06,        0.08
  786,  14.805,        2.,        1.18,   -0.44,        0.82
  787,  14.825,        2.,        1.46,   -0.57,        0.54
  788,  14.845,        1.,        1.74,   -0.31,       -0.74
  789,  14.866,        2.,        2.01,   -0.22,       -0.01
  790,  14.886,        2.,        2.23,    0.10,       -0.23
  791,  14.906,        5.,        2.39,   -0.05,        2.61
  792,  14.926,        3.,        2.47,   -0.55,        0.53
  793,  14.946,        5.,        2.47,   -0.38,        2.53
  794,  14.966,        3.,        2.37,    0.06,        0.63
  795,  14.986,        7.,        2.19,    0.22,        4.81
  796,  15.006,        1.,        1.95,    0.62,       -0.95
  797,  15.026,        1.,        1.68,    0.01,       -0.68
  798,  15.046,        1.,        1.39,    0.56,       -0.39
  799,  15.066,        3.,        1.10,    0.05,        1.90
  800,  15.087,        2.,        0.84,    0.04,        1.16
  801,  15.107,        3.,        0.62,   -0.98,        2.38
  802,  15.127,        0.,        0.44,   -0.31,       -0.44
  803,  15.147,        4.,        0.27,    0.12,        3.73
  804,  15.167,        1.,        0.18,    0.15,        0.82
  805,  15.187,        1.,        0.11,    0.47,        0.89
  806,  15.207,        0.,        0.07,    0.32,       -0.07
  807,  15.227,        3.,        0.00,    0.49,        3.00
  808,  15.247,        1.,        0.00,    0.49,        1.00
  809,  15.267,        1.,        0.00,   -0.05,        1.00
  810,  15.287,        3.,        0.00,    0.22,        3.00
  811,  15.308,        0.,        0.00,    0.40,        0.00
  812,  15.328,        2.,        0.00,    0.42,        2.00
  813,  15.348,        0.,        0.00,    0.20,        0.00
  814,  15.368,        1.,        0.00,   -0.09,        1.00
  815,  15.388,        3.,        0.00,   -1.08,        3.00
  816,  15.408,        1.,        0.00,   -1.15,        1.00
  817,  15.428,        0.,        0.00,   -1.78,        0.00
  818,  15.448,        2.,        0.00,   -1.93,        2.00
  819,  15.468,        0.,        0.00,   -2.45,        0.00
  820,  15.488,        0.,        0.00,   -1.68,        0.00
  821,  15.508,        1.,        0.00,   -1.14,        1.00
  822,  15.529,        0.,        0.00,   -1.40,        0.00
  823,  15.549,        1.,        0.00,   -0.78,        1.00
  824,  15.569,        3.,        0.06,    0.04,        2.94
  825,  15.589,        1.,        0.09,   -0.05,        0.91
  826,  15.609,        6.,        0.15,    0.56,        5.85
  827,  15.629,        6.,        0.23,    0.96,        5.77
  828,  15.649,        3.,        0.34,    1.57,        2.66
  829,  15.669,        5.,        0.48,    1.90,        4.52
  830,  15.689,        9.,        0.65,    2.75,        8.35
  831,  15.709,        5.,        0.85,    3.59,        4.15
  832,  15.730,        6.,        1.07,    3.69,        4.93
  833,  15.750,        5.,        1.29,    3.08,        3.71
  834,  15.770,        5.,        1.49,    2.19,        3.51
  835,  15.790,        4.,        1.66,    1.80,        2.34
  836,  15.810,        8.,        1.77,    1.08,        6.23
  837,  15.830,        9.,        1.82,   -0.07,        7.18
  838,  15.850,        4.,        1.80,   -0.45,        2.20
  839,  15.870,        5.,        1.70,   -0.35,        3.30
  840,  15.890,        2.,        1.55,   -0.29,        0.45
  841,  15.910,        3.,        1.36,   -0.20,        1.64
  842,  15.930,        1.,        1.16,   -0.17,       -0.16
  843,  15.951,        1.,        0.95,   -0.34,        0.05
  844,  15.971,        2.,        0.77,   -1.41,        1.23
  845,  15.991,        3.,        0.61,   -1.37,        2.39
  846,  16.011,        2.,        0.48,   -1.62,        1.52
  847,  16.031,        3.,        0.38,   -1.42,        2.62
  848,  16.051,        1.,        0.30,   -1.42,        0.70
  849,  16.071,        1.,        0.25,   -0.89,        0.75
  850,  16.091,        0.,        0.15,    0.17,       -0.15
  851,  16.111,        0.,        0.14,    0.15,       -0.14
  852,  16.131,        1.,        0.13,    0.27,        0.87
  853,  16.151,        0.,        0.12,    0.06,       -0.12
  854,  16.172,        1.,        0.10,   -0.07,        0.90
  855,  16.192,        0.,        0.08,   -0.19,       -0.08
  856,  16.212,        3.,        0.07,   -0.31,        2.93
  857,  16.232,        0.,        0.05,   -0.27,       -0.05
  858,  16.252,        2.,        0.04,    0.12,        1.96
  859,  16.272,        0.,        0.03,    0.03,       -0.03
  860,  16.292,        1.,        0.02,    0.27,        0.98
  861,  16.312,        0.,        0.01,    0.19,       -0.01
  862,  16.332,        0.,        0.01,    0.19,       -0.01
  863,  16.352,        0.,        0.00,   -0.12,        0.00
  864,  16.372,        1.,        0.00,   -0.20,        1.00
  865,  16.393,        0.,        0.00,   -0.35,        0.00
  866,  16.413,        0.,        0.00,   -0.35,        0.00
  867,  16.433,        0.,        0.00,   -0.42,        0.00
  868,  16.453,        0.,        0.00,   -0.34,        0.00
  869,  16.473,        1.,        0.01,   -0.08,        0.99
  870,  16.493,        0.,        0.02,   -0.01,       -0.02
  871,  16.513,        1.,        0.03,   -0.02,        0.97
  872,  16.533,        0.,        0.05,   -0.12,       -0.05
  873,  16.553,        0.,        0.07,   -0.06,       -0.07
  874,  16.573,        1.,        0.10,   -0.01,        0.90
  875,  16.593,        0.,        0.13,   -0.05,       -0.13
  876,  16.614,        1.,        0.17,   -0.08,        0.83
  877,  16.634,        1.,        0.21,    0.28,        0.79
  878,  16.654,        0.,        0.25,    0.24,       -0.25
  879,  16.674,        0.,        0.28,    0.13,       -0.28
  880,  16.694,        1.,        0.31,    0.27,        0.69
  881,  16.714,        0.,        0.33,    0.09,       -0.33
  882,  16.734,        1.,        0.34,    0.17,        0.66
  883,  16.754,        2.,        0.33,    0.01,        1.67
  884,  16.774,        1.,        0.31,   -0.05,        0.69
  885,  16.794,        0.,        0.28,    0.14,       -0.28
  886,  16.814,        1.,        0.25,    0.17,        0.75
  887,  16.835,        0.,        0.21,    0.13,       -0.21
  888,  16.855,        0.,        0.17,    0.08,       -0.17
  889,  16.875,        0.,        0.13,    0.05,       -0.13
  890,  16.895,        0.,        0.10,   -0.15,       -0.10
  891,  16.915,        1.,        0.07,   -0.28,        0.93
  892,  16.935,        0.,        0.05,   -0.26,       -0.05
  893,  16.955,        0.,        0.03,   -0.31,       -0.03
  894,  16.975,        0.,        0.02,   -0.14,       -0.02
  895,  16.995,        0.,        0.01,   -0.04,       -0.01
  896,  17.015,        0.,        0.00,    0.05,        0.00
  897,  17.035,        0.,        0.00,    0.14,        0.00
  898,  17.056,        0.,        0.00,   -0.01,        0.00
  899,  17.076,        0.,        0.00,   -0.08,        0.00
  900,  17.096,        1.,        0.01,   -0.07,        0.99
  901,  17.116,        0.,        0.01,   -0.22,       -0.01
  902,  17.136,        0.,        0.02,   -0.13,       -0.02
  903,  17.156,        0.,        0.03,   -0.12,       -0.03
  904,  17.176,        0.,        0.05,   -0.03,       -0.05
  905,  17.196,        0.,        0.07,    0.20,       -0.07
  906,  17.216,        0.,        0.12,    0.09,       -0.12
  907,  17.236,        0.,        0.17,    0.05,       -0.17
  908,  17.256,        1.,        0.23,    0.17,        0.77
  909,  17.277,        0.,        0.30,    0.10,       -0.30
  910,  17.297,        0.,        0.37,    0.03,       -0.37
  911,  17.317,        2.,        0.46,   -0.06,        1.54
  912,  17.337,        0.,        0.54,   -0.07,       -0.54
  913,  17.357,        2.,        0.63,    0.25,        1.37
  914,  17.377,        1.,        0.71,    0.18,        0.29
  915,  17.397,        0.,        0.77,   -0.05,       -0.77
  916,  17.417,        0.,        0.82,   -0.09,       -0.82
  917,  17.437,        1.,        0.84,    0.21,        0.16
  918,  17.457,        1.,        0.84,    0.05,        0.16
  919,  17.478,        2.,        0.82,    0.08,        1.18
  920,  17.498,        0.,        0.77,   -0.20,       -0.77
  921,  17.518,        0.,        0.70,   -0.21,       -0.70
  922,  17.538,        0.,        0.62,   -0.13,       -0.62
  923,  17.558,        2.,        0.53,   -0.05,        1.47
  924,  17.578,        1.,        0.44,   -0.04,        0.56
  925,  17.598,        0.,        0.35,   -0.11,       -0.35
  926,  17.618,        0.,        0.27,   -0.19,       -0.27
  927,  17.638,        0.,        0.19,   -0.05,       -0.19
  928,  17.658,        0.,        0.14,    0.00,       -0.14
  929,  17.678,        0.,        0.09,    0.03,       -0.09
  930,  17.699,        0.,        0.06,   -0.03,       -0.06
  931,  17.719,        0.,        0.04,   -0.11,       -0.04
  932,  17.739,        0.,        0.03,    0.05,       -0.03
  933,  17.759,        0.,        0.00,    0.03,        0.00
  934,  17.779,        0.,        0.00,    0.00,        0.00
  935,  17.799,        0.,        0.00,   -0.20,        0.00
  936,  17.819,        1.,        0.00,   -0.14,        1.00
  937,  17.839,        0.,        0.00,   -0.17,        0.00
  938,  17.859,        0.,        0.00,   -0.19,        0.00
  939,  17.879,        0.,        0.00,   -0.21,        0.00
  940,  17.899,        0.,        0.00,   -0.23,        0.00
  941,  17.920,        0.,        0.00,    0.08,        0.00
  942,  17.940,        0.,        0.00,    0.24,        0.00
  943,  17.960,        0.,        0.00,    0.23,        0.00
  944,  17.980,        0.,        0.00,    0.23,        0.00
  945,  18.000,        0.,        0.00,    0.22,        0.00
  946,  18.020,        0.,        0.00,    0.22,        0.00
  947,  18.040,        2.,        0.00,    0.14,        2.00
  948,  18.060,        1.,        0.00,   -0.11,        1.00
  949,  18.080,        1.,        0.00,   -0.03,        1.00
  950,  18.100,        0.,        0.00,   -0.03,        0.00
  951,  18.120,        0.,        0.00,   -0.03,        0.00
  952,  18.141,        0.,        0.00,   -0.03,        0.00
  953,  18.161,        0.,        0.00,    0.13,        0.00
  954,  18.181,        0.,        0.00,    0.29,        0.00
  955,  18.201,        0.,        0.00,    0.13,        0.00
  956,  18.221,        0.,        0.00,   -0.03,        0.00
  957,  18.241,        0.,        0.00,   -0.03,        0.00
  958,  18.261,        0.,        0.00,   -0.03,        0.00
  959,  18.281,        1.,        0.00,   -0.11,        1.00
  960,  18.301,        3.,        0.00,    0.06,        3.00
  961,  18.321,        0.,        0.00,    0.14,        0.00
  962,  18.341,        0.,        0.00,    0.22,        0.00
  963,  18.362,        0.,        0.00,    0.22,        0.00
  964,  18.382,        0.,        0.00,    0.22,        0.00
  965,  18.402,        0.,        0.00,    0.38,        0.00
  966,  18.422,        0.,        0.00,    0.22,        0.00
  967,  18.442,        0.,        0.00,   -0.26,        0.00
  968,  18.462,        0.,        0.00,   -0.26,        0.00
  969,  18.482,        0.,        0.00,   -0.26,        0.00
  970,  18.502,        0.,        0.00,   -0.26,        0.00
  971,  18.522,        1.,        0.00,   -0.26,        1.00
  972,  18.542,        0.,        0.00,   -0.26,        0.00
  973,  18.562,        0.,        0.00,   -0.01,        0.00
  974,  18.583,        0.,        0.00,   -0.01,        0.00
  975,  18.603,        0.,        0.00,   -0.01,        0.00
  976,  18.623,        0.,        0.00,   -0.01,        0.00
  977,  18.643,        0.,        0.00,   -0.01,        0.00
  978,  18.663,        0.,        0.00,   -0.01,        0.00
  979,  18.683,        0.,        0.00,   -0.01,        0.00
  980,  18.703,        0.,        0.00,   -0.01,        0.00
  981,  18.723,        0.,        0.00,   -0.01,        0.00
  982,  18.743,        0.,        0.00,   -0.01,        0.00
  983,  18.763,        0.,        0.00,   -0.01,        0.00
  984,  18.783,        1.,        0.00,    0.08,        1.00
  985,  18.804,        0.,        0.00,    0.08,        0.00
  986,  18.824,        0.,        0.00,    0.08,        0.00
  987,  18.844,        0.,        0.00,    0.08,        0.00
  988,  18.864,        0.,        0.00,    0.08,        0.00
  989,  18.884,        0.,        0.00,    0.08,        0.00
  990,  18.904,        0.,        0.00,    0.08,        0.00
  991,  18.924,        0.,        0.00,   -0.17,        0.00
  992,  18.944,        0.,        0.00,   -0.17,        0.00
  993,  18.964,        0.,        0.00,   -0.25,        0.00
  994,  18.984,        0.,        0.00,   -0.25,        0.00
  995,  19.004,        0.,        0.00,   -0.25,        0.00
  996,  19.025,        0.,        0.00,   -0.25,        0.00
  997,  19.045,        0.,        0.00,   -0.01,        0.00
  998,  19.065,        0.,        0.00,   -0.01,        0.00
  999,  19.085,        0.,        0.00,    0.15,        0.00
 1000,  19.105,        0.,        0.00,    0.15,        0.00
 1001,  19.125,        0.,        0.00,    0.15,        0.00
 1002,  19.145,        0.,        0.00,    0.07,        0.00
 1003,  19.165,        1.,        0.00,    0.07,        1.00
 1004,  19.185,        0.,        0.00,    0.07,        0.00
 1005,  19.205,        1.,        0.00,    0.07,        1.00
 1006,  19.226,        0.,        0.00,   -0.01,        0.00
 1007,  19.246,        0.,        0.00,   -0.01,        0.00
 1008,  19.266,        0.,        0.00,    0.15,        0.00
 1009,  19.286,        0.,        0.00,    0.15,        0.00
 1010,  19.306,        0.,        0.00,   -0.01,        0.00
 1011,  19.326,        0.,        0.00,   -0.01,        0.00
 1012,  19.346,        0.,        0.00,   -0.01,        0.00
 1013,  19.366,        0.,        0.00,   -0.01,        0.00
 1014,  19.386,        1.,        0.00,   -0.01,        1.00
 1015,  19.406,        0.,        0.00,   -0.01,        0.00
 1016,  19.426,        0.,        0.00,    0.07,        0.00
 1017,  19.447,        0.,        0.00,    0.08,        0.00
 1018,  19.467,        1.,        0.00,    0.08,        1.00
 1019,  19.487,        0.,        0.00,    0.15,        0.00
 1020,  19.507,        0.,        0.00,    0.15,        0.00
 1021,  19.527,        0.,        0.00,   -0.07,        0.00
 1022,  19.547,        0.,        0.00,   -0.14,        0.00
 1023,  19.567,        0.,        0.00,   -0.14,        0.00
 1024,  19.587,        0.,        0.00,   -0.14,        0.00
 1025,  19.607,        0.,        0.00,   -0.29,        0.00
 1026,  19.627,        0.,        0.00,   -0.29,        0.00
 1027,  19.647,        0.,        0.00,   -0.36,        0.00
 1028,  19.668,        0.,        0.00,   -0.14,        0.00
 1029,  19.688,        0.,        0.00,    0.01,        0.00
 1030,  19.708,        0.,        0.00,    0.01,        0.00
 1031,  19.728,        0.,        0.00,    0.01,        0.00
 1032,  19.748,        0.,        0.00,    0.08,        0.00
 1033,  19.768,        0.,        0.00,    0.08,        0.00
 1034,  19.788,        1.,        0.00,    0.23,        1.00
 1035,  19.808,        1.,        0.00,    0.23,        1.00
 1036,  19.828,        0.,        0.00,    0.23,        0.00
 1037,  19.848,        0.,        0.00,    0.23,        0.00
 1038,  19.868,        0.,        0.00,    0.23,        0.00
 1039,  19.889,        0.,        0.00,    0.23,        0.00
 1040,  19.909,        1.,        0.00,    0.23,        1.00
 1041,  19.929,        0.,        0.00,    0.08,        0.00
 1042,  19.949,        0.,        0.00,   -0.07,        0.00
 1043,  19.969,        0.,        0.00,   -0.14,        0.00
 1044,  19.989,        0.,        0.00,   -0.14,        0.00
 1045,  20.009,        0.,        0.00,   -0.14,        0.00
 1046,  20.029,        0.,        0.00,   -0.21,        0.00
 1047,  20.049,        0.,        0.00,   -0.43,        0.00
 1048,  20.069,        0.,        0.00,   -0.36,        0.00
 1049,  20.089,        0.,        0.00,   -0.29,        0.00
 1050,  20.110,        0.,        0.00,   -0.14,        0.00
 1051,  20.130,        0.,        0.00,   -0.14,        0.00
 1052,  20.150,        0.,        0.00,   -0.14,        0.00
 1053,  20.170,        0.,        0.00,    0.01,        0.00
 1054,  20.190,        0.,        0.00,    0.23,        0.00
 1055,  20.210,        0.,        0.00,    0.23,        0.00
 1056,  20.230,        1.,        0.00,    0.23,        1.00
 1057,  20.250,        0.,        0.00,    0.23,        0.00
 1058,  20.270,        0.,        0.00,    0.23,        0.00
 1059,  20.290,        1.,        0.00,    0.23,        1.00
 1060,  20.310,        1.,        0.00,    0.23,        1.00
 1061,  20.331,        0.,        0.00,    0.23,        0.00
 1062,  20.351,        0.,        0.00,    0.23,        0.00
 1063,  20.371,        0.,        0.00,    0.08,        0.00
 1064,  20.391,        0.,        0.00,    0.08,        0.00
 1065,  20.411,        0.,        0.00,    0.08,        0.00
 1066,  20.431,        0.,        0.00,   -0.07,        0.00
 1067,  20.451,        0.,        0.00,   -0.21,        0.00
 1068,  20.471,        0.,        0.00,   -0.29,        0.00
 1069,  20.491,        0.,        0.00,   -0.29,        0.00
 1070,  20.511,        0.,        0.00,   -0.29,        0.00
 1071,  20.531,        0.,        0.00,   -0.29,        0.00
 1072,  20.552,        0.,        0.00,   -0.36,        0.00
 1073,  20.572,        0.,        0.00,   -0.29,        0.00
 1074,  20.592,        0.,        0.00,   -0.21,        0.00
 1075,  20.612,        0.,        0.00,   -0.07,        0.00
 1076,  20.632,        0.,        0.00,   -0.07,        0.00
 1077,  20.652,        0.,        0.00,    0.08,        0.00
 1078,  20.672,        0.,        0.00,    0.08,        0.00
 1079,  20.692,        0.,        0.00,    0.23,        0.00
 1080,  20.712,        0.,        0.00,    0.23,        0.00
 1081,  20.732,        1.,        0.00,    0.23,        1.00
 1082,  20.752,        0.,        0.00,    0.23,        0.00
 1083,  20.773,        1.,        0.00,    0.23,        1.00
 1084,  20.793,        0.,        0.00,    0.23,        0.00
 1085,  20.813,        1.,        0.00,    0.23,        1.00
 1086,  20.833,        0.,        0.00,    0.23,        0.00
 1087,  20.853,        0.,        0.00,    0.23,        0.00
 1088,  20.873,        0.,        0.00,    0.01,        0.00
 1089,  20.893,        0.,        0.00,    0.01,        0.00
 1090,  20.913,        0.,        0.00,   -0.14,        0.00
 1091,  20.933,        0.,        0.00,   -0.14,        0.00
 1092,  20.953,        0.,        0.00,   -0.29,        0.00
 1093,  20.974,        0.,        0.00,   -0.29,        0.00
 1094,  20.994,        0.,        0.00,   -0.29,        0.00
 1095,  21.014,        0.,        0.00,   -0.14,        0.00
 1096,  21.034,        0.,        0.00,   -0.14,        0.00
 1097,  21.054,        0.,        0.00,   -0.07,        0.00
 1098,  21.074,        0.,        0.00,   -0.07,        0.00
 1099,  21.094,        0.,        0.00,    0.01,        0.00
 1100,  21.114,        0.,        0.00,    0.01,        0.00
 1101,  21.134,        1.,        0.00,    0.01,        1.00
 1102,  21.154,        0.,        0.00,    0.15,        0.00
 1103,  21.174,        0.,        0.00,    0.08,        0.00
 1104,  21.195,        0.,        0.00,    0.08,        0.00
 1105,  21.215,        0.,        0.00,    0.08,        0.00
 1106,  21.235,        0.,        0.00,    0.08,        0.00
 1107,  21.255,        0.,        0.00,    0.08,        0.00
 1108,  21.275,        1.,        0.00,   -0.07,        1.00
 1109,  21.295,        0.,        0.00,   -0.07,        0.00
 1110,  21.315,        0.,        0.00,    0.08,        0.00
 1111,  21.335,        0.,        0.00,    0.08,        0.00
 1112,  21.355,        0.,        0.00,    0.08,        0.00
 1113,  21.375,        0.,        0.00,    0.08,        0.00
 1114,  21.395,        0.,        0.00,    0.08,        0.00
 1115,  21.416,        0.,        0.00,    0.01,        0.00
 1116,  21.436,        1.,        0.00,    0.01,        1.00
 1117,  21.456,        0.,        0.00,    0.01,        0.00
 1118,  21.476,        0.,        0.00,    0.01,        0.00
 1119,  21.496,        0.,        0.00,    0.01,        0.00
 1120,  21.516,        0.,        0.00,    0.01,        0.00
 1121,  21.536,        0.,        0.00,    0.01,        0.00
 1122,  21.556,        0.,        0.00,    0.08,        0.00
 1123,  21.576,        0.,        0.00,   -0.07,        0.00
 1124,  21.596,        0.,        0.00,   -0.07,        0.00
 1125,  21.616,        0.,        0.00,   -0.07,        0.00
 1126,  21.637,        0.,        0.00,   -0.07,        0.00
 1127,  21.657,        0.,        0.00,   -0.07,        0.00
 1128,  21.677,        0.,        0.00,   -0.07,        0.00
 1129,  21.697,        0.,        0.00,   -0.07,        0.00
 1130,  21.717,        0.,        0.00,    0.00,        0.00
 1131,  21.737,        0.,        0.00,    0.00,        0.00
 1132,  21.757,        0.,        0.00,    0.00,        0.00
 1133,  21.777,        0.,        0.00,    0.00,        0.00
 1134,  21.797,        0.,        0.00,    0.00,        0.00
 1135,  21.817,        0.,        0.00,    0.00,        0.00
 1136,  21.837,        0.,        0.00,    0.00,        0.00
 1137,  21.858,        0.,        0.00,    0.00,        0.00
 1138,  21.878,        0.,        0.00,    0.00,        0.00
 1139,  21.898,        0.,        0.00,    0.00,        0.00
 1140,  21.918,        0.,        0.00,    0.00,        0.00
 1141,  21.938,        0.,        0.00,    0.00,        0.00
 1142,  21.958,        0.,        0.00,   -0.07,        0.00
 1143,  21.978,        0.,        0.00,   -0.07,        0.00
 1144,  21.998,        0.,        0.00,   -0.07,        0.00
 1145,  22.018,        0.,        0.00,   -0.07,        0.00
 1146,  22.038,        0.,        0.00,   -0.07,        0.00
 1147,  22.058,        0.,        0.00,   -0.07,        0.00
 1148,  22.079,        0.,        0.00,   -0.07,        0.00
 1149,  22.099,        0.,        0.00,    0.08,        0.00
 1150,  22.119,        0.,        0.00,    0.08,        0.00
 1151,  22.139,        0.,        0.00,    0.08,        0.00
 1152,  22.159,        0.,        0.00,    0.08,        0.00
 1153,  22.179,        0.,        0.00,    0.01,        0.00
 1154,  22.199,        0.,        0.00,    0.01,        0.00
 1155,  22.219,        1.,        0.00,    0.01,        1.00
 1156,  22.239,        0.,        0.00,    0.01,        0.00
 1157,  22.259,        0.,        0.00,    0.01,        0.00
 1158,  22.279,        0.,        0.00,    0.01,        0.00
 1159,  22.300,        0.,        0.00,    0.01,        0.00
 1160,  22.320,        0.,        0.00,    0.15,        0.00
 1161,  22.340,        0.,        0.00,    0.15,        0.00
 1162,  22.360,        0.,        0.00,    0.01,        0.00
 1163,  22.380,        0.,        0.00,    0.01,        0.00
 1164,  22.400,        0.,        0.00,    0.01,        0.00
 1165,  22.420,        0.,        0.00,    0.01,        0.00
 1166,  22.440,        1.,        0.00,    0.01,        1.00
 1167,  22.460,        0.,        0.00,    0.01,        0.00
 1168,  22.480,        0.,        0.00,    0.01,        0.00
 1169,  22.500,        0.,        0.00,    0.08,        0.00
 1170,  22.521,        0.,        0.00,    0.08,        0.00
 1171,  22.541,        0.,        0.00,    0.08,        0.00
 1172,  22.561,        0.,        0.00,    0.08,        0.00
 1173,  22.581,        0.,        0.00,   -0.07,        0.00
 1174,  22.601,        0.,        0.00,   -0.07,        0.00
 1175,  22.621,        0.,        0.00,   -0.07,        0.00
 1176,  22.641,        0.,        0.00,   -0.07,        0.00
 1177,  22.661,        0.,        0.00,   -0.07,        0.00
 1178,  22.681,        0.,        0.00,   -0.07,        0.00
 1179,  22.701,        0.,        0.00,   -0.07,        0.00
 1180,  22.722,        0.,        0.00,    0.00,        0.00
 1181,  22.742,        0.,        0.00,    0.00,        0.00
 1182,  22.762,        0.,        0.00,    0.00,        0.00
 1183,  22.782,        0.,        0.00,    0.00,        0.00
 1184,  22.802,        0.,        0.00,    0.00,        0.00
 1185,  22.822,        0.,        0.00,    0.00,        0.00
 1186,  22.842,        0.,        0.00,    0.00,        0.00
 1187,  22.862,        0.,        0.00,    0.00,        0.00
 1188,  22.882,        0.,        0.00,    0.00,        0.00
 1189,  22.902,        0.,        0.00,    0.00,        0.00
 1190,  22.922,        0.,        0.00,    0.00,        0.00
 1191,  22.943,        0.,        0.00,    0.00,        0.00
 1192,  22.963,        0.,        0.00,    0.00,        0.00
 1193,  22.983,        0.,        0.00,    0.00,        0.00
 1194,  23.003,        0.,        0.00,    0.00,        0.00
 1195,  23.023,        0.,        0.00,    0.00,        0.00
 1196,  23.043,        0.,        0.00,    0.00,        0.00
 1197,  23.063,        0.,        0.00,    0.00,        0.00
 1198,  23.083,        0.,        0.00,    0.00,        0.00
 1199,  23.103,        0.,        0.00,    0.00,        0.00
 1200,  23.123,        0.,        0.00,    0.00,        0.00
 1201,  23.143,        0.,        0.00,    0.00,        0.00
 1202,  23.164,        0.,        0.00,    0.00,        0.00
 1203,  23.184,        0.,        0.00,    0.00,        0.00
 1204,  23.204,        0.,        0.00,    0.00,        0.00
 1205,  23.224,        0.,        0.00,    0.00,        0.00
 1206,  23.244,        0.,        0.00,    0.00,        0.00
 1207,  23.264,        0.,        0.00,    0.00,        0.00
 1208,  23.284,        0.,        0.00,    0.00,        0.00
 1209,  23.304,        0.,        0.00,    0.00,        0.00
 1210,  23.324,        0.,        0.00,    0.00,        0.00
 1211,  23.344,        0.,        0.00,    0.00,        0.00
 1212,  23.364,        0.,        0.00,    0.00,        0.00
 1213,  23.385,        0.,        0.00,    0.00,        0.00
 1214,  23.405,        0.,        0.00,    0.00,        0.00
 1215,  23.425,        0.,        0.00,    0.00,        0.00
 1216,  23.445,        0.,        0.00,    0.00,        0.00
 1217,  23.465,        0.,        0.00,    0.00,        0.00
 1218,  23.485,        0.,        0.00,    0.00,        0.00
 1219,  23.505,        0.,        0.00,    0.00,        0.00
 1220,  23.525,        0.,        0.00,    0.00,        0.00
 1221,  23.545,        0.,        0.00,    0.00,        0.00
 1222,  23.565,        0.,        0.00,    0.00,        0.00
 1223,  23.585,        0.,        0.00,    0.00,        0.00
 1224,  23.606,        0.,        0.00,    0.00,        0.00
 1225,  23.626,        0.,        0.00,    0.00,        0.00
 1226,  23.646,        0.,        0.00,    0.00,        0.00
 1227,  23.666,        0.,        0.00,    0.00,        0.00
 1228,  23.686,        0.,        0.00,   -0.07,        0.00
 1229,  23.706,        0.,        0.00,   -0.07,        0.00
 1230,  23.726,        0.,        0.00,   -0.07,        0.00
 1231,  23.746,        0.,        0.00,   -0.07,        0.00
 1232,  23.766,        0.,        0.00,   -0.07,        0.00
 1233,  23.786,        0.,        0.00,   -0.07,        0.00
 1234,  23.806,        0.,        0.00,    0.07,        0.00
 1235,  23.827,        0.,        0.00,    0.07,        0.00
 1236,  23.847,        0.,        0.00,    0.07,        0.00
 1237,  23.867,        0.,        0.00,    0.07,        0.00
 1238,  23.887,        0.,        0.00,    0.07,        0.00
 1239,  23.907,        0.,        0.00,    0.07,        0.00
 1240,  23.927,        0.,        0.00,    0.07,        0.00
 1241,  23.947,        1.,        0.00,    0.07,        1.00
 1242,  23.967,        0.,        0.00,    0.07,        0.00
 1243,  23.987,        0.,        0.00,    0.07,        0.00
 1244,  24.007,        0.,        0.00,    0.07,        0.00
 1245,  24.027,        0.,        0.00,    0.07,        0.00
 1246,  24.048,        0.,        0.00,    0.07,        0.00
 1247,  24.068,        0.,        0.00,    0.07,        0.00
 1248,  24.088,        0.,        0.00,    0.07,        0.00
 1249,  24.108,        0.,        0.00,   -0.07,        0.00
 1250,  24.128,        0.,        0.00,   -0.07,        0.00
 1251,  24.148,        0.,        0.00,   -0.07,        0.00
 1252,  24.168,        0.,        0.00,   -0.07,        0.00
 1253,  24.188,        0.,        0.00,   -0.07,        0.00
 1254,  24.208,        0.,        0.00,   -0.07,        0.00
 1255,  24.228,        0.,        0.00,   -0.07,        0.00
 1256,  24.248,        0.,        0.00,    0.00,        0.00
 1257,  24.269,        0.,        0.00,    0.00,        0.00
 1258,  24.289,        0.,        0.00,    0.00,        0.00
 1259,  24.309,        0.,        0.00,    0.00,        0.00
 1260,  24.329,        0.,        0.00,    0.00,        0.00
 1261,  24.349,        0.,        0.00,    0.00,        0.00
 1262,  24.369,        0.,        0.00,   -0.07,        0.00
 1263,  24.389,        0.,        0.00,   -0.07,        0.00
 1264,  24.409,        0.,        0.00,   -0.07,        0.00
 1265,  24.429,        0.,        0.00,   -0.07,        0.00
 1266,  24.449,        0.,        0.00,   -0.07,        0.00
 1267,  24.470,        0.,        0.00,   -0.07,        0.00
 1268,  24.490,        0.,        0.00,   -0.07,        0.00
 1269,  24.510,        0.,        0.00,    0.07,        0.00
 1270,  24.530,        0.,        0.00,    0.07,        0.00
 1271,  24.550,        0.,        0.00,    0.07,        0.00
 1272,  24.570,        0.,        0.00,    0.07,        0.00
 1273,  24.590,        0.,        0.00,    0.07,        0.00
 1274,  24.610,        0.,        0.00,    0.07,        0.00
 1275,  24.630,        0.,        0.00,    0.07,        0.00
 1276,  24.650,        1.,        0.00,    0.07,        1.00
 1277,  24.670,        0.,        0.00,    0.07,        0.00
 1278,  24.691,        0.,        0.00,    0.07,        0.00
 1279,  24.711,        0.,        0.00,    0.07,        0.00
 1280,  24.731,        0.,        0.00,    0.07,        0.00
 1281,  24.751,        0.,        0.00,    0.07,        0.00
 1282,  24.771,        0.,        0.00,    0.07,        0.00
 1283,  24.791,        0.,        0.00,    0.07,        0.00
 1284,  24.811,        0.,        0.00,   -0.07,        0.00
 1285,  24.831,        0.,        0.00,   -0.07,        0.00
 1286,  24.851,        0.,        0.00,   -0.07,        0.00
 1287,  24.871,        0.,        0.00,   -0.07,        0.00
 1288,  24.891,        0.,        0.00,   -0.07,        0.00
 1289,  24.912,        0.,        0.00,   -0.07,        0.00
 1290,  24.932,        0.,        0.00,   -0.07,        0.00
 1291,  24.952,        0.,        0.00,    0.00,        0.00
 1292,  24.972,        0.,        0.00,    0.00,        0.00
 1293,  24.992,        0.,        0.00,    0.00,        0.00
 1294,  25.012,        0.,        0.00,    0.00,        0.00
 1295,  25.032,        0.,        0.00,    0.00,        0.00
 1296,  25.052,        0.,        0.00,    0.00,        0.00
 1297,  25.072,        0.,        0.00,    0.00,        0.00
 1298,  25.092,        0.,        0.00,    0.00,        0.00
 1299,  25.112,        0.,        0.00,    0.00,        0.00
 1300,  25.133,        0.,        0.00,    0.00,        0.00
