           0
 F
           0
 F
           4
  2.5000000E-07
  0.0000000E+00
   1.900000    
  0.2000000    
   1.200000    
           2
   1000.000    
  0.0000000E+00
 F
  0.0000000E+00
   221.0000    
        1024
  0.0000000E+00   1.457818       19.29945    
  0.0000000E+00  0.0000000E+00  0.0000000E+00  0.2210000E+03  0.2210000E+03
 -0.9815295E+00  0.0000000E+00 -0.9815295E+00  0.1059815E+03  0.1059815E+03
  0.0000000E+00  0.0000000E+00  0.0000000E+00  0.1470000E+03  0.1470000E+03
  0.0000000E+00  0.0000000E+00  0.0000000E+00  0.8400000E+02  0.8400000E+02
 -0.9815294E+00  0.0000000E+00 -0.9815294E+00  0.1069815E+03  0.1069815E+03
 -0.9815294E+00  0.0000000E+00 -0.9815294E+00  0.5698153E+02  0.5698153E+02
 -0.1002741E+01  0.0000000E+00 -0.1012524E+01  0.6900274E+02  0.6900274E+02
 -0.1045164E+01  0.0000000E+00 -0.1074513E+01  0.3804517E+02  0.3804517E+02
 -0.1087588E+01  0.7826244E-01 -0.1136502E+01  0.9608759E+02  0.9608759E+02
 -0.1130011E+01  0.7826244E-01 -0.1198491E+01  0.9913001E+02  0.9913001E+02
 -0.1061365E+01  0.9216437E-01 -0.1153530E+01  0.7506136E+02  0.7506136E+02
 -0.8816512E+00  0.1199682E+00 -0.1001619E+01  0.6588165E+02  0.6588165E+02
 -0.7019368E+00  0.1477721E+00 -0.8497089E+00  0.5370194E+02  0.5370194E+02
 -0.5222225E+00  0.1755759E+00 -0.6977984E+00  0.4652222E+02  0.4652222E+02
 -0.5012296E+00  0.1943311E+00 -0.6955608E+00  0.4350123E+02  0.4350123E+02
 -0.6389583E+00  0.2040377E+00 -0.8429959E+00  0.2563896E+02  0.2563896E+02
 -0.7766869E+00  0.2137442E+00 -0.9904311E+00  0.1207767E+03  0.1207767E+03
 -0.9144155E+00  0.2234508E+00 -0.1137866E+01  0.5491442E+02  0.5491442E+02
 -0.9068426E+00  0.2358408E+00 -0.1142683E+01  0.9590685E+02  0.9590685E+02
 -0.7539682E+00  0.2509144E+00 -0.1004883E+01  0.5575397E+02  0.5575397E+02
 -0.6010939E+00  0.2659879E+00 -0.8670818E+00  0.7760110E+02  0.7760110E+02
 -0.4482195E+00  0.2810615E+00 -0.7292809E+00  0.3444822E+02  0.3444822E+02
 -0.3877738E+00  0.2911791E+00 -0.6789529E+00  0.3838778E+02  0.3838778E+02
 -0.4197568E+00  0.2963409E+00 -0.7160977E+00  0.2741976E+02  0.2741976E+02
 -0.4517398E+00  0.3015027E+00 -0.7532426E+00  0.7345174E+02  0.7345174E+02
 -0.4837229E+00  0.3066645E+00 -0.7903873E+00  0.5348372E+02  0.5348372E+02
 -0.4612210E+00  0.3111988E+00 -0.7724199E+00  0.4946122E+02  0.4946122E+02
 -0.3842343E+00  0.3151058E+00 -0.6993401E+00  0.4038424E+02  0.4038424E+02
 -0.3072475E+00  0.3190128E+00 -0.6262603E+00  0.5330725E+02  0.5330725E+02
 -0.2302608E+00  0.3229198E+00 -0.5531806E+00  0.2823026E+02  0.2823026E+02
 -0.3124339E+00  0.3243083E+00 -0.6367422E+00  0.2831243E+02  0.2831243E+02
 -0.5537668E+00  0.3231784E+00 -0.8769453E+00  0.2855377E+02  0.2855377E+02
 -0.7950999E+00  0.3220484E+00 -0.1117148E+01  0.1707951E+03  0.1707951E+03
 -0.1036433E+01  0.3209185E+00 -0.1357351E+01  0.7503643E+02  0.7503643E+02
 -0.1057518E+01  0.3302659E+00 -0.1387784E+01  0.8705752E+02  0.8705752E+02
 -0.8583553E+00  0.3500909E+00 -0.1208446E+01  0.6185836E+02  0.6185836E+02
 -0.6591927E+00  0.3699158E+00 -0.1029108E+01  0.7865919E+02  0.7865919E+02
 -0.4600301E+00  0.3897407E+00 -0.8497708E+00  0.4746003E+02  0.4746003E+02
 -0.3934364E+00  0.4021376E+00 -0.7955740E+00  0.3939344E+02  0.3939344E+02
 -0.4594116E+00  0.4071065E+00 -0.8665181E+00  0.3345941E+02  0.3345941E+02
 -0.5253868E+00  0.4120753E+00 -0.9374622E+00  0.7552538E+02  0.7552538E+02
 -0.5913620E+00  0.4170442E+00 -0.1008406E+01  0.6559136E+02  0.6559136E+02
 -0.5600252E+00  0.4222689E+00 -0.9822941E+00  0.6856003E+02  0.6856003E+02
 -0.4313764E+00  0.4277494E+00 -0.8591258E+00  0.5743138E+02  0.5743138E+02
 -0.3027276E+00  0.4332299E+00 -0.7359574E+00  0.4230273E+02  0.4230273E+02
 -0.1740787E+00  0.4387104E+00 -0.6127891E+00  0.3117408E+02  0.3117408E+02
 -0.1771796E+00  0.4394172E+00 -0.6165968E+00  0.3717718E+02  0.3717718E+02
 -0.3120300E+00  0.4353503E+00 -0.7473804E+00  0.3031203E+02  0.3031203E+02
 -0.4468805E+00  0.4312835E+00 -0.8781640E+00  0.9544688E+02  0.9544688E+02
 -0.5817310E+00  0.4272166E+00 -0.1008948E+01  0.5058173E+02  0.5058173E+02
 -0.5770176E+00  0.4289180E+00 -0.1005936E+01  0.8457702E+02  0.8457702E+02
 -0.4327404E+00  0.4363877E+00 -0.8691282E+00  0.4443274E+02  0.4443274E+02
 -0.2884632E+00  0.4438574E+00 -0.7323206E+00  0.4428846E+02  0.4428846E+02
 -0.1441861E+00  0.4513271E+00 -0.5955131E+00  0.3014419E+02  0.3014419E+02
 -0.7170697E+01  0.4532672E+00 -0.7623964E+01  0.3517070E+02  0.3517070E+02
 -0.2136800E+02  0.4496778E+00 -0.2181767E+02  0.5336800E+02  0.5336800E+02
 -0.3556529E+02  0.4460884E+00 -0.3601138E+02  0.1205653E+03  0.1205653E+03
 -0.4976260E+02  0.4424990E+00 -0.5020509E+02  0.1838763E+04  0.1838763E+04
 -0.6139855E+02  0.1113818E+01 -0.6251237E+02  0.6484398E+04  0.6484398E+04
 -0.7047315E+02  0.2460046E+01 -0.7293320E+02  0.6326473E+04  0.6326473E+04
 -0.7954776E+02  0.3806273E+01 -0.8335403E+02  0.6409548E+04  0.6409548E+04
 -0.8862237E+02  0.5152501E+01 -0.9377487E+02  0.6328623E+04  0.6328623E+04
 -0.9209512E+02  0.6933517E+01 -0.9902863E+02  0.6179095E+04  0.6179095E+04
 -0.8996599E+02  0.9149322E+01 -0.9911531E+02  0.6249966E+04  0.6249966E+04
 -0.8783687E+02  0.1136513E+02 -0.9920200E+02  0.6096837E+04  0.6096837E+04
 -0.8570774E+02  0.1358093E+02 -0.9928867E+02  0.6173708E+04  0.6173708E+04
 -0.8376126E+02  0.1555331E+02 -0.9931457E+02  0.6328761E+04  0.6328761E+04
 -0.8199742E+02  0.1728226E+02 -0.9927969E+02  0.6337998E+04  0.6337998E+04
 -0.8023358E+02  0.1901121E+02 -0.9924479E+02  0.7232233E+04  0.7232233E+04
 -0.7846974E+02  0.2074016E+02 -0.9920991E+02  0.6699470E+04  0.6699470E+04
 -0.7703516E+02  0.2223815E+02 -0.9927331E+02  0.5648035E+04  0.5648035E+04
 -0.7592985E+02  0.2350517E+02 -0.9943501E+02  0.5324930E+04  0.5324930E+04
 -0.7482452E+02  0.2477219E+02 -0.9959672E+02  0.5476825E+04  0.5476825E+04
 -0.7371921E+02  0.2603921E+02 -0.9975842E+02  0.6099719E+04  0.6099719E+04
 -0.7318605E+02  0.2719094E+02 -0.1003770E+03  0.6561186E+04  0.6561186E+04
 -0.7322505E+02  0.2822737E+02 -0.1014524E+03  0.6938225E+04  0.6938225E+04
 -0.7326405E+02  0.2926381E+02 -0.1025279E+03  0.7132264E+04  0.7132264E+04
 -0.7330305E+02  0.3030024E+02 -0.1036033E+03  0.6742303E+04  0.6742303E+04
 -0.7159341E+02  0.3131076E+02 -0.1029042E+03  0.6304593E+04  0.6304593E+04
 -0.6813511E+02  0.3229538E+02 -0.1004305E+03  0.5982135E+04  0.5982135E+04
 -0.6467682E+02  0.3327999E+02 -0.9795681E+02  0.5731677E+04  0.5731677E+04
 -0.6121852E+02  0.3426461E+02 -0.9548313E+02  0.5785219E+04  0.5785219E+04
 -0.6038595E+02  0.3505812E+02 -0.9544407E+02  0.6043386E+04  0.6043386E+04
 -0.6217910E+02  0.3566053E+02 -0.9783963E+02  0.6085179E+04  0.6085179E+04
 -0.6397226E+02  0.3626293E+02 -0.1002352E+03  0.6467972E+04  0.6467972E+04
 -0.6576540E+02  0.3686534E+02 -0.1026307E+03  0.6461766E+04  0.6461766E+04
 -0.6589842E+02  0.3753716E+02 -0.1034356E+03  0.6405898E+04  0.6405898E+04
 -0.6437132E+02  0.3827842E+02 -0.1026497E+03  0.6440371E+04  0.6440371E+04
 -0.6284421E+02  0.3901966E+02 -0.1018639E+03  0.6406844E+04  0.6406844E+04
 -0.6131710E+02  0.3976092E+02 -0.1010780E+03  0.6204317E+04  0.6204317E+04
 -0.6033412E+02  0.4042930E+02 -0.1007634E+03  0.6219334E+04  0.6219334E+04
 -0.5989527E+02  0.4102482E+02 -0.1009201E+03  0.5975896E+04  0.5975896E+04
 -0.5945642E+02  0.4162034E+02 -0.1010768E+03  0.6162457E+04  0.6162457E+04
 -0.5901757E+02  0.4221586E+02 -0.1012334E+03  0.6133018E+04  0.6133018E+04
 -0.5880677E+02  0.4278662E+02 -0.1015934E+03  0.6406807E+04  0.6406807E+04
 -0.5882402E+02  0.4333263E+02 -0.1021567E+03  0.6281824E+04  0.6281824E+04
 -0.5884127E+02  0.4387864E+02 -0.1027199E+03  0.6490841E+04  0.6490841E+04
 -0.5885853E+02  0.4442465E+02 -0.1032832E+03  0.6291858E+04  0.6291858E+04
 -0.5831704E+02  0.4498445E+02 -0.1033015E+03  0.6327317E+04  0.6327317E+04
 -0.5721682E+02  0.4555804E+02 -0.1027749E+03  0.6453217E+04  0.6453217E+04
 -0.5611661E+02  0.4613163E+02 -0.1022482E+03  0.6326117E+04  0.6326117E+04
 -0.5501639E+02  0.4670522E+02 -0.1017216E+03  0.6227017E+04  0.6227017E+04
 -0.5442220E+02  0.4722992E+02 -0.1016521E+03  0.6243422E+04  0.6243422E+04
 -0.5433405E+02  0.4770573E+02 -0.1020398E+03  0.6267334E+04  0.6267334E+04
 -0.5424589E+02  0.4818155E+02 -0.1024274E+03  0.6279246E+04  0.6279246E+04
 -0.5415774E+02  0.4865736E+02 -0.1028151E+03  0.6234158E+04  0.6234158E+04
 -0.5399192E+02  0.4913511E+02 -0.1031270E+03  0.6472992E+04  0.6472992E+04
 -0.5374842E+02  0.4961479E+02 -0.1033632E+03  0.6437749E+04  0.6437749E+04
 -0.5350493E+02  0.5009447E+02 -0.1035994E+03  0.6283505E+04  0.6283505E+04
 -0.5326144E+02  0.5057415E+02 -0.1038356E+03  0.6231261E+04  0.6231261E+04
 -0.5327012E+02  0.5103416E+02 -0.1043043E+03  0.6190270E+04  0.6190270E+04
 -0.5353098E+02  0.5147450E+02 -0.1050055E+03  0.6593531E+04  0.6593531E+04
 -0.5379184E+02  0.5191484E+02 -0.1057067E+03  0.6485792E+04  0.6485792E+04
 -0.5405270E+02  0.5235518E+02 -0.1064079E+03  0.6496053E+04  0.6496053E+04
 -0.5396218E+02  0.5282071E+02 -0.1067829E+03  0.6629962E+04  0.6629962E+04
 -0.5352028E+02  0.5331142E+02 -0.1068317E+03  0.6384521E+04  0.6384521E+04
 -0.5307837E+02  0.5380214E+02 -0.1068805E+03  0.6525078E+04  0.6525078E+04
 -0.5263646E+02  0.5429286E+02 -0.1069293E+03  0.6426636E+04  0.6426636E+04
 -0.5220874E+02  0.5477171E+02 -0.1069804E+03  0.6551209E+04  0.6551209E+04
 -0.5179520E+02  0.5523868E+02 -0.1070339E+03  0.6568795E+04  0.6568795E+04
 -0.5138166E+02  0.5570566E+02 -0.1070873E+03  0.6514382E+04  0.6514382E+04
 -0.5096811E+02  0.5617263E+02 -0.1071407E+03  0.6647968E+04  0.6647968E+04
 -0.5055195E+02  0.5662706E+02 -0.1071790E+03  0.6614552E+04  0.6614552E+04
 -0.5013316E+02  0.5706893E+02 -0.1072021E+03  0.6372133E+04  0.6372133E+04
 -0.4971437E+02  0.5751080E+02 -0.1072252E+03  0.6470714E+04  0.6470714E+04
 -0.4929559E+02  0.5795267E+02 -0.1072483E+03  0.6392295E+04  0.6392295E+04
 -0.4907597E+02  0.5838635E+02 -0.1074623E+03  0.6616076E+04  0.6616076E+04
 -0.4905554E+02  0.5881183E+02 -0.1078674E+03  0.6717056E+04  0.6717056E+04
 -0.4903510E+02  0.5923731E+02 -0.1082724E+03  0.6654035E+04  0.6654035E+04
 -0.4901466E+02  0.5966279E+02 -0.1086775E+03  0.6672015E+04  0.6672015E+04
 -0.4886142E+02  0.6009826E+02 -0.1089597E+03  0.6642861E+04  0.6642861E+04
 -0.4857536E+02  0.6054373E+02 -0.1091191E+03  0.6589575E+04  0.6589575E+04
 -0.4828930E+02  0.6098919E+02 -0.1092785E+03  0.6577289E+04  0.6577289E+04
 -0.4800324E+02  0.6143466E+02 -0.1094379E+03  0.6602003E+04  0.6602003E+04
 -0.4766024E+02  0.6185670E+02 -0.1095169E+03  0.6542660E+04  0.6542660E+04
 -0.4726030E+02  0.6225533E+02 -0.1095156E+03  0.6698260E+04  0.6698260E+04
 -0.4686036E+02  0.6265396E+02 -0.1095143E+03  0.6593860E+04  0.6593860E+04
 -0.4646041E+02  0.6305258E+02 -0.1095130E+03  0.6829460E+04  0.6829460E+04
 -0.4618767E+02  0.6343891E+02 -0.1096266E+03  0.6570188E+04  0.6570188E+04
 -0.4604212E+02  0.6381295E+02 -0.1098551E+03  0.6444042E+04  0.6444042E+04
 -0.4589658E+02  0.6418697E+02 -0.1100836E+03  0.6502896E+04  0.6502896E+04
 -0.4575103E+02  0.6456100E+02 -0.1103120E+03  0.6738751E+04  0.6738751E+04
 -0.4557903E+02  0.6493988E+02 -0.1105189E+03  0.6737579E+04  0.6737579E+04
 -0.4538056E+02  0.6532360E+02 -0.1107042E+03  0.6707380E+04  0.6707380E+04
 -0.4518209E+02  0.6570731E+02 -0.1108894E+03  0.6799182E+04  0.6799182E+04
 -0.4498363E+02  0.6609103E+02 -0.1110747E+03  0.6637983E+04  0.6637983E+04
 -0.4472941E+02  0.6647462E+02 -0.1112040E+03  0.6842729E+04  0.6842729E+04
 -0.4441943E+02  0.6685809E+02 -0.1112775E+03  0.6614419E+04  0.6614419E+04
 -0.4410946E+02  0.6724156E+02 -0.1113510E+03  0.6596109E+04  0.6596109E+04
 -0.4379949E+02  0.6762503E+02 -0.1114245E+03  0.6682799E+04  0.6682799E+04
 -0.4359098E+02  0.6799976E+02 -0.1115907E+03  0.6674591E+04  0.6674591E+04
 -0.4348396E+02  0.6836574E+02 -0.1118497E+03  0.7037484E+04  0.7037484E+04
 -0.4337692E+02  0.6873172E+02 -0.1121086E+03  0.6780377E+04  0.6780377E+04
 -0.4326989E+02  0.6909770E+02 -0.1123676E+03  0.6825270E+04  0.6825270E+04
 -0.4304954E+02  0.6946186E+02 -0.1125114E+03  0.6916049E+04  0.6916049E+04
 -0.4271586E+02  0.6982420E+02 -0.1125401E+03  0.6656716E+04  0.6656716E+04
 -0.4238219E+02  0.7018654E+02 -0.1125687E+03  0.6767382E+04  0.6767382E+04
 -0.4204851E+02  0.7054888E+02 -0.1125974E+03  0.6686048E+04  0.6686048E+04
 -0.4208210E+02  0.7088799E+02 -0.1129701E+03  0.6709082E+04  0.6709082E+04
 -0.4248297E+02  0.7120387E+02 -0.1136868E+03  0.6834483E+04  0.6834483E+04
 -0.4288382E+02  0.7151976E+02 -0.1144036E+03  0.6915884E+04  0.6915884E+04
 -0.4328469E+02  0.7183564E+02 -0.1151203E+03  0.6884285E+04  0.6884285E+04
 -0.4292553E+02  0.7218479E+02 -0.1151103E+03  0.7015925E+04  0.7015925E+04
 -0.4180638E+02  0.7256721E+02 -0.1143736E+03  0.6882806E+04  0.6882806E+04
 -0.4068721E+02  0.7294963E+02 -0.1136368E+03  0.6725687E+04  0.6725687E+04
 -0.3956806E+02  0.7333205E+02 -0.1129001E+03  0.6629568E+04  0.6629568E+04
 -0.3912778E+02  0.7365884E+02 -0.1127866E+03  0.6747128E+04  0.6747128E+04
 -0.3936640E+02  0.7393000E+02 -0.1132964E+03  0.6913366E+04  0.6913366E+04
 -0.3960501E+02  0.7420116E+02 -0.1138062E+03  0.6815605E+04  0.6815605E+04
 -0.3984362E+02  0.7447232E+02 -0.1143159E+03  0.6921844E+04  0.6921844E+04
 -0.3989417E+02  0.7476908E+02 -0.1146633E+03  0.6958894E+04  0.6958894E+04
 -0.3975666E+02  0.7509145E+02 -0.1148481E+03  0.6836757E+04  0.6836757E+04
 -0.3961914E+02  0.7541380E+02 -0.1150330E+03  0.6882619E+04  0.6882619E+04
 -0.3948163E+02  0.7573617E+02 -0.1152178E+03  0.6961481E+04  0.6961481E+04
 -0.3948452E+02  0.7606274E+02 -0.1155473E+03  0.6796484E+04  0.6796484E+04
 -0.3962783E+02  0.7639354E+02 -0.1160214E+03  0.7097628E+04  0.7097628E+04
 -0.3977114E+02  0.7672434E+02 -0.1164955E+03  0.7080771E+04  0.7080771E+04
 -0.3991444E+02  0.7705514E+02 -0.1169696E+03  0.6983915E+04  0.6983915E+04
 -0.3976100E+02  0.7738595E+02 -0.1171469E+03  0.6992761E+04  0.6992761E+04
 -0.3931080E+02  0.7771677E+02 -0.1170276E+03  0.6909311E+04  0.6909311E+04
 -0.3886060E+02  0.7804761E+02 -0.1169082E+03  0.7058861E+04  0.7058861E+04
 -0.3841041E+02  0.7837843E+02 -0.1167888E+03  0.6966411E+04  0.6966411E+04
 -0.3821104E+02  0.7868832E+02 -0.1168994E+03  0.6924211E+04  0.6924211E+04
 -0.3826250E+02  0.7897727E+02 -0.1172398E+03  0.6889263E+04  0.6889263E+04
 -0.3831395E+02  0.7926621E+02 -0.1175802E+03  0.7003314E+04  0.7003314E+04
 -0.3836541E+02  0.7955517E+02 -0.1179206E+03  0.7223365E+04  0.7223365E+04
 -0.3813388E+02  0.7985629E+02 -0.1179902E+03  0.7202134E+04  0.7202134E+04
 -0.3761935E+02  0.8016959E+02 -0.1177889E+03  0.6748619E+04  0.6748619E+04
 -0.3710483E+02  0.8048288E+02 -0.1175877E+03  0.6944105E+04  0.6944105E+04
 -0.3659031E+02  0.8079618E+02 -0.1173865E+03  0.6840590E+04  0.6840590E+04
 -0.3635363E+02  0.8108826E+02 -0.1174419E+03  0.7095354E+04  0.7095354E+04
 -0.3639479E+02  0.8135912E+02 -0.1177539E+03  0.7124395E+04  0.7124395E+04
 -0.3643596E+02  0.8163000E+02 -0.1180660E+03  0.7341436E+04  0.7341436E+04
 -0.3647713E+02  0.8190086E+02 -0.1183780E+03  0.6916477E+04  0.6916477E+04
 -0.3650925E+02  0.8218396E+02 -0.1186932E+03  0.7076509E+04  0.7076509E+04
 -0.3653231E+02  0.8247929E+02 -0.1190116E+03  0.6988532E+04  0.6988532E+04
 -0.3655539E+02  0.8277462E+02 -0.1193300E+03  0.7204555E+04  0.7204555E+04
 -0.3657845E+02  0.8306995E+02 -0.1196484E+03  0.6981579E+04  0.6981579E+04
 -0.3653955E+02  0.8337550E+02 -0.1199151E+03  0.7209540E+04  0.7209540E+04
 -0.3643867E+02  0.8369126E+02 -0.1201299E+03  0.7254438E+04  0.7254438E+04
 -0.3633779E+02  0.8400703E+02 -0.1203448E+03  0.6994338E+04  0.6994338E+04
 -0.3623691E+02  0.8432279E+02 -0.1205597E+03  0.7317237E+04  0.7317237E+04
 -0.3605624E+02  0.8462315E+02 -0.1206794E+03  0.7259056E+04  0.7259056E+04
 -0.3579578E+02  0.8490808E+02 -0.1207039E+03  0.7065796E+04  0.7065796E+04
 -0.3553532E+02  0.8519302E+02 -0.1207283E+03  0.7203535E+04  0.7203535E+04
 -0.3527486E+02  0.8547796E+02 -0.1207528E+03  0.7120275E+04  0.7120275E+04
 -0.3520420E+02  0.8575320E+02 -0.1209574E+03  0.7135204E+04  0.7135204E+04
 -0.3532332E+02  0.8601876E+02 -0.1213421E+03  0.7193323E+04  0.7193323E+04
 -0.3544245E+02  0.8628432E+02 -0.1217268E+03  0.7160442E+04  0.7160442E+04
 -0.3556157E+02  0.8654987E+02 -0.1221115E+03  0.7425562E+04  0.7425562E+04
 -0.3516405E+02  0.8683167E+02 -0.1219957E+03  0.7361164E+04  0.7361164E+04
 -0.3424987E+02  0.8712970E+02 -0.1213796E+03  0.7085250E+04  0.7085250E+04
 -0.3333570E+02  0.8742774E+02 -0.1207634E+03  0.6990336E+04  0.6990336E+04
 -0.3242152E+02  0.8772578E+02 -0.1201473E+03  0.7041421E+04  0.7041421E+04
 -0.3203172E+02  0.8797609E+02 -0.1200078E+03  0.7173032E+04  0.7173032E+04
 -0.3216631E+02  0.8817869E+02 -0.1203450E+03  0.7246167E+04  0.7246167E+04
 -0.3230089E+02  0.8838128E+02 -0.1206822E+03  0.7199301E+04  0.7199301E+04
 -0.3243547E+02  0.8858388E+02 -0.1210194E+03  0.7298436E+04  0.7298436E+04
 -0.3233283E+02  0.8880715E+02 -0.1211400E+03  0.7238333E+04  0.7238333E+04
 -0.3199297E+02  0.8905111E+02 -0.1210441E+03  0.7049993E+04  0.7049993E+04
 -0.3165311E+02  0.8929507E+02 -0.1209482E+03  0.7107653E+04  0.7107653E+04
 -0.3131325E+02  0.8953902E+02 -0.1208523E+03  0.6988313E+04  0.6988313E+04
 -0.3137850E+02  0.8977411E+02 -0.1211526E+03  0.7201378E+04  0.7201378E+04
 -0.3184884E+02  0.9000032E+02 -0.1218492E+03  0.7409849E+04  0.7409849E+04
 -0.3231919E+02  0.9022652E+02 -0.1225457E+03  0.7244319E+04  0.7244319E+04
 -0.3278954E+02  0.9045274E+02 -0.1232423E+03  0.7332790E+04  0.7332790E+04
 -0.3299773E+02  0.9070303E+02 -0.1237008E+03  0.7336998E+04  0.7336998E+04
 -0.3294376E+02  0.9097742E+02 -0.1239212E+03  0.7263944E+04  0.7263944E+04
 -0.3288980E+02  0.9125182E+02 -0.1241416E+03  0.7304890E+04  0.7304890E+04
 -0.3283584E+02  0.9152621E+02 -0.1243620E+03  0.7332836E+04  0.7332836E+04
 -0.3250331E+02  0.9180210E+02 -0.1243054E+03  0.7387503E+04  0.7387503E+04
 -0.3189221E+02  0.9207951E+02 -0.1239717E+03  0.7361892E+04  0.7361892E+04
 -0.3128111E+02  0.9235693E+02 -0.1236380E+03  0.7301281E+04  0.7301281E+04
 -0.3067000E+02  0.9263434E+02 -0.1233043E+03  0.7430670E+04  0.7430670E+04
 -0.3013434E+02  0.9287818E+02 -0.1230125E+03  0.7293134E+04  0.7293134E+04
 -0.2967410E+02  0.9308846E+02 -0.1227626E+03  0.7042674E+04  0.7042674E+04
 -0.2921387E+02  0.9329874E+02 -0.1225126E+03  0.7156214E+04  0.7156214E+04
 -0.2875364E+02  0.9350902E+02 -0.1222627E+03  0.7043753E+04  0.7043753E+04
 -0.2851636E+02  0.9370203E+02 -0.1222184E+03  0.7300517E+04  0.7300517E+04
 -0.2850204E+02  0.9387780E+02 -0.1223798E+03  0.7342502E+04  0.7342502E+04
 -0.2848771E+02  0.9405355E+02 -0.1225413E+03  0.7209488E+04  0.7209488E+04
 -0.2847338E+02  0.9422932E+02 -0.1227027E+03  0.7331473E+04  0.7331473E+04
 -0.2843747E+02  0.9441811E+02 -0.1228556E+03  0.7300438E+04  0.7300438E+04
 -0.2837996E+02  0.9461996E+02 -0.1229999E+03  0.7162380E+04  0.7162380E+04
 -0.2832246E+02  0.9482180E+02 -0.1231443E+03  0.7274322E+04  0.7274322E+04
 -0.2826496E+02  0.9502364E+02 -0.1232886E+03  0.7105265E+04  0.7105265E+04
 -0.2839118E+02  0.9522293E+02 -0.1236141E+03  0.7306391E+04  0.7306391E+04
 -0.2870112E+02  0.9541967E+02 -0.1241208E+03  0.7310701E+04  0.7310701E+04
 -0.2901106E+02  0.9561640E+02 -0.1246275E+03  0.7452011E+04  0.7452011E+04
 -0.2932100E+02  0.9581314E+02 -0.1251341E+03  0.7383321E+04  0.7383321E+04
 -0.2926754E+02  0.9603509E+02 -0.1253026E+03  0.7401268E+04  0.7401268E+04
 -0.2885066E+02  0.9628223E+02 -0.1251329E+03  0.7215851E+04  0.7215851E+04
 -0.2843379E+02  0.9652940E+02 -0.1249632E+03  0.7351434E+04  0.7351434E+04
 -0.2801691E+02  0.9677654E+02 -0.1247935E+03  0.7280017E+04  0.7280017E+04
 -0.2785142E+02  0.9700256E+02 -0.1248540E+03  0.7214852E+04  0.7214852E+04
 -0.2793732E+02  0.9720741E+02 -0.1251447E+03  0.7443938E+04  0.7443938E+04
 -0.2802322E+02  0.9741227E+02 -0.1254355E+03  0.7541023E+04  0.7541023E+04
 -0.2810912E+02  0.9761712E+02 -0.1257262E+03  0.7401109E+04  0.7401109E+04
 -0.2776759E+02  0.9783302E+02 -0.1256006E+03  0.7452768E+04  0.7452768E+04
 -0.2699862E+02  0.9805997E+02 -0.1250586E+03  0.7169999E+04  0.7169999E+04
 -0.2622965E+02  0.9828692E+02 -0.1245166E+03  0.7197229E+04  0.7197229E+04
 -0.2546069E+02  0.9851387E+02 -0.1239746E+03  0.7147460E+04  0.7147460E+04
 -0.2514422E+02  0.9870146E+02 -0.1238457E+03  0.7336144E+04  0.7336144E+04
 -0.2528026E+02  0.9884970E+02 -0.1241300E+03  0.7387280E+04  0.7387280E+04
 -0.2541629E+02  0.9899795E+02 -0.1244142E+03  0.7277417E+04  0.7277417E+04
 -0.2555233E+02  0.9914619E+02 -0.1246985E+03  0.7288552E+04  0.7288552E+04
 -0.2562361E+02  0.9931366E+02 -0.1249373E+03  0.7424624E+04  0.7424624E+04
 -0.2563014E+02  0.9950037E+02 -0.1251305E+03  0.7345630E+04  0.7345630E+04
 -0.2563667E+02  0.9968708E+02 -0.1253237E+03  0.7306637E+04  0.7306637E+04
 -0.2564319E+02  0.9987379E+02 -0.1255170E+03  0.7305643E+04  0.7305643E+04
 -0.2545452E+02  0.1000607E+03 -0.1255153E+03  0.7404455E+04  0.7404455E+04
 -0.2507063E+02  0.1002479E+03 -0.1253185E+03  0.7358071E+04  0.7358071E+04
 -0.2468675E+02  0.1004351E+03 -0.1251218E+03  0.7231687E+04  0.7231687E+04
 -0.2430287E+02  0.1006222E+03 -0.1249251E+03  0.7307303E+04  0.7307303E+04
 -0.2409471E+02  0.1007922E+03 -0.1248869E+03  0.7371095E+04  0.7371095E+04
 -0.2406228E+02  0.1009448E+03 -0.1250071E+03  0.7269062E+04  0.7269062E+04
 -0.2402985E+02  0.1010975E+03 -0.1251273E+03  0.7306030E+04  0.7306030E+04
 -0.2399742E+02  0.1012501E+03 -0.1252475E+03  0.7262998E+04  0.7262998E+04
 -0.2387912E+02  0.1014097E+03 -0.1252888E+03  0.7402879E+04  0.7402879E+04
 -0.2367496E+02  0.1015762E+03 -0.1252511E+03  0.7313675E+04  0.7313675E+04
 -0.2347079E+02  0.1017427E+03 -0.1252135E+03  0.7224471E+04  0.7224471E+04
 -0.2326662E+02  0.1019092E+03 -0.1251758E+03  0.7276267E+04  0.7276267E+04
 -0.2309362E+02  0.1020716E+03 -0.1251653E+03  0.7488094E+04  0.7488094E+04
 -0.2295179E+02  0.1022301E+03 -0.1251819E+03  0.7261952E+04  0.7261952E+04
 -0.2280996E+02  0.1023885E+03 -0.1251985E+03  0.7239810E+04  0.7239810E+04
 -0.2266812E+02  0.1025470E+03 -0.1252151E+03  0.7125668E+04  0.7125668E+04
 -0.2248131E+02  0.1027050E+03 -0.1251863E+03  0.7336481E+04  0.7336481E+04
 -0.2224952E+02  0.1028627E+03 -0.1251122E+03  0.7572250E+04  0.7572250E+04
 -0.2201773E+02  0.1030203E+03 -0.1250381E+03  0.7386018E+04  0.7386018E+04
 -0.2178595E+02  0.1031780E+03 -0.1249639E+03  0.7237786E+04  0.7237786E+04
 -0.2171639E+02  0.1033293E+03 -0.1250457E+03  0.7384716E+04  0.7384716E+04
 -0.2180908E+02  0.1034745E+03 -0.1252835E+03  0.7198809E+04  0.7198809E+04
 -0.2190176E+02  0.1036196E+03 -0.1255213E+03  0.7249902E+04  0.7249902E+04
 -0.2199444E+02  0.1037647E+03 -0.1257591E+03  0.7057995E+04  0.7057995E+04
 -0.2197570E+02  0.1039146E+03 -0.1258903E+03  0.7560976E+04  0.7560976E+04
 -0.2184554E+02  0.1040693E+03 -0.1259149E+03  0.7425846E+04  0.7425846E+04
 -0.2171537E+02  0.1042241E+03 -0.1259394E+03  0.7330715E+04  0.7330715E+04
 -0.2158521E+02  0.1043788E+03 -0.1259640E+03  0.7477585E+04  0.7477585E+04
 -0.2143260E+02  0.1045318E+03 -0.1259644E+03  0.7352433E+04  0.7352433E+04
 -0.2125757E+02  0.1046832E+03 -0.1259408E+03  0.7147257E+04  0.7147257E+04
 -0.2108253E+02  0.1048346E+03 -0.1259171E+03  0.7316083E+04  0.7316083E+04
 -0.2090749E+02  0.1049860E+03 -0.1258935E+03  0.7229908E+04  0.7229908E+04
 -0.2060848E+02  0.1051328E+03 -0.1257412E+03  0.7260608E+04  0.7260608E+04
 -0.2018550E+02  0.1052749E+03 -0.1254604E+03  0.7476186E+04  0.7476186E+04
 -0.1976252E+02  0.1054171E+03 -0.1251796E+03  0.7110763E+04  0.7110763E+04
 -0.1933954E+02  0.1055592E+03 -0.1248988E+03  0.7291339E+04  0.7291339E+04
 -0.1889596E+02  0.1056828E+03 -0.1245788E+03  0.7423896E+04  0.7423896E+04
 -0.1843176E+02  0.1057878E+03 -0.1242195E+03  0.7193432E+04  0.7193432E+04
 -0.1796756E+02  0.1058927E+03 -0.1238603E+03  0.7050968E+04  0.7050968E+04
 -0.1750337E+02  0.1059977E+03 -0.1235011E+03  0.7092503E+04  0.7092503E+04
 -0.1743806E+02  0.1060847E+03 -0.1235228E+03  0.7358438E+04  0.7358438E+04
 -0.1777166E+02  0.1061537E+03 -0.1239254E+03  0.7180771E+04  0.7180771E+04
 -0.1810525E+02  0.1062227E+03 -0.1243279E+03  0.7253105E+04  0.7253105E+04
 -0.1843885E+02  0.1062917E+03 -0.1247305E+03  0.7186439E+04  0.7186439E+04
 -0.1851021E+02  0.1063887E+03 -0.1248989E+03  0.7399510E+04  0.7399510E+04
 -0.1831935E+02  0.1065138E+03 -0.1248332E+03  0.7140319E+04  0.7140319E+04
 -0.1812848E+02  0.1066389E+03 -0.1247674E+03  0.7132128E+04  0.7132128E+04
 -0.1793762E+02  0.1067640E+03 -0.1247016E+03  0.7210938E+04  0.7210938E+04
 -0.1777080E+02  0.1068825E+03 -0.1246534E+03  0.7129771E+04  0.7129771E+04
 -0.1762803E+02  0.1069946E+03 -0.1246226E+03  0.7406628E+04  0.7406628E+04
 -0.1748526E+02  0.1071066E+03 -0.1245919E+03  0.7318485E+04  0.7318485E+04
 -0.1734248E+02  0.1072186E+03 -0.1245611E+03  0.7182342E+04  0.7182342E+04
 -0.1710308E+02  0.1073273E+03 -0.1244304E+03  0.7344103E+04  0.7344103E+04
 -0.1676703E+02  0.1074327E+03 -0.1241997E+03  0.6993767E+04  0.6993767E+04
 -0.1643099E+02  0.1075380E+03 -0.1239690E+03  0.7044431E+04  0.7044431E+04
 -0.1609495E+02  0.1076434E+03 -0.1237384E+03  0.7102095E+04  0.7102095E+04
 -0.1580062E+02  0.1077356E+03 -0.1235362E+03  0.7333801E+04  0.7333801E+04
 -0.1554799E+02  0.1078145E+03 -0.1233625E+03  0.7140548E+04  0.7140548E+04
 -0.1529536E+02  0.1078935E+03 -0.1231889E+03  0.7107295E+04  0.7107295E+04
 -0.1504273E+02  0.1079725E+03 -0.1230152E+03  0.7050043E+04  0.7050043E+04
 -0.1494074E+02  0.1080447E+03 -0.1229855E+03  0.7125941E+04  0.7125941E+04
 -0.1498939E+02  0.1081102E+03 -0.1230996E+03  0.7167989E+04  0.7167989E+04
 -0.1503803E+02  0.1081757E+03 -0.1232138E+03  0.7177038E+04  0.7177038E+04
 -0.1508668E+02  0.1082413E+03 -0.1233279E+03  0.7058087E+04  0.7058087E+04
 -0.1516572E+02  0.1083197E+03 -0.1234854E+03  0.7175166E+04  0.7175166E+04
 -0.1527515E+02  0.1084112E+03 -0.1236863E+03  0.7148275E+04  0.7148275E+04
 -0.1538458E+02  0.1085026E+03 -0.1238872E+03  0.7227385E+04  0.7227385E+04
 -0.1549402E+02  0.1085940E+03 -0.1240880E+03  0.7012494E+04  0.7012494E+04
 -0.1519712E+02  0.1086934E+03 -0.1238905E+03  0.7319197E+04  0.7319197E+04
 -0.1449391E+02  0.1088006E+03 -0.1232945E+03  0.7099494E+04  0.7099494E+04
 -0.1379070E+02  0.1089079E+03 -0.1226986E+03  0.7074791E+04  0.7074791E+04
 -0.1308748E+02  0.1090151E+03 -0.1221026E+03  0.6981087E+04  0.6981087E+04
 -0.1253451E+02  0.1090826E+03 -0.1216171E+03  0.6989535E+04  0.6989535E+04
 -0.1213178E+02  0.1091101E+03 -0.1212419E+03  0.7033132E+04  0.7033132E+04
 -0.1172904E+02  0.1091377E+03 -0.1208667E+03  0.7010729E+04  0.7010729E+04
 -0.1132631E+02  0.1091652E+03 -0.1204916E+03  0.7031326E+04  0.7031326E+04
 -0.1022051E+02  0.1091789E+03 -0.1193994E+03  0.6906221E+04  0.6906221E+04
 -0.8411633E+01  0.1091785E+03 -0.1175901E+03  0.6768412E+04  0.6768412E+04
 -0.6602762E+01  0.1091782E+03 -0.1157809E+03  0.6561603E+04  0.6561603E+04
 -0.4793889E+01  0.1091778E+03 -0.1139717E+03  0.6406794E+04  0.6406794E+04
 -0.3631702E+01  0.1090836E+03 -0.1127153E+03  0.6515632E+04  0.6515632E+04
 -0.3116201E+01  0.1088956E+03 -0.1120118E+03  0.6546116E+04  0.6546116E+04
 -0.2600700E+01  0.1087076E+03 -0.1113083E+03  0.6451601E+04  0.6451601E+04
 -0.2085198E+01  0.1085196E+03 -0.1106048E+03  0.6436085E+04  0.6436085E+04
 -0.1614309E+01  0.1083303E+03 -0.1099446E+03  0.6248614E+04  0.6248614E+04
 -0.1188030E+01  0.1081398E+03 -0.1093278E+03  0.6229188E+04  0.6229188E+04
 -0.7617523E+00  0.1079492E+03 -0.1087110E+03  0.6219762E+04  0.6219762E+04
 -0.3354740E+00  0.1077586E+03 -0.1080941E+03  0.6094335E+04  0.6094335E+04
 -0.1085427E+00  0.1075748E+03 -0.1076834E+03  0.6185108E+04  0.6185108E+04
 -0.8095829E-01  0.1073977E+03 -0.1074787E+03  0.6294081E+04  0.6294081E+04
 -0.5337387E-01  0.1072206E+03 -0.1072740E+03  0.6115053E+04  0.6115053E+04
 -0.2578945E-01  0.1070436E+03 -0.1070694E+03  0.6164026E+04  0.6164026E+04
 -0.1199723E-01  0.1068853E+03 -0.1065410E+03  0.6171012E+04  0.6171012E+04
 -0.1199723E-01  0.1067459E+03 -0.1056890E+03  0.6078012E+04  0.6078012E+04
  0.2838369E+01  0.1066065E+03 -0.1048370E+03  0.6077162E+04  0.6077162E+04
  0.2838369E+01  0.1064670E+03 -0.1039850E+03  0.5888162E+04  0.5888162E+04
  0.3520590E+01  0.1063028E+03 -0.1027822E+03  0.5986479E+04  0.5986479E+04
  0.4885034E+01  0.1061137E+03 -0.1012287E+03  0.5766115E+04  0.5766115E+04
  0.6249477E+01  0.1059247E+03 -0.9967522E+02  0.5978750E+04  0.5978750E+04
  0.7613920E+01  0.1057356E+03 -0.9812173E+02  0.5599386E+04  0.5599386E+04
  0.9471307E+01  0.1054848E+03 -0.9601346E+02  0.5383529E+04  0.5383529E+04
  0.1182164E+02  0.1051721E+03 -0.9335041E+02  0.5306178E+04  0.5306178E+04
  0.1417197E+02  0.1048593E+03 -0.9068737E+02  0.5134828E+04  0.5134828E+04
  0.1652230E+02  0.1045466E+03 -0.8802432E+02  0.5021478E+04  0.5021478E+04
  0.1840632E+02  0.1041241E+03 -0.8571780E+02  0.4912594E+04  0.4912594E+04
  0.1982404E+02  0.1035918E+03 -0.8376779E+02  0.4722176E+04  0.4722176E+04
  0.2124176E+02  0.1030595E+03 -0.8181779E+02  0.4578758E+04  0.4578758E+04
  0.2265948E+02  0.1025273E+03 -0.7986778E+02  0.4567340E+04  0.4567340E+04
  0.2377322E+02  0.1019609E+03 -0.7818766E+02  0.4443227E+04  0.4443227E+04
  0.2458301E+02  0.1013604E+03 -0.7677741E+02  0.4390417E+04  0.4390417E+04
  0.2539279E+02  0.1007600E+03 -0.7536718E+02  0.4215607E+04  0.4215607E+04
  0.2620257E+02  0.1001595E+03 -0.7395693E+02  0.4066797E+04  0.4066797E+04
  0.2629569E+02  0.9956616E+02 -0.7327047E+02  0.4141704E+04  0.4141704E+04
  0.2567215E+02  0.9897993E+02 -0.7330777E+02  0.4227328E+04  0.4227328E+04
  0.2504862E+02  0.9839369E+02 -0.7334508E+02  0.4032951E+04  0.4032951E+04
  0.2442508E+02  0.9780746E+02 -0.7338238E+02  0.4195575E+04  0.4195575E+04
  0.2406880E+02  0.9730656E+02 -0.7323776E+02  0.4267931E+04  0.4267931E+04
  0.2397977E+02  0.9689098E+02 -0.7291122E+02  0.4170020E+04  0.4170020E+04
  0.2389074E+02  0.9647541E+02 -0.7258467E+02  0.3982109E+04  0.3982109E+04
  0.2380171E+02  0.9605984E+02 -0.7225813E+02  0.4018198E+04  0.4018198E+04
  0.2334680E+02  0.9567706E+02 -0.7233026E+02  0.4047653E+04  0.4047653E+04
  0.2252601E+02  0.9532708E+02 -0.7280107E+02  0.4315474E+04  0.4315474E+04
  0.2170521E+02  0.9497710E+02 -0.7327189E+02  0.4213295E+04  0.4213295E+04
  0.2088442E+02  0.9462712E+02 -0.7374270E+02  0.4176116E+04  0.4176116E+04
  0.2038474E+02  0.9434016E+02 -0.7395541E+02  0.4174615E+04  0.4174615E+04
  0.2020618E+02  0.9411623E+02 -0.7391003E+02  0.4231794E+04  0.4231794E+04
  0.2002762E+02  0.9389228E+02 -0.7386466E+02  0.4174972E+04  0.4174972E+04
  0.1984906E+02  0.9366834E+02 -0.7381928E+02  0.4145151E+04  0.4145151E+04
  0.1965232E+02  0.9345745E+02 -0.7380513E+02  0.4160348E+04  0.4160348E+04
  0.1943740E+02  0.9325961E+02 -0.7382220E+02  0.4277562E+04  0.4277562E+04
  0.1922248E+02  0.9306177E+02 -0.7383929E+02  0.4119777E+04  0.4119777E+04
  0.1900757E+02  0.9286393E+02 -0.7385636E+02  0.4164993E+04  0.4164993E+04
  0.1872502E+02  0.9267630E+02 -0.7395127E+02  0.4278275E+04  0.4278275E+04
  0.1837486E+02  0.9249889E+02 -0.7412403E+02  0.4212625E+04  0.4212625E+04
  0.1802469E+02  0.9232146E+02 -0.7429678E+02  0.4268975E+04  0.4268975E+04
  0.1767452E+02  0.9214405E+02 -0.7446954E+02  0.4100326E+04  0.4100326E+04
  0.1790733E+02  0.9198276E+02 -0.7407542E+02  0.4238093E+04  0.4238093E+04
  0.1872312E+02  0.9183758E+02 -0.7311445E+02  0.4295277E+04  0.4295277E+04
  0.1953892E+02  0.9169240E+02 -0.7215348E+02  0.4159461E+04  0.4159461E+04
  0.2035471E+02  0.9154722E+02 -0.7119250E+02  0.3976645E+04  0.3976645E+04
  0.2137942E+02  0.9134719E+02 -0.6996777E+02  0.3980621E+04  0.3980621E+04
  0.2261304E+02  0.9109232E+02 -0.6847928E+02  0.3885387E+04  0.3885387E+04
  0.2384666E+02  0.9083744E+02 -0.6699078E+02  0.3807153E+04  0.3807153E+04
  0.2508028E+02  0.9058257E+02 -0.6550228E+02  0.3632920E+04  0.3632920E+04
  0.2657115E+02  0.9025771E+02 -0.6368656E+02  0.3676429E+04  0.3676429E+04
  0.2831929E+02  0.8986289E+02 -0.6154361E+02  0.3504681E+04  0.3504681E+04
  0.3006742E+02  0.8946806E+02 -0.5940065E+02  0.3329933E+04  0.3329933E+04
  0.3181556E+02  0.8907324E+02 -0.5725769E+02  0.3221184E+04  0.3221184E+04
  0.3348956E+02  0.8859355E+02 -0.5510399E+02  0.3167510E+04  0.3167510E+04
  0.3508945E+02  0.8802900E+02 -0.5293956E+02  0.2920911E+04  0.2920911E+04
  0.3668933E+02  0.8746445E+02 -0.5077511E+02  0.2903311E+04  0.2903311E+04
  0.3828922E+02  0.8689989E+02 -0.4861068E+02  0.2684711E+04  0.2684711E+04
  0.3994191E+02  0.8627534E+02 -0.4633343E+02  0.2564058E+04  0.2564058E+04
  0.4164740E+02  0.8559078E+02 -0.4394338E+02  0.2491353E+04  0.2491353E+04
  0.4335290E+02  0.8490623E+02 -0.4155333E+02  0.2394647E+04  0.2394647E+04
  0.4505840E+02  0.8422168E+02 -0.3916329E+02  0.2172942E+04  0.2172942E+04
  0.4696891E+02  0.8348121E+02 -0.3651231E+02  0.2034031E+04  0.2034031E+04
  0.4908443E+02  0.8268483E+02 -0.3360040E+02  0.1839916E+04  0.1839916E+04
  0.5119995E+02  0.8188845E+02 -0.3068850E+02  0.1740800E+04  0.1740800E+04
  0.5331548E+02  0.8109207E+02 -0.2777659E+02  0.1479685E+04  0.1479685E+04
  0.5528049E+02  0.8022055E+02 -0.2494006E+02  0.1291719E+04  0.1291719E+04
  0.5709500E+02  0.7927390E+02 -0.2217890E+02  0.1237905E+04  0.1237905E+04
  0.5890950E+02  0.7832725E+02 -0.1941774E+02  0.1026090E+04  0.1026090E+04
  0.6072401E+02  0.7738059E+02 -0.1665658E+02  0.8952760E+03  0.8952760E+03
  0.6191928E+02  0.7638702E+02 -0.1446774E+02  0.7380807E+03  0.7380807E+03
  0.6249530E+02  0.7534652E+02 -0.1285122E+02  0.5575047E+03  0.5575047E+03
  0.6307132E+02  0.7430602E+02 -0.1123470E+02  0.5119287E+03  0.5119287E+03
  0.6364735E+02  0.7326553E+02 -0.9618183E+01  0.4433527E+03  0.4433527E+03
  0.6387223E+02  0.7225685E+02 -0.8384630E+01  0.4251278E+03  0.4251278E+03
  0.6374596E+02  0.7128000E+02 -0.7534045E+01  0.3602540E+03  0.3602540E+03
  0.6361970E+02  0.7030315E+02 -0.6683459E+01  0.3183803E+03  0.3183803E+03
  0.6349343E+02  0.6932630E+02 -0.5832872E+01  0.2725066E+03  0.2725066E+03
  0.6329412E+02  0.6841183E+02 -0.5117709E+01  0.2037059E+03  0.2037059E+03
  0.6302177E+02  0.6755973E+02 -0.4537969E+01  0.1759782E+03  0.1759782E+03
  0.6274942E+02  0.6670764E+02 -0.3958229E+01  0.1612506E+03  0.1612506E+03
  0.6247706E+02  0.6585555E+02 -0.3378488E+01  0.1165229E+03  0.1165229E+03
  0.6211493E+02  0.6505511E+02 -0.2940188E+01  0.9088507E+02  0.9088507E+02
  0.6166302E+02  0.6430634E+02 -0.2643328E+01  0.8133698E+02  0.8133698E+02
  0.6121112E+02  0.6355758E+02 -0.2346468E+01  0.7478888E+02  0.7478888E+02
  0.6075920E+02  0.6280881E+02 -0.2049608E+01  0.4524080E+02  0.4524080E+02
  0.6027669E+02  0.6210739E+02 -0.1830699E+01  0.5272331E+02  0.5272331E+02
  0.5976357E+02  0.6145331E+02 -0.1689740E+01  0.1523643E+02  0.1523643E+02
  0.5925045E+02  0.6079924E+02 -0.1548782E+01  0.2174955E+02  0.2174955E+02
  0.5873734E+02  0.6014516E+02 -0.1407823E+01  0.1526266E+02  0.1526266E+02
  0.5822863E+02  0.5953119E+02 -0.1302558E+01  0.5771374E+01  0.5771374E+01
  0.5772433E+02  0.5895732E+02 -0.1232986E+01  0.2527567E+02  0.2527567E+02
  0.5722003E+02  0.5838345E+02 -0.1163415E+01 -0.3220032E+01  0.0000000E+00
  0.5671574E+02  0.5780958E+02 -0.1093843E+01  0.1028426E+02  0.1028426E+02
  0.5621638E+02  0.5726719E+02 -0.1050813E+01  0.2783615E+01  0.2783615E+01
  0.5572197E+02  0.5675630E+02 -0.1034324E+01  0.3278027E+01  0.3278027E+01
  0.5522756E+02  0.5624540E+02 -0.1017835E+01 -0.9227562E+01  0.0000000E+00
  0.5473315E+02  0.5573450E+02 -0.1001346E+01  0.1726685E+02  0.1726685E+02
  0.5426739E+02  0.5524834E+02 -0.9809502E+00 -0.4267387E+01  0.0000000E+00
  0.5383027E+02  0.5478692E+02 -0.9566475E+00  0.2169731E+01  0.2169731E+01
  0.5339315E+02  0.5432550E+02 -0.9323446E+00 -0.1339315E+02  0.0000000E+00
  0.5295604E+02  0.5386407E+02 -0.9080418E+00 -0.1956036E+01  0.0000000E+00
  0.5252881E+02  0.5342030E+02 -0.8914917E+00  0.5471191E+01  0.5471191E+01
  0.5211147E+02  0.5299417E+02 -0.8826942E+00  0.8885269E+00  0.8885269E+00
  0.5169413E+02  0.5256803E+02 -0.8738968E+00  0.3058662E+00  0.3058662E+00
  0.5127680E+02  0.5214190E+02 -0.8650993E+00 -0.2767982E+00  0.0000000E+00
  0.5087173E+02  0.5172977E+02 -0.8580385E+00 -0.8871731E+01  0.0000000E+00
  0.5047893E+02  0.5133165E+02 -0.8527144E+00 -0.1478931E+01  0.0000000E+00
  0.5008613E+02  0.5093352E+02 -0.8473904E+00  0.7913872E+01  0.7913872E+01
  0.4969333E+02  0.5053540E+02 -0.8420662E+00  0.4306671E+01  0.4306671E+01
  0.4931599E+02  0.5014829E+02 -0.8323031E+00 -0.1331599E+02  0.0000000E+00
  0.4895411E+02  0.4977221E+02 -0.8181010E+00 -0.7954109E+01  0.0000000E+00
  0.4859223E+02  0.4939613E+02 -0.8038990E+00 -0.6592228E+01  0.0000000E+00
  0.4823035E+02  0.4902005E+02 -0.7896969E+00  0.7696533E+00  0.7696533E+00
  0.4785194E+02  0.4865183E+02 -0.7998937E+00 -0.1085194E+02  0.0000000E+00
  0.4745700E+02  0.4829149E+02 -0.8344894E+00  0.5430031E+00  0.5430031E+00
  0.4706206E+02  0.4793114E+02 -0.8690851E+00  0.6937943E+01  0.6937943E+01
  0.4666712E+02  0.4757080E+02 -0.9036807E+00 -0.2667118E+01  0.0000000E+00
  0.4631903E+02  0.4721947E+02 -0.9004349E+00  0.6680965E+01  0.6680965E+01
  0.4601781E+02  0.4687716E+02 -0.8593476E+00  0.9982185E+01  0.9982185E+01
  0.4571659E+02  0.4653485E+02 -0.8182603E+00  0.6283409E+01  0.6283409E+01
  0.4541537E+02  0.4619254E+02 -0.7771730E+00 -0.1141537E+02  0.0000000E+00
  0.4509174E+02  0.4585287E+02 -0.7611339E+00 -0.6091740E+01  0.0000000E+00
  0.4474569E+02  0.4551584E+02 -0.7701432E+00  0.2543068E+00  0.2543068E+00
  0.4439965E+02  0.4517881E+02 -0.7791525E+00 -0.3996544E+00  0.0000000E+00
  0.4405361E+02  0.4484177E+02 -0.7881618E+00  0.9946392E+01  0.9946392E+01
  0.4372912E+02  0.4451012E+02 -0.7809963E+00 -0.7291222E+00  0.0000000E+00
  0.4342619E+02  0.4418385E+02 -0.7576560E+00 -0.6426189E+01  0.0000000E+00
  0.4312326E+02  0.4385757E+02 -0.7343157E+00  0.3876743E+01  0.3876743E+01
  0.4282032E+02  0.4353130E+02 -0.7109755E+00 -0.4820324E+01  0.0000000E+00
  0.4250640E+02  0.4320805E+02 -0.7016411E+00 -0.1150640E+02  0.0000000E+00
  0.4218150E+02  0.4288781E+02 -0.7063129E+00 -0.1181499E+01  0.0000000E+00
  0.4185660E+02  0.4256758E+02 -0.7109846E+00  0.2143402E+01  0.2143402E+01
  0.4153169E+02  0.4224735E+02 -0.7156564E+00 -0.4531693E+01  0.0000000E+00
  0.4121184E+02  0.4193158E+02 -0.7197497E+00 -0.8211838E+01  0.0000000E+00
  0.4089703E+02  0.4162030E+02 -0.7232649E+00  0.6102970E+01  0.6102970E+01
  0.4058223E+02  0.4130900E+02 -0.7267799E+00 -0.5582226E+01  0.0000000E+00
  0.4026742E+02  0.4099771E+02 -0.7302950E+00  0.6732582E+01  0.6732582E+01
  0.3997879E+02  0.4069079E+02 -0.7120013E+00 -0.2978790E+01  0.0000000E+00
  0.3971634E+02  0.4038824E+02 -0.6718988E+00  0.5283661E+01  0.5283661E+01
  0.3945389E+02  0.4008569E+02 -0.6317964E+00 -0.1445389E+02  0.0000000E+00
  0.3919144E+02  0.3978313E+02 -0.5916939E+00 -0.1914406E+00  0.0000000E+00
  0.3890854E+02  0.3948245E+02 -0.5739089E+00 -0.3908543E+01  0.0000000E+00
  0.3860520E+02  0.3918364E+02 -0.5784413E+00 -0.9605202E+01  0.0000000E+00
  0.3830186E+02  0.3888483E+02 -0.5829737E+00  0.1698139E+01  0.1698139E+01
  0.3799852E+02  0.3858603E+02 -0.5875060E+00 -0.9998520E+01  0.0000000E+00
  0.3769776E+02  0.3829260E+02 -0.5948457E+00 -0.8697758E+01  0.0000000E+00
  0.3739958E+02  0.3800457E+02 -0.6049928E+00 -0.2399582E+01  0.0000000E+00
  0.3710141E+02  0.3771655E+02 -0.6151400E+00  0.1389859E+02  0.1389859E+02
  0.3680323E+02  0.3742852E+02 -0.6252871E+00 -0.5803230E+01  0.0000000E+00
  0.3652184E+02  0.3714607E+02 -0.6242341E+00 -0.5218391E+00  0.0000000E+00
  0.3625723E+02  0.3686921E+02 -0.6119811E+00 -0.1325723E+02  0.0000000E+00
  0.3599263E+02  0.3659235E+02 -0.5997281E+00 -0.4992626E+01  0.0000000E+00
  0.3572802E+02  0.3631549E+02 -0.5874751E+00 -0.5728016E+01  0.0000000E+00
  0.3546358E+02  0.3604223E+02 -0.5786485E+00  0.1536419E+01  0.1536419E+01
  0.3519931E+02  0.3577256E+02 -0.5732483E+00 -0.3199314E+01  0.0000000E+00
  0.3493504E+02  0.3550290E+02 -0.5678481E+00 -0.1293504E+02  0.0000000E+00
  0.3467078E+02  0.3523323E+02 -0.5624479E+00  0.4329224E+01  0.4329224E+01
  0.3440102E+02  0.3496754E+02 -0.5665186E+00 -0.2401016E+01  0.0000000E+00
  0.3412576E+02  0.3470582E+02 -0.5800601E+00 -0.2125759E+01  0.0000000E+00
  0.3385051E+02  0.3444411E+02 -0.5936017E+00  0.2149494E+01  0.2149494E+01
  0.3357525E+02  0.3418239E+02 -0.6071432E+00  0.4247513E+00  0.4247513E+00
  0.3332403E+02  0.3392566E+02 -0.6016335E+00 -0.3240280E+00  0.0000000E+00
  0.3309684E+02  0.3367392E+02 -0.5770725E+00  0.9031563E+00  0.9031563E+00
  0.3286966E+02  0.3342217E+02 -0.5525115E+00 -0.2869656E+01  0.0000000E+00
  0.3264247E+02  0.3317042E+02 -0.5279505E+00 -0.3642471E+01  0.0000000E+00
  0.3240179E+02  0.3292086E+02 -0.5190625E+00  0.3598209E+01  0.3598209E+01
  0.3214762E+02  0.3267347E+02 -0.5258474E+00 -0.1214762E+02  0.0000000E+00
  0.3189346E+02  0.3242609E+02 -0.5326323E+00 -0.1893456E+01  0.0000000E+00
  0.3163929E+02  0.3217870E+02 -0.5394172E+00 -0.4639286E+01  0.0000000E+00
  0.3138311E+02  0.3193548E+02 -0.5523694E+00  0.1616890E+01  0.1616890E+01
  0.3112493E+02  0.3169641E+02 -0.5714889E+00 -0.1249275E+00  0.0000000E+00
  0.3086674E+02  0.3145735E+02 -0.5906085E+00  0.4133257E+01  0.4133257E+01
  0.3060856E+02  0.3121829E+02 -0.6097280E+00  0.3391439E+01  0.3391439E+01
  0.3036281E+02  0.3098384E+02 -0.6210302E+00  0.6637188E+01  0.6637188E+01
  0.3012950E+02  0.3075401E+02 -0.6245152E+00  0.1870502E+01  0.1870502E+01
  0.2989618E+02  0.3052419E+02 -0.6280002E+00  0.1038151E+00  0.1038151E+00
  0.2966287E+02  0.3029436E+02 -0.6314852E+00  0.1337130E+01  0.1337130E+01
  0.2945395E+02  0.3006759E+02 -0.6136335E+00  0.5546045E+01  0.5546045E+01
  0.2926944E+02  0.2984388E+02 -0.5744449E+00  0.1573056E+02  0.1573056E+02
  0.2908492E+02  0.2962018E+02 -0.5352564E+00 -0.1084923E+01  0.0000000E+00
  0.2890041E+02  0.2939647E+02 -0.4960679E+00 -0.3900406E+01  0.0000000E+00
  0.2870333E+02  0.2917310E+02 -0.4697700E+00  0.5296669E+01  0.5296669E+01
  0.2849370E+02  0.2895006E+02 -0.4563628E+00 -0.9493698E+01  0.0000000E+00
  0.2828406E+02  0.2872702E+02 -0.4429556E+00 -0.5284063E+01  0.0000000E+00
  0.2807443E+02  0.2850398E+02 -0.4295483E+00 -0.6074430E+01  0.0000000E+00
  0.2784886E+02  0.2828355E+02 -0.4346991E+00 -0.6848856E+01  0.0000000E+00
  0.2760734E+02  0.2806575E+02 -0.4584079E+00  0.3926620E+00  0.3926620E+00
  0.2736582E+02  0.2784794E+02 -0.4821167E+00  0.5634178E+01  0.5634178E+01
  0.2712430E+02  0.2763013E+02 -0.5058255E+00 -0.1243038E+00  0.0000000E+00
  0.2690606E+02  0.2741701E+02 -0.5109549E+00 -0.9060593E+00  0.0000000E+00
  0.2671108E+02  0.2720859E+02 -0.4975050E+00  0.2288916E+01  0.2288916E+01
  0.2651611E+02  0.2700017E+02 -0.4840550E+00 -0.1516111E+01  0.0000000E+00
  0.2632114E+02  0.2679174E+02 -0.4706050E+00  0.6678864E+01  0.6678864E+01
  0.2612689E+02  0.2658516E+02 -0.4582693E+00 -0.5126890E+01  0.0000000E+00
  0.2593337E+02  0.2638042E+02 -0.4470479E+00 -0.1933371E+01  0.0000000E+00
  0.2573985E+02  0.2617568E+02 -0.4358265E+00  0.2260147E+01  0.2260147E+01
  0.2554633E+02  0.2597094E+02 -0.4246051E+00 -0.4546333E+01  0.0000000E+00
  0.2534001E+02  0.2576807E+02 -0.4280611E+00  0.1659988E+01  0.1659988E+01
  0.2512089E+02  0.2556709E+02 -0.4461944E+00 -0.8120890E+01  0.0000000E+00
  0.2490177E+02  0.2536609E+02 -0.4643278E+00  0.9823227E-01  0.9823227E-01
  0.2468265E+02  0.2516511E+02 -0.4824611E+00 -0.2682646E+01  0.0000000E+00
  0.2447579E+02  0.2496793E+02 -0.4921400E+00  0.3524214E+01  0.3524214E+01
  0.2428119E+02  0.2477456E+02 -0.4933645E+00  0.9718805E+01  0.9718805E+01
  0.2408660E+02  0.2458119E+02 -0.4945889E+00  0.4913401E+01  0.4913401E+01
  0.2389201E+02  0.2438782E+02 -0.4958133E+00  0.1010799E+02  0.1010799E+02
  0.2371558E+02  0.2419681E+02 -0.4812298E+00  0.2844238E+00  0.2844238E+00
  0.2355731E+02  0.2400815E+02 -0.4508382E+00 -0.5573101E+00  0.0000000E+00
  0.2339904E+02  0.2381949E+02 -0.4204467E+00  0.2600958E+01  0.2600958E+01
  0.2324078E+02  0.2363083E+02 -0.3900551E+00  0.1759224E+01  0.1759224E+01
  0.2307716E+02  0.2344244E+02 -0.3652875E+00 -0.1007716E+02  0.0000000E+00
  0.2290819E+02  0.2325433E+02 -0.3461437E+00 -0.3908186E+01  0.0000000E+00
  0.2273922E+02  0.2306622E+02 -0.3269999E+00 -0.7392159E+00  0.0000000E+00
  0.2257025E+02  0.2287810E+02 -0.3078561E+00 -0.6570246E+01  0.0000000E+00
  0.2238804E+02  0.2269143E+02 -0.3033890E+00 -0.1038804E+02  0.0000000E+00
  0.2219260E+02  0.2250620E+02 -0.3135985E+00 -0.6192596E+01  0.0000000E+00
  0.2199716E+02  0.2232096E+02 -0.3238080E+00 -0.7997156E+01  0.0000000E+00
  0.2180171E+02  0.2213573E+02 -0.3340176E+00 -0.4801714E+01  0.0000000E+00
  0.2161366E+02  0.2195393E+02 -0.3402743E+00 -0.1613655E+01  0.0000000E+00
  0.2143298E+02  0.2177556E+02 -0.3425782E+00  0.2567020E+01  0.2567020E+01
  0.2125230E+02  0.2159719E+02 -0.3448821E+00  0.6747698E+01  0.6747698E+01
  0.2107163E+02  0.2141881E+02 -0.3471860E+00 -0.1007163E+02  0.0000000E+00
  0.2089342E+02  0.2124293E+02 -0.3495054E+00 -0.8934250E+00  0.0000000E+00
  0.2071770E+02  0.2106954E+02 -0.3518402E+00 -0.2717699E+01  0.0000000E+00
  0.2054197E+02  0.2089615E+02 -0.3541750E+00  0.4580288E+00  0.4580288E+00
  0.2036625E+02  0.2072276E+02 -0.3565098E+00 -0.2366245E+01  0.0000000E+00
  0.2019836E+02  0.2055154E+02 -0.3531794E+00  0.8016376E+00  0.8016376E+00
  0.2003832E+02  0.2038251E+02 -0.3441838E+00 -0.1038322E+01  0.0000000E+00
  0.1987828E+02  0.2021347E+02 -0.3351882E+00 -0.8782845E+00  0.0000000E+00
  0.1971824E+02  0.2004444E+02 -0.3261926E+00 -0.7718245E+01  0.0000000E+00
  0.1955735E+02  0.1987680E+02 -0.3194561E+00  0.3442652E+01  0.3442652E+01
  0.1939559E+02  0.1971057E+02 -0.3149787E+00 -0.2395590E+01  0.0000000E+00
  0.1923384E+02  0.1954434E+02 -0.3105013E+00 -0.3233835E+01  0.0000000E+00
  0.1907208E+02  0.1937810E+02 -0.3060240E+00  0.3927923E+01  0.3927923E+01
  0.1890243E+02  0.1921361E+02 -0.3111790E+00 -0.1902433E+01  0.0000000E+00
  0.1872491E+02  0.1905087E+02 -0.3259664E+00 -0.7724905E+01  0.0000000E+00
  0.1854737E+02  0.1888813E+02 -0.3407537E+00  0.2452627E+01  0.2452627E+01
  0.1836984E+02  0.1872538E+02 -0.3555411E+00 -0.3698444E+00  0.0000000E+00
  0.1820543E+02  0.1856555E+02 -0.3601212E+00  0.1794569E+01  0.1794569E+01
  0.1805414E+02  0.1840863E+02 -0.3544941E+00  0.2945862E+01  0.2945862E+01
  0.1790285E+02  0.1825171E+02 -0.3488670E+00 -0.9028454E+00  0.0000000E+00
  0.1775155E+02  0.1809479E+02 -0.3432399E+00  0.2248447E+01  0.2248447E+01
  0.1759990E+02  0.1793922E+02 -0.3393147E+00  0.4000969E+00  0.4000969E+00
  0.1744790E+02  0.1778499E+02 -0.3370915E+00  0.2552103E+01  0.2552103E+01
  0.1729589E+02  0.1763076E+02 -0.3348683E+00  0.1704107E+01  0.1704107E+01
  0.1714389E+02  0.1747653E+02 -0.3326451E+00 -0.3143887E+01  0.0000000E+00
  0.1699739E+02  0.1732384E+02 -0.3264518E+00  0.7002615E+01  0.7002615E+01
  0.1685638E+02  0.1717267E+02 -0.3162885E+00 -0.8563843E+00  0.0000000E+00
  0.1671538E+02  0.1702151E+02 -0.3061251E+00  0.4284616E+01  0.4284616E+01
  0.1657438E+02  0.1687035E+02 -0.2959617E+00 -0.3574383E+01  0.0000000E+00
  0.1643340E+02  0.1672033E+02 -0.2869337E+00  0.4566601E+01  0.4566601E+01
  0.1629243E+02  0.1657147E+02 -0.2790410E+00 -0.7292433E+01  0.0000000E+00
  0.1615147E+02  0.1642262E+02 -0.2711483E+00 -0.1151466E+01  0.0000000E+00
  0.1601050E+02  0.1627376E+02 -0.2632556E+00 -0.1010500E+01  0.0000000E+00
  0.1586641E+02  0.1612630E+02 -0.2598958E+00 -0.1866408E+01  0.0000000E+00
  0.1571919E+02  0.1598026E+02 -0.2610689E+00 -0.2719192E+01  0.0000000E+00
  0.1557197E+02  0.1583422E+02 -0.2622421E+00  0.4280252E+00  0.4280252E+00
  0.1542476E+02  0.1568817E+02 -0.2634152E+00 -0.4424758E+01  0.0000000E+00
  0.1527614E+02  0.1554414E+02 -0.2680051E+00  0.4723863E+01  0.4723863E+01
  0.1512611E+02  0.1540212E+02 -0.2760118E+00 -0.4126113E+01  0.0000000E+00
  0.1497609E+02  0.1526011E+02 -0.2840185E+00 -0.4976089E+01  0.0000000E+00
  0.1482606E+02  0.1511809E+02 -0.2920252E+00  0.6173936E+01  0.6173936E+01
  0.1469595E+02  0.1497833E+02 -0.2823814E+00  0.4304051E+01  0.4304051E+01
  0.1458574E+02  0.1484083E+02 -0.2550870E+00  0.4142580E+00  0.4142580E+00
  0.1447554E+02  0.1470333E+02 -0.2277926E+00 -0.6475535E+01  0.0000000E+00
  0.1436533E+02  0.1456583E+02 -0.2004983E+00 -0.5365329E+01  0.0000000E+00
  0.1423862E+02  0.1442833E+02 -0.1897102E+00 -0.2238617E+01  0.0000000E+00
  0.1409540E+02  0.1429083E+02 -0.1954285E+00 -0.2095400E+01  0.0000000E+00
  0.1395218E+02  0.1415333E+02 -0.2011468E+00 -0.5952182E+01  0.0000000E+00
  0.1380896E+02  0.1401583E+02 -0.2068651E+00 -0.4808965E+01  0.0000000E+00
  0.1367131E+02  0.1388049E+02 -0.2091763E+00  0.1328687E+01  0.1328687E+01
  0.1353923E+02  0.1374731E+02 -0.2080803E+00  0.4607744E+00  0.4607744E+00
  0.1340714E+02  0.1361412E+02 -0.2069844E+00  0.4592860E+01  0.4592860E+01
  0.1327505E+02  0.1348094E+02 -0.2058884E+00 -0.5275052E+01  0.0000000E+00
  0.1314248E+02  0.1334955E+02 -0.2070705E+00 -0.5142479E+01  0.0000000E+00
  0.1300942E+02  0.1321995E+02 -0.2105307E+00 -0.2009419E+01  0.0000000E+00
  0.1287636E+02  0.1309035E+02 -0.2139908E+00 -0.8763599E+00  0.0000000E+00
  0.1274330E+02  0.1296075E+02 -0.2174510E+00 -0.7433004E+00  0.0000000E+00
  0.1261435E+02  0.1283298E+02 -0.2186276E+00 -0.6143494E+00  0.0000000E+00
  0.1248951E+02  0.1270703E+02 -0.2175208E+00 -0.4895077E+00  0.0000000E+00
  0.1236467E+02  0.1258108E+02 -0.2164139E+00  0.2635335E+01  0.2635335E+01
  0.1223982E+02  0.1245513E+02 -0.2153071E+00  0.7601767E+00  0.7601767E+00
  0.1212043E+02  0.1233064E+02 -0.2102016E+00 -0.6120435E+01  0.0000000E+00
  0.1200650E+02  0.1220760E+02 -0.2010974E+00  0.9934998E+00  0.9934998E+00
  0.1189256E+02  0.1208456E+02 -0.1919932E+00  0.1074352E+00  0.1074352E+00
  0.1177863E+02  0.1196152E+02 -0.1828890E+00  0.2213697E+00  0.2213697E+00
  0.1166053E+02  0.1183945E+02 -0.1789195E+00 -0.5660528E+01  0.0000000E+00
  0.1153826E+02  0.1171834E+02 -0.1800847E+00 -0.2538259E+01  0.0000000E+00
  0.1141599E+02  0.1159724E+02 -0.1812499E+00 -0.4415990E+01  0.0000000E+00
  0.1129372E+02  0.1147614E+02 -0.1824151E+00 -0.2293720E+01  0.0000000E+00
  0.1117143E+02  0.1135672E+02 -0.1852987E+00  0.2828574E+01  0.2828574E+01
  0.1104911E+02  0.1123901E+02 -0.1899007E+00 -0.1049107E+01  0.0000000E+00
  0.1092679E+02  0.1112129E+02 -0.1945028E+00 -0.1926787E+01  0.0000000E+00
  0.1080447E+02  0.1100357E+02 -0.1991048E+00  0.3195532E+01  0.3195532E+01
  0.1068285E+02  0.1088771E+02 -0.2048621E+00  0.2317147E+01  0.2317147E+01
  0.1056194E+02  0.1077372E+02 -0.2117746E+00 -0.2561941E+01  0.0000000E+00
  0.1044103E+02  0.1065972E+02 -0.2186872E+00  0.3558969E+01  0.3558969E+01
  0.1032012E+02  0.1054572E+02 -0.2255997E+00 -0.3201189E+00  0.0000000E+00
  0.1021650E+02  0.1043354E+02 -0.2170410E+00  0.7834997E+00  0.7834997E+00
  0.1013017E+02  0.1032319E+02 -0.1930110E+00  0.4869825E+01  0.4869825E+01
  0.1004385E+02  0.1021283E+02 -0.1689810E+00 -0.2043849E+01  0.0000000E+00
  0.9957523E+01  0.1010247E+02 -0.1449509E+00 -0.2957523E+01  0.0000000E+00
  0.9856746E+01  0.9991987E+01 -0.1352421E+00 -0.4856746E+01  0.0000000E+00
  0.9741517E+01  0.9881371E+01 -0.1398545E+00 -0.7415171E+00  0.0000000E+00
  0.9626287E+01  0.9770755E+01 -0.1444670E+00 -0.6262875E+00  0.0000000E+00
  0.9511059E+01  0.9660138E+01 -0.1490793E+00  0.3488941E+01  0.3488941E+01
  0.9401171E+01  0.9551420E+01 -0.1502498E+00 -0.2401171E+01  0.0000000E+00
  0.9296623E+01  0.9444602E+01 -0.1479783E+00 -0.5296623E+01  0.0000000E+00
  0.9192077E+01  0.9337783E+01 -0.1457067E+00 -0.5192077E+01  0.0000000E+00
  0.9087529E+01  0.9230965E+01 -0.1434352E+00 -0.1087529E+01  0.0000000E+00
  0.8987350E+01  0.9125641E+01 -0.1382908E+00 -0.9873505E+00  0.0000000E+00
  0.8891540E+01  0.9021813E+01 -0.1302735E+00  0.2108460E+01  0.2108460E+01
  0.8795729E+01  0.8917985E+01 -0.1222563E+00 -0.3795729E+01  0.0000000E+00
  0.8699918E+01  0.8814157E+01 -0.1142390E+00 -0.6999178E+00  0.0000000E+00
  0.8597091E+01  0.8711352E+01 -0.1142607E+00 -0.5597091E+01  0.0000000E+00
  0.8487248E+01  0.8609570E+01 -0.1223215E+00 -0.4872484E+00  0.0000000E+00
  0.8377404E+01  0.8507787E+01 -0.1303823E+00  0.1622596E+01  0.1622596E+01
  0.8267562E+01  0.8406004E+01 -0.1384432E+00 -0.2675619E+00  0.0000000E+00
  0.8166043E+01  0.8306229E+01 -0.1401857E+00 -0.4166043E+01  0.0000000E+00
  0.8072849E+01  0.8208459E+01 -0.1356099E+00  0.9271507E+00  0.9271507E+00
  0.7979657E+01  0.8110690E+01 -0.1310341E+00 -0.9796567E+00  0.0000000E+00
  0.7886463E+01  0.8012920E+01 -0.1264582E+00 -0.1886463E+01  0.0000000E+00
  0.7796714E+01  0.7916293E+01 -0.1195786E+00  0.2032857E+00  0.2032857E+00
  0.7710412E+01  0.7820807E+01 -0.1103952E+00 -0.1710412E+01  0.0000000E+00
  0.7624108E+01  0.7725320E+01 -0.1012117E+00  0.3758922E+00  0.3758922E+00
  0.7537805E+01  0.7629833E+01 -0.9202831E-01 -0.1537805E+01  0.0000000E+00
  0.7440830E+01  0.7535182E+01 -0.9435216E-01 -0.5440830E+01  0.0000000E+00
  0.7333184E+01  0.7441368E+01 -0.1081833E+00 -0.4333184E+01  0.0000000E+00
  0.7225539E+01  0.7347553E+01 -0.1220144E+00 -0.1225539E+01  0.0000000E+00
  0.7117893E+01  0.7253738E+01 -0.1358456E+00 -0.2117893E+01  0.0000000E+00
  0.7022392E+01  0.7162283E+01 -0.1398904E+00  0.4977608E+01  0.4977608E+01
  0.6939037E+01  0.7073186E+01 -0.1341489E+00  0.1060963E+01  0.1060963E+01
  0.6855682E+01  0.6984090E+01 -0.1284074E+00  0.1443176E+00  0.1443176E+00
  0.6772327E+01  0.6894993E+01 -0.1226659E+00 -0.3772327E+01  0.0000000E+00
  0.6690483E+01  0.6806832E+01 -0.1163491E+00  0.3095174E+00  0.3095174E+00
  0.6610148E+01  0.6719605E+01 -0.1094570E+00  0.2389852E+01  0.2389852E+01
  0.6529814E+01  0.6632379E+01 -0.1025649E+00 -0.4529814E+01  0.0000000E+00
  0.6449479E+01  0.6545152E+01 -0.9567272E-01 -0.4449479E+01  0.0000000E+00
  0.6368300E+01  0.6458803E+01 -0.9050247E-01  0.6316996E+00  0.6316996E+00
  0.6286277E+01  0.6373331E+01 -0.8705410E-01  0.2713723E+01  0.2713723E+01
  0.6204254E+01  0.6287860E+01 -0.8360573E-01 -0.2042542E+00  0.0000000E+00
  0.6122231E+01  0.6202388E+01 -0.8015736E-01 -0.2122231E+01  0.0000000E+00
  0.6042050E+01  0.6118182E+01 -0.7613137E-01 -0.3042050E+01  0.0000000E+00
  0.5963712E+01  0.6035239E+01 -0.7152777E-01 -0.1963712E+01  0.0000000E+00
  0.5885373E+01  0.5952297E+01 -0.6692416E-01 -0.1885373E+01  0.0000000E+00
  0.5807034E+01  0.5869355E+01 -0.6232056E-01 -0.3807034E+01  0.0000000E+00
  0.5726467E+01  0.5787647E+01 -0.6118028E-01 -0.2726467E+01  0.0000000E+00
  0.5643671E+01  0.5707174E+01 -0.6350332E-01 -0.1643671E+01  0.0000000E+00
  0.5560875E+01  0.5626701E+01 -0.6582638E-01 -0.3560875E+01  0.0000000E+00
  0.5478079E+01  0.5546228E+01 -0.6814943E-01 -0.3478079E+01  0.0000000E+00
  0.5400941E+01  0.5467367E+01 -0.6642593E-01  0.5990586E+00  0.5990586E+00
  0.5329462E+01  0.5390118E+01 -0.6065588E-01 -0.3294616E+00  0.0000000E+00
  0.5257983E+01  0.5312869E+01 -0.5488583E-01 -0.4257983E+01  0.0000000E+00
  0.5186503E+01  0.5235619E+01 -0.4911579E-01 -0.2186503E+01  0.0000000E+00
  0.5106265E+01  0.5159438E+01 -0.5317274E-01 -0.2106265E+01  0.0000000E+00
  0.5017268E+01  0.5084325E+01 -0.6705669E-01 -0.2017268E+01  0.0000000E+00
  0.4928272E+01  0.5009212E+01 -0.8094066E-01 -0.1928272E+01  0.0000000E+00
  0.4839275E+01  0.4934100E+01 -0.9482462E-01  0.3160725E+01  0.3160725E+01
  0.4765202E+01  0.4861192E+01 -0.9598943E-01 -0.1765202E+01  0.0000000E+00
  0.4706054E+01  0.4790489E+01 -0.8443510E-01  0.3293946E+01  0.3293946E+01
  0.4646905E+01  0.4719786E+01 -0.7288077E-01  0.2353095E+01  0.2353095E+01
  0.4587757E+01  0.4649083E+01 -0.6132645E-01 -0.2587757E+01  0.0000000E+00
  0.4522248E+01  0.4578959E+01 -0.5671023E-01 -0.1522248E+01  0.0000000E+00
  0.4450380E+01  0.4509412E+01 -0.5903213E-01 -0.4450380E+01  0.0000000E+00
  0.4378511E+01  0.4439865E+01 -0.6135403E-01 -0.3785110E+00  0.0000000E+00
  0.4306643E+01  0.4370318E+01 -0.6367592E-01  0.1693357E+01  0.1693357E+01
  0.4240852E+01  0.4302219E+01 -0.6136717E-01 -0.2240852E+01  0.0000000E+00
  0.4181139E+01  0.4235567E+01 -0.5442778E-01 -0.2181139E+01  0.0000000E+00
  0.4121427E+01  0.4168915E+01 -0.4748838E-01 -0.2121427E+01  0.0000000E+00
  0.4061714E+01  0.4102263E+01 -0.4054898E-01 -0.6171417E-01  0.0000000E+00
  0.3994302E+01  0.4036601E+01 -0.4229969E-01 -0.1994302E+01  0.0000000E+00
  0.3919189E+01  0.3971929E+01 -0.5274049E-01 -0.3919189E+01  0.0000000E+00
  0.3844075E+01  0.3907257E+01 -0.6318129E-01  0.1559246E+00  0.1559246E+00
  0.3768963E+01  0.3842585E+01 -0.7362209E-01  0.2310374E+00  0.2310374E+00
  0.3701053E+01  0.3779902E+01 -0.7884917E-01  0.2989469E+00  0.2989469E+00
  0.3640348E+01  0.3719210E+01 -0.7886253E-01  0.1359652E+01  0.1359652E+01
  0.3579642E+01  0.3658518E+01 -0.7887590E-01 -0.5796421E+00  0.0000000E+00
  0.3518937E+01  0.3597826E+01 -0.7888926E-01  0.2481063E+01  0.2481063E+01
  0.3461192E+01  0.3538353E+01 -0.7716081E-01  0.5388083E+00  0.5388083E+00
  0.3406408E+01  0.3480098E+01 -0.7369055E-01  0.5935924E+00  0.5935924E+00
  0.3351624E+01  0.3421844E+01 -0.7022028E-01  0.6483765E+00  0.6483765E+00
  0.3296839E+01  0.3363589E+01 -0.6675002E-01 -0.2968395E+00  0.0000000E+00
  0.3243537E+01  0.3306234E+01 -0.6269681E-01 -0.1243537E+01  0.0000000E+00
  0.3191717E+01  0.3249778E+01 -0.5806064E-01  0.1808283E+01  0.1808283E+01
  0.3139897E+01  0.3193322E+01 -0.5342447E-01 -0.2139897E+01  0.0000000E+00
  0.3088077E+01  0.3136865E+01 -0.4878830E-01 -0.1088077E+01  0.0000000E+00
  0.3036056E+01  0.3081367E+01 -0.4531083E-01 -0.2036056E+01  0.0000000E+00
  0.2983833E+01  0.3026825E+01 -0.4299205E-01  0.3016167E+01  0.3016167E+01
  0.2931610E+01  0.2972283E+01 -0.4067327E-01 -0.1931610E+01  0.0000000E+00
  0.2879387E+01  0.2917741E+01 -0.3835449E-01 -0.8793867E+00  0.0000000E+00
  0.2826587E+01  0.2864367E+01 -0.3778042E-01  0.1734130E+00  0.1734130E+00
  0.2773211E+01  0.2812162E+01 -0.3895107E-01 -0.7732105E+00  0.0000000E+00
  0.2719834E+01  0.2759956E+01 -0.4012170E-01 -0.7198341E+00  0.0000000E+00
  0.2666458E+01  0.2707750E+01 -0.4129235E-01  0.3335423E+00  0.3335423E+00
  0.2616203E+01  0.2656920E+01 -0.4071663E-01 -0.2616203E+01  0.0000000E+00
  0.2569070E+01  0.2607465E+01 -0.3839454E-01  0.1430930E+01  0.1430930E+01
  0.2521938E+01  0.2558010E+01 -0.3607245E-01 -0.5219376E+00  0.0000000E+00
  0.2474805E+01  0.2508555E+01 -0.3375037E-01  0.5251951E+00  0.5251951E+00
  0.2427025E+01  0.2460200E+01 -0.3317512E-01 -0.2427025E+01  0.0000000E+00
  0.2378597E+01  0.2412944E+01 -0.3434671E-01 -0.3785970E+00  0.0000000E+00
  0.2330169E+01  0.2365688E+01 -0.3551831E-01 -0.3301690E+00  0.0000000E+00
  0.2281741E+01  0.2318431E+01 -0.3668990E-01 -0.1281741E+01  0.0000000E+00
  0.2236908E+01  0.2272438E+01 -0.3553006E-01 -0.2369082E+00  0.0000000E+00
  0.2195670E+01  0.2227709E+01 -0.3203880E-01  0.8043299E+00  0.8043299E+00
  0.2154432E+01  0.2182979E+01 -0.2854754E-01 -0.1544318E+00  0.0000000E+00
  0.2113194E+01  0.2138250E+01 -0.2505628E-01 -0.1113194E+01  0.0000000E+00
  0.2071758E+01  0.2094487E+01 -0.2272934E-01 -0.1071758E+01  0.0000000E+00
  0.2030125E+01  0.2051692E+01 -0.2156672E-01 -0.1030125E+01  0.0000000E+00
  0.1988492E+01  0.2008896E+01 -0.2040411E-01 -0.9884924E+00  0.0000000E+00
  0.1946859E+01  0.1966101E+01 -0.1924149E-01  0.5314052E-01  0.5314052E-01
  0.1902849E+01  0.1924429E+01 -0.2157943E-01 -0.9028493E+00  0.0000000E+00
  0.1856462E+01  0.1883880E+01 -0.2741793E-01 -0.1856462E+01  0.0000000E+00
  0.1810074E+01  0.1843331E+01 -0.3325643E-01 -0.8100744E+00  0.0000000E+00
  0.1763687E+01  0.1802782E+01 -0.3909494E-01  0.2363130E+00  0.2363130E+00
  0.1724663E+01  0.1763761E+01 -0.3909755E-01  0.1275337E+01  0.1275337E+01
  0.1693003E+01  0.1726267E+01 -0.3326428E-01  0.1306997E+01  0.1306997E+01
  0.1661343E+01  0.1688774E+01 -0.2743102E-01 -0.6613430E+00  0.0000000E+00
  0.1629683E+01  0.1651281E+01 -0.2159775E-01 -0.6296828E+00  0.0000000E+00
  0.1596474E+01  0.1614573E+01 -0.1809862E-01 -0.5964743E+00  0.0000000E+00
  0.1561718E+01  0.1578651E+01 -0.1693361E-01 -0.5617176E+00  0.0000000E+00
  0.1526961E+01  0.1542729E+01 -0.1576860E-01 -0.1526961E+01  0.0000000E+00
  0.1492204E+01  0.1506808E+01 -0.1460360E-01 -0.4922041E+00  0.0000000E+00
  0.1459129E+01  0.1471982E+01 -0.1285309E-01 -0.4591289E+00  0.0000000E+00
  0.1427735E+01  0.1438252E+01 -0.1051709E-01 -0.4277353E+00  0.0000000E+00
  0.1396342E+01  0.1404523E+01 -0.8181086E-02 -0.1396342E+01  0.0000000E+00
  0.1364948E+01  0.1370793E+01 -0.5845082E-02 -0.3649482E+00  0.0000000E+00
  0.1332913E+01  0.1338176E+01 -0.5262289E-02 -0.1332913E+01  0.0000000E+00
  0.1300237E+01  0.1306670E+01 -0.6432706E-02 -0.1300237E+01  0.0000000E+00
  0.1267561E+01  0.1275164E+01 -0.7603123E-02 -0.1267561E+01  0.0000000E+00
  0.1234885E+01  0.1243659E+01 -0.8773540E-02 -0.2348851E+00  0.0000000E+00
  0.1202333E+01  0.1213449E+01 -0.1111588E-01 -0.2023333E+00  0.0000000E+00
  0.1169906E+01  0.1184536E+01 -0.1463015E-01 -0.1169906E+01  0.0000000E+00
  0.1137479E+01  0.1155623E+01 -0.1814442E-01 -0.1374786E+00  0.0000000E+00
  0.1105051E+01  0.1126710E+01 -0.2165869E-01 -0.1050513E+00  0.0000000E+00
  0.1076337E+01  0.1099168E+01 -0.2283171E-01 -0.1076337E+01  0.0000000E+00
  0.1051335E+01  0.1072998E+01 -0.2166349E-01  0.1948665E+01  0.1948665E+01
  0.1026332E+01  0.1046828E+01 -0.2049528E-01 -0.2633250E-01  0.0000000E+00
  0.1001330E+01  0.1020658E+01 -0.1932706E-01 -0.1001330E+01  0.0000000E+00
  0.9773147E+00  0.9954728E+00 -0.1815818E-01  0.1022685E+01  0.1022685E+01
  0.9542849E+00  0.9712736E+00 -0.1698866E-01  0.4571509E-01  0.4571509E-01
  0.9312552E+00  0.9470744E+00 -0.1581912E-01 -0.9312552E+00  0.0000000E+00
  0.9082255E+00  0.9228751E+00 -0.1464960E-01 -0.9082255E+00  0.0000000E+00
  0.8843701E+00  0.8996097E+00 -0.1523951E-01  0.2115630E+01  0.2115630E+01
  0.8596892E+00  0.8772781E+00 -0.1758886E-01 -0.8596892E+00  0.0000000E+00
  0.8350083E+00  0.8549466E+00 -0.1993820E-01  0.1649917E+00  0.1649917E+00
  0.8103274E+00  0.8326150E+00 -0.2228755E-01  0.1896726E+00  0.1896726E+00
  0.7890924E+00  0.8113825E+00 -0.2229004E-01 -0.7890924E+00  0.0000000E+00
  0.7713034E+00  0.7912490E+00 -0.1994566E-01  0.2228697E+01  0.2228697E+01
  0.7535143E+00  0.7711156E+00 -0.1760129E-01  0.1246486E+01  0.1246486E+01
  0.7357253E+00  0.7509822E+00 -0.1525691E-01 -0.7357253E+00  0.0000000E+00
  0.7180710E+00  0.7315696E+00 -0.1349862E-01 -0.7180710E+00  0.0000000E+00
  0.7005515E+00  0.7128778E+00 -0.1232642E-01  0.2994485E+00  0.2994485E+00
  0.6830319E+00  0.6941861E+00 -0.1115422E-01 -0.6830319E+00  0.0000000E+00
  0.6655123E+00  0.6754943E+00 -0.9982021E-02  0.3344877E+00  0.3344877E+00
  0.6481073E+00  0.6575040E+00 -0.9396688E-02 -0.6481073E+00  0.0000000E+00
  0.6308168E+00  0.6402150E+00 -0.9398227E-02  0.3691832E+00  0.3691832E+00
  0.6135263E+00  0.6229261E+00 -0.9399763E-02  0.3864737E+00  0.3864737E+00
  0.5962359E+00  0.6056372E+00 -0.9401302E-02  0.4037641E+00  0.4037641E+00
  0.5808288E+00  0.5890557E+00 -0.9402070E-02 -0.5808288E+00  0.0000000E+00
  0.5673051E+00  0.5731815E+00 -0.9402070E-02 -0.5673051E+00  0.0000000E+00
  0.5537815E+00  0.5573073E+00  0.0000000E+00 -0.5537815E+00  0.0000000E+00
  0.5402579E+00  0.5414331E+00  0.0000000E+00 -0.5402579E+00  0.0000000E+00
  0.5254577E+00  0.5260461E+00  0.0000000E+00 -0.5254577E+00  0.0000000E+00
  0.5093812E+00  0.5111463E+00  0.0000000E+00 -0.5093812E+00  0.0000000E+00
  0.4933047E+00  0.4962465E+00 -0.4706842E-02  0.5066953E+00  0.5066953E+00
  0.4772282E+00  0.4813467E+00 -0.4706842E-02 -0.4772282E+00  0.0000000E+00
  0.4618089E+00  0.4671049E+00 -0.5296072E-02 -0.4618089E+00  0.0000000E+00
  0.4470468E+00  0.4535213E+00 -0.6474533E-02 -0.4470468E+00  0.0000000E+00
  0.4322846E+00  0.4399376E+00 -0.7652993E-02  0.5677154E+00  0.5677154E+00
  0.4175225E+00  0.4263540E+00 -0.8831454E-02 -0.4175225E+00  0.0000000E+00
  0.4051552E+00  0.4133983E+00 -0.9420684E-02 -0.4051552E+00  0.0000000E+00
  0.3951827E+00  0.4010707E+00 -0.9420684E-02  0.6048173E+00  0.6048173E+00
  0.3852102E+00  0.3887430E+00  0.0000000E+00 -0.3852102E+00  0.0000000E+00
  0.3752377E+00  0.3764153E+00  0.0000000E+00 -0.3752377E+00  0.0000000E+00
  0.3638967E+00  0.3644862E+00  0.0000000E+00 -0.3638967E+00  0.0000000E+00
  0.3511870E+00  0.3529556E+00  0.0000000E+00 -0.3511870E+00  0.0000000E+00
  0.3384774E+00  0.3414250E+00 -0.4716209E-02 -0.3384774E+00  0.0000000E+00
  0.3257677E+00  0.3298944E+00 -0.4716209E-02 -0.3257677E+00  0.0000000E+00
  0.3142889E+00  0.3190054E+00 -0.4716555E-02 -0.3142889E+00  0.0000000E+00
  0.3040408E+00  0.3087580E+00 -0.4717247E-02  0.6959592E+00  0.6959592E+00
  0.2937927E+00  0.2985106E+00 -0.4717939E-02 -0.2937927E+00  0.0000000E+00
  0.2835446E+00  0.2882633E+00 -0.4718631E-02 -0.2835446E+00  0.0000000E+00
  0.2744848E+00  0.2786139E+00 -0.4718977E-02  0.7255152E+00  0.7255152E+00
  0.2666132E+00  0.2695625E+00 -0.4718977E-02 -0.2666132E+00  0.0000000E+00
  0.2587416E+00  0.2605112E+00  0.0000000E+00 -0.2587416E+00  0.0000000E+00
  0.2508700E+00  0.2514598E+00  0.0000000E+00 -0.2508700E+00  0.0000000E+00
  0.2429298E+00  0.2429298E+00  0.0000000E+00 -0.2429298E+00  0.0000000E+00
  0.2349211E+00  0.2349211E+00  0.0000000E+00 -0.2349211E+00  0.0000000E+00
  0.2269125E+00  0.2269125E+00  0.0000000E+00 -0.2269125E+00  0.0000000E+00
  0.2189038E+00  0.2189038E+00  0.0000000E+00 -0.2189038E+00  0.0000000E+00
  0.2114963E+00  0.2114963E+00  0.0000000E+00 -0.2114963E+00  0.0000000E+00
  0.2046901E+00  0.2046901E+00  0.0000000E+00 -0.2046901E+00  0.0000000E+00
  0.1978839E+00  0.1978839E+00  0.0000000E+00 -0.1978839E+00  0.0000000E+00
  0.1910777E+00  0.1910777E+00  0.0000000E+00 -0.1910777E+00  0.0000000E+00
  0.1848535E+00  0.1848535E+00  0.0000000E+00 -0.1848535E+00  0.0000000E+00
  0.1792112E+00  0.1792112E+00  0.0000000E+00 -0.1792112E+00  0.0000000E+00
  0.1735690E+00  0.1735690E+00  0.0000000E+00 -0.1735690E+00  0.0000000E+00
  0.1679268E+00  0.1679268E+00  0.0000000E+00 -0.1679268E+00  0.0000000E+00
  0.1628092E+00  0.1628092E+00  0.0000000E+00 -0.1628092E+00  0.0000000E+00
  0.1582163E+00  0.1582163E+00  0.0000000E+00 -0.1582163E+00  0.0000000E+00
  0.1536234E+00  0.1536234E+00  0.0000000E+00 -0.1536234E+00  0.0000000E+00
  0.1490304E+00  0.1490304E+00  0.0000000E+00 -0.1490304E+00  0.0000000E+00
  0.1448946E+00  0.1448946E+00  0.0000000E+00 -0.1448946E+00  0.0000000E+00
  0.1412159E+00  0.1412159E+00  0.0000000E+00 -0.1412159E+00  0.0000000E+00
  0.1375372E+00  0.1375372E+00  0.0000000E+00 -0.1375372E+00  0.0000000E+00
  0.1338584E+00  0.1338584E+00  0.0000000E+00 -0.1338584E+00  0.0000000E+00
  0.1305625E+00  0.1305625E+00  0.0000000E+00 -0.1305625E+00  0.0000000E+00
  0.1276495E+00  0.1276495E+00  0.0000000E+00 -0.1276495E+00  0.0000000E+00
  0.1247364E+00  0.1247364E+00  0.0000000E+00 -0.1247364E+00  0.0000000E+00
  0.1218234E+00  0.1218234E+00  0.0000000E+00 -0.1218234E+00  0.0000000E+00
  0.1192164E+00  0.1192164E+00  0.0000000E+00 -0.1192164E+00  0.0000000E+00
  0.1169155E+00  0.1169155E+00  0.0000000E+00 -0.1169155E+00  0.0000000E+00
  0.1146147E+00  0.1146147E+00  0.0000000E+00 -0.1146147E+00  0.0000000E+00
  0.1123138E+00  0.1123138E+00  0.0000000E+00 -0.1123138E+00  0.0000000E+00
  0.1102433E+00  0.1102433E+00  0.0000000E+00 -0.1102433E+00  0.0000000E+00
  0.1084030E+00  0.1084030E+00  0.0000000E+00 -0.1084030E+00  0.0000000E+00
  0.1065628E+00  0.1065628E+00  0.0000000E+00 -0.1065628E+00  0.0000000E+00
  0.1047226E+00  0.1047226E+00  0.0000000E+00 -0.1047226E+00  0.0000000E+00
  0.1024520E+00  0.1030456E+00  0.0000000E+00 -0.1024520E+00  0.0000000E+00
  0.9975100E-01  0.1015320E+00  0.0000000E+00 -0.9975100E-01  0.0000000E+00
  0.9705003E-01  0.1000183E+00 -0.4749280E-02 -0.9705003E-01  0.0000000E+00
  0.9434907E-01  0.9850469E-01 -0.4749280E-02 -0.9434907E-01  0.0000000E+00
  0.9301444E-01  0.9717006E-01 -0.4749280E-02 -0.9301444E-01  0.0000000E+00
  0.9304616E-01  0.9601446E-01 -0.4749280E-02  0.9069538E+00  0.9069538E+00
  0.9307787E-01  0.9485885E-01  0.0000000E+00 -0.9307787E-01  0.0000000E+00
  0.9310959E-01  0.9370325E-01  0.0000000E+00 -0.9310959E-01  0.0000000E+00
  0.9254521E-01  0.9254521E-01  0.0000000E+00 -0.9254521E-01  0.0000000E+00
  0.9138475E-01  0.9138475E-01  0.0000000E+00 -0.9138475E-01  0.0000000E+00
  0.9022429E-01  0.9022429E-01  0.0000000E+00 -0.9022429E-01  0.0000000E+00
  0.8906382E-01  0.8906382E-01  0.0000000E+00 -0.8906382E-01  0.0000000E+00
  0.8795111E-01  0.8795111E-01  0.0000000E+00 -0.8795111E-01  0.0000000E+00
  0.8688614E-01  0.8688614E-01  0.0000000E+00 -0.8688614E-01  0.0000000E+00
  0.8582117E-01  0.8582117E-01  0.0000000E+00 -0.8582117E-01  0.0000000E+00
  0.8475620E-01  0.8475620E-01  0.0000000E+00 -0.8475620E-01  0.0000000E+00
  0.8373875E-01  0.8373875E-01  0.0000000E+00 -0.8373875E-01  0.0000000E+00
  0.8276881E-01  0.8276881E-01  0.0000000E+00 -0.8276881E-01  0.0000000E+00
  0.8179888E-01  0.8179888E-01  0.0000000E+00 -0.8179888E-01  0.0000000E+00
  0.8082894E-01  0.8082894E-01  0.0000000E+00 -0.8082894E-01  0.0000000E+00
  0.7989042E-01  0.7989042E-01  0.0000000E+00 -0.7989042E-01  0.0000000E+00
  0.7898331E-01  0.7898331E-01  0.0000000E+00 -0.7898331E-01  0.0000000E+00
  0.7807620E-01  0.7807620E-01  0.0000000E+00 -0.7807620E-01  0.0000000E+00
  0.7716909E-01  0.7716909E-01  0.0000000E+00 -0.7716909E-01  0.0000000E+00
  0.7628519E-01  0.7628519E-01  0.0000000E+00 -0.7628519E-01  0.0000000E+00
  0.7542450E-01  0.7542450E-01  0.0000000E+00 -0.7542450E-01  0.0000000E+00
  0.7456381E-01  0.7456381E-01  0.0000000E+00 -0.7456381E-01  0.0000000E+00
  0.7370312E-01  0.7370312E-01  0.0000000E+00 -0.7370312E-01  0.0000000E+00
  0.7286178E-01  0.7286178E-01  0.0000000E+00 -0.7286178E-01  0.0000000E+00
  0.7203979E-01  0.7203979E-01  0.0000000E+00 -0.7203979E-01  0.0000000E+00
  0.7121780E-01  0.7121780E-01  0.0000000E+00 -0.7121780E-01  0.0000000E+00
  0.7039581E-01  0.7039581E-01  0.0000000E+00 -0.7039581E-01  0.0000000E+00
  0.6959087E-01  0.6959087E-01  0.0000000E+00 -0.6959087E-01  0.0000000E+00
  0.6880298E-01  0.6880298E-01  0.0000000E+00 -0.6880298E-01  0.0000000E+00
  0.6801510E-01  0.6801510E-01  0.0000000E+00 -0.6801510E-01  0.0000000E+00
  0.6722721E-01  0.6722721E-01  0.0000000E+00 -0.6722721E-01  0.0000000E+00
  0.6645466E-01  0.6645466E-01  0.0000000E+00 -0.6645466E-01  0.0000000E+00
  0.6569746E-01  0.6569746E-01  0.0000000E+00 -0.6569746E-01  0.0000000E+00
  0.6494026E-01  0.6494026E-01  0.0000000E+00 -0.6494026E-01  0.0000000E+00
  0.6418306E-01  0.6418306E-01  0.0000000E+00 -0.6418306E-01  0.0000000E+00
  0.6344063E-01  0.6344063E-01  0.0000000E+00 -0.6344063E-01  0.0000000E+00
  0.6271297E-01  0.6271297E-01  0.0000000E+00 -0.6271297E-01  0.0000000E+00
  0.6198531E-01  0.6198531E-01  0.0000000E+00 -0.6198531E-01  0.0000000E+00
  0.6125765E-01  0.6125765E-01  0.0000000E+00 -0.6125765E-01  0.0000000E+00
  0.6054520E-01  0.6054520E-01  0.0000000E+00 -0.6054520E-01  0.0000000E+00
  0.5984798E-01  0.5984798E-01  0.0000000E+00 -0.5984798E-01  0.0000000E+00
  0.5915074E-01  0.5915074E-01  0.0000000E+00 -0.5915074E-01  0.0000000E+00
  0.5845352E-01  0.5845352E-01  0.0000000E+00 -0.5845352E-01  0.0000000E+00
  0.5777152E-01  0.5777152E-01  0.0000000E+00 -0.5777152E-01  0.0000000E+00
  0.5710476E-01  0.5710476E-01  0.0000000E+00 -0.5710476E-01  0.0000000E+00
  0.5643800E-01  0.5643800E-01  0.0000000E+00 -0.5643800E-01  0.0000000E+00
  0.5577124E-01  0.5577124E-01  0.0000000E+00 -0.5577124E-01  0.0000000E+00
  0.5511844E-01  0.5511844E-01  0.0000000E+00 -0.5511844E-01  0.0000000E+00
  0.5447960E-01  0.5447960E-01  0.0000000E+00 -0.5447960E-01  0.0000000E+00
  0.5384075E-01  0.5384075E-01  0.0000000E+00 -0.5384075E-01  0.0000000E+00
  0.5320190E-01  0.5320190E-01  0.0000000E+00 -0.5320190E-01  0.0000000E+00
  0.5197702E-01  0.5257589E-01  0.0000000E+00 -0.5197702E-01  0.0000000E+00
  0.5016609E-01  0.5196271E-01  0.0000000E+00 -0.5016609E-01  0.0000000E+00
  0.4835517E-01  0.5134954E-01 -0.4790994E-02  0.9516448E+00  0.9516448E+00
  0.4654424E-01  0.5073636E-01 -0.4790994E-02 -0.4654424E-01  0.0000000E+00
  0.4600866E-01  0.5020078E-01 -0.4790994E-02 -0.4600866E-01  0.0000000E+00
  0.4674844E-01  0.4974281E-01 -0.4790994E-02 -0.4674844E-01  0.0000000E+00
  0.4748822E-01  0.4928484E-01  0.0000000E+00 -0.4748822E-01  0.0000000E+00
  0.4822800E-01  0.4882687E-01  0.0000000E+00 -0.4822800E-01  0.0000000E+00
  0.4830077E-01  0.4830077E-01  0.0000000E+00 -0.4830077E-01  0.0000000E+00
  0.4770653E-01  0.4770653E-01  0.0000000E+00 -0.4770653E-01  0.0000000E+00
  0.4711228E-01  0.4711228E-01  0.0000000E+00 -0.4711228E-01  0.0000000E+00
  0.4651804E-01  0.4651804E-01  0.0000000E+00 -0.4651804E-01  0.0000000E+00
  0.4592914E-01  0.4592914E-01  0.0000000E+00 -0.4592914E-01  0.0000000E+00
  0.4534557E-01  0.4534557E-01  0.0000000E+00 -0.4534557E-01  0.0000000E+00
  0.4476200E-01  0.4476200E-01  0.0000000E+00 -0.4476200E-01  0.0000000E+00
  0.4417843E-01  0.4417843E-01  0.0000000E+00 -0.4417843E-01  0.0000000E+00
  0.4361617E-01  0.4361617E-01  0.0000000E+00 -0.4361617E-01  0.0000000E+00
  0.4307520E-01  0.4307520E-01  0.0000000E+00 -0.4307520E-01  0.0000000E+00
  0.4253424E-01  0.4253424E-01  0.0000000E+00 -0.4253424E-01  0.0000000E+00
  0.4199327E-01  0.4199327E-01  0.0000000E+00 -0.4199327E-01  0.0000000E+00
  0.4146631E-01  0.4146631E-01  0.0000000E+00 -0.4146631E-01  0.0000000E+00
  0.4095337E-01  0.4095337E-01  0.0000000E+00 -0.4095337E-01  0.0000000E+00
  0.4044043E-01  0.4044043E-01  0.0000000E+00 -0.4044043E-01  0.0000000E+00
  0.3992748E-01  0.3992748E-01  0.0000000E+00 -0.3992748E-01  0.0000000E+00
  0.3942572E-01  0.3942572E-01  0.0000000E+00 -0.3942572E-01  0.0000000E+00
  0.3893514E-01  0.3893514E-01  0.0000000E+00 -0.3893514E-01  0.0000000E+00
  0.3844455E-01  0.3844455E-01  0.0000000E+00 -0.3844455E-01  0.0000000E+00
  0.3795397E-01  0.3795397E-01  0.0000000E+00 -0.3795397E-01  0.0000000E+00
  0.3747371E-01  0.3747371E-01  0.0000000E+00 -0.3747371E-01  0.0000000E+00
  0.3700377E-01  0.3700377E-01  0.0000000E+00 -0.3700377E-01  0.0000000E+00
  0.3653384E-01  0.3653384E-01  0.0000000E+00 -0.3653384E-01  0.0000000E+00
  0.3606390E-01  0.3606390E-01  0.0000000E+00 -0.3606390E-01  0.0000000E+00
  0.3500205E-01  0.3560385E-01  0.0000000E+00 -0.3500205E-01  0.0000000E+00
  0.3334828E-01  0.3515368E-01  0.0000000E+00 -0.3334828E-01  0.0000000E+00
  0.3169452E-01  0.3470350E-01 -0.4814376E-02  0.9683055E+00  0.9683055E+00
  0.3004076E-01  0.3425333E-01 -0.4814376E-02 -0.3004076E-01  0.0000000E+00
  0.2966560E-01  0.3387818E-01 -0.4814376E-02 -0.2966560E-01  0.0000000E+00
  0.3056906E-01  0.3357804E-01 -0.4814376E-02 -0.3056906E-01  0.0000000E+00
  0.3147251E-01  0.3327790E-01  0.0000000E+00 -0.3147251E-01  0.0000000E+00
  0.3237597E-01  0.3297776E-01  0.0000000E+00 -0.3237597E-01  0.0000000E+00
  0.3260732E-01  0.3260732E-01  0.0000000E+00 -0.3260732E-01  0.0000000E+00
  0.3216657E-01  0.3216657E-01  0.0000000E+00 -0.3216657E-01  0.0000000E+00
  0.3172582E-01  0.3172582E-01  0.0000000E+00 -0.3172582E-01  0.0000000E+00
  0.3128507E-01  0.3128507E-01  0.0000000E+00 -0.3128507E-01  0.0000000E+00
  0.3084713E-01  0.3084713E-01  0.0000000E+00 -0.3084713E-01  0.0000000E+00
  0.3041201E-01  0.3041201E-01  0.0000000E+00 -0.3041201E-01  0.0000000E+00
  0.2997688E-01  0.2997688E-01  0.0000000E+00 -0.2997688E-01  0.0000000E+00
  0.2954176E-01  0.2954176E-01  0.0000000E+00 -0.2954176E-01  0.0000000E+00
  0.2912633E-01  0.2912633E-01  0.0000000E+00 -0.2912633E-01  0.0000000E+00
  0.2873061E-01  0.2873061E-01  0.0000000E+00 -0.2873061E-01  0.0000000E+00
  0.2833489E-01  0.2833489E-01  0.0000000E+00 -0.2833489E-01  0.0000000E+00
  0.2793917E-01  0.2793917E-01  0.0000000E+00 -0.2793917E-01  0.0000000E+00
  0.2755613E-01  0.2755613E-01  0.0000000E+00 -0.2755613E-01  0.0000000E+00
  0.2718579E-01  0.2718579E-01  0.0000000E+00 -0.2718579E-01  0.0000000E+00
  0.2681544E-01  0.2681544E-01  0.0000000E+00 -0.2681544E-01  0.0000000E+00
  0.2644509E-01  0.2644509E-01  0.0000000E+00 -0.2644509E-01  0.0000000E+00
  0.2608491E-01  0.2608491E-01  0.0000000E+00 -0.2608491E-01  0.0000000E+00
  0.2573492E-01  0.2573492E-01  0.0000000E+00 -0.2573492E-01  0.0000000E+00
  0.2538492E-01  0.2538492E-01  0.0000000E+00 -0.2538492E-01  0.0000000E+00
  0.2503492E-01  0.2503492E-01  0.0000000E+00 -0.2503492E-01  0.0000000E+00
  0.2469425E-01  0.2469425E-01  0.0000000E+00 -0.2469425E-01  0.0000000E+00
  0.2436292E-01  0.2436292E-01  0.0000000E+00 -0.2436292E-01  0.0000000E+00
  0.2403159E-01  0.2403159E-01  0.0000000E+00 -0.2403159E-01  0.0000000E+00
  0.2370026E-01  0.2370026E-01  0.0000000E+00 -0.2370026E-01  0.0000000E+00
  0.2337747E-01  0.2337747E-01  0.0000000E+00 -0.2337747E-01  0.0000000E+00
  0.2306323E-01  0.2306323E-01  0.0000000E+00 -0.2306323E-01  0.0000000E+00
  0.2274898E-01  0.2274898E-01  0.0000000E+00 -0.2274898E-01  0.0000000E+00
  0.2243474E-01  0.2243474E-01  0.0000000E+00 -0.2243474E-01  0.0000000E+00
  0.2212846E-01  0.2212846E-01  0.0000000E+00 -0.2212846E-01  0.0000000E+00
  0.2183015E-01  0.2183015E-01  0.0000000E+00 -0.2183015E-01  0.0000000E+00
  0.2153185E-01  0.2153185E-01  0.0000000E+00 -0.2153185E-01  0.0000000E+00
  0.2123354E-01  0.2123354E-01  0.0000000E+00 -0.2123354E-01  0.0000000E+00
  0.2094259E-01  0.2094259E-01  0.0000000E+00 -0.2094259E-01  0.0000000E+00
  0.2065900E-01  0.2065900E-01  0.0000000E+00 -0.2065900E-01  0.0000000E+00
  0.2037541E-01  0.2037541E-01  0.0000000E+00 -0.2037541E-01  0.0000000E+00
  0.2009182E-01  0.2009182E-01  0.0000000E+00 -0.2009182E-01  0.0000000E+00
  0.1981522E-01  0.1981522E-01  0.0000000E+00 -0.1981522E-01  0.0000000E+00
  0.1954560E-01  0.1954560E-01  0.0000000E+00 -0.1954560E-01  0.0000000E+00
  0.1927597E-01  0.1927597E-01  0.0000000E+00 -0.1927597E-01  0.0000000E+00
  0.1900635E-01  0.1900635E-01  0.0000000E+00 -0.1900635E-01  0.0000000E+00
  0.1887154E-01  0.1873952E-01  0.0000000E+00 -0.1887154E-01  0.0000000E+00
  0.1887155E-01  0.1847546E-01  0.0000000E+00 -0.1887155E-01  0.0000000E+00
 -0.4574166E+00  0.1821141E-01 -0.4752319E+00  0.4574166E+00  0.4574166E+00
 -0.4574166E+00  0.1794735E-01 -0.4752319E+00  0.4574166E+00  0.4574166E+00
 -0.4574166E+00  0.1781532E-01 -0.4752319E+00  0.4574166E+00  0.4574166E+00
 -0.4574166E+00  0.1781532E-01 -0.4752319E+00  0.9845742E+02  0.9845742E+02
