 File:672021.spo  Solution Type:Thick  fitting  891 channels ( 110-1000)
 Channel#, E(keV),   Data,        Fit, Residual,    Data-Fit
  110,   0.613,       74.,        2.07,    0.33,       71.93
  111,   0.623,       81.,        1.82,    0.41,       79.18
  112,   0.633,       85.,        1.57,    1.15,       83.43
  113,   0.643,       90.,        1.33,    1.11,       88.67
  114,   0.653,       98.,        1.10,    0.68,       96.90
  115,   0.663,       79.,        0.89,    0.40,       78.11
  116,   0.673,       86.,        0.71,    0.01,       85.29
  117,   0.683,       99.,        0.57,   -0.94,       98.43
  118,   0.693,       90.,        0.45,   -0.99,       89.55
  119,   0.703,      112.,        0.35,   -1.29,      111.65
  120,   0.713,       93.,        0.31,   -1.63,       92.69
  121,   0.723,       84.,        0.26,   -1.98,       83.74
  122,   0.733,       87.,        0.16,   -3.00,       86.84
  123,   0.743,       94.,        0.18,   -2.25,       93.82
  124,   0.754,       76.,        0.21,   -2.65,       75.79
  125,   0.764,       93.,        0.24,   -2.88,       92.76
  126,   0.774,      103.,        0.28,   -2.32,      102.72
  127,   0.784,      103.,        0.37,   -2.77,      102.63
  128,   0.794,      104.,        0.50,   -2.44,      103.50
  129,   0.804,      102.,        0.65,   -0.72,      101.35
  130,   0.814,      120.,        0.91,   -0.71,      119.09
  131,   0.824,      113.,        1.26,    0.46,      111.74
  132,   0.834,      119.,        1.77,    0.68,      117.23
  133,   0.844,      139.,        2.52,    0.52,      136.48
  134,   0.854,      135.,        3.63,    0.97,      131.37
  135,   0.864,      130.,        5.22,    1.05,      124.78
  136,   0.874,      149.,        7.50,    0.30,      141.50
  137,   0.884,      131.,       10.66,    0.48,      120.34
  138,   0.894,      170.,       14.97,   -0.18,      155.03
  139,   0.904,      143.,       20.69,    0.11,      122.31
  140,   0.914,      169.,       28.07,    1.01,      140.93
  141,   0.924,      186.,       37.33,    0.74,      148.67
  142,   0.934,      183.,       48.59,    0.53,      134.41
  143,   0.944,      174.,       61.86,    0.03,      112.14
  144,   0.954,      220.,       77.08,   -0.72,      142.92
  145,   0.964,      229.,       93.81,   -0.49,      135.19
  146,   0.974,      286.,      111.54,   -0.78,      174.46
  147,   0.984,      321.,      129.59,   -0.70,      191.41
  148,   0.994,      318.,      147.20,   -0.36,      170.80
  149,   1.005,      311.,      163.55,   -0.69,      147.45
  150,   1.015,      327.,      177.98,   -0.21,      149.02
  151,   1.025,      344.,      190.05,    0.51,      153.95
  152,   1.035,      371.,      199.75,    1.24,      171.25
  153,   1.045,      384.,      207.62,    1.03,      176.38
  154,   1.055,      383.,      214.95,    1.55,      168.05
  155,   1.065,      412.,      223.73,    0.74,      188.27
  156,   1.075,      386.,      236.86,    0.45,      149.14
  157,   1.085,      447.,      257.89,    0.43,      189.11
  158,   1.095,      479.,      291.20,    0.74,      187.80
  159,   1.105,      541.,      341.59,    0.71,      199.41
  160,   1.115,      558.,      414.00,    0.63,      144.00
  161,   1.125,      748.,      513.13,    0.12,      234.87
  162,   1.135,      844.,      642.81,   -0.25,      201.19
  163,   1.145,      987.,      805.42,    0.34,      181.58
  164,   1.155,     1178.,     1001.40,    0.68,      176.60
  165,   1.165,     1420.,     1228.28,    0.79,      191.72
  166,   1.175,     1675.,     1480.74,    0.28,      194.26
  167,   1.185,     1910.,     1750.23,    0.34,      159.77
  168,   1.195,     2183.,     2025.23,    0.61,      157.77
  169,   1.205,     2486.,     2292.00,    0.10,      194.00
  170,   1.215,     2790.,     2535.52,    1.09,      254.48
  171,   1.225,     2946.,     2740.87,    1.36,      205.13
  172,   1.235,     3102.,     2894.69,    1.48,      207.31
  173,   1.245,     3150.,     2986.66,    1.00,      163.34
  174,   1.256,     3206.,     3010.71,    0.94,      195.29
  175,   1.266,     3095.,     2965.88,    0.96,      129.12
  176,   1.276,     3053.,     2856.37,    0.14,      196.63
  177,   1.286,     2998.,     2691.39,    0.89,      306.61
  178,   1.296,     2684.,     2484.41,    0.13,      199.59
  179,   1.306,     2460.,     2251.66,   -0.25,      208.34
  180,   1.316,     2167.,     2010.86,   -0.43,      156.14
  181,   1.326,     1994.,     1779.71,    0.15,      214.29
  182,   1.336,     1706.,     1574.76,    0.80,      131.24
  183,   1.346,     1484.,     1410.10,    1.05,       73.90
  184,   1.356,     1518.,     1296.71,    1.12,      221.29
  185,   1.366,     1381.,     1241.96,   -0.04,      139.04
  186,   1.376,     1406.,     1249.25,    0.07,      156.75
  187,   1.386,     1499.,     1318.10,    0.50,      180.90
  188,   1.396,     1678.,     1443.94,    0.76,      234.06
  189,   1.406,     1860.,     1618.54,    0.96,      241.46
  190,   1.416,     1962.,     1830.20,    1.21,      131.80
  191,   1.426,     2249.,     2064.50,    1.34,      184.50
  192,   1.436,     2397.,     2305.19,    0.98,       91.81
  193,   1.446,     2698.,     2534.94,    1.32,      163.06
  194,   1.456,     2923.,     2736.90,    1.60,      186.10
  195,   1.466,     3068.,     2895.95,    0.98,      172.05
  196,   1.476,     3177.,     3000.00,    0.75,      177.00
  197,   1.486,     3150.,     3041.20,   -0.60,      108.80
  198,   1.496,     3109.,     3016.69,   -0.55,       92.31
  199,   1.507,     3040.,     2928.74,   -0.77,      111.26
  200,   1.517,     2863.,     2784.82,   -0.89,       78.18
  201,   1.527,     2744.,     2596.73,   -1.40,      147.27
  202,   1.537,     2418.,     2379.77,   -1.85,       38.23
  203,   1.547,     2318.,     2151.43,   -2.49,      166.57
  204,   1.557,     1964.,     1930.32,   -2.61,       33.68
  205,   1.567,     1816.,     1734.99,   -1.69,       81.01
  206,   1.577,     1717.,     1582.85,   -2.34,      134.15
  207,   1.587,     1559.,     1489.49,   -2.56,       69.51
  208,   1.597,     1560.,     1468.36,   -1.97,       91.64
  209,   1.607,     1637.,     1529.77,   -2.00,      107.23
  210,   1.617,     1761.,     1680.71,   -1.32,       80.29
  211,   1.627,     2002.,     1923.96,   -1.40,       78.04
  212,   1.637,     2406.,     2257.72,   -1.17,      148.28
  213,   1.647,     2690.,     2674.83,   -1.03,       15.17
  214,   1.657,     3193.,     3162.32,   -1.04,       30.68
  215,   1.667,     3915.,     3701.25,   -1.01,      213.75
  216,   1.677,     4406.,     4267.35,   -0.71,      138.65
  217,   1.687,     4964.,     4831.94,   -0.38,      132.06
  218,   1.697,     5556.,     5363.62,   -0.63,      192.38
  219,   1.707,     5914.,     5830.67,    0.48,       83.33
  220,   1.717,     6262.,     6203.76,    0.55,       58.24
  221,   1.727,     6648.,     6458.69,    0.27,      189.31
  222,   1.737,     6686.,     6578.48,    0.82,      107.52
  223,   1.747,     6748.,     6555.40,    0.26,      192.60
  224,   1.757,     6558.,     6391.50,    0.21,      166.50
  225,   1.768,     6258.,     6098.00,    0.10,      160.00
  226,   1.778,     5952.,     5694.54,    0.40,      257.46
  227,   1.788,     5412.,     5206.59,    0.44,      205.41
  228,   1.798,     4680.,     4663.08,    0.78,       16.92
  229,   1.808,     4304.,     4093.44,    0.30,      210.56
  230,   1.818,     3707.,     3524.95,    1.15,      182.05
  231,   1.828,     3160.,     2981.00,    1.47,      179.00
  232,   1.838,     2634.,     2479.91,    1.71,      154.09
  233,   1.848,     2327.,     2033.93,    1.87,      293.07
  234,   1.858,     1783.,     1649.71,    1.62,      133.29
  235,   1.868,     1457.,     1328.86,    1.33,      128.14
  236,   1.878,     1253.,     1068.92,    2.35,      184.08
  237,   1.888,     1173.,      864.53,    2.52,      308.47
  238,   1.898,      917.,      708.58,    2.42,      208.42
  239,   1.908,      786.,      592.97,    2.59,      193.03
  240,   1.918,      700.,      509.72,    2.64,      190.28
  241,   1.928,      633.,      451.30,    1.73,      181.70
  242,   1.938,      581.,      410.97,    2.67,      170.03
  243,   1.948,      559.,      383.04,    3.23,      175.96
  244,   1.958,      536.,      362.91,    2.24,      173.09
  245,   1.968,      505.,      346.93,    0.38,      158.07
  246,   1.978,      482.,      332.46,   -0.26,      149.54
  247,   1.988,      443.,      317.61,   -0.60,      125.39
  248,   1.998,      458.,      301.39,   -1.06,      156.61
  249,   2.008,      413.,      283.17,   -0.41,      129.83
  250,   2.019,      377.,      262.84,   -1.36,      114.16
  251,   2.029,      351.,      240.78,   -2.21,      110.22
  252,   2.039,      312.,      217.59,   -2.96,       94.41
  253,   2.049,      309.,      193.76,   -1.74,      115.24
  254,   2.059,      291.,      170.15,   -1.62,      120.85
  255,   2.069,      279.,      147.39,   -1.46,      131.61
  256,   2.079,      241.,      126.07,   -1.86,      114.93
  257,   2.089,      186.,      106.70,   -1.96,       79.30
  258,   2.099,      195.,       89.67,   -2.01,      105.33
  259,   2.109,      158.,       75.25,   -1.79,       82.75
  260,   2.119,      174.,       63.57,   -0.85,      110.43
  261,   2.129,      149.,       54.83,   -0.96,       94.17
  262,   2.139,      126.,       48.84,   -1.40,       77.16
  263,   2.149,      137.,       45.79,   -2.17,       91.21
  264,   2.159,      107.,       45.48,   -1.47,       61.52
  265,   2.169,      108.,       47.93,   -1.42,       60.07
  266,   2.179,      127.,       53.02,   -1.91,       73.98
  267,   2.189,      131.,       60.62,   -1.45,       70.38
  268,   2.199,      135.,       70.50,   -2.84,       64.50
  269,   2.209,      158.,       82.52,   -3.11,       75.48
  270,   2.219,      168.,       96.18,   -2.11,       71.82
  271,   2.229,      201.,      111.08,   -2.31,       89.92
  272,   2.239,      172.,      126.49,   -1.82,       45.51
  273,   2.249,      200.,      141.82,   -1.46,       58.18
  274,   2.259,      233.,      156.23,   -1.41,       76.77
  275,   2.270,      206.,      168.95,   -1.25,       37.05
  276,   2.280,      240.,      179.15,   -1.00,       60.85
  277,   2.290,      279.,      186.32,   -0.60,       92.68
  278,   2.300,      255.,      189.94,   -0.31,       65.06
  279,   2.310,      234.,      189.79,    0.18,       44.21
  280,   2.320,      240.,      185.81,   -0.95,       54.19
  281,   2.330,      234.,      178.42,   -0.55,       55.58
  282,   2.340,      227.,      167.92,   -0.84,       59.08
  283,   2.350,      208.,      155.06,   -0.58,       52.94
  284,   2.360,      207.,      140.56,   -0.33,       66.44
  285,   2.370,      198.,      125.20,   -0.41,       72.80
  286,   2.380,      202.,      109.67,   -0.99,       92.33
  287,   2.390,      134.,       94.65,   -1.00,       39.35
  288,   2.400,      119.,       80.66,    0.09,       38.34
  289,   2.410,      131.,       68.10,    0.39,       62.90
  290,   2.420,      104.,       57.21,    0.51,       46.79
  291,   2.430,      115.,       48.09,    0.41,       66.91
  292,   2.440,       85.,       40.66,    0.63,       44.34
  293,   2.450,       92.,       35.01,    0.55,       56.99
  294,   2.460,       90.,       30.91,    0.63,       59.09
  295,   2.470,       82.,       28.20,   -0.31,       53.80
  296,   2.480,       88.,       26.72,   -0.23,       61.28
  297,   2.490,       93.,       26.45,    0.31,       66.55
  298,   2.500,       86.,       27.16,   -0.13,       58.84
  299,   2.510,       65.,       28.85,   -0.28,       36.15
  300,   2.521,       98.,       31.35,   -1.01,       66.65
  301,   2.531,       97.,       34.55,   -0.11,       62.45
  302,   2.541,       89.,       38.32,    0.02,       50.68
  303,   2.551,       93.,       42.48,   -0.03,       50.52
  304,   2.561,       94.,       46.81,   -0.44,       47.19
  305,   2.571,      100.,       51.06,   -1.37,       48.94
  306,   2.581,      111.,       55.00,   -1.10,       56.00
  307,   2.591,       98.,       58.43,   -1.28,       39.57
  308,   2.601,      110.,       61.04,    0.06,       48.96
  309,   2.611,      122.,       62.66,   -1.10,       59.34
  310,   2.621,      108.,       63.13,   -1.58,       44.87
  311,   2.631,      107.,       62.47,   -1.08,       44.53
  312,   2.641,      115.,       60.61,   -0.28,       54.39
  313,   2.651,       99.,       57.67,    0.06,       41.33
  314,   2.661,      123.,       53.78,    0.54,       69.22
  315,   2.671,      103.,       49.29,    0.26,       53.71
  316,   2.681,      105.,       44.31,    0.32,       60.69
  317,   2.691,       82.,       39.22,    1.04,       42.78
  318,   2.701,       76.,       34.16,    0.28,       41.84
  319,   2.711,       96.,       29.36,    0.80,       66.64
  320,   2.721,       88.,       24.95,    0.67,       63.05
  321,   2.731,       72.,       21.06,    0.30,       50.94
  322,   2.741,       70.,       17.74,    0.34,       52.26
  323,   2.751,       61.,       15.00,   -0.26,       46.00
  324,   2.761,       55.,       12.79,   -1.29,       42.21
  325,   2.771,       71.,       11.07,   -1.82,       59.93
  326,   2.782,       52.,        9.75,   -0.59,       42.25
  327,   2.792,       72.,        8.74,    0.14,       63.26
  328,   2.802,       44.,        7.96,   -1.36,       36.04
  329,   2.812,       58.,        7.34,   -1.52,       50.66
  330,   2.822,       55.,        6.81,   -1.58,       48.19
  331,   2.832,       60.,        6.32,   -1.51,       53.68
  332,   2.842,       44.,        5.84,   -1.21,       38.16
  333,   2.852,       57.,        5.36,   -0.60,       51.64
  334,   2.862,       73.,        4.82,   -1.93,       68.18
  335,   2.872,       64.,        4.33,   -2.62,       59.67
  336,   2.882,       45.,        3.80,   -2.58,       41.20
  337,   2.892,       62.,        3.33,   -1.82,       58.67
  338,   2.902,       63.,        2.87,   -1.50,       60.13
  339,   2.912,       58.,        2.44,   -0.52,       55.56
  340,   2.922,       62.,        2.04,   -0.53,       59.96
  341,   2.932,       58.,        1.69,   -0.34,       56.31
  342,   2.942,       50.,        1.38,    0.28,       48.62
  343,   2.952,       46.,        1.10,    0.12,       44.90
  344,   2.962,       66.,        0.88,    0.23,       65.12
  345,   2.972,       53.,        0.70,    0.09,       52.30
  346,   2.982,       62.,        0.56,   -0.09,       61.44
  347,   2.992,       72.,        0.44,   -0.98,       71.56
  348,   3.002,       67.,        0.29,   -0.75,       66.71
  349,   3.012,       61.,        0.28,   -0.60,       60.72
  350,   3.022,       80.,        0.26,    0.13,       79.74
  351,   3.033,       78.,        0.35,    0.64,       77.65
  352,   3.043,       68.,        0.47,    1.74,       67.53
  353,   3.053,       61.,        0.67,    1.68,       60.33
  354,   3.063,       59.,        0.98,    2.27,       58.02
  355,   3.073,       56.,        1.45,    2.39,       54.55
  356,   3.083,       74.,        2.15,    2.43,       71.85
  357,   3.093,       81.,        3.16,    1.92,       77.84
  358,   3.103,       92.,        4.58,    1.61,       87.42
  359,   3.113,       74.,        6.53,    1.35,       67.47
  360,   3.123,       83.,        9.20,   -0.70,       73.80
  361,   3.133,       92.,       12.74,   -0.83,       79.26
  362,   3.143,       75.,       17.35,   -1.96,       57.65
  363,   3.153,      101.,       23.24,   -2.39,       77.76
  364,   3.163,      106.,       30.60,   -2.42,       75.40
  365,   3.173,      106.,       39.60,   -2.28,       66.40
  366,   3.183,      128.,       50.37,   -2.36,       77.63
  367,   3.193,      143.,       62.96,   -3.63,       80.04
  368,   3.203,      139.,       77.32,   -1.97,       61.68
  369,   3.213,      163.,       93.28,   -2.05,       69.72
  370,   3.223,      148.,      110.53,   -2.27,       37.47
  371,   3.233,      211.,      128.63,   -0.61,       82.37
  372,   3.243,      205.,      146.99,   -0.93,       58.01
  373,   3.253,      248.,      164.92,   -1.16,       83.08
  374,   3.263,      285.,      181.65,   -0.27,      103.35
  375,   3.273,      258.,      196.41,    0.49,       61.59
  376,   3.284,      345.,      208.44,   -0.15,      136.56
  377,   3.294,      296.,      217.11,   -0.45,       78.89
  378,   3.304,      305.,      221.92,   -0.81,       83.08
  379,   3.314,      364.,      222.59,   -0.26,      141.41
  380,   3.324,      303.,      219.11,   -0.46,       83.89
  381,   3.334,      294.,      211.67,   -0.05,       82.33
  382,   3.344,      321.,      200.75,    0.24,      120.25
  383,   3.354,      313.,      186.91,    0.24,      126.09
  384,   3.364,      263.,      170.95,    1.16,       92.05
  385,   3.374,      239.,      153.82,    1.19,       85.18
  386,   3.384,      223.,      136.54,    1.85,       86.46
  387,   3.394,      215.,      120.26,    2.47,       94.74
  388,   3.404,      198.,      106.10,    2.10,       91.90
  389,   3.414,      199.,       95.48,    3.06,      103.52
  390,   3.424,      203.,       90.02,    2.65,      112.98
  391,   3.434,      213.,       91.84,    2.78,      121.16
  392,   3.444,      245.,      103.69,    2.23,      141.31
  393,   3.454,      274.,      129.29,    1.97,      144.71
  394,   3.464,      316.,      173.59,    1.74,      142.41
  395,   3.474,      366.,      243.16,    1.04,      122.84
  396,   3.484,      461.,      346.30,    0.30,      114.70
  397,   3.494,      622.,      493.61,   -0.32,      128.39
  398,   3.504,      795.,      697.54,   -1.12,       97.46
  399,   3.514,     1083.,      972.56,   -1.46,      110.44
  400,   3.524,     1471.,     1334.58,   -1.68,      136.42
  401,   3.535,     1865.,     1800.09,   -2.40,       64.91
  402,   3.545,     2485.,     2384.94,   -2.50,      100.06
  403,   3.555,     3113.,     3102.67,   -2.77,       10.33
  404,   3.565,     4015.,     3962.60,   -1.97,       52.40
  405,   3.575,     4924.,     4967.74,   -1.84,      -43.74
  406,   3.585,     6246.,     6112.71,   -0.29,      133.29
  407,   3.595,     7392.,     7382.29,   -0.27,        9.71
  408,   3.605,     8896.,     8749.93,    0.76,      146.07
  409,   3.615,    10276.,    10178.13,    2.00,       97.87
  410,   3.625,    11744.,    11618.96,    2.94,      125.04
  411,   3.635,    13112.,    13016.57,    3.55,       95.43
  412,   3.645,    14572.,    14310.33,    4.07,      261.67
  413,   3.655,    15460.,    15439.17,    3.77,       20.83
  414,   3.665,    16776.,    16346.04,    4.14,      429.96
  415,   3.675,    17056.,    16982.97,    4.00,       73.03
  416,   3.685,    17608.,    17314.95,    3.98,      293.05
  417,   3.695,    17664.,    17323.57,    3.43,      340.43
  418,   3.705,    17144.,    17008.40,    2.42,      135.60
  419,   3.715,    16544.,    16386.77,    1.94,      157.23
  420,   3.725,    15524.,    15492.99,    1.29,       31.01
  421,   3.735,    14252.,    14374.60,    0.20,     -122.60
  422,   3.745,    13032.,    13088.44,   -0.31,      -56.44
  423,   3.755,    11756.,    11695.92,   -1.37,       60.08
  424,   3.765,    10212.,    10258.33,   -1.27,      -46.33
  425,   3.775,     8728.,     8832.58,   -2.45,     -104.58
  426,   3.785,     7248.,     7467.94,   -3.15,     -219.94
  427,   3.796,     6126.,     6203.69,   -3.37,      -77.69
  428,   3.806,     4946.,     5068.05,   -3.71,     -122.05
  429,   3.816,     4001.,     4078.48,   -3.60,      -77.48
  430,   3.826,     3145.,     3242.39,   -2.41,      -97.39
  431,   3.836,     2585.,     2559.00,   -2.08,       26.00
  432,   3.846,     2030.,     2021.18,   -1.69,        8.82
  433,   3.856,     1562.,     1617.28,   -1.41,      -55.28
  434,   3.866,     1319.,     1333.13,   -0.22,      -14.13
  435,   3.876,     1117.,     1153.45,    0.95,      -36.45
  436,   3.886,     1001.,     1062.87,    1.22,      -61.87
  437,   3.896,     1017.,     1046.60,    1.46,      -29.60
  438,   3.906,     1090.,     1090.63,    1.41,       -0.63
  439,   3.916,     1155.,     1182.03,    1.13,      -27.03
  440,   3.926,     1193.,     1308.42,    0.32,     -115.42
  441,   3.936,     1393.,     1458.11,   -0.59,      -65.11
  442,   3.946,     1561.,     1619.88,   -1.22,      -58.88
  443,   3.956,     1566.,     1782.97,   -2.59,     -216.97
  444,   3.966,     1768.,     1937.20,   -4.46,     -169.20
  445,   3.976,     1889.,     2073.21,   -5.71,     -184.21
  446,   3.986,     2050.,     2182.79,   -6.57,     -132.79
  447,   3.996,     2125.,     2259.29,   -7.50,     -134.29
  448,   4.006,     2181.,     2297.93,   -8.61,     -116.93
  449,   4.016,     2149.,     2296.15,   -8.32,     -147.15
  450,   4.026,     2131.,     2253.73,   -7.68,     -122.73
  451,   4.036,     2016.,     2172.64,   -7.70,     -156.64
  452,   4.047,     1911.,     2056.95,   -6.28,     -145.95
  453,   4.057,     1770.,     1912.49,   -4.83,     -142.49
  454,   4.067,     1710.,     1746.27,   -3.21,      -36.27
  455,   4.077,     1526.,     1565.77,   -1.93,      -39.77
  456,   4.087,     1304.,     1378.60,   -0.51,      -74.60
  457,   4.097,     1122.,     1191.90,    0.66,      -69.90
  458,   4.107,     1034.,     1011.85,    1.68,       22.15
  459,   4.117,      831.,      843.47,    2.81,      -12.47
  460,   4.127,      649.,      690.39,    4.49,      -41.39
  461,   4.137,      569.,      554.86,    5.29,       14.14
  462,   4.147,      462.,      437.86,    6.40,       24.14
  463,   4.157,      359.,      339.27,    6.21,       19.73
  464,   4.167,      270.,      258.12,    6.33,       11.88
  465,   4.177,      203.,      192.81,    6.87,       10.19
  466,   4.187,      149.,      141.42,    7.39,        7.58
  467,   4.197,      113.,      101.84,    6.54,       11.16
  468,   4.207,       91.,       72.01,    6.18,       18.99
  469,   4.217,       71.,       49.99,    6.11,       21.01
  470,   4.227,       53.,       34.03,    5.10,       18.97
  471,   4.237,       43.,       22.78,    3.63,       20.22
  472,   4.247,       30.,       15.01,    3.15,       14.99
  473,   4.257,       19.,        9.77,    2.73,        9.23
  474,   4.267,        8.,        6.29,    1.68,        1.71
  475,   4.277,       13.,        4.00,    0.73,        9.00
  476,   4.287,        7.,        2.61,    0.90,        4.39
  477,   4.298,        9.,        1.90,    0.56,        7.10
  478,   4.308,        7.,        1.60,   -0.86,        5.40
  479,   4.318,        2.,        1.60,   -1.47,        0.40
  480,   4.328,        4.,        1.85,   -2.16,        2.15
  481,   4.338,        6.,        2.27,   -2.36,        3.73
  482,   4.348,        4.,        2.91,   -2.68,        1.09
  483,   4.358,       11.,        3.83,   -1.75,        7.17
  484,   4.368,        7.,        4.95,   -1.66,        2.05
  485,   4.378,       19.,        6.28,   -1.79,       12.72
  486,   4.388,       11.,        7.84,   -1.75,        3.16
  487,   4.398,       11.,        9.62,   -1.56,        1.38
  488,   4.408,       16.,       11.59,   -0.80,        4.41
  489,   4.418,       19.,       13.72,    0.93,        5.28
  490,   4.428,       22.,       15.95,    1.04,        6.05
  491,   4.438,       30.,       18.23,    1.86,       11.77
  492,   4.448,       31.,       20.47,    1.00,       10.53
  493,   4.458,       20.,       22.57,    1.45,       -2.57
  494,   4.468,       25.,       24.47,    0.31,        0.53
  495,   4.478,       26.,       26.05,    0.52,       -0.05
  496,   4.488,       29.,       27.26,    0.83,        1.74
  497,   4.498,       42.,       28.02,    0.43,       13.98
  498,   4.508,       27.,       28.30,   -0.07,       -1.30
  499,   4.518,       37.,       28.08,   -0.41,        8.92
  500,   4.528,       21.,       27.37,   -1.04,       -6.37
  501,   4.538,       31.,       26.22,   -1.96,        4.78
  502,   4.549,       23.,       24.68,   -1.43,       -1.68
  503,   4.559,       25.,       22.83,   -0.61,        2.17
  504,   4.569,       24.,       20.75,   -0.63,        3.25
  505,   4.579,       19.,       18.53,   -0.95,        0.47
  506,   4.589,       15.,       16.27,   -1.89,       -1.27
  507,   4.599,       16.,       14.03,   -1.59,        1.97
  508,   4.609,       16.,       11.90,   -1.87,        4.10
  509,   4.619,        6.,        9.92,   -0.80,       -3.92
  510,   4.629,       11.,        8.13,   -0.78,        2.87
  511,   4.639,       11.,        6.55,   -0.90,        4.45
  512,   4.649,        5.,        5.20,   -1.28,       -0.20
  513,   4.659,        5.,        4.06,   -1.35,        0.94
  514,   4.669,        6.,        3.12,   -0.64,        2.88
  515,   4.679,        4.,        2.37,    0.38,        1.63
  516,   4.689,        6.,        1.77,    0.37,        4.23
  517,   4.699,        3.,        1.31,    0.58,        1.69
  518,   4.709,        2.,        0.96,    0.89,        1.04
  519,   4.719,        0.,        0.71,    0.76,       -0.71
  520,   4.729,        0.,        0.59,    0.41,       -0.59
  521,   4.739,        4.,        0.53,    0.68,        3.47
  522,   4.749,        8.,        0.48,    0.91,        7.52
  523,   4.759,        5.,        0.52,    0.51,        4.48
  524,   4.769,        4.,        0.54,    0.63,        3.46
  525,   4.779,        3.,        0.68,    0.30,        2.32
  526,   4.789,        3.,        0.84,    0.55,        2.16
  527,   4.799,        3.,        1.04,    0.28,        1.96
  528,   4.810,        3.,        1.27,    1.16,        1.73
  529,   4.820,        4.,        1.54,    1.32,        2.46
  530,   4.830,        3.,        1.83,    0.79,        1.17
  531,   4.840,        3.,        2.15,   -0.01,        0.85
  532,   4.850,        8.,        2.48,   -0.10,        5.52
  533,   4.860,        5.,        2.82,    0.02,        2.18
  534,   4.870,        5.,        3.16,    0.34,        1.84
  535,   4.880,        4.,        3.49,    0.09,        0.51
  536,   4.890,        9.,        3.78,    0.01,        5.22
  537,   4.900,        3.,        4.04,   -0.36,       -1.04
  538,   4.910,        7.,        4.24,   -0.55,        2.76
  539,   4.920,        4.,        4.37,    0.35,       -0.37
  540,   4.930,        8.,        4.44,    0.46,        3.56
  541,   4.940,        9.,        4.43,    0.31,        4.57
  542,   4.950,        8.,        4.35,    0.45,        3.65
  543,   4.960,        4.,        4.20,    0.43,       -0.20
  544,   4.970,        4.,        3.98,    0.69,        0.02
  545,   4.980,        3.,        3.75,    0.08,       -0.75
  546,   4.990,        4.,        3.45,    0.37,        0.55
  547,   5.000,       11.,        3.13,    0.05,        7.87
  548,   5.010,        2.,        2.80,    0.32,       -0.80
  549,   5.020,        5.,        2.48,    0.07,        2.52
  550,   5.030,        4.,        2.17,   -0.08,        1.83
  551,   5.040,        3.,        1.88,   -0.43,        1.12
  552,   5.050,        3.,        1.63,   -0.19,        1.37
  553,   5.061,        0.,        1.41,   -0.31,       -1.41
  554,   5.071,        2.,        1.23,   -0.27,        0.77
  555,   5.081,        0.,        1.09,   -0.32,       -1.09
  556,   5.091,        2.,        0.98,   -1.01,        1.02
  557,   5.101,        3.,        0.91,   -1.05,        2.09
  558,   5.111,        2.,        0.86,   -0.97,        1.14
  559,   5.121,        1.,        0.83,   -0.80,        0.17
  560,   5.131,        2.,        0.78,   -0.65,        1.22
  561,   5.141,        0.,        0.70,   -0.80,       -0.70
  562,   5.151,        0.,        0.73,   -0.55,       -0.73
  563,   5.161,        1.,        0.76,   -0.24,        0.24
  564,   5.171,        1.,        0.78,   -0.11,        0.22
  565,   5.181,        0.,        0.78,    0.10,       -0.78
  566,   5.191,        3.,        0.77,   -0.18,        2.23
  567,   5.201,        2.,        0.74,   -0.05,        1.26
  568,   5.211,        2.,        0.71,    0.04,        1.29
  569,   5.221,        1.,        0.66,    0.09,        0.34
  570,   5.231,        2.,        0.68,    0.26,        1.32
  571,   5.241,        5.,        0.64,    0.33,        4.36
  572,   5.251,        0.,        0.62,    0.40,       -0.62
  573,   5.261,        0.,        0.60,    0.13,       -0.60
  574,   5.271,        1.,        0.59,    0.08,        0.41
  575,   5.281,        2.,        0.59,    0.27,        1.41
  576,   5.291,        1.,        0.61,    0.01,        0.39
  577,   5.301,        2.,        0.65,   -0.04,        1.35
  578,   5.312,        1.,        0.71,   -0.17,        0.29
  579,   5.322,        2.,        0.78,   -0.04,        1.22
  580,   5.332,        2.,        0.87,   -0.14,        1.13
  581,   5.342,        0.,        0.97,   -0.52,       -0.97
  582,   5.352,        2.,        1.09,   -0.25,        0.91
  583,   5.362,        2.,        1.20,    0.00,        0.80
  584,   5.372,        2.,        1.28,   -0.06,        0.72
  585,   5.382,        2.,        1.40,    0.26,        0.60
  586,   5.392,        2.,        1.50,    0.32,        0.50
  587,   5.402,        2.,        1.59,    0.23,        0.41
  588,   5.412,        3.,        1.65,    0.32,        1.35
  589,   5.422,        3.,        1.69,    0.33,        1.31
  590,   5.432,        3.,        1.70,    0.41,        1.30
  591,   5.442,        3.,        1.68,    0.36,        1.32
  592,   5.452,        3.,        1.63,    0.11,        1.37
  593,   5.462,        2.,        1.56,    0.10,        0.44
  594,   5.472,        5.,        1.47,    0.07,        3.53
  595,   5.482,        2.,        1.36,   -0.06,        0.64
  596,   5.492,        2.,        1.24,    0.18,        0.76
  597,   5.502,        2.,        1.11,    0.16,        0.89
  598,   5.512,        2.,        0.98,    0.21,        1.02
  599,   5.522,        1.,        0.85,    0.29,        0.15
  600,   5.532,        0.,        0.72,    0.16,       -0.72
  601,   5.542,        0.,        0.61,    0.21,       -0.61
  602,   5.552,        1.,        0.50,   -0.05,        0.50
  603,   5.563,        1.,        0.41,   -0.03,        0.59
  604,   5.573,        1.,        0.32,   -0.31,        0.68
  605,   5.583,        2.,        0.25,   -0.35,        1.75
  606,   5.593,        0.,        0.20,   -0.37,       -0.20
  607,   5.603,        1.,        0.15,   -0.47,        0.85
  608,   5.613,        1.,        0.11,   -0.94,        0.89
  609,   5.623,        1.,        0.08,   -0.89,        0.92
  610,   5.633,        1.,        0.05,   -0.55,        0.95
  611,   5.643,        0.,        0.13,   -0.10,       -0.13
  612,   5.653,        2.,        0.19,   -0.04,        1.81
  613,   5.663,        3.,        0.27,    0.27,        2.73
  614,   5.673,        0.,        0.39,    0.28,       -0.39
  615,   5.683,        0.,        0.54,   -0.22,       -0.54
  616,   5.693,        0.,        0.75,    0.02,       -0.75
  617,   5.703,        0.,        1.03,    0.29,       -1.03
  618,   5.713,        2.,        1.38,    0.33,        0.62
  619,   5.723,        1.,        1.82,   -0.55,       -0.82
  620,   5.733,        5.,        2.37,   -0.67,        2.63
  621,   5.743,        6.,        3.04,    0.01,        2.96
  622,   5.753,        8.,        3.83,    0.46,        4.17
  623,   5.763,        4.,        4.76,    0.08,       -0.76
  624,   5.773,        4.,        5.81,    0.64,       -1.81
  625,   5.783,        7.,        6.99,    0.30,        0.01
  626,   5.793,       14.,        8.27,    1.28,        5.73
  627,   5.803,       11.,        9.63,    1.48,        1.37
  628,   5.813,        6.,       11.04,    1.81,       -5.04
  629,   5.824,       12.,       12.46,    1.72,       -0.46
  630,   5.834,       18.,       13.83,    0.90,        4.17
  631,   5.844,       20.,       15.12,    0.75,        4.88
  632,   5.854,       14.,       16.27,    0.21,       -2.27
  633,   5.864,       20.,       17.23,    0.17,        2.77
  634,   5.874,       15.,       17.96,    0.55,       -2.96
  635,   5.884,       24.,       18.42,    0.16,        5.58
  636,   5.894,       19.,       18.60,   -0.52,        0.40
  637,   5.904,       22.,       18.49,   -0.73,        3.51
  638,   5.914,       17.,       18.09,   -0.07,       -1.09
  639,   5.924,       14.,       17.42,    0.47,       -3.42
  640,   5.934,       15.,       16.51,   -0.26,       -1.51
  641,   5.944,       13.,       15.40,   -0.58,       -2.40
  642,   5.954,       12.,       14.14,   -0.81,       -2.14
  643,   5.964,       14.,       12.78,   -1.34,        1.22
  644,   5.974,        7.,       11.36,   -1.26,       -4.36
  645,   5.984,       10.,        9.95,   -1.60,        0.05
  646,   5.994,        9.,        8.57,   -1.18,        0.43
  647,   6.004,        9.,        7.27,   -1.95,        1.73
  648,   6.014,        9.,        6.07,   -1.84,        2.93
  649,   6.024,        1.,        5.08,   -1.12,       -4.08
  650,   6.034,        4.,        4.13,   -0.69,       -0.13
  651,   6.044,        1.,        3.31,    0.08,       -2.31
  652,   6.054,        1.,        2.62,    0.40,       -1.62
  653,   6.064,        0.,        2.06,   -0.03,       -2.06
  654,   6.075,        2.,        1.60,    0.88,        0.40
  655,   6.085,        4.,        1.23,    0.54,        2.77
  656,   6.095,        1.,        0.95,    0.60,        0.05
  657,   6.105,        0.,        0.73,   -0.05,       -0.73
  658,   6.115,        1.,        0.69,   -0.95,        0.31
  659,   6.125,        1.,        0.73,   -0.94,        0.27
  660,   6.135,        4.,        0.69,   -1.42,        3.31
  661,   6.145,        0.,        0.79,   -1.76,       -0.79
  662,   6.155,        1.,        0.96,   -1.17,        0.04
  663,   6.165,        3.,        1.16,   -0.70,        1.84
  664,   6.175,        0.,        1.53,   -0.03,       -1.53
  665,   6.185,        4.,        2.02,    0.48,        1.98
  666,   6.195,        1.,        2.66,    1.13,       -1.66
  667,   6.205,        2.,        3.49,    2.00,       -1.49
  668,   6.215,        5.,        4.55,    2.17,        0.45
  669,   6.225,        1.,        5.87,    1.43,       -4.87
  670,   6.235,        7.,        7.49,    1.72,       -0.49
  671,   6.245,       12.,        9.45,    1.26,        2.55
  672,   6.255,       13.,       11.77,    0.84,        1.23
  673,   6.265,       18.,       14.46,    0.03,        3.54
  674,   6.275,       23.,       17.56,   -0.09,        5.44
  675,   6.285,       25.,       21.05,   -0.52,        3.95
  676,   6.295,       29.,       24.82,   -0.96,        4.18
  677,   6.305,       36.,       28.84,   -0.54,        7.16
  678,   6.315,       30.,       33.02,    0.28,       -3.02
  679,   6.326,       45.,       37.26,    0.43,        7.74
  680,   6.336,       41.,       41.42,    1.14,       -0.42
  681,   6.346,       39.,       45.37,    0.69,       -6.37
  682,   6.356,       42.,       48.97,    1.18,       -6.97
  683,   6.366,       47.,       52.07,    0.98,       -5.07
  684,   6.376,       49.,       54.55,    0.79,       -5.55
  685,   6.386,       48.,       56.31,    0.62,       -8.31
  686,   6.396,       60.,       57.26,    0.17,        2.74
  687,   6.406,       67.,       57.38,   -0.67,        9.62
  688,   6.416,       54.,       56.65,   -0.51,       -2.65
  689,   6.426,       65.,       55.12,   -1.17,        9.88
  690,   6.436,       49.,       52.85,   -0.91,       -3.85
  691,   6.446,       56.,       49.93,   -0.76,        6.07
  692,   6.456,       46.,       46.50,   -0.37,       -0.50
  693,   6.466,       41.,       42.69,   -0.26,       -1.69
  694,   6.476,       39.,       38.63,   -0.02,        0.37
  695,   6.486,       30.,       34.46,    0.39,       -4.46
  696,   6.496,       23.,       30.32,    0.38,       -7.32
  697,   6.506,       29.,       26.30,   -0.26,        2.70
  698,   6.516,       19.,       22.51,    0.03,       -3.51
  699,   6.526,       21.,       19.00,   -0.74,        2.00
  700,   6.536,       11.,       15.83,   -0.80,       -4.83
  701,   6.546,       10.,       13.00,   -1.65,       -3.00
  702,   6.556,        5.,       10.55,   -1.78,       -5.55
  703,   6.566,        5.,        8.45,   -1.90,       -3.45
  704,   6.577,        3.,        6.69,   -2.31,       -3.69
  705,   6.587,        5.,        5.22,   -1.81,       -0.22
  706,   6.597,        5.,        4.03,   -0.93,        0.97
  707,   6.607,        2.,        3.08,   -1.17,       -1.08
  708,   6.617,        1.,        2.32,   -0.47,       -1.32
  709,   6.627,        1.,        1.73,   -0.86,       -0.73
  710,   6.637,        0.,        1.28,    0.18,       -1.28
  711,   6.647,        2.,        0.93,    0.43,        1.07
  712,   6.657,        1.,        0.67,    0.95,        0.33
  713,   6.667,        1.,        0.42,    1.47,        0.58
  714,   6.677,        2.,        0.30,    1.65,        1.70
  715,   6.687,        0.,        0.21,    1.29,       -0.21
  716,   6.697,        2.,        0.00,    1.32,        2.00
  717,   6.707,        0.,        0.00,    1.35,        0.00
  718,   6.717,        1.,        0.01,    1.61,        0.99
  719,   6.727,        2.,        0.01,    1.32,        1.99
  720,   6.737,        0.,        0.01,    1.37,       -0.01
  721,   6.747,        0.,        0.01,    0.87,       -0.01
  722,   6.757,        1.,        0.02,    0.53,        0.98
  723,   6.767,        0.,        0.02,    0.05,       -0.02
  724,   6.777,        1.,        0.03,   -0.18,        0.97
  725,   6.787,        0.,        0.03,    0.04,       -0.03
  726,   6.797,        1.,        0.04,   -0.20,        0.96
  727,   6.807,        1.,        0.05,   -0.02,        0.95
  728,   6.817,        0.,        0.12,    0.14,       -0.12
  729,   6.827,        1.,        0.21,   -0.12,        0.79
  730,   6.838,        0.,        0.28,    0.00,       -0.28
  731,   6.848,        0.,        0.37,    0.27,       -0.37
  732,   6.858,        0.,        0.48,    0.57,       -0.48
  733,   6.868,        2.,        0.61,    1.27,        1.39
  734,   6.878,        1.,        0.78,    0.99,        0.22
  735,   6.888,        1.,        0.98,    0.88,        0.02
  736,   6.898,        3.,        1.23,    0.60,        1.77
  737,   6.908,        3.,        1.51,    0.26,        1.49
  738,   6.918,        2.,        1.85,    0.26,        0.15
  739,   6.928,        3.,        2.22,    0.11,        0.78
  740,   6.938,        4.,        2.65,    0.10,        1.35
  741,   6.948,        6.,        3.11,   -0.05,        2.89
  742,   6.958,        7.,        3.60,   -0.39,        3.40
  743,   6.968,        2.,        4.12,   -0.28,       -2.12
  744,   6.978,        4.,        4.65,   -0.59,       -0.65
  745,   6.988,        4.,        5.17,   -0.57,       -1.17
  746,   6.998,        3.,        5.68,   -0.32,       -2.68
  747,   7.008,        6.,        6.14,   -0.43,       -0.14
  748,   7.018,        7.,        6.55,   -0.43,        0.45
  749,   7.028,        5.,        6.89,    0.00,       -1.89
  750,   7.038,        6.,        7.14,   -0.40,       -1.14
  751,   7.048,        3.,        7.30,   -0.56,       -4.30
  752,   7.058,        9.,        7.35,   -0.88,        1.65
  753,   7.068,        4.,        7.29,   -0.70,       -3.29
  754,   7.078,        8.,        7.13,   -0.62,        0.87
  755,   7.089,       10.,        6.88,   -0.35,        3.12
  756,   7.099,        6.,        6.54,   -0.21,       -0.54
  757,   7.109,        7.,        6.12,   -0.19,        0.88
  758,   7.119,       10.,        5.65,   -0.12,        4.35
  759,   7.129,        2.,        5.14,    0.11,       -3.14
  760,   7.139,        6.,        4.60,    0.25,        1.40
  761,   7.149,        4.,        4.06,    0.76,       -0.06
  762,   7.159,        2.,        3.60,    0.70,       -1.60
  763,   7.169,        3.,        3.13,    0.77,       -0.13
  764,   7.179,        4.,        2.69,    0.59,        1.31
  765,   7.189,        1.,        2.30,    0.20,       -1.30
  766,   7.199,        1.,        1.97,    0.35,       -0.97
  767,   7.209,        3.,        1.70,    0.26,        1.30
  768,   7.219,        1.,        1.49,   -0.16,       -0.49
  769,   7.229,        0.,        1.33,   -0.01,       -1.33
  770,   7.239,        1.,        1.24,   -0.31,       -0.24
  771,   7.249,        0.,        1.19,   -0.38,       -1.19
  772,   7.259,        0.,        1.20,   -0.47,       -1.20
  773,   7.269,        1.,        1.24,   -0.57,       -0.24
  774,   7.279,        1.,        1.26,   -0.62,       -0.26
  775,   7.289,        3.,        1.38,   -0.36,        1.62
  776,   7.299,        1.,        1.52,   -0.37,       -0.52
  777,   7.309,        2.,        1.61,   -0.59,        0.39
  778,   7.319,        1.,        1.77,   -0.20,       -0.77
  779,   7.329,        0.,        1.92,   -0.25,       -1.92
  780,   7.340,        3.,        2.05,   -0.33,        0.95
  781,   7.350,        1.,        2.16,   -0.32,       -1.16
  782,   7.360,        3.,        2.24,    0.19,        0.76
  783,   7.370,        3.,        2.30,    0.28,        0.70
  784,   7.380,        2.,        2.32,    0.46,       -0.32
  785,   7.390,        1.,        2.30,    0.23,       -1.30
  786,   7.400,        1.,        2.26,    0.10,       -1.26
  787,   7.410,        3.,        2.18,    0.11,        0.82
  788,   7.420,        2.,        2.08,    0.10,       -0.08
  789,   7.430,        0.,        1.95,    0.24,       -1.95
  790,   7.440,        1.,        1.81,    0.09,       -0.81
  791,   7.450,        6.,        1.65,    0.23,        4.35
  792,   7.460,        2.,        1.48,    0.07,        0.52
  793,   7.470,        2.,        1.32,   -0.02,        0.68
  794,   7.480,        1.,        1.15,   -0.06,       -0.15
  795,   7.490,        0.,        1.02,    0.15,       -1.02
  796,   7.500,        1.,        0.87,    0.35,        0.13
  797,   7.510,        0.,        0.75,    0.38,       -0.75
  798,   7.520,        1.,        0.64,    0.34,        0.36
  799,   7.530,        0.,        0.55,    0.54,       -0.55
  800,   7.540,        1.,        0.47,    0.66,        0.53
  801,   7.550,        0.,        0.42,    0.08,       -0.42
  802,   7.560,        0.,        0.38,    0.04,       -0.38
  803,   7.570,        0.,        0.36,   -0.07,       -0.36
  804,   7.580,        0.,        0.35,   -0.01,       -0.35
  805,   7.591,        1.,        0.35,   -0.01,        0.65
  806,   7.601,        1.,        0.36,   -0.18,        0.64
  807,   7.611,        0.,        0.33,   -0.11,       -0.33
  808,   7.621,        1.,        0.38,   -0.20,        0.62
  809,   7.631,        0.,        0.42,   -0.29,       -0.42
  810,   7.641,        0.,        0.46,   -0.48,       -0.46
  811,   7.651,        0.,        0.50,   -0.22,       -0.50
  812,   7.661,        0.,        0.53,   -0.25,       -0.53
  813,   7.671,        1.,        0.56,   -0.12,        0.44
  814,   7.681,        0.,        0.58,   -0.13,       -0.58
  815,   7.691,        0.,        0.60,   -0.33,       -0.60
  816,   7.701,        0.,        0.60,   -0.32,       -0.60
  817,   7.711,        0.,        0.60,   -0.36,       -0.60
  818,   7.721,        0.,        0.59,   -0.43,       -0.59
  819,   7.731,        0.,        0.57,   -0.44,       -0.57
  820,   7.741,        1.,        0.55,   -0.28,        0.45
  821,   7.751,        0.,        0.51,   -0.16,       -0.51
  822,   7.761,        1.,        0.48,   -0.09,        0.52
  823,   7.771,        0.,        0.44,   -0.16,       -0.44
  824,   7.781,        0.,        0.39,   -0.13,       -0.39
  825,   7.791,        1.,        0.35,    0.06,        0.65
  826,   7.801,        0.,        0.31,    0.15,       -0.31
  827,   7.811,        0.,        0.27,    0.19,       -0.27
  828,   7.821,        0.,        0.23,    0.28,       -0.23
  829,   7.831,        1.,        0.19,    0.32,        0.81
  830,   7.842,        1.,        0.16,    0.20,        0.84
  831,   7.852,        1.,        0.13,    0.18,        0.87
  832,   7.862,        0.,        0.10,    0.20,       -0.10
  833,   7.872,        0.,        0.08,    0.27,       -0.08
  834,   7.882,        1.,        0.06,    0.28,        0.94
  835,   7.892,        0.,        0.05,    0.18,       -0.05
  836,   7.902,        0.,        0.04,    0.18,       -0.04
  837,   7.912,        0.,        0.03,    0.18,       -0.03
  838,   7.922,        0.,        0.00,    0.17,        0.00
  839,   7.932,        0.,        0.00,    0.06,        0.00
  840,   7.942,        0.,        0.00,    0.10,        0.00
  841,   7.952,        1.,        0.00,    0.09,        1.00
  842,   7.962,        0.,        0.00,    0.12,        0.00
  843,   7.972,        0.,        0.00,    0.11,        0.00
  844,   7.982,        0.,        0.00,    0.00,        0.00
  845,   7.992,        0.,        0.00,    0.03,        0.00
  846,   8.002,        0.,        0.00,    0.02,        0.00
  847,   8.012,        0.,        0.00,    0.01,        0.00
  848,   8.022,        0.,        0.00,    0.00,        0.00
  849,   8.032,        1.,        0.00,    0.04,        1.00
  850,   8.042,        1.,        0.00,    0.08,        1.00
  851,   8.052,        0.,        0.00,    0.02,        0.00
  852,   8.062,        0.,        0.00,    0.02,        0.00
  853,   8.072,        0.,        0.00,    0.01,        0.00
  854,   8.082,        0.,        0.00,    0.06,        0.00
  855,   8.092,        0.,        0.00,    0.06,        0.00
  856,   8.103,        0.,        0.00,    0.06,        0.00
  857,   8.113,        0.,        0.00,    0.06,        0.00
  858,   8.123,        0.,        0.00,    0.06,        0.00
  859,   8.133,        0.,        0.00,   -0.05,        0.00
  860,   8.143,        0.,        0.00,   -0.15,        0.00
  861,   8.153,        0.,        0.00,   -0.10,        0.00
  862,   8.163,        0.,        0.00,   -0.10,        0.00
  863,   8.173,        0.,        0.00,   -0.10,        0.00
  864,   8.183,        0.,        0.00,   -0.10,        0.00
  865,   8.193,        0.,        0.00,   -0.10,        0.00
  866,   8.203,        0.,        0.00,   -0.10,        0.00
  867,   8.213,        0.,        0.00,   -0.10,        0.00
  868,   8.223,        0.,        0.00,   -0.10,        0.00
  869,   8.233,        0.,        0.00,   -0.05,        0.00
  870,   8.243,        0.,        0.00,    0.00,        0.00
  871,   8.253,        0.,        0.00,    0.00,        0.00
  872,   8.263,        0.,        0.00,    0.00,        0.00
  873,   8.273,        0.,        0.00,    0.00,        0.00
  874,   8.283,        0.,        0.00,    0.00,        0.00
  875,   8.293,        0.,        0.00,    0.00,        0.00
  876,   8.303,        0.,        0.00,    0.00,        0.00
  877,   8.313,        0.,        0.00,    0.00,        0.00
  878,   8.323,        0.,        0.00,    0.00,        0.00
  879,   8.333,        0.,        0.00,    0.00,        0.00
  880,   8.343,        0.,        0.00,    0.00,        0.00
  881,   8.354,        0.,        0.00,    0.00,        0.00
  882,   8.364,        0.,        0.00,    0.00,        0.00
  883,   8.374,        0.,        0.00,    0.00,        0.00
  884,   8.384,        0.,        0.00,   -0.05,        0.00
  885,   8.394,        0.,        0.00,   -0.10,        0.00
  886,   8.404,        0.,        0.00,   -0.10,        0.00
  887,   8.414,        0.,        0.00,   -0.10,        0.00
  888,   8.424,        0.,        0.00,   -0.10,        0.00
  889,   8.434,        0.,        0.00,   -0.10,        0.00
  890,   8.444,        0.,        0.00,   -0.10,        0.00
  891,   8.454,        0.,        0.00,   -0.10,        0.00
  892,   8.464,        0.,        0.00,   -0.10,        0.00
  893,   8.474,        0.,        0.00,   -0.10,        0.00
  894,   8.484,        0.,        0.00,    0.00,        0.00
  895,   8.494,        0.,        0.00,    0.11,        0.00
  896,   8.504,        0.,        0.00,    0.11,        0.00
  897,   8.514,        0.,        0.00,    0.11,        0.00
  898,   8.524,        0.,        0.00,    0.06,        0.00
  899,   8.534,        0.,        0.00,    0.06,        0.00
  900,   8.544,        0.,        0.00,    0.06,        0.00
  901,   8.554,        0.,        0.00,    0.06,        0.00
  902,   8.564,        0.,        0.00,    0.05,        0.00
  903,   8.574,        1.,        0.00,    0.05,        1.00
  904,   8.584,        1.,        0.00,    0.05,        1.00
  905,   8.594,        0.,        0.00,    0.05,        0.00
  906,   8.605,        0.,        0.00,    0.05,        0.00
  907,   8.615,        0.,        0.00,    0.14,        0.00
  908,   8.625,        0.,        0.00,    0.14,        0.00
  909,   8.635,        0.,        0.00,    0.14,        0.00
  910,   8.645,        0.,        0.00,    0.14,        0.00
  911,   8.655,        0.,        0.00,    0.14,        0.00
  912,   8.665,        0.,        0.00,    0.14,        0.00
  913,   8.675,        0.,        0.00,    0.14,        0.00
  914,   8.685,        0.,        0.00,    0.05,        0.00
  915,   8.695,        0.,        0.00,   -0.05,        0.00
  916,   8.705,        0.,        0.00,   -0.05,        0.00
  917,   8.715,        1.,        0.00,   -0.05,        1.00
  918,   8.725,        0.,        0.00,   -0.05,        0.00
  919,   8.735,        0.,        0.00,   -0.05,        0.00
  920,   8.745,        0.,        0.00,   -0.05,        0.00
  921,   8.755,        0.,        0.00,   -0.05,        0.00
  922,   8.765,        0.,        0.00,   -0.05,        0.00
  923,   8.775,        0.,        0.00,   -0.05,        0.00
  924,   8.785,        0.,        0.00,    0.00,        0.00
  925,   8.795,        0.,        0.00,    0.05,        0.00
  926,   8.805,        0.,        0.00,    0.05,        0.00
  927,   8.815,        0.,        0.00,    0.05,        0.00
  928,   8.825,        0.,        0.00,   -0.05,        0.00
  929,   8.835,        0.,        0.00,   -0.05,        0.00
  930,   8.845,        0.,        0.00,   -0.05,        0.00
  931,   8.856,        0.,        0.00,   -0.05,        0.00
  932,   8.866,        0.,        0.00,   -0.05,        0.00
  933,   8.876,        0.,        0.00,   -0.05,        0.00
  934,   8.886,        0.,        0.00,   -0.05,        0.00
  935,   8.896,        0.,        0.00,   -0.05,        0.00
  936,   8.906,        0.,        0.00,   -0.05,        0.00
  937,   8.916,        0.,        0.00,   -0.05,        0.00
  938,   8.926,        0.,        0.00,    0.00,        0.00
  939,   8.936,        0.,        0.00,    0.00,        0.00
  940,   8.946,        0.,        0.00,    0.00,        0.00
  941,   8.956,        0.,        0.00,    0.00,        0.00
  942,   8.966,        0.,        0.00,    0.00,        0.00
  943,   8.976,        0.,        0.00,    0.00,        0.00
  944,   8.986,        0.,        0.00,    0.00,        0.00
  945,   8.996,        0.,        0.00,    0.00,        0.00
  946,   9.006,        0.,        0.00,    0.00,        0.00
  947,   9.016,        0.,        0.00,    0.00,        0.00
  948,   9.026,        0.,        0.00,    0.00,        0.00
  949,   9.036,        0.,        0.00,    0.00,        0.00
  950,   9.046,        0.,        0.00,    0.00,        0.00
  951,   9.056,        0.,        0.00,    0.00,        0.00
  952,   9.066,        0.,        0.00,    0.00,        0.00
  953,   9.076,        0.,        0.00,    0.00,        0.00
  954,   9.086,        0.,        0.00,    0.00,        0.00
  955,   9.096,        0.,        0.00,    0.00,        0.00
  956,   9.106,        0.,        0.00,    0.00,        0.00
  957,   9.117,        0.,        0.00,    0.00,        0.00
  958,   9.127,        0.,        0.00,    0.00,        0.00
  959,   9.137,        0.,        0.00,    0.00,        0.00
  960,   9.147,        0.,        0.00,    0.00,        0.00
  961,   9.157,        0.,        0.00,    0.00,        0.00
  962,   9.167,        0.,        0.00,    0.00,        0.00
  963,   9.177,        0.,        0.00,    0.00,        0.00
  964,   9.187,        0.,        0.00,    0.00,        0.00
  965,   9.197,        0.,        0.00,    0.00,        0.00
  966,   9.207,        0.,        0.00,    0.00,        0.00
  967,   9.217,        0.,        0.00,    0.00,        0.00
  968,   9.227,        0.,        0.00,    0.00,        0.00
  969,   9.237,        0.,        0.00,    0.00,        0.00
  970,   9.247,        0.,        0.00,    0.00,        0.00
  971,   9.257,        0.,        0.00,    0.00,        0.00
  972,   9.267,        0.,        0.00,    0.00,        0.00
  973,   9.277,        0.,        0.00,    0.00,        0.00
  974,   9.287,        0.,        0.00,    0.00,        0.00
  975,   9.297,        0.,        0.00,    0.00,        0.00
  976,   9.307,        0.,        0.00,    0.00,        0.00
  977,   9.317,        0.,        0.00,    0.00,        0.00
  978,   9.327,        0.,        0.00,    0.00,        0.00
  979,   9.337,        0.,        0.00,    0.00,        0.00
  980,   9.347,        0.,        0.00,    0.00,        0.00
  981,   9.357,        0.,        0.00,    0.00,        0.00
  982,   9.368,        0.,        0.00,    0.00,        0.00
  983,   9.378,        0.,        0.00,    0.00,        0.00
  984,   9.388,        0.,        0.00,    0.00,        0.00
  985,   9.398,        0.,        0.00,    0.00,        0.00
  986,   9.408,        0.,        0.00,    0.00,        0.00
  987,   9.418,        0.,        0.00,    0.00,        0.00
  988,   9.428,        0.,        0.00,    0.00,        0.00
  989,   9.438,        0.,        0.00,    0.00,        0.00
  990,   9.448,        0.,        0.00,    0.00,        0.00
  991,   9.458,        0.,        0.00,    0.00,        0.00
  992,   9.468,        0.,        0.00,    0.00,        0.00
  993,   9.478,        0.,        0.00,    0.00,        0.00
  994,   9.488,        0.,        0.00,    0.00,        0.00
  995,   9.498,        0.,        0.00,    0.00,        0.00
  996,   9.508,        0.,        0.00,    0.00,        0.00
  997,   9.518,        0.,        0.00,    0.00,        0.00
  998,   9.528,        0.,        0.00,    0.00,        0.00
  999,   9.538,        0.,        0.00,    0.00,        0.00
 1000,   9.548,        0.,        0.00,    0.00,        0.00
