 File:An·lise amostras  Solution Type:Thick  fitting 1231 channels (  70-1300)
 Channel#, E(keV),   Data,        Fit, Residual,    Data-Fit
   70,   0.426,     2728.,        0.42,    0.02,     2727.58
   71,   0.446,     2671.,        0.59,    0.01,     2670.41
   72,   0.466,     2577.,        0.80,    0.00,     2576.20
   73,   0.486,     2567.,        1.06,   -0.01,     2565.94
   74,   0.506,     2493.,        1.34,   -0.03,     2491.66
   75,   0.526,     2449.,        1.60,   -0.02,     2447.40
   76,   0.546,     2362.,        1.78,   -0.01,     2360.22
   77,   0.566,     2322.,        1.84,   -0.04,     2320.16
   78,   0.586,     2355.,        1.74,   -0.05,     2353.26
   79,   0.606,     2334.,        1.52,   -0.05,     2332.48
   80,   0.626,     2180.,        1.23,   -0.03,     2178.77
   81,   0.646,     2170.,        0.92,   -0.01,     2169.08
   82,   0.666,     2100.,        0.66,   -0.03,     2099.34
   83,   0.686,     2188.,        0.55,   -0.10,     2187.45
   84,   0.706,     2115.,        0.54,   -0.09,     2114.46
   85,   0.726,     2073.,        0.67,   -0.10,     2072.33
   86,   0.746,     1970.,        0.96,   -0.05,     1969.04
   87,   0.766,     2043.,        1.53,   -0.04,     2041.47
   88,   0.786,     2001.,        2.32,   -0.06,     1998.68
   89,   0.807,     2008.,        3.30,   -0.08,     2004.70
   90,   0.827,     2037.,        4.33,   -0.03,     2032.67
   91,   0.847,     1992.,        5.24,   -0.01,     1986.76
   92,   0.867,     1945.,        5.80,    0.05,     1939.20
   93,   0.887,     1940.,        5.90,    0.07,     1934.10
   94,   0.907,     1948.,        5.47,   -0.03,     1942.53
   95,   0.927,     1971.,        4.66,   -0.06,     1966.34
   96,   0.947,     1923.,        3.65,   -0.02,     1919.35
   97,   0.967,     1865.,        2.66,   -0.07,     1862.34
   98,   0.987,     1898.,        1.86,   -0.07,     1896.14
   99,   1.007,     1893.,        1.30,   -0.08,     1891.70
  100,   1.027,     1844.,        0.97,   -0.15,     1843.03
  101,   1.047,     1860.,        0.79,   -0.03,     1859.21
  102,   1.067,     1895.,        0.68,   -0.06,     1894.32
  103,   1.087,     1813.,        0.60,   -0.07,     1812.40
  104,   1.107,     1914.,        0.55,   -0.02,     1913.45
  105,   1.127,     1833.,        0.45,    0.02,     1832.55
  106,   1.147,     1844.,        0.34,    0.05,     1843.66
  107,   1.167,     1821.,        0.24,    0.24,     1820.76
  108,   1.188,     1844.,        0.15,    0.03,     1843.85
  109,   1.208,     1849.,        0.09,   -0.05,     1848.91
  110,   1.228,     1879.,        0.05,   -0.11,     1878.95
  111,   1.248,     1792.,        0.03,   -0.19,     1791.97
  112,   1.268,     1775.,        0.02,   -0.12,     1774.98
  113,   1.288,     1768.,        0.06,   -0.17,     1767.94
  114,   1.308,     1795.,        0.13,   -0.43,     1794.87
  115,   1.328,     1840.,        0.26,   -0.41,     1839.74
  116,   1.348,     1834.,        0.48,   -0.26,     1833.52
  117,   1.368,     1791.,        0.84,   -0.06,     1790.16
  118,   1.388,     1841.,        1.41,    0.27,     1839.59
  119,   1.408,     1829.,        2.19,    0.36,     1826.81
  120,   1.428,     1844.,        3.18,    0.28,     1840.82
  121,   1.448,     1897.,        4.28,    0.37,     1892.72
  122,   1.468,     1896.,        5.35,    0.35,     1890.65
  123,   1.488,     1819.,        6.20,    0.40,     1812.80
  124,   1.508,     1839.,        6.67,    0.27,     1832.33
  125,   1.528,     1825.,        6.70,   -0.22,     1818.30
  126,   1.548,     1837.,        6.43,   -0.67,     1830.57
  127,   1.569,     1812.,        6.17,   -0.85,     1805.83
  128,   1.589,     1797.,        6.53,   -0.84,     1790.47
  129,   1.609,     1784.,        8.66,   -0.56,     1775.34
  130,   1.629,     1836.,       14.51,   -0.44,     1821.49
  131,   1.649,     1880.,       27.30,    0.03,     1852.70
  132,   1.669,     1957.,       52.05,    0.11,     1904.95
  133,   1.689,     1981.,       96.19,    0.44,     1884.81
  134,   1.709,     2121.,      170.12,    0.36,     1950.88
  135,   1.729,     2153.,      289.09,   -0.09,     1863.91
  136,   1.749,     2374.,      476.43,   -0.64,     1897.57
  137,   1.769,     2698.,      767.85,   -1.31,     1930.15
  138,   1.789,     3053.,     1215.04,   -1.36,     1837.96
  139,   1.809,     3821.,     1882.17,   -1.28,     1938.83
  140,   1.829,     4692.,     2829.07,   -0.73,     1862.93
  141,   1.849,     6176.,     4078.47,   -0.08,     2097.53
  142,   1.869,     7674.,     5575.08,    0.56,     2098.92
  143,   1.889,     9516.,     7158.34,    1.07,     2357.66
  144,   1.909,    11048.,     8573.24,    1.61,     2474.76
  145,   1.929,    11872.,     9531.04,    1.63,     2340.96
  146,   1.950,    12216.,     9803.80,    1.40,     2412.20
  147,   1.970,    11592.,     9311.78,    0.82,     2280.22
  148,   1.990,    10364.,     8157.47,   -0.31,     2206.53
  149,   2.010,     8684.,     6588.91,   -0.88,     2095.09
  150,   2.030,     7004.,     4910.12,   -1.46,     2093.88
  151,   2.050,     5330.,     3385.05,   -1.59,     1944.95
  152,   2.070,     4298.,     2176.14,   -1.43,     2121.86
  153,   2.090,     3515.,     1334.77,   -0.96,     2180.23
  154,   2.110,     3107.,      830.89,   -0.59,     2276.11
  155,   2.130,     3010.,      596.22,    0.31,     2413.78
  156,   2.150,     2986.,      557.99,    1.23,     2428.01
  157,   2.170,     2994.,      654.61,    1.38,     2339.39
  158,   2.190,     3217.,      835.35,    1.57,     2381.65
  159,   2.210,     3630.,     1052.95,    0.43,     2577.05
  160,   2.230,     3648.,     1259.60,    0.12,     2388.40
  161,   2.250,     3886.,     1409.25,    0.09,     2476.75
  162,   2.270,     3879.,     1466.07,   -0.13,     2412.93
  163,   2.290,     3967.,     1414.70,   -0.41,     2552.30
  164,   2.310,     3797.,     1264.95,    0.00,     2532.05
  165,   2.331,     3529.,     1047.89,   -0.11,     2481.11
  166,   2.351,     3437.,      804.86,    0.11,     2632.14
  167,   2.371,     3139.,      574.52,    0.48,     2564.48
  168,   2.391,     2993.,      383.35,    0.03,     2609.65
  169,   2.411,     2852.,      242.81,    0.34,     2609.19
  170,   2.431,     2831.,      151.84,    0.03,     2679.16
  171,   2.451,     2691.,      103.19,    0.07,     2587.81
  172,   2.471,     2769.,       88.37,    0.08,     2680.63
  173,   2.491,     2793.,      100.66,   -0.26,     2692.34
  174,   2.511,     2806.,      135.31,   -0.53,     2670.69
  175,   2.531,     2913.,      187.62,   -0.66,     2725.38
  176,   2.551,     3012.,      251.20,   -0.43,     2760.80
  177,   2.571,     3002.,      315.80,   -0.89,     2686.20
  178,   2.591,     3133.,      369.22,   -0.90,     2763.78
  179,   2.611,     3202.,      400.16,   -0.51,     2801.84
  180,   2.631,     3256.,      401.47,   -0.61,     2854.53
  181,   2.651,     3186.,      373.15,   -0.42,     2812.85
  182,   2.671,     3197.,      322.23,   -0.05,     2874.77
  183,   2.691,     3172.,      260.23,   -0.16,     2911.77
  184,   2.712,     3175.,      199.19,    0.14,     2975.81
  185,   2.732,     3181.,      148.04,    0.16,     3032.96
  186,   2.752,     3067.,      110.74,   -0.11,     2956.26
  187,   2.772,     3071.,       86.69,   -0.35,     2984.31
  188,   2.792,     3170.,       72.25,   -0.60,     3097.75
  189,   2.812,     3189.,       63.03,   -0.88,     3125.97
  190,   2.832,     3120.,       55.35,   -1.90,     3064.65
  191,   2.852,     3175.,       47.21,   -2.05,     3127.79
  192,   2.872,     3211.,       38.19,   -2.42,     3172.81
  193,   2.892,     3296.,       28.93,   -2.61,     3267.07
  194,   2.912,     3281.,       20.35,   -2.61,     3260.65
  195,   2.932,     3342.,       13.31,   -2.59,     3328.69
  196,   2.952,     3392.,        8.14,   -2.27,     3383.86
  197,   2.972,     3507.,        4.81,   -1.71,     3502.19
  198,   2.992,     3610.,        3.17,   -1.28,     3606.83
  199,   3.012,     3630.,        3.35,   -0.55,     3626.65
  200,   3.032,     3803.,        5.87,    0.32,     3797.13
  201,   3.052,     3821.,       12.14,    0.82,     3808.86
  202,   3.072,     3965.,       24.55,    0.90,     3940.45
  203,   3.093,     4061.,       46.56,   -0.26,     4014.44
  204,   3.113,     4224.,       81.94,   -1.25,     4142.06
  205,   3.133,     4232.,      133.56,   -3.60,     4098.44
  206,   3.153,     4448.,      201.61,   -4.93,     4246.39
  207,   3.173,     4510.,      281.87,   -5.66,     4228.13
  208,   3.193,     4710.,      364.98,   -6.29,     4345.02
  209,   3.213,     4774.,      437.69,   -6.76,     4336.31
  210,   3.233,     5124.,      486.12,   -6.65,     4637.88
  211,   3.253,     5370.,      500.05,   -7.77,     4869.95
  212,   3.273,     5548.,      476.46,   -8.45,     5071.54
  213,   3.293,     5752.,      420.76,   -8.63,     5331.24
  214,   3.313,     5966.,      345.35,   -7.40,     5620.65
  215,   3.333,     5948.,      267.23,   -4.53,     5680.77
  216,   3.353,     6124.,      208.34,   -1.34,     5915.67
  217,   3.373,     6482.,      205.55,    2.16,     6276.45
  218,   3.393,     7032.,      342.43,    3.95,     6689.57
  219,   3.413,     8030.,      824.06,    3.44,     7205.94
  220,   3.433,     9764.,     2128.15,    1.80,     7635.85
  221,   3.453,    13392.,     5269.79,   -0.46,     8122.21
  222,   3.474,    20568.,    12193.46,   -3.88,     8374.54
  223,   3.494,    34288.,    26226.86,   -6.66,     8061.14
  224,   3.514,    60064.,    52386.22,   -8.43,     7677.78
  225,   3.534,   103456.,    97154.77,   -9.26,     6301.23
  226,   3.554,   172864.,   167293.11,   -7.97,     5570.89
  227,   3.574,   274688.,   267457.31,   -5.34,     7230.69
  228,   3.594,   407936.,   396995.53,   -1.57,    10940.47
  229,   3.614,   562176.,   547095.31,    2.58,    15080.69
  230,   3.634,   728320.,   699975.44,    6.98,    28344.56
  231,   3.654,   868608.,   831469.38,   10.94,    37138.63
  232,   3.674,   958464.,   916965.50,   13.36,    41498.50
  233,   3.694,   979712.,   938856.56,   14.23,    40855.44
  234,   3.714,   930048.,   892486.63,   13.54,    37561.38
  235,   3.734,   819200.,   787749.69,   10.56,    31450.31
  236,   3.754,   666880.,   645759.25,    6.35,    21120.75
  237,   3.774,   506112.,   492005.91,    1.96,    14106.09
  238,   3.794,   356992.,   349205.53,   -2.08,     7786.47
  239,   3.814,   237056.,   232517.02,   -5.06,     4538.98
  240,   3.834,   150720.,   148310.48,   -6.99,     2409.52
  241,   3.855,    97856.,    95866.98,   -7.59,     1989.02
  242,   3.875,    71520.,    70352.66,   -7.49,     1167.34
  243,   3.895,    65216.,    65469.34,   -6.66,     -253.34
  244,   3.915,    73152.,    74957.55,   -5.84,    -1805.55
  245,   3.935,    89024.,    93004.57,   -6.24,    -3980.57
  246,   3.955,   108640.,   114133.80,   -8.65,    -5493.80
  247,   3.975,   127360.,   133196.80,  -12.14,    -5836.80
  248,   3.995,   138688.,   145780.39,  -15.85,    -7092.39
  249,   4.015,   140864.,   148924.28,  -18.09,    -8060.28
  250,   4.035,   133440.,   141762.03,  -17.03,    -8322.03
  251,   4.055,   119136.,   125652.48,  -14.10,    -6516.48
  252,   4.075,    97824.,   103669.55,  -10.56,    -5845.55
  253,   4.095,    75104.,    79598.45,   -6.03,    -4494.45
  254,   4.115,    54080.,    56867.50,   -1.20,    -2787.50
  255,   4.135,    35792.,    37799.48,    3.68,    -2007.48
  256,   4.155,    22360.,    23374.39,    7.48,    -1014.39
  257,   4.175,    13056.,    13446.38,   10.73,     -390.38
  258,   4.195,     7216.,     7195.47,   12.87,       20.53
  259,   4.215,     3792.,     3581.61,   13.16,      210.39
  260,   4.236,     2020.,     1658.23,   13.98,      361.77
  261,   4.256,     1030.,      714.11,   13.48,      315.89
  262,   4.276,      638.,      286.08,   12.22,      351.92
  263,   4.296,      393.,      106.64,   11.18,      286.36
  264,   4.316,      303.,       36.99,    8.78,      266.01
  265,   4.336,      278.,       11.97,    5.62,      266.03
  266,   4.356,      257.,        3.61,    2.83,      253.39
  267,   4.376,      274.,        0.99,   -0.28,      273.01
  268,   4.396,      216.,        0.25,   -2.26,      215.75
  269,   4.416,      196.,        0.04,   -1.91,      195.96
  270,   4.436,      190.,        0.01,   -2.14,      189.99
  271,   4.456,      170.,        0.03,   -1.73,      169.97
  272,   4.476,      167.,        0.05,   -2.93,      166.95
  273,   4.496,      186.,        0.09,   -2.35,      185.91
  274,   4.516,      171.,        0.15,   -1.37,      170.85
  275,   4.536,      149.,        0.24,   -1.25,      148.76
  276,   4.556,      150.,        0.36,    0.18,      149.64
  277,   4.576,      151.,        0.50,    0.53,      150.50
  278,   4.596,      136.,        0.64,   -0.66,      135.36
  279,   4.617,      121.,        0.77,   -0.90,      120.23
  280,   4.637,      117.,        0.87,   -1.07,      116.13
  281,   4.657,      107.,        0.91,   -2.05,      106.09
  282,   4.677,       97.,        0.89,   -2.59,       96.11
  283,   4.697,      114.,        0.81,   -2.08,      113.19
  284,   4.717,      100.,        0.73,   -2.36,       99.27
  285,   4.737,       85.,        0.67,   -1.68,       84.33
  286,   4.757,       83.,        0.65,   -1.13,       82.35
  287,   4.777,       92.,        0.74,   -1.13,       91.26
  288,   4.797,       84.,        0.98,   -0.94,       83.02
  289,   4.817,       87.,        1.40,   -1.52,       85.60
  290,   4.837,       80.,        2.02,   -1.32,       77.98
  291,   4.857,       66.,        2.79,   -0.76,       63.21
  292,   4.877,       92.,        3.66,   -0.46,       88.34
  293,   4.897,       67.,        4.53,   -0.28,       62.47
  294,   4.917,       80.,        5.23,    0.21,       74.77
  295,   4.937,       78.,        5.65,   -0.18,       72.35
  296,   4.957,       71.,        5.69,    0.38,       65.31
  297,   4.977,       73.,        5.36,   -0.82,       67.64
  298,   4.998,       85.,        4.71,   -0.33,       80.29
  299,   5.018,       60.,        3.87,   -0.64,       56.13
  300,   5.038,       56.,        2.97,   -1.34,       53.03
  301,   5.058,       66.,        2.13,    0.44,       63.87
  302,   5.078,       59.,        1.42,   -0.13,       57.58
  303,   5.098,       55.,        0.89,   -1.38,       54.11
  304,   5.118,       54.,        0.52,   -0.66,       53.48
  305,   5.138,       77.,        0.28,    0.14,       76.72
  306,   5.158,       60.,        0.10,    0.68,       59.90
  307,   5.178,       49.,        0.05,    1.82,       48.95
  308,   5.198,       50.,        0.08,    1.06,       49.92
  309,   5.218,       53.,        0.14,    0.57,       52.86
  310,   5.238,       66.,        0.21,   -0.46,       65.79
  311,   5.258,       55.,        0.31,   -1.36,       54.69
  312,   5.278,       38.,        0.42,   -1.27,       37.58
  313,   5.298,       41.,        0.56,   -0.43,       40.44
  314,   5.318,       56.,        0.72,   -0.38,       55.28
  315,   5.338,       43.,        0.91,   -0.56,       42.09
  316,   5.358,       46.,        1.12,    0.28,       44.88
  317,   5.379,       53.,        1.40,    0.72,       51.60
  318,   5.399,       47.,        1.63,   -0.24,       45.37
  319,   5.419,       45.,        1.97,   -1.09,       43.03
  320,   5.439,       59.,        2.49,   -1.42,       56.51
  321,   5.459,       49.,        3.34,   -1.61,       45.66
  322,   5.479,       34.,        4.72,   -2.03,       29.28
  323,   5.499,       43.,        6.80,   -1.61,       36.20
  324,   5.519,       44.,        9.71,   -1.50,       34.29
  325,   5.539,       50.,       13.44,   -1.56,       36.56
  326,   5.559,       69.,       17.75,   -1.39,       51.25
  327,   5.579,       80.,       22.18,    0.11,       57.82
  328,   5.599,       67.,       26.12,    0.99,       40.88
  329,   5.619,       90.,       28.90,    2.04,       61.10
  330,   5.639,       74.,       30.06,    3.73,       43.94
  331,   5.659,       82.,       29.37,    3.12,       52.63
  332,   5.679,       80.,       27.00,    2.26,       53.00
  333,   5.699,       71.,       23.42,    2.24,       47.58
  334,   5.719,       74.,       19.39,    0.48,       54.61
  335,   5.739,       51.,       15.62,   -0.39,       35.38
  336,   5.760,       59.,       12.57,   -1.45,       46.43
  337,   5.780,       59.,       10.64,   -2.11,       48.36
  338,   5.800,       42.,        9.88,   -1.71,       32.12
  339,   5.820,       43.,       10.16,   -2.05,       32.84
  340,   5.840,       46.,       11.22,   -1.43,       34.78
  341,   5.860,       49.,       12.53,   -0.72,       36.47
  342,   5.880,       66.,       13.77,   -0.36,       52.23
  343,   5.900,       53.,       14.60,   -0.06,       38.40
  344,   5.920,       60.,       14.82,    1.00,       45.18
  345,   5.940,       67.,       14.34,    1.57,       52.66
  346,   5.960,       60.,       13.27,    2.21,       46.73
  347,   5.980,       47.,       11.73,    2.03,       35.27
  348,   6.000,       48.,        9.94,    2.25,       38.06
  349,   6.020,       50.,        8.12,    1.03,       41.88
  350,   6.040,       47.,        6.45,   -0.81,       40.55
  351,   6.060,       42.,        5.09,   -1.46,       36.91
  352,   6.080,       48.,        4.09,   -1.84,       43.91
  353,   6.100,       34.,        3.53,   -1.70,       30.47
  354,   6.120,       35.,        3.44,   -2.06,       31.56
  355,   6.141,       39.,        4.14,   -1.55,       34.86
  356,   6.161,       29.,        5.93,   -1.09,       23.07
  357,   6.181,       46.,        9.58,   -1.24,       36.42
  358,   6.201,       57.,       16.13,   -0.75,       40.87
  359,   6.221,       77.,       26.97,    0.86,       50.03
  360,   6.241,       77.,       43.79,    1.53,       33.21
  361,   6.261,      108.,       67.93,    1.66,       40.07
  362,   6.281,      132.,       99.98,    2.32,       32.02
  363,   6.301,      199.,      139.04,    1.88,       59.96
  364,   6.321,      240.,      182.40,    0.81,       57.60
  365,   6.341,      249.,      225.26,    1.45,       23.74
  366,   6.361,      299.,      261.82,    0.88,       37.18
  367,   6.381,      308.,      286.29,    0.06,       21.71
  368,   6.401,      316.,      294.42,   -1.12,       21.58
  369,   6.421,      334.,      284.74,   -1.44,       49.26
  370,   6.441,      286.,      258.97,   -1.18,       27.03
  371,   6.461,      224.,      221.51,   -1.21,        2.49
  372,   6.481,      191.,      178.23,   -1.32,       12.77
  373,   6.501,      171.,      134.95,   -0.94,       36.05
  374,   6.522,      123.,       96.20,   -1.43,       26.80
  375,   6.542,       96.,       64.66,   -1.81,       31.34
  376,   6.562,       68.,       41.07,   -0.70,       26.93
  377,   6.582,       43.,       24.76,    0.49,       18.24
  378,   6.602,       39.,       14.30,   -0.09,       24.70
  379,   6.622,       30.,        8.06,    0.60,       21.94
  380,   6.642,       33.,        4.61,    0.38,       28.39
  381,   6.662,       51.,        2.84,   -0.21,       48.16
  382,   6.682,       30.,        2.01,    0.44,       27.99
  383,   6.702,       33.,        1.74,    1.21,       31.26
  384,   6.722,       32.,        1.72,    1.75,       30.28
  385,   6.742,       31.,        1.82,    1.97,       29.18
  386,   6.762,       38.,        2.11,    0.14,       35.89
  387,   6.782,       35.,        2.48,   -0.72,       32.52
  388,   6.802,       33.,        3.02,   -0.66,       29.98
  389,   6.822,       39.,        3.88,   -1.31,       35.12
  390,   6.842,       34.,        5.11,   -0.45,       28.89
  391,   6.862,       35.,        6.77,    0.37,       28.23
  392,   6.882,       39.,        9.15,    0.86,       29.85
  393,   6.902,       42.,       12.41,    0.36,       29.59
  394,   6.923,       57.,       16.69,    0.55,       40.31
  395,   6.943,       61.,       22.04,    0.49,       38.96
  396,   6.963,       72.,       28.24,    0.74,       43.76
  397,   6.983,       55.,       34.91,    1.39,       20.09
  398,   7.003,       82.,       41.36,    1.31,       40.64
  399,   7.023,       73.,       46.86,    1.04,       26.14
  400,   7.043,       80.,       50.76,    1.43,       29.24
  401,   7.063,       88.,       52.80,    0.40,       35.20
  402,   7.083,       80.,       53.47,    0.29,       26.53
  403,   7.103,       89.,       53.96,   -0.54,       35.04
  404,   7.123,       82.,       56.99,    0.37,       25.01
  405,   7.143,       95.,       66.70,   -1.29,       28.30
  406,   7.163,      108.,       89.24,   -0.99,       18.76
  407,   7.183,      157.,      132.66,   -0.68,       24.34
  408,   7.203,      238.,      206.25,   -0.49,       31.75
  409,   7.223,      298.,      319.66,   -1.75,      -21.66
  410,   7.243,      520.,      480.01,   -1.29,       39.99
  411,   7.263,      719.,      688.63,   -1.45,       30.37
  412,   7.283,      985.,      937.57,   -1.65,       47.43
  413,   7.304,     1197.,     1207.65,   -1.47,      -10.65
  414,   7.324,     1537.,     1469.87,    0.06,       67.13
  415,   7.344,     1728.,     1689.13,    0.57,       38.87
  416,   7.364,     1838.,     1832.38,    1.25,        5.62
  417,   7.384,     1929.,     1876.55,    1.05,       52.45
  418,   7.404,     1926.,     1814.74,    2.21,      111.26
  419,   7.424,     1723.,     1658.26,    2.31,       64.74
  420,   7.444,     1542.,     1433.66,    2.07,      108.34
  421,   7.464,     1200.,     1175.84,    3.67,       24.16
  422,   7.484,      980.,      920.04,    3.63,       59.96
  423,   7.504,      773.,      695.41,    2.37,       77.59
  424,   7.524,      521.,      520.86,    1.94,        0.14
  425,   7.544,      481.,      404.80,    0.83,       76.20
  426,   7.564,      352.,      346.62,   -0.18,        5.38
  427,   7.584,      337.,      339.08,   -1.33,       -2.08
  428,   7.604,      356.,      370.45,   -2.83,      -14.45
  429,   7.624,      424.,      426.25,   -2.81,       -2.25
  430,   7.644,      428.,      490.69,   -4.31,      -62.69
  431,   7.664,      513.,      548.27,   -5.38,      -35.27
  432,   7.685,      535.,      585.80,   -5.30,      -50.80
  433,   7.705,      567.,      594.52,   -4.14,      -27.52
  434,   7.725,      541.,      571.29,   -4.77,      -30.29
  435,   7.745,      479.,      519.10,   -2.07,      -40.10
  436,   7.765,      439.,      445.78,   -0.85,       -6.78
  437,   7.785,      370.,      361.95,    0.79,        8.05
  438,   7.805,      264.,      278.23,    1.27,      -14.23
  439,   7.825,      226.,      203.20,    2.62,       22.80
  440,   7.845,      155.,      142.22,    3.26,       12.78
  441,   7.865,      116.,       97.31,    3.35,       18.69
  442,   7.885,       66.,       67.76,    2.93,       -1.76
  443,   7.905,       70.,       51.13,    3.30,       18.87
  444,   7.925,       56.,       44.16,    2.47,       11.84
  445,   7.945,       44.,       43.68,    1.47,        0.32
  446,   7.965,       56.,       46.60,   -0.08,        9.40
  447,   7.985,       55.,       50.47,   -0.07,        4.53
  448,   8.005,       57.,       53.51,   -1.27,        3.49
  449,   8.025,       64.,       54.43,   -2.05,        9.57
  450,   8.045,       40.,       52.76,   -0.77,      -12.76
  451,   8.066,       42.,       48.61,   -0.60,       -6.61
  452,   8.086,       47.,       42.61,   -0.99,        4.39
  453,   8.106,       26.,       35.69,   -0.59,       -9.69
  454,   8.126,       42.,       28.77,   -0.90,       13.23
  455,   8.146,       25.,       22.62,   -0.19,        2.38
  456,   8.166,       15.,       17.73,    0.48,       -2.73
  457,   8.186,       13.,       14.20,   -0.35,       -1.20
  458,   8.206,       11.,       11.87,    0.33,       -0.87
  459,   8.226,        6.,       10.49,   -1.01,       -4.49
  460,   8.246,        7.,        9.61,   -2.46,       -2.61
  461,   8.266,        2.,        8.86,   -2.45,       -6.86
  462,   8.286,        5.,        8.11,   -2.56,       -3.11
  463,   8.306,        4.,        7.13,   -2.86,       -3.13
  464,   8.326,        6.,        6.06,   -3.37,       -0.06
  465,   8.346,        7.,        4.87,   -1.93,        2.13
  466,   8.366,        3.,        3.74,   -1.51,       -0.74
  467,   8.386,        6.,        2.72,   -0.67,        3.28
  468,   8.406,        2.,        1.87,    0.63,        0.13
  469,   8.426,        7.,        1.21,    2.38,        5.79
  470,   8.447,        3.,        0.74,    2.32,        2.26
  471,   8.467,        4.,        0.43,    2.88,        3.57
  472,   8.487,        4.,        0.24,    3.37,        3.76
  473,   8.507,        8.,        0.08,    2.78,        7.92
  474,   8.527,        8.,        0.00,    2.41,        8.00
  475,   8.547,        4.,        0.00,    1.91,        4.00
  476,   8.567,        8.,        0.00,    1.38,        8.00
  477,   8.587,        8.,        0.00,    1.42,        8.00
  478,   8.607,        6.,        0.00,    2.10,        6.00
  479,   8.627,        3.,        0.00,    1.60,        3.00
  480,   8.647,        4.,        0.00,    0.58,        4.00
  481,   8.667,        3.,        0.02,    1.80,        2.98
  482,   8.687,        5.,        0.04,    0.64,        4.96
  483,   8.707,        8.,        0.08,    0.04,        7.92
  484,   8.727,        6.,        0.13,   -0.26,        5.87
  485,   8.747,        2.,        0.20,    0.75,        1.80
  486,   8.767,        9.,        0.30,    0.08,        8.70
  487,   8.787,        2.,        0.43,    0.94,        1.57
  488,   8.807,        5.,        0.58,    1.20,        4.42
  489,   8.828,        2.,        0.73,    0.60,        1.27
  490,   8.848,        5.,        0.88,   -0.29,        4.12
  491,   8.868,        0.,        1.00,   -0.30,       -1.00
  492,   8.888,        4.,        1.08,   -2.08,        2.92
  493,   8.908,        4.,        1.10,   -1.60,        2.90
  494,   8.928,        3.,        1.06,   -1.64,        1.94
  495,   8.948,        1.,        0.97,   -1.25,        0.03
  496,   8.968,        2.,        0.84,   -1.52,        1.16
  497,   8.988,        0.,        0.69,   -0.11,       -0.69
  498,   9.008,        2.,        0.54,   -0.62,        1.46
  499,   9.028,        1.,        0.40,   -0.84,        0.60
  500,   9.048,        1.,        0.28,   -1.00,        0.72
  501,   9.068,        3.,        0.18,   -0.41,        2.82
  502,   9.088,        3.,        0.11,   -0.35,        2.89
  503,   9.108,        0.,        0.07,    0.17,       -0.07
  504,   9.128,        1.,        0.00,    0.45,        1.00
  505,   9.148,        1.,        0.00,    0.72,        1.00
  506,   9.168,        2.,        0.00,    0.87,        2.00
  507,   9.188,        2.,        0.00,    0.45,        2.00
  508,   9.209,        1.,        0.00,   -0.48,        1.00
  509,   9.229,        3.,        0.00,    0.15,        3.00
  510,   9.249,        1.,        0.00,   -0.18,        1.00
  511,   9.269,        2.,        0.00,   -0.21,        2.00
  512,   9.289,        0.,        0.00,   -0.41,        0.00
  513,   9.309,        1.,        0.00,    0.35,        1.00
  514,   9.329,        3.,        0.00,    0.15,        3.00
  515,   9.349,        0.,        0.00,   -0.15,        0.00
  516,   9.369,        1.,        0.00,   -0.05,        1.00
  517,   9.389,        0.,        0.00,   -0.04,        0.00
  518,   9.409,        5.,        0.00,    0.35,        5.00
  519,   9.429,        1.,        0.00,    0.45,        1.00
  520,   9.449,        2.,        0.00,    0.15,        2.00
  521,   9.469,        1.,        0.00,    0.25,        1.00
  522,   9.489,        1.,        0.00,    0.26,        1.00
  523,   9.509,        1.,        0.00,   -0.14,        1.00
  524,   9.529,        2.,        0.00,   -0.81,        2.00
  525,   9.549,        2.,        0.00,   -0.04,        2.00
  526,   9.569,        0.,        0.00,   -0.72,        0.00
  527,   9.590,        0.,        0.00,   -0.91,        0.00
  528,   9.610,        0.,        0.00,   -0.54,        0.00
  529,   9.630,        2.,        0.00,   -0.05,        2.00
  530,   9.650,        4.,        0.00,   -0.24,        4.00
  531,   9.670,        0.,        0.00,   -0.05,        0.00
  532,   9.690,        0.,        0.00,    0.05,        0.00
  533,   9.710,        4.,        0.00,    0.13,        4.00
  534,   9.730,        2.,        0.00,    0.61,        2.00
  535,   9.750,        1.,        0.00,    0.52,        1.00
  536,   9.770,        3.,        0.00,    0.24,        3.00
  537,   9.790,        1.,        0.00,    0.42,        1.00
  538,   9.810,        2.,        0.00,    0.88,        2.00
  539,   9.830,        2.,        0.00,    0.02,        2.00
  540,   9.850,        1.,        0.00,   -0.07,        1.00
  541,   9.870,        2.,        0.00,    0.03,        2.00
  542,   9.890,        2.,        0.00,   -0.26,        2.00
  543,   9.910,        4.,        0.00,   -0.28,        4.00
  544,   9.930,        0.,        0.00,   -0.07,        0.00
  545,   9.950,        1.,        0.00,   -0.26,        1.00
  546,   9.971,        1.,        0.00,    0.12,        1.00
  547,   9.991,        2.,        0.00,    0.13,        2.00
  548,  10.011,        3.,        0.00,    0.51,        3.00
  549,  10.031,        1.,        0.00,   -0.05,        1.00
  550,  10.051,        1.,        0.00,    0.33,        1.00
  551,  10.071,        3.,        0.00,    0.33,        3.00
  552,  10.091,        1.,        0.00,    0.53,        1.00
  553,  10.111,        4.,        0.00,    0.44,        4.00
  554,  10.131,        0.,        0.00,    0.16,        0.00
  555,  10.151,        2.,        0.00,    0.35,        2.00
  556,  10.171,        1.,        0.00,    0.35,        1.00
  557,  10.191,        1.,        0.00,   -0.32,        1.00
  558,  10.211,        1.,        0.00,   -0.12,        1.00
  559,  10.231,        0.,        0.00,   -0.39,        0.00
  560,  10.251,        2.,        0.00,   -0.59,        2.00
  561,  10.271,        1.,        0.00,   -0.68,        1.00
  562,  10.291,        0.,        0.00,   -0.19,        0.00
  563,  10.311,        1.,        0.00,   -0.48,        1.00
  564,  10.331,        1.,        0.00,   -0.37,        1.00
  565,  10.352,        0.,        0.00,    0.20,        0.00
  566,  10.372,        1.,        0.00,    0.02,        1.00
  567,  10.392,        2.,        0.00,   -0.17,        2.00
  568,  10.412,        0.,        0.00,    0.31,        0.00
  569,  10.432,        0.,        0.00,    0.31,        0.00
  570,  10.452,        3.,        0.00,    0.12,        3.00
  571,  10.472,        0.,        0.00,    0.32,        0.00
  572,  10.492,        0.,        0.00,    0.42,        0.00
  573,  10.512,        2.,        0.00,    0.04,        2.00
  574,  10.532,        1.,        0.00,    0.33,        1.00
  575,  10.552,        0.,        0.00,    0.33,        0.00
  576,  10.572,        0.,        0.00,   -0.44,        0.00
  577,  10.592,        1.,        0.00,   -0.54,        1.00
  578,  10.612,        0.,        0.00,   -0.32,        0.00
  579,  10.632,        1.,        0.00,   -0.78,        1.00
  580,  10.652,        0.,        0.00,   -0.74,        0.00
  581,  10.672,        0.,        0.00,   -0.19,        0.00
  582,  10.692,        0.,        0.00,    0.19,        0.00
  583,  10.712,        0.,        0.00,    0.04,        0.00
  584,  10.733,        0.,        0.00,    0.33,        0.00
  585,  10.753,        1.,        0.00,    0.40,        1.00
  586,  10.773,        2.,        0.03,    1.08,        1.97
  587,  10.793,        2.,        0.07,    0.90,        1.93
  588,  10.813,        0.,        0.13,    1.21,       -0.13
  589,  10.833,        1.,        0.24,    1.34,        0.76
  590,  10.853,        0.,        0.42,    1.56,       -0.42
  591,  10.873,        2.,        0.71,    1.13,        1.29
  592,  10.893,        1.,        1.12,    1.32,       -0.12
  593,  10.913,        1.,        1.70,    0.62,       -0.70
  594,  10.933,        3.,        2.44,    1.03,        0.56
  595,  10.953,        1.,        3.35,   -0.17,       -2.35
  596,  10.973,        0.,        4.37,   -0.97,       -4.37
  597,  10.993,        7.,        5.42,   -1.27,        1.58
  598,  11.013,        3.,        6.42,   -1.56,       -3.42
  599,  11.033,        7.,        7.22,   -2.41,       -0.22
  600,  11.053,        2.,        7.75,   -2.27,       -5.75
  601,  11.073,        2.,        7.91,   -2.09,       -5.91
  602,  11.093,        5.,        7.68,   -1.63,       -2.68
  603,  11.114,        4.,        7.15,   -1.79,       -3.15
  604,  11.134,        2.,        6.34,   -0.86,       -4.34
  605,  11.154,        5.,        5.40,   -1.11,       -0.40
  606,  11.174,        3.,        4.45,   -0.51,       -1.45
  607,  11.194,        1.,        3.60,    0.25,       -2.60
  608,  11.214,        2.,        2.96,    0.53,       -0.96
  609,  11.234,        4.,        2.58,    0.94,        1.42
  610,  11.254,        0.,        2.46,    1.78,       -2.46
  611,  11.274,        2.,        2.58,    1.78,       -0.58
  612,  11.294,        3.,        2.90,    1.31,        0.10
  613,  11.314,        0.,        3.34,    0.96,       -3.34
  614,  11.334,        3.,        3.80,    0.38,       -0.80
  615,  11.354,        3.,        4.21,   -0.94,       -1.21
  616,  11.374,        6.,        4.45,   -0.84,        1.55
  617,  11.394,        4.,        4.55,   -0.73,       -0.55
  618,  11.414,        2.,        4.43,   -0.87,       -2.43
  619,  11.434,        1.,        4.11,   -0.57,       -3.11
  620,  11.454,        1.,        3.63,   -0.07,       -2.63
  621,  11.474,        1.,        3.06,   -0.20,       -2.06
  622,  11.495,        3.,        2.45,   -0.73,        0.55
  623,  11.515,        3.,        1.88,   -0.67,        1.12
  624,  11.535,        0.,        1.37,   -0.77,       -1.37
  625,  11.555,        2.,        0.95,   -0.37,        1.05
  626,  11.575,        0.,        0.63,   -0.09,       -0.63
  627,  11.595,        0.,        0.39,    0.55,       -0.39
  628,  11.615,        1.,        0.24,    0.57,        0.76
  629,  11.635,        0.,        0.14,    0.50,       -0.14
  630,  11.655,        0.,        0.07,    0.64,       -0.07
  631,  11.675,        0.,        0.00,    0.37,        0.00
  632,  11.695,        1.,        0.00,    0.44,        1.00
  633,  11.715,        2.,        0.00,    0.68,        2.00
  634,  11.735,        2.,        0.00,    0.59,        2.00
  635,  11.755,        1.,        0.00,    1.06,        1.00
  636,  11.775,        1.,        0.00,    1.13,        1.00
  637,  11.795,        1.,        0.00,    1.22,        1.00
  638,  11.815,        2.,        0.00,    0.99,        2.00
  639,  11.835,        0.,        0.00,    0.53,        0.00
  640,  11.855,        2.,        0.00,    0.24,        2.00
  641,  11.876,        1.,        0.00,   -0.02,        1.00
  642,  11.896,        0.,        0.00,   -0.29,        0.00
  643,  11.916,        0.,        0.00,   -0.46,        0.00
  644,  11.936,        0.,        0.00,   -0.73,        0.00
  645,  11.956,        0.,        0.00,   -0.39,        0.00
  646,  11.976,        0.,        0.00,   -0.57,        0.00
  647,  11.996,        0.,        0.00,   -0.48,        0.00
  648,  12.016,        0.,        0.00,   -0.31,        0.00
  649,  12.036,        0.,        0.00,   -0.23,        0.00
  650,  12.056,        1.,        0.00,   -0.06,        1.00
  651,  12.076,        0.,        0.00,   -0.06,        0.00
  652,  12.096,        1.,        0.00,    0.11,        1.00
  653,  12.116,        1.,        0.00,    0.19,        1.00
  654,  12.136,        0.,        0.00,    0.36,        0.00
  655,  12.156,        0.,        0.00,    0.36,        0.00
  656,  12.176,        0.,        0.00,    0.19,        0.00
  657,  12.196,        0.,        0.00,    0.19,        0.00
  658,  12.216,        0.,        0.00,   -0.07,        0.00
  659,  12.236,        1.,        0.00,   -0.24,        1.00
  660,  12.257,        0.,        0.00,   -0.24,        0.00
  661,  12.277,        0.,        0.00,   -0.24,        0.00
  662,  12.297,        0.,        0.00,   -0.16,        0.00
  663,  12.317,        0.,        0.00,   -0.16,        0.00
  664,  12.337,        0.,        0.00,    0.10,        0.00
  665,  12.357,        0.,        0.00,   -0.08,        0.00
  666,  12.377,        0.,        0.00,   -0.08,        0.00
  667,  12.397,        0.,        0.00,   -0.08,        0.00
  668,  12.417,        0.,        0.00,   -0.08,        0.00
  669,  12.437,        1.,        0.00,   -0.08,        1.00
  670,  12.457,        0.,        0.00,   -0.08,        0.00
  671,  12.477,        0.,        0.00,    0.18,        0.00
  672,  12.497,        0.,        0.00,    0.18,        0.00
  673,  12.517,        0.,        0.00,    0.18,        0.00
  674,  12.537,        0.,        0.00,    0.18,        0.00
  675,  12.557,        0.,        0.00,    0.01,        0.00
  676,  12.577,        1.,        0.00,   -0.08,        1.00
  677,  12.597,        0.,        0.00,   -0.08,        0.00
  678,  12.617,        0.,        0.00,   -0.08,        0.00
  679,  12.638,        0.,        0.00,   -0.16,        0.00
  680,  12.658,        0.,        0.00,   -0.16,        0.00
  681,  12.678,        0.,        0.00,   -0.16,        0.00
  682,  12.698,        0.,        0.00,   -0.16,        0.00
  683,  12.718,        0.,        0.00,   -0.16,        0.00
  684,  12.738,        0.,        0.00,   -0.16,        0.00
  685,  12.758,        0.,        0.00,    0.02,        0.00
  686,  12.778,        0.,        0.00,   -0.07,        0.00
  687,  12.798,        1.,        0.00,    0.11,        1.00
  688,  12.818,        0.,        0.00,    0.19,        0.00
  689,  12.838,        0.,        0.00,    0.19,        0.00
  690,  12.858,        1.,        0.00,    0.19,        1.00
  691,  12.878,        0.,        0.00,    0.19,        0.00
  692,  12.898,        1.,        0.00,    0.36,        1.00
  693,  12.918,        0.,        0.00,    0.19,        0.00
  694,  12.938,        0.,        0.00,    0.19,        0.00
  695,  12.958,        0.,        0.00,    0.19,        0.00
  696,  12.978,        0.,        0.00,    0.02,        0.00
  697,  12.998,        1.,        0.00,    0.02,        1.00
  698,  13.018,        0.,        0.00,   -0.16,        0.00
  699,  13.039,        0.,        0.00,   -0.08,        0.00
  700,  13.059,        0.,        0.00,   -0.08,        0.00
  701,  13.079,        0.,        0.00,   -0.24,        0.00
  702,  13.099,        0.,        0.00,   -0.16,        0.00
  703,  13.119,        0.,        0.00,   -0.33,        0.00
  704,  13.139,        0.,        0.00,   -0.25,        0.00
  705,  13.159,        0.,        0.00,   -0.42,        0.00
  706,  13.179,        0.,        0.00,   -0.42,        0.00
  707,  13.199,        0.,        0.00,   -0.15,        0.00
  708,  13.219,        0.,        0.00,   -0.15,        0.00
  709,  13.239,        0.,        0.00,   -0.15,        0.00
  710,  13.259,        0.,        0.00,   -0.15,        0.00
  711,  13.279,        0.,        0.00,    0.20,        0.00
  712,  13.299,        2.,        0.00,    0.20,        2.00
  713,  13.319,        0.,        0.00,    0.37,        0.00
  714,  13.339,        0.,        0.00,    0.37,        0.00
  715,  13.359,        0.,        0.00,    0.55,        0.00
  716,  13.379,        2.,        0.00,    0.46,        2.00
  717,  13.399,        0.,        0.00,    0.46,        0.00
  718,  13.420,        1.,        0.00,    0.03,        1.00
  719,  13.440,        0.,        0.00,    0.03,        0.00
  720,  13.460,        1.,        0.00,    0.03,        1.00
  721,  13.480,        0.,        0.00,    0.03,        0.00
  722,  13.500,        0.,        0.00,   -0.23,        0.00
  723,  13.520,        0.,        0.00,   -0.23,        0.00
  724,  13.540,        0.,        0.00,   -0.14,        0.00
  725,  13.560,        0.,        0.00,   -0.22,        0.00
  726,  13.580,        0.,        0.00,   -0.39,        0.00
  727,  13.600,        1.,        0.00,   -0.38,        1.00
  728,  13.620,        0.,        0.00,   -0.19,        0.00
  729,  13.640,        1.,        0.00,   -0.24,        1.00
  730,  13.660,        0.,        0.00,    0.00,        0.00
  731,  13.680,        0.,        0.00,    0.01,        0.00
  732,  13.700,        0.,        0.00,   -0.18,        0.00
  733,  13.720,        1.,        0.00,   -0.23,        1.00
  734,  13.740,        0.,        0.00,    0.24,        0.00
  735,  13.760,        1.,        0.00,    0.29,        1.00
  736,  13.780,        1.,        0.03,    0.36,        0.97
  737,  13.801,        0.,        0.06,    0.62,       -0.06
  738,  13.821,        0.,        0.11,    0.47,       -0.11
  739,  13.841,        2.,        0.25,   -0.11,        1.75
  740,  13.861,        1.,        0.43,   -0.47,        0.57
  741,  13.881,        1.,        0.73,   -1.53,        0.27
  742,  13.901,        3.,        1.17,   -1.54,        1.83
  743,  13.921,        5.,        1.82,   -1.28,        3.18
  744,  13.941,        1.,        2.73,   -0.11,       -1.73
  745,  13.961,        2.,        3.93,    0.29,       -1.93
  746,  13.981,        4.,        5.45,    0.37,       -1.45
  747,  14.001,        7.,        7.27,    1.77,       -0.27
  748,  14.021,       10.,        9.34,    1.33,        0.66
  749,  14.041,       20.,       11.55,    0.92,        8.45
  750,  14.061,       16.,       13.75,    1.71,        2.25
  751,  14.081,       16.,       15.76,    1.62,        0.24
  752,  14.101,       26.,       17.40,    1.57,        8.60
  753,  14.121,       16.,       18.48,    1.15,       -2.48
  754,  14.141,       18.,       18.90,    0.94,       -0.90
  755,  14.161,       22.,       18.60,   -0.44,        3.40
  756,  14.182,       14.,       17.61,   -1.11,       -3.61
  757,  14.202,       14.,       16.04,   -1.37,       -2.04
  758,  14.222,       11.,       14.04,   -2.59,       -3.04
  759,  14.242,       10.,       11.82,   -2.15,       -1.82
  760,  14.262,        7.,        9.56,   -2.01,       -2.56
  761,  14.282,        5.,        7.43,   -1.62,       -2.43
  762,  14.302,        5.,        5.55,   -1.08,       -0.55
  763,  14.322,        4.,        3.98,   -0.70,        0.02
  764,  14.342,        4.,        2.74,    0.44,        1.26
  765,  14.362,        2.,        1.81,    0.53,        0.19
  766,  14.382,        4.,        1.15,    0.89,        2.85
  767,  14.402,        0.,        0.65,    1.60,       -0.65
  768,  14.422,        1.,        0.38,    1.39,        0.62
  769,  14.442,        0.,        0.22,    1.22,       -0.22
  770,  14.462,        0.,        0.12,    0.74,       -0.12
  771,  14.482,        0.,        0.06,    0.56,       -0.06
  772,  14.502,        0.,        0.00,   -0.23,        0.00
  773,  14.522,        0.,        0.00,   -0.32,        0.00
  774,  14.542,        0.,        0.00,   -0.48,        0.00
  775,  14.563,        0.,        0.00,   -0.44,        0.00
  776,  14.583,        0.,        0.00,   -0.31,        0.00
  777,  14.603,        0.,        0.00,   -0.29,        0.00
  778,  14.623,        0.,        0.00,    0.13,        0.00
  779,  14.643,        0.,        0.00,    0.07,        0.00
  780,  14.663,        0.,        0.00,    0.12,        0.00
  781,  14.683,        0.,        0.00,    0.11,        0.00
  782,  14.703,        0.,        0.00,    0.10,        0.00
  783,  14.723,        1.,        0.00,    0.09,        1.00
  784,  14.743,        0.,        0.00,    0.01,        0.00
  785,  14.763,        0.,        0.00,    0.01,        0.00
  786,  14.783,        0.,        0.00,    0.01,        0.00
  787,  14.803,        0.,        0.00,   -0.08,        0.00
  788,  14.823,        0.,        0.00,   -0.08,        0.00
  789,  14.843,        0.,        0.00,   -0.25,        0.00
  790,  14.863,        0.,        0.00,   -0.08,        0.00
  791,  14.883,        0.,        0.00,   -0.24,        0.00
  792,  14.903,        0.,        0.00,   -0.24,        0.00
  793,  14.923,        0.,        0.00,   -0.15,        0.00
  794,  14.944,        0.,        0.00,   -0.15,        0.00
  795,  14.964,        1.,        0.00,   -0.07,        1.00
  796,  14.984,        0.,        0.00,   -0.07,        0.00
  797,  15.004,        0.,        0.00,    0.28,        0.00
  798,  15.024,        1.,        0.00,    0.28,        1.00
  799,  15.044,        0.,        0.00,    0.45,        0.00
  800,  15.064,        0.,        0.00,    0.45,        0.00
  801,  15.084,        0.,        0.00,    0.28,        0.00
  802,  15.104,        2.,        0.00,    0.28,        2.00
  803,  15.124,        0.,        0.00,    0.28,        0.00
  804,  15.144,        1.,        0.00,    0.02,        1.00
  805,  15.164,        0.,        0.00,    0.02,        0.00
  806,  15.184,        0.,        0.00,    0.02,        0.00
  807,  15.204,        0.,        0.00,    0.11,        0.00
  808,  15.224,        0.,        0.00,   -0.24,        0.00
  809,  15.244,        0.,        0.00,   -0.24,        0.00
  810,  15.264,        0.,        0.00,   -0.16,        0.00
  811,  15.284,        0.,        0.00,   -0.16,        0.00
  812,  15.304,        0.,        0.00,   -0.16,        0.00
  813,  15.325,        0.,        0.00,   -0.24,        0.00
  814,  15.345,        0.,        0.00,   -0.15,        0.00
  815,  15.365,        1.,        0.00,   -0.31,        1.00
  816,  15.385,        0.,        0.00,   -0.28,        0.00
  817,  15.405,        0.,        0.00,   -0.16,        0.00
  818,  15.425,        0.,        0.00,    0.05,        0.00
  819,  15.445,        0.,        0.00,    0.10,        0.00
  820,  15.465,        0.,        0.00,    0.26,        0.00
  821,  15.485,        0.,        0.00,    0.34,        0.00
  822,  15.505,        0.,        0.00,    0.03,        0.00
  823,  15.525,        0.,        0.00,   -0.29,        0.00
  824,  15.545,        1.,        0.00,   -0.37,        1.00
  825,  15.565,        1.,        0.07,   -0.32,        0.93
  826,  15.585,        1.,        0.12,   -0.13,        0.88
  827,  15.605,        1.,        0.19,    0.08,        0.81
  828,  15.625,        0.,        0.30,    0.32,       -0.30
  829,  15.645,        0.,        0.44,    0.73,       -0.44
  830,  15.665,        0.,        0.63,    0.69,       -0.63
  831,  15.685,        2.,        0.86,    0.67,        1.14
  832,  15.706,        1.,        1.14,    0.24,       -0.14
  833,  15.726,        2.,        1.43,   -0.05,        0.57
  834,  15.746,        3.,        1.74,    0.00,        1.26
  835,  15.766,        5.,        2.02,    0.15,        2.98
  836,  15.786,        2.,        2.27,    0.28,       -0.27
  837,  15.806,        4.,        2.44,    0.63,        1.56
  838,  15.826,        0.,        2.53,    0.34,       -2.53
  839,  15.846,        1.,        2.51,    0.19,       -1.51
  840,  15.866,        3.,        2.41,    0.04,        0.59
  841,  15.886,        3.,        2.22,   -0.13,        0.78
  842,  15.906,        2.,        1.98,   -0.81,        0.02
  843,  15.926,        3.,        1.71,   -0.72,        1.29
  844,  15.946,        0.,        1.43,   -0.94,       -1.43
  845,  15.966,        0.,        1.18,   -0.43,       -1.18
  846,  15.986,        0.,        0.96,   -0.27,       -0.96
  847,  16.006,        1.,        0.78,   -0.30,        0.22
  848,  16.026,        0.,        0.65,   -0.13,       -0.65
  849,  16.046,        1.,        0.54,   -0.19,        0.46
  850,  16.066,        0.,        0.47,   -0.30,       -0.47
  851,  16.087,        1.,        0.38,   -0.30,        0.62
  852,  16.107,        0.,        0.31,   -0.09,       -0.31
  853,  16.127,        0.,        0.29,    0.10,       -0.29
  854,  16.147,        1.,        0.26,    0.28,        0.74
  855,  16.167,        0.,        0.22,    0.37,       -0.22
  856,  16.187,        0.,        0.19,    0.41,       -0.19
  857,  16.207,        0.,        0.15,    0.36,       -0.15
  858,  16.227,        1.,        0.11,    0.16,        0.89
  859,  16.247,        0.,        0.08,    0.13,       -0.08
  860,  16.267,        1.,        0.06,    0.19,        0.94
  861,  16.287,        0.,        0.04,    0.02,       -0.04
  862,  16.307,        0.,        0.03,    0.10,       -0.03
  863,  16.327,        0.,        0.02,    0.09,       -0.02
  864,  16.347,        0.,        0.00,    0.16,        0.00
  865,  16.367,        0.,        0.00,   -0.01,        0.00
  866,  16.387,        0.,        0.00,   -0.10,        0.00
  867,  16.407,        0.,        0.00,   -0.19,        0.00
  868,  16.427,        0.,        0.00,   -0.20,        0.00
  869,  16.447,        0.,        0.00,   -0.21,        0.00
  870,  16.468,        0.,        0.00,   -0.22,        0.00
  871,  16.488,        0.,        0.00,   -0.15,        0.00
  872,  16.508,        0.,        0.00,    0.01,        0.00
  873,  16.528,        0.,        0.00,    0.08,        0.00
  874,  16.548,        0.,        0.00,    0.08,        0.00
  875,  16.568,        0.,        0.00,    0.08,        0.00
  876,  16.588,        0.,        0.00,    0.08,        0.00
  877,  16.608,        0.,        0.00,    0.08,        0.00
  878,  16.628,        1.,        0.00,    0.08,        1.00
  879,  16.648,        0.,        0.00,    0.08,        0.00
  880,  16.668,        0.,        0.00,    0.08,        0.00
  881,  16.688,        0.,        0.00,    0.08,        0.00
  882,  16.708,        0.,        0.00,    0.08,        0.00
  883,  16.728,        0.,        0.00,    0.08,        0.00
  884,  16.748,        0.,        0.00,    0.08,        0.00
  885,  16.768,        0.,        0.00,   -0.08,        0.00
  886,  16.788,        0.,        0.00,   -0.08,        0.00
  887,  16.808,        0.,        0.00,   -0.08,        0.00
  888,  16.828,        0.,        0.00,   -0.08,        0.00
  889,  16.849,        0.,        0.00,   -0.08,        0.00
  890,  16.869,        0.,        0.00,   -0.08,        0.00
  891,  16.889,        0.,        0.00,    0.00,        0.00
  892,  16.909,        0.,        0.00,    0.00,        0.00
  893,  16.929,        0.,        0.00,    0.00,        0.00
  894,  16.949,        0.,        0.00,    0.00,        0.00
  895,  16.969,        0.,        0.00,    0.00,        0.00
  896,  16.989,        0.,        0.00,    0.00,        0.00
  897,  17.009,        0.,        0.00,    0.00,        0.00
  898,  17.029,        0.,        0.00,    0.00,        0.00
  899,  17.049,        0.,        0.00,    0.00,        0.00
  900,  17.069,        0.,        0.00,    0.00,        0.00
  901,  17.089,        0.,        0.00,    0.00,        0.00
  902,  17.109,        0.,        0.00,    0.00,        0.00
  903,  17.129,        0.,        0.00,    0.00,        0.00
  904,  17.149,        0.,        0.00,    0.00,        0.00
  905,  17.169,        0.,        0.00,    0.00,        0.00
  906,  17.189,        0.,        0.00,    0.00,        0.00
  907,  17.209,        0.,        0.00,    0.00,        0.00
  908,  17.230,        0.,        0.00,    0.00,        0.00
  909,  17.250,        0.,        0.00,    0.00,        0.00
  910,  17.270,        0.,        0.00,    0.00,        0.00
  911,  17.290,        0.,        0.00,    0.00,        0.00
  912,  17.310,        0.,        0.00,    0.00,        0.00
  913,  17.330,        0.,        0.00,    0.00,        0.00
  914,  17.350,        0.,        0.00,    0.00,        0.00
  915,  17.370,        0.,        0.00,    0.00,        0.00
  916,  17.390,        0.,        0.00,    0.00,        0.00
  917,  17.410,        0.,        0.00,    0.00,        0.00
  918,  17.430,        0.,        0.00,    0.00,        0.00
  919,  17.450,        0.,        0.00,    0.00,        0.00
  920,  17.470,        0.,        0.00,    0.00,        0.00
  921,  17.490,        0.,        0.00,    0.00,        0.00
  922,  17.510,        0.,        0.00,    0.00,        0.00
  923,  17.530,        0.,        0.00,    0.00,        0.00
  924,  17.550,        0.,        0.00,    0.00,        0.00
  925,  17.570,        0.,        0.00,    0.00,        0.00
  926,  17.590,        0.,        0.00,    0.00,        0.00
  927,  17.611,        0.,        0.00,   -0.08,        0.00
  928,  17.631,        0.,        0.00,   -0.08,        0.00
  929,  17.651,        0.,        0.00,   -0.08,        0.00
  930,  17.671,        0.,        0.00,   -0.08,        0.00
  931,  17.691,        0.,        0.00,   -0.08,        0.00
  932,  17.711,        0.,        0.00,   -0.08,        0.00
  933,  17.731,        0.,        0.00,    0.08,        0.00
  934,  17.751,        0.,        0.00,    0.08,        0.00
  935,  17.771,        0.,        0.00,    0.08,        0.00
  936,  17.791,        0.,        0.00,    0.08,        0.00
  937,  17.811,        0.,        0.00,    0.08,        0.00
  938,  17.831,        0.,        0.00,    0.08,        0.00
  939,  17.851,        1.,        0.00,    0.08,        1.00
  940,  17.871,        0.,        0.00,    0.08,        0.00
  941,  17.891,        0.,        0.00,    0.08,        0.00
  942,  17.911,        0.,        0.00,    0.08,        0.00
  943,  17.931,        0.,        0.00,    0.08,        0.00
  944,  17.951,        0.,        0.00,    0.08,        0.00
  945,  17.971,        0.,        0.00,    0.08,        0.00
  946,  17.992,        0.,        0.00,   -0.08,        0.00
  947,  18.012,        0.,        0.00,   -0.08,        0.00
  948,  18.032,        0.,        0.00,   -0.08,        0.00
  949,  18.052,        0.,        0.00,   -0.08,        0.00
  950,  18.072,        0.,        0.00,   -0.08,        0.00
  951,  18.092,        0.,        0.00,   -0.08,        0.00
  952,  18.112,        0.,        0.00,    0.00,        0.00
  953,  18.132,        0.,        0.00,    0.00,        0.00
  954,  18.152,        0.,        0.00,    0.00,        0.00
  955,  18.172,        0.,        0.00,    0.00,        0.00
  956,  18.192,        0.,        0.00,    0.00,        0.00
  957,  18.212,        0.,        0.00,    0.00,        0.00
  958,  18.232,        0.,        0.00,    0.00,        0.00
  959,  18.252,        0.,        0.00,    0.00,        0.00
  960,  18.272,        0.,        0.00,    0.00,        0.00
  961,  18.292,        0.,        0.00,    0.00,        0.00
  962,  18.312,        0.,        0.00,    0.00,        0.00
  963,  18.332,        0.,        0.00,    0.00,        0.00
  964,  18.352,        0.,        0.00,    0.00,        0.00
  965,  18.373,        0.,        0.00,    0.00,        0.00
  966,  18.393,        0.,        0.00,    0.00,        0.00
  967,  18.413,        0.,        0.00,    0.00,        0.00
  968,  18.433,        0.,        0.00,    0.00,        0.00
  969,  18.453,        0.,        0.00,    0.00,        0.00
  970,  18.473,        0.,        0.00,    0.00,        0.00
  971,  18.493,        0.,        0.00,    0.00,        0.00
  972,  18.513,        0.,        0.00,    0.00,        0.00
  973,  18.533,        0.,        0.00,    0.00,        0.00
  974,  18.553,        0.,        0.00,    0.00,        0.00
  975,  18.573,        0.,        0.00,    0.00,        0.00
  976,  18.593,        0.,        0.00,    0.00,        0.00
  977,  18.613,        0.,        0.00,    0.00,        0.00
  978,  18.633,        0.,        0.00,    0.00,        0.00
  979,  18.653,        0.,        0.00,    0.00,        0.00
  980,  18.673,        0.,        0.00,    0.00,        0.00
  981,  18.693,        0.,        0.00,    0.00,        0.00
  982,  18.713,        0.,        0.00,    0.00,        0.00
  983,  18.733,        0.,        0.00,    0.00,        0.00
  984,  18.754,        0.,        0.00,    0.00,        0.00
  985,  18.774,        0.,        0.00,    0.00,        0.00
  986,  18.794,        0.,        0.00,    0.00,        0.00
  987,  18.814,        0.,        0.00,    0.00,        0.00
  988,  18.834,        0.,        0.00,    0.00,        0.00
  989,  18.854,        0.,        0.00,    0.00,        0.00
  990,  18.874,        0.,        0.00,    0.00,        0.00
  991,  18.894,        0.,        0.00,    0.00,        0.00
  992,  18.914,        0.,        0.00,    0.00,        0.00
  993,  18.934,        0.,        0.00,    0.00,        0.00
  994,  18.954,        0.,        0.00,    0.00,        0.00
  995,  18.974,        0.,        0.00,    0.00,        0.00
  996,  18.994,        0.,        0.00,    0.00,        0.00
  997,  19.014,        0.,        0.00,    0.00,        0.00
  998,  19.034,        0.,        0.00,    0.00,        0.00
  999,  19.054,        0.,        0.00,    0.00,        0.00
 1000,  19.074,        0.,        0.00,    0.00,        0.00
 1001,  19.094,        0.,        0.00,    0.00,        0.00
 1002,  19.114,        0.,        0.00,    0.00,        0.00
 1003,  19.134,        0.,        0.00,    0.00,        0.00
 1004,  19.155,        0.,        0.00,    0.00,        0.00
 1005,  19.175,        0.,        0.00,    0.00,        0.00
 1006,  19.195,        0.,        0.00,    0.00,        0.00
 1007,  19.215,        0.,        0.00,    0.00,        0.00
 1008,  19.235,        0.,        0.00,    0.00,        0.00
 1009,  19.255,        0.,        0.00,    0.00,        0.00
 1010,  19.275,        0.,        0.00,    0.00,        0.00
 1011,  19.295,        0.,        0.00,    0.00,        0.00
 1012,  19.315,        0.,        0.00,    0.00,        0.00
 1013,  19.335,        0.,        0.00,    0.00,        0.00
 1014,  19.355,        0.,        0.00,    0.00,        0.00
 1015,  19.375,        0.,        0.00,    0.00,        0.00
 1016,  19.395,        0.,        0.00,    0.00,        0.00
 1017,  19.415,        0.,        0.00,    0.00,        0.00
 1018,  19.435,        0.,        0.00,    0.00,        0.00
 1019,  19.455,        0.,        0.00,    0.00,        0.00
 1020,  19.475,        0.,        0.00,    0.00,        0.00
 1021,  19.495,        0.,        0.00,    0.00,        0.00
 1022,  19.515,        0.,        0.00,    0.00,        0.00
 1023,  19.536,        0.,        0.00,    0.00,        0.00
 1024,  19.556,        0.,        0.00,    0.00,        0.00
 1025,  19.576,        0.,        0.00,    0.00,        0.00
 1026,  19.596,        0.,        0.00,    0.00,        0.00
 1027,  19.616,        0.,        0.00,    0.00,        0.00
 1028,  19.636,        0.,        0.00,    0.00,        0.00
 1029,  19.656,        0.,        0.00,    0.00,        0.00
 1030,  19.676,        0.,        0.00,    0.00,        0.00
 1031,  19.696,        0.,        0.00,    0.00,        0.00
 1032,  19.716,        0.,        0.00,    0.00,        0.00
 1033,  19.736,        0.,        0.00,    0.00,        0.00
 1034,  19.756,        0.,        0.00,    0.00,        0.00
 1035,  19.776,        0.,        0.00,    0.00,        0.00
 1036,  19.796,        0.,        0.00,    0.00,        0.00
 1037,  19.816,        0.,        0.00,    0.00,        0.00
 1038,  19.836,        0.,        0.00,    0.00,        0.00
 1039,  19.856,        0.,        0.00,    0.00,        0.00
 1040,  19.876,        0.,        0.00,    0.00,        0.00
 1041,  19.896,        0.,        0.00,    0.00,        0.00
 1042,  19.917,        0.,        0.00,    0.00,        0.00
 1043,  19.937,        0.,        0.00,    0.00,        0.00
 1044,  19.957,        0.,        0.00,    0.00,        0.00
 1045,  19.977,        0.,        0.00,    0.00,        0.00
 1046,  19.997,        0.,        0.00,    0.00,        0.00
 1047,  20.017,        0.,        0.00,    0.00,        0.00
 1048,  20.037,        0.,        0.00,    0.00,        0.00
 1049,  20.057,        0.,        0.00,    0.00,        0.00
 1050,  20.077,        0.,        0.00,    0.00,        0.00
 1051,  20.097,        0.,        0.00,    0.00,        0.00
 1052,  20.117,        0.,        0.00,    0.00,        0.00
 1053,  20.137,        0.,        0.00,    0.00,        0.00
 1054,  20.157,        0.,        0.00,    0.00,        0.00
 1055,  20.177,        0.,        0.00,    0.00,        0.00
 1056,  20.197,        0.,        0.00,    0.00,        0.00
 1057,  20.217,        0.,        0.00,    0.00,        0.00
 1058,  20.237,        0.,        0.00,    0.00,        0.00
 1059,  20.257,        0.,        0.00,    0.00,        0.00
 1060,  20.277,        0.,        0.00,    0.00,        0.00
 1061,  20.298,        0.,        0.00,    0.00,        0.00
 1062,  20.318,        0.,        0.00,    0.00,        0.00
 1063,  20.338,        0.,        0.00,    0.00,        0.00
 1064,  20.358,        0.,        0.00,    0.00,        0.00
 1065,  20.378,        0.,        0.00,    0.00,        0.00
 1066,  20.398,        0.,        0.00,    0.00,        0.00
 1067,  20.418,        0.,        0.00,    0.00,        0.00
 1068,  20.438,        0.,        0.00,    0.00,        0.00
 1069,  20.458,        0.,        0.00,    0.00,        0.00
 1070,  20.478,        0.,        0.00,    0.00,        0.00
 1071,  20.498,        0.,        0.00,    0.00,        0.00
 1072,  20.518,        0.,        0.00,    0.00,        0.00
 1073,  20.538,        0.,        0.00,    0.00,        0.00
 1074,  20.558,        0.,        0.00,    0.00,        0.00
 1075,  20.578,        0.,        0.00,    0.00,        0.00
 1076,  20.598,        0.,        0.00,    0.00,        0.00
 1077,  20.618,        0.,        0.00,    0.00,        0.00
 1078,  20.638,        0.,        0.00,    0.00,        0.00
 1079,  20.658,        0.,        0.00,    0.00,        0.00
 1080,  20.679,        0.,        0.00,    0.00,        0.00
 1081,  20.699,        0.,        0.00,    0.00,        0.00
 1082,  20.719,        0.,        0.00,    0.00,        0.00
 1083,  20.739,        0.,        0.00,    0.00,        0.00
 1084,  20.759,        0.,        0.00,    0.00,        0.00
 1085,  20.779,        0.,        0.00,    0.00,        0.00
 1086,  20.799,        0.,        0.00,    0.00,        0.00
 1087,  20.819,        0.,        0.00,    0.00,        0.00
 1088,  20.839,        0.,        0.00,    0.00,        0.00
 1089,  20.859,        0.,        0.00,    0.00,        0.00
 1090,  20.879,        0.,        0.00,    0.00,        0.00
 1091,  20.899,        0.,        0.00,    0.00,        0.00
 1092,  20.919,        0.,        0.00,    0.00,        0.00
 1093,  20.939,        0.,        0.00,    0.00,        0.00
 1094,  20.959,        0.,        0.00,    0.00,        0.00
 1095,  20.979,        0.,        0.00,    0.00,        0.00
 1096,  20.999,        0.,        0.00,    0.00,        0.00
 1097,  21.019,        0.,        0.00,    0.00,        0.00
 1098,  21.039,        0.,        0.00,    0.00,        0.00
 1099,  21.060,        0.,        0.00,    0.00,        0.00
 1100,  21.080,        0.,        0.00,    0.00,        0.00
 1101,  21.100,        0.,        0.00,    0.00,        0.00
 1102,  21.120,        0.,        0.00,    0.00,        0.00
 1103,  21.140,        0.,        0.00,    0.00,        0.00
 1104,  21.160,        0.,        0.00,    0.00,        0.00
 1105,  21.180,        0.,        0.00,    0.00,        0.00
 1106,  21.200,        0.,        0.00,    0.00,        0.00
 1107,  21.220,        0.,        0.00,    0.00,        0.00
 1108,  21.240,        0.,        0.00,    0.00,        0.00
 1109,  21.260,        0.,        0.00,    0.00,        0.00
 1110,  21.280,        0.,        0.00,    0.00,        0.00
 1111,  21.300,        0.,        0.00,    0.00,        0.00
 1112,  21.320,        0.,        0.00,    0.00,        0.00
 1113,  21.340,        0.,        0.00,    0.00,        0.00
 1114,  21.360,        0.,        0.00,    0.00,        0.00
 1115,  21.380,        0.,        0.00,    0.00,        0.00
 1116,  21.400,        0.,        0.00,   -0.07,        0.00
 1117,  21.420,        0.,        0.00,   -0.07,        0.00
 1118,  21.441,        0.,        0.00,   -0.07,        0.00
 1119,  21.461,        0.,        0.00,   -0.07,        0.00
 1120,  21.481,        0.,        0.00,   -0.07,        0.00
 1121,  21.501,        0.,        0.00,   -0.07,        0.00
 1122,  21.521,        0.,        0.00,   -0.07,        0.00
 1123,  21.541,        0.,        0.00,    0.08,        0.00
 1124,  21.561,        0.,        0.00,    0.08,        0.00
 1125,  21.581,        0.,        0.00,    0.08,        0.00
 1126,  21.601,        0.,        0.00,    0.08,        0.00
 1127,  21.621,        0.,        0.00,    0.08,        0.00
 1128,  21.641,        0.,        0.00,    0.08,        0.00
 1129,  21.661,        1.,        0.00,    0.08,        1.00
 1130,  21.681,        0.,        0.00,    0.08,        0.00
 1131,  21.701,        0.,        0.00,    0.08,        0.00
 1132,  21.721,        0.,        0.00,    0.08,        0.00
 1133,  21.741,        0.,        0.00,    0.08,        0.00
 1134,  21.761,        0.,        0.00,    0.08,        0.00
 1135,  21.781,        0.,        0.00,    0.08,        0.00
 1136,  21.801,        0.,        0.00,   -0.07,        0.00
 1137,  21.822,        0.,        0.00,   -0.07,        0.00
 1138,  21.842,        0.,        0.00,   -0.07,        0.00
 1139,  21.862,        0.,        0.00,   -0.07,        0.00
 1140,  21.882,        0.,        0.00,   -0.07,        0.00
 1141,  21.902,        0.,        0.00,   -0.07,        0.00
 1142,  21.922,        0.,        0.00,   -0.07,        0.00
 1143,  21.942,        0.,        0.00,    0.00,        0.00
 1144,  21.962,        0.,        0.00,    0.00,        0.00
 1145,  21.982,        0.,        0.00,    0.00,        0.00
 1146,  22.002,        0.,        0.00,    0.00,        0.00
 1147,  22.022,        0.,        0.00,    0.00,        0.00
 1148,  22.042,        0.,        0.00,    0.00,        0.00
 1149,  22.062,        0.,        0.00,    0.00,        0.00
 1150,  22.082,        0.,        0.00,    0.00,        0.00
 1151,  22.102,        0.,        0.00,    0.00,        0.00
 1152,  22.122,        0.,        0.00,    0.00,        0.00
 1153,  22.142,        0.,        0.00,    0.00,        0.00
 1154,  22.162,        0.,        0.00,    0.00,        0.00
 1155,  22.182,        0.,        0.00,    0.00,        0.00
 1156,  22.203,        0.,        0.00,    0.00,        0.00
 1157,  22.223,        0.,        0.00,    0.00,        0.00
 1158,  22.243,        0.,        0.00,    0.00,        0.00
 1159,  22.263,        0.,        0.00,    0.00,        0.00
 1160,  22.283,        0.,        0.00,    0.00,        0.00
 1161,  22.303,        0.,        0.00,    0.00,        0.00
 1162,  22.323,        0.,        0.00,    0.00,        0.00
 1163,  22.343,        0.,        0.00,    0.00,        0.00
 1164,  22.363,        0.,        0.00,    0.00,        0.00
 1165,  22.383,        0.,        0.00,    0.00,        0.00
 1166,  22.403,        0.,        0.00,    0.00,        0.00
 1167,  22.423,        0.,        0.00,    0.00,        0.00
 1168,  22.443,        0.,        0.00,    0.00,        0.00
 1169,  22.463,        0.,        0.00,    0.00,        0.00
 1170,  22.483,        0.,        0.00,    0.00,        0.00
 1171,  22.503,        0.,        0.00,    0.00,        0.00
 1172,  22.523,        0.,        0.00,    0.00,        0.00
 1173,  22.543,        0.,        0.00,    0.00,        0.00
 1174,  22.563,        0.,        0.00,    0.00,        0.00
 1175,  22.584,        0.,        0.00,    0.00,        0.00
 1176,  22.604,        0.,        0.00,    0.00,        0.00
 1177,  22.624,        0.,        0.00,    0.00,        0.00
 1178,  22.644,        0.,        0.00,    0.00,        0.00
 1179,  22.664,        0.,        0.00,    0.00,        0.00
 1180,  22.684,        0.,        0.00,    0.00,        0.00
 1181,  22.704,        0.,        0.00,    0.00,        0.00
 1182,  22.724,        0.,        0.00,    0.00,        0.00
 1183,  22.744,        0.,        0.00,    0.00,        0.00
 1184,  22.764,        0.,        0.00,    0.00,        0.00
 1185,  22.784,        0.,        0.00,    0.00,        0.00
 1186,  22.804,        0.,        0.00,    0.00,        0.00
 1187,  22.824,        0.,        0.00,    0.00,        0.00
 1188,  22.844,        0.,        0.00,    0.00,        0.00
 1189,  22.864,        0.,        0.00,    0.00,        0.00
 1190,  22.884,        0.,        0.00,    0.00,        0.00
 1191,  22.904,        0.,        0.00,    0.00,        0.00
 1192,  22.924,        0.,        0.00,    0.00,        0.00
 1193,  22.944,        0.,        0.00,    0.00,        0.00
 1194,  22.965,        0.,        0.00,    0.00,        0.00
 1195,  22.985,        0.,        0.00,    0.00,        0.00
 1196,  23.005,        0.,        0.00,    0.00,        0.00
 1197,  23.025,        0.,        0.00,    0.00,        0.00
 1198,  23.045,        0.,        0.00,    0.00,        0.00
 1199,  23.065,        0.,        0.00,    0.00,        0.00
 1200,  23.085,        0.,        0.00,    0.00,        0.00
 1201,  23.105,        0.,        0.00,    0.00,        0.00
 1202,  23.125,        0.,        0.00,    0.00,        0.00
 1203,  23.145,        0.,        0.00,    0.00,        0.00
 1204,  23.165,        0.,        0.00,    0.00,        0.00
 1205,  23.185,        0.,        0.00,    0.00,        0.00
 1206,  23.205,        0.,        0.00,    0.00,        0.00
 1207,  23.225,        0.,        0.00,    0.00,        0.00
 1208,  23.245,        0.,        0.00,    0.00,        0.00
 1209,  23.265,        0.,        0.00,    0.00,        0.00
 1210,  23.285,        0.,        0.00,    0.00,        0.00
 1211,  23.305,        0.,        0.00,    0.00,        0.00
 1212,  23.325,        0.,        0.00,    0.00,        0.00
 1213,  23.346,        0.,        0.00,    0.00,        0.00
 1214,  23.366,        0.,        0.00,    0.00,        0.00
 1215,  23.386,        0.,        0.00,    0.00,        0.00
 1216,  23.406,        0.,        0.00,    0.00,        0.00
 1217,  23.426,        0.,        0.00,    0.00,        0.00
 1218,  23.446,        0.,        0.00,    0.00,        0.00
 1219,  23.466,        0.,        0.00,    0.00,        0.00
 1220,  23.486,        0.,        0.00,    0.00,        0.00
 1221,  23.506,        0.,        0.00,    0.00,        0.00
 1222,  23.526,        0.,        0.00,    0.00,        0.00
 1223,  23.546,        0.,        0.00,    0.00,        0.00
 1224,  23.566,        0.,        0.00,    0.00,        0.00
 1225,  23.586,        0.,        0.00,    0.00,        0.00
 1226,  23.606,        0.,        0.00,    0.00,        0.00
 1227,  23.626,        0.,        0.00,    0.00,        0.00
 1228,  23.646,        0.,        0.00,    0.00,        0.00
 1229,  23.666,        0.,        0.00,    0.00,        0.00
 1230,  23.686,        0.,        0.00,    0.00,        0.00
 1231,  23.706,        0.,        0.00,    0.00,        0.00
 1232,  23.727,        0.,        0.00,    0.00,        0.00
 1233,  23.747,        0.,        0.00,    0.00,        0.00
 1234,  23.767,        0.,        0.00,    0.00,        0.00
 1235,  23.787,        0.,        0.00,    0.00,        0.00
 1236,  23.807,        0.,        0.00,    0.00,        0.00
 1237,  23.827,        0.,        0.00,    0.00,        0.00
 1238,  23.847,        0.,        0.00,    0.00,        0.00
 1239,  23.867,        0.,        0.00,    0.00,        0.00
 1240,  23.887,        0.,        0.00,    0.00,        0.00
 1241,  23.907,        0.,        0.00,    0.00,        0.00
 1242,  23.927,        0.,        0.00,    0.00,        0.00
 1243,  23.947,        0.,        0.00,    0.00,        0.00
 1244,  23.967,        0.,        0.00,    0.00,        0.00
 1245,  23.987,        0.,        0.00,    0.00,        0.00
 1246,  24.007,        0.,        0.00,    0.00,        0.00
 1247,  24.027,        0.,        0.00,    0.00,        0.00
 1248,  24.047,        0.,        0.00,    0.00,        0.00
 1249,  24.067,        0.,        0.00,    0.00,        0.00
 1250,  24.087,        0.,        0.00,    0.00,        0.00
 1251,  24.108,        0.,        0.00,    0.00,        0.00
 1252,  24.128,        0.,        0.00,    0.00,        0.00
 1253,  24.148,        0.,        0.00,    0.00,        0.00
 1254,  24.168,        0.,        0.00,    0.00,        0.00
 1255,  24.188,        0.,        0.00,    0.00,        0.00
 1256,  24.208,        0.,        0.00,    0.00,        0.00
 1257,  24.228,        0.,        0.00,    0.00,        0.00
 1258,  24.248,        0.,        0.00,    0.00,        0.00
 1259,  24.268,        0.,        0.00,    0.00,        0.00
 1260,  24.288,        0.,        0.00,    0.00,        0.00
 1261,  24.308,        0.,        0.00,    0.00,        0.00
 1262,  24.328,        0.,        0.00,    0.00,        0.00
 1263,  24.348,        0.,        0.00,    0.00,        0.00
 1264,  24.368,        0.,        0.00,    0.00,        0.00
 1265,  24.388,        0.,        0.00,    0.00,        0.00
 1266,  24.408,        0.,        0.00,    0.00,        0.00
 1267,  24.428,        0.,        0.00,    0.00,        0.00
 1268,  24.448,        0.,        0.00,    0.00,        0.00
 1269,  24.468,        0.,        0.00,    0.00,        0.00
 1270,  24.489,        0.,        0.00,    0.00,        0.00
 1271,  24.509,        0.,        0.00,    0.00,        0.00
 1272,  24.529,        0.,        0.00,    0.00,        0.00
 1273,  24.549,        0.,        0.00,    0.00,        0.00
 1274,  24.569,        0.,        0.00,    0.00,        0.00
 1275,  24.589,        0.,        0.00,    0.00,        0.00
 1276,  24.609,        0.,        0.00,    0.00,        0.00
 1277,  24.629,        0.,        0.00,    0.00,        0.00
 1278,  24.649,        0.,        0.00,    0.00,        0.00
 1279,  24.669,        0.,        0.00,    0.00,        0.00
 1280,  24.689,        0.,        0.00,    0.00,        0.00
 1281,  24.709,        0.,        0.00,    0.00,        0.00
 1282,  24.729,        0.,        0.00,    0.00,        0.00
 1283,  24.749,        0.,        0.00,    0.00,        0.00
 1284,  24.769,        0.,        0.00,    0.00,        0.00
 1285,  24.789,        0.,        0.00,    0.00,        0.00
 1286,  24.809,        0.,        0.00,    0.00,        0.00
 1287,  24.829,        0.,        0.00,    0.00,        0.00
 1288,  24.849,        0.,        0.00,    0.00,        0.00
 1289,  24.870,        0.,        0.00,    0.00,        0.00
 1290,  24.890,        0.,        0.00,    0.00,        0.00
 1291,  24.910,        0.,        0.00,    0.00,        0.00
 1292,  24.930,        0.,        0.00,    0.00,        0.00
 1293,  24.950,        0.,        0.00,    0.00,        0.00
 1294,  24.970,        0.,        0.00,    0.00,        0.00
 1295,  24.990,        0.,        0.00,    0.00,        0.00
 1296,  25.010,        0.,        0.00,    0.00,        0.00
 1297,  25.030,        0.,        0.00,    0.00,        0.00
 1298,  25.050,        0.,        0.00,    0.00,        0.00
 1299,  25.070,        0.,        0.00,    0.00,        0.00
 1300,  25.090,        0.,        0.00,    0.00,        0.00
