 File:672014.spo  Solution Type:Thick  fitting  891 channels ( 110-1000)
 Channel#, E(keV),   Data,        Fit, Residual,    Data-Fit
  110,   0.611,      110.,        3.75,    1.29,      106.25
  111,   0.621,      103.,        3.33,    1.51,       99.67
  112,   0.631,      111.,        2.90,    0.56,      108.10
  113,   0.641,      103.,        2.47,    0.22,      100.53
  114,   0.651,      130.,        2.07,    0.20,      127.93
  115,   0.661,      104.,        1.70,   -0.64,      102.30
  116,   0.671,      114.,        1.38,   -1.40,      112.62
  117,   0.681,      118.,        1.12,   -1.68,      116.88
  118,   0.691,      133.,        0.90,   -2.51,      132.10
  119,   0.701,       95.,        0.81,   -3.45,       94.19
  120,   0.711,      127.,        0.77,   -4.28,      126.23
  121,   0.721,      132.,        0.74,   -5.10,      131.26
  122,   0.732,      128.,        0.74,   -5.39,      127.26
  123,   0.742,      127.,        0.86,   -4.98,      126.14
  124,   0.752,      151.,        0.98,   -4.62,      150.02
  125,   0.762,      155.,        1.26,   -4.10,      153.74
  126,   0.772,      144.,        1.63,   -4.12,      142.37
  127,   0.782,      169.,        2.07,   -1.61,      166.93
  128,   0.792,      158.,        2.69,   -1.39,      155.31
  129,   0.802,      195.,        3.46,   -0.80,      191.54
  130,   0.812,      187.,        4.48,   -1.37,      182.52
  131,   0.822,      204.,        5.87,   -1.28,      198.13
  132,   0.832,      219.,        7.78,   -0.87,      211.22
  133,   0.842,      225.,       10.45,   -0.40,      214.55
  134,   0.852,      259.,       14.21,   -1.13,      244.79
  135,   0.862,      261.,       19.50,   -0.65,      241.50
  136,   0.872,      257.,       26.86,   -0.12,      230.14
  137,   0.882,      257.,       36.94,    0.20,      220.06
  138,   0.892,      288.,       50.50,    0.76,      237.50
  139,   0.902,      329.,       68.35,    0.82,      260.65
  140,   0.912,      359.,       91.24,    1.03,      267.76
  141,   0.922,      345.,      119.81,    0.98,      225.19
  142,   0.932,      465.,      154.45,    1.26,      310.55
  143,   0.942,      473.,      195.18,    1.13,      277.82
  144,   0.953,      570.,      241.53,    1.74,      328.47
  145,   0.963,      617.,      292.46,    2.60,      324.54
  146,   0.973,      646.,      346.32,    2.94,      299.68
  147,   0.983,      715.,      400.96,    2.55,      314.04
  148,   0.993,      777.,      453.78,    2.46,      323.22
  149,   1.003,      864.,      501.79,    3.11,      362.21
  150,   1.013,      860.,      542.20,    1.99,      317.80
  151,   1.023,      932.,      572.47,    1.76,      359.53
  152,   1.033,      931.,      590.65,    0.05,      340.35
  153,   1.043,      933.,      595.63,   -1.03,      337.37
  154,   1.053,      913.,      587.23,   -0.51,      325.77
  155,   1.063,      922.,      566.35,   -0.15,      355.65
  156,   1.073,      892.,      534.92,    0.09,      357.08
  157,   1.083,      811.,      495.46,    0.15,      315.54
  158,   1.093,      815.,      451.11,    0.95,      363.89
  159,   1.103,      710.,      405.26,    1.40,      304.74
  160,   1.113,      705.,      361.21,    2.27,      343.79
  161,   1.123,      705.,      321.93,    2.03,      383.07
  162,   1.133,      682.,      289.80,    2.48,      392.20
  163,   1.143,      678.,      266.49,    2.24,      411.51
  164,   1.153,      648.,      252.84,    2.18,      395.16
  165,   1.163,      673.,      248.81,    2.69,      424.19
  166,   1.174,      657.,      253.80,    2.76,      403.20
  167,   1.184,      689.,      266.19,    3.46,      422.81
  168,   1.194,      635.,      284.07,    4.07,      350.93
  169,   1.204,      675.,      305.07,    3.66,      369.93
  170,   1.214,      688.,      326.65,    3.37,      361.35
  171,   1.224,      712.,      346.41,    3.08,      365.59
  172,   1.234,      733.,      362.18,    2.89,      370.82
  173,   1.244,      720.,      372.23,    1.47,      347.77
  174,   1.254,      734.,      375.53,    1.02,      358.47
  175,   1.264,      731.,      371.69,   -1.16,      359.31
  176,   1.274,      695.,      361.12,   -1.83,      333.88
  177,   1.284,      715.,      344.96,   -1.64,      370.04
  178,   1.294,      712.,      325.01,   -1.00,      386.99
  179,   1.304,      657.,      303.60,   -0.60,      353.40
  180,   1.314,      606.,      283.41,   -0.08,      322.59
  181,   1.324,      616.,      267.29,    0.25,      348.71
  182,   1.334,      545.,      258.13,    0.73,      286.87
  183,   1.344,      552.,      258.57,    1.71,      293.43
  184,   1.354,      627.,      270.90,    2.26,      356.10
  185,   1.364,      648.,      296.78,    2.22,      351.22
  186,   1.374,      657.,      337.19,    1.75,      319.81
  187,   1.384,      720.,      392.23,    1.29,      327.77
  188,   1.395,      780.,      461.01,    0.80,      318.99
  189,   1.405,      860.,      541.55,    1.05,      318.45
  190,   1.415,      984.,      630.72,    1.36,      353.28
  191,   1.425,     1052.,      724.49,    1.45,      327.51
  192,   1.435,     1146.,      818.04,    0.88,      327.96
  193,   1.445,     1180.,      906.02,    0.96,      273.98
  194,   1.455,     1240.,      983.12,    0.72,      256.88
  195,   1.465,     1268.,     1044.42,    0.46,      223.58
  196,   1.475,     1398.,     1085.92,    0.13,      312.08
  197,   1.485,     1346.,     1104.91,    0.06,      241.09
  198,   1.495,     1347.,     1100.34,   -0.92,      246.66
  199,   1.505,     1316.,     1072.88,   -1.27,      243.12
  200,   1.515,     1309.,     1024.93,   -2.07,      284.07
  201,   1.525,     1166.,      960.56,   -2.05,      205.44
  202,   1.535,     1127.,      885.07,   -2.43,      241.93
  203,   1.545,     1055.,      804.55,   -1.87,      250.45
  204,   1.555,      953.,      725.50,   -2.48,      227.50
  205,   1.565,      863.,      654.50,   -3.26,      208.50
  206,   1.575,      844.,      598.01,   -4.01,      245.99
  207,   1.585,      763.,      561.69,   -3.87,      201.31
  208,   1.595,      767.,      550.43,   -3.77,      216.57
  209,   1.605,      761.,      568.03,   -3.40,      192.97
  210,   1.616,      839.,      617.13,   -3.00,      221.87
  211,   1.626,      938.,      698.86,   -3.62,      239.14
  212,   1.636,      986.,      812.72,   -2.88,      173.28
  213,   1.646,     1122.,      956.45,   -2.25,      165.55
  214,   1.656,     1317.,     1125.37,   -1.53,      191.63
  215,   1.666,     1559.,     1313.15,   -1.96,      245.85
  216,   1.676,     1747.,     1511.46,   -1.87,      235.54
  217,   1.686,     1977.,     1710.28,   -1.74,      266.72
  218,   1.696,     2123.,     1898.86,   -1.82,      224.14
  219,   1.706,     2363.,     2066.22,   -1.85,      296.78
  220,   1.716,     2549.,     2202.04,   -1.43,      346.96
  221,   1.726,     2653.,     2297.90,   -0.16,      355.10
  222,   1.736,     2553.,     2347.60,    0.36,      205.40
  223,   1.746,     2588.,     2348.09,    0.76,      239.91
  224,   1.756,     2569.,     2299.83,    1.10,      269.17
  225,   1.766,     2437.,     2206.38,    1.37,      230.62
  226,   1.776,     2390.,     2074.50,    1.41,      315.50
  227,   1.786,     2208.,     1913.00,    2.12,      295.00
  228,   1.796,     2123.,     1732.03,    2.04,      390.97
  229,   1.806,     1851.,     1542.10,    1.84,      308.90
  230,   1.816,     1708.,     1353.20,    2.87,      354.80
  231,   1.826,     1488.,     1174.17,    3.85,      313.83
  232,   1.837,     1346.,     1011.90,    4.10,      334.10
  233,   1.847,     1151.,      871.26,    4.52,      279.74
  234,   1.857,     1170.,      754.97,    4.66,      415.03
  235,   1.867,     1045.,      663.72,    5.24,      381.28
  236,   1.877,      974.,      596.51,    4.71,      377.49
  237,   1.887,      915.,      550.99,    4.93,      364.01
  238,   1.897,      856.,      523.95,    4.33,      332.05
  239,   1.907,      810.,      511.34,    3.70,      298.66
  240,   1.917,      777.,      509.13,    3.58,      267.87
  241,   1.927,      842.,      513.41,    3.78,      328.59
  242,   1.937,      838.,      520.50,    2.70,      317.50
  243,   1.947,      793.,      527.10,    1.64,      265.90
  244,   1.957,      791.,      530.68,    1.27,      260.32
  245,   1.967,      812.,      529.32,    0.67,      282.68
  246,   1.977,      741.,      521.81,    0.15,      219.19
  247,   1.987,      758.,      507.60,   -0.12,      250.40
  248,   1.997,      749.,      486.66,   -0.71,      262.34
  249,   2.007,      697.,      459.73,   -1.85,      237.27
  250,   2.017,      666.,      427.67,   -2.08,      238.33
  251,   2.027,      618.,      391.83,   -1.12,      226.17
  252,   2.037,      588.,      353.42,   -0.93,      234.58
  253,   2.048,      517.,      313.96,   -1.35,      203.04
  254,   2.058,      466.,      274.94,   -0.47,      191.06
  255,   2.068,      378.,      237.41,   -0.88,      140.59
  256,   2.078,      382.,      202.55,   -1.29,      179.45
  257,   2.088,      332.,      171.15,   -1.36,      160.85
  258,   2.098,      339.,      143.74,   -1.57,      195.26
  259,   2.108,      269.,      120.74,   -2.39,      148.26
  260,   2.118,      247.,      102.33,   -3.19,      144.67
  261,   2.128,      260.,       88.70,   -2.82,      171.30
  262,   2.138,      212.,       79.72,   -3.40,      132.28
  263,   2.148,      233.,       75.42,   -2.55,      157.58
  264,   2.158,      209.,       75.76,   -2.47,      133.24
  265,   2.168,      197.,       80.65,   -2.00,      116.35
  266,   2.178,      187.,       89.98,   -2.95,       97.02
  267,   2.188,      221.,      103.49,   -3.35,      117.51
  268,   2.198,      252.,      120.90,   -2.69,      131.10
  269,   2.208,      259.,      141.76,   -3.36,      117.24
  270,   2.218,      270.,      165.39,   -2.29,      104.61
  271,   2.228,      291.,      191.06,   -3.75,       99.94
  272,   2.238,      337.,      217.68,   -3.95,      119.32
  273,   2.248,      331.,      244.12,   -3.47,       86.88
  274,   2.258,      360.,      268.91,   -2.05,       91.09
  275,   2.269,      397.,      290.84,   -1.10,      106.16
  276,   2.279,      395.,      308.69,   -1.67,       86.31
  277,   2.289,      448.,      321.26,   -1.39,      126.74
  278,   2.299,      405.,      327.90,   -1.67,       77.10
  279,   2.309,      414.,      328.14,   -0.56,       85.86
  280,   2.319,      420.,      321.96,   -0.50,       98.04
  281,   2.329,      422.,      309.80,   -0.62,      112.20
  282,   2.339,      440.,      292.37,   -0.78,      147.63
  283,   2.349,      354.,      270.69,   -0.33,       83.31
  284,   2.359,      340.,      246.22,    0.48,       93.78
  285,   2.369,      288.,      220.12,   -0.13,       67.88
  286,   2.379,      317.,      193.65,    0.15,      123.35
  287,   2.389,      268.,      168.10,    0.64,       99.90
  288,   2.399,      217.,      144.40,    0.79,       72.60
  289,   2.409,      205.,      123.32,    0.34,       81.68
  290,   2.419,      220.,      105.44,   -0.79,      114.56
  291,   2.429,      194.,       91.15,   -0.48,      102.85
  292,   2.439,      175.,       80.46,   -0.53,       94.54
  293,   2.449,      158.,       73.86,    0.80,       84.14
  294,   2.459,      166.,       71.17,   -0.08,       94.83
  295,   2.469,      159.,       72.43,   -0.54,       86.57
  296,   2.479,      176.,       77.68,   -0.26,       98.32
  297,   2.490,      181.,       86.95,    0.17,       94.05
  298,   2.500,      190.,      100.14,    0.57,       89.86
  299,   2.510,      203.,      117.26,    0.60,       85.74
  300,   2.520,      248.,      137.97,    0.36,      110.03
  301,   2.530,      254.,      161.85,    0.61,       92.15
  302,   2.540,      259.,      188.34,    0.61,       70.66
  303,   2.550,      298.,      216.46,    0.84,       81.54
  304,   2.560,      347.,      245.07,    0.52,      101.93
  305,   2.570,      363.,      272.92,    0.30,       90.08
  306,   2.580,      388.,      298.49,    0.35,       89.51
  307,   2.590,      395.,      320.58,    0.25,       74.42
  308,   2.600,      423.,      337.73,    0.34,       85.27
  309,   2.610,      446.,      348.88,   -0.30,       97.12
  310,   2.620,      433.,      353.40,   -1.06,       79.60
  311,   2.630,      436.,      350.97,   -0.61,       85.03
  312,   2.640,      404.,      341.71,   -0.55,       62.29
  313,   2.650,      417.,      326.22,   -0.86,       90.78
  314,   2.660,      394.,      305.45,   -1.23,       88.55
  315,   2.670,      348.,      280.63,   -1.50,       67.37
  316,   2.680,      325.,      253.09,   -1.93,       71.91
  317,   2.690,      300.,      224.32,   -1.75,       75.68
  318,   2.700,      255.,      195.75,   -1.97,       59.25
  319,   2.711,      251.,      168.45,   -2.43,       82.55
  320,   2.721,      227.,      143.33,   -2.70,       83.67
  321,   2.731,      199.,      121.02,   -2.18,       77.98
  322,   2.741,      169.,      101.88,   -2.54,       67.12
  323,   2.751,      166.,       85.96,   -2.68,       80.04
  324,   2.761,      141.,       73.11,   -2.26,       67.89
  325,   2.771,      150.,       63.00,   -1.97,       87.00
  326,   2.781,      146.,       55.18,   -1.60,       90.82
  327,   2.791,      125.,       49.21,   -0.97,       75.79
  328,   2.801,      130.,       44.60,   -0.87,       85.40
  329,   2.811,      121.,       40.91,   -1.57,       80.09
  330,   2.821,      121.,       37.77,   -1.05,       83.23
  331,   2.831,      131.,       34.91,   -0.45,       96.09
  332,   2.841,      144.,       32.13,    0.28,      111.87
  333,   2.851,      125.,       29.33,    0.82,       95.67
  334,   2.861,      126.,       26.46,    0.88,       99.54
  335,   2.871,      127.,       23.54,    0.61,      103.46
  336,   2.881,      125.,       20.62,    1.31,      104.38
  337,   2.891,      105.,       17.75,    2.07,       87.25
  338,   2.901,      119.,       14.97,    1.98,      104.03
  339,   2.911,      125.,       12.39,    2.48,      112.61
  340,   2.921,      132.,       10.12,    1.65,      121.88
  341,   2.932,      112.,        8.10,    0.23,      103.90
  342,   2.942,      116.,        6.36,    0.29,      109.64
  343,   2.952,      118.,        4.90,    0.15,      113.10
  344,   2.962,      122.,        3.65,   -0.06,      118.35
  345,   2.972,      122.,        2.72,   -0.68,      119.28
  346,   2.982,      103.,        1.99,   -0.76,      101.01
  347,   2.992,      134.,        1.46,   -0.92,      132.54
  348,   3.002,       98.,        1.07,   -0.93,       96.93
  349,   3.012,      107.,        0.80,   -1.12,      106.20
  350,   3.022,      117.,        0.64,   -1.22,      116.36
  351,   3.032,      122.,        0.57,   -0.95,      121.43
  352,   3.042,      121.,        0.58,   -1.34,      120.42
  353,   3.052,      104.,        0.80,   -1.76,      103.20
  354,   3.062,      126.,        1.06,   -1.67,      124.94
  355,   3.072,      134.,        1.54,   -1.45,      132.46
  356,   3.082,      136.,        2.22,   -2.28,      133.78
  357,   3.092,      148.,        3.15,   -1.26,      144.85
  358,   3.102,      128.,        4.39,   -1.40,      123.61
  359,   3.112,      148.,        6.02,   -1.80,      141.98
  360,   3.122,      130.,        8.14,   -2.31,      121.86
  361,   3.132,      132.,       10.84,   -2.96,      121.16
  362,   3.142,      173.,       14.19,   -2.45,      158.81
  363,   3.153,      167.,       18.28,   -2.12,      148.72
  364,   3.163,      161.,       23.17,   -1.61,      137.83
  365,   3.173,      198.,       28.91,   -1.48,      169.09
  366,   3.183,      176.,       35.51,   -1.80,      140.49
  367,   3.193,      189.,       42.91,   -1.28,      146.09
  368,   3.203,      197.,       51.04,   -0.83,      145.96
  369,   3.213,      198.,       59.75,    0.12,      138.25
  370,   3.223,      228.,       68.82,    0.36,      159.18
  371,   3.233,      262.,       77.98,   -0.31,      184.02
  372,   3.243,      268.,       86.93,   -0.57,      181.07
  373,   3.253,      289.,       95.33,   -0.50,      193.67
  374,   3.263,      284.,      102.80,   -1.27,      181.20
  375,   3.273,      307.,      109.02,   -1.12,      197.98
  376,   3.283,      314.,      113.66,   -1.49,      200.34
  377,   3.293,      321.,      116.48,   -1.98,      204.52
  378,   3.303,      310.,      117.32,   -1.97,      192.68
  379,   3.313,      310.,      116.16,   -1.30,      193.84
  380,   3.323,      302.,      113.03,   -1.58,      188.97
  381,   3.333,      313.,      108.09,   -1.54,      204.91
  382,   3.343,      306.,      101.65,   -0.88,      204.35
  383,   3.353,      314.,       94.07,   -0.56,      219.93
  384,   3.363,      285.,       85.94,    0.06,      199.06
  385,   3.374,      281.,       77.85,    0.47,      203.15
  386,   3.384,      292.,       70.49,    1.08,      221.51
  387,   3.394,      314.,       64.88,    1.67,      249.12
  388,   3.404,      296.,       62.34,    1.78,      233.66
  389,   3.414,      323.,       64.64,    3.99,      258.36
  390,   3.424,      356.,       74.32,    4.68,      281.68
  391,   3.434,      361.,       94.96,    5.31,      266.04
  392,   3.444,      411.,      131.62,    4.11,      279.38
  393,   3.454,      473.,      191.36,    3.35,      281.64
  394,   3.464,      570.,      283.77,    2.70,      286.23
  395,   3.474,      695.,      421.59,    1.77,      273.41
  396,   3.484,      899.,      621.20,    1.26,      277.80
  397,   3.494,     1195.,      903.02,   -0.56,      291.98
  398,   3.504,     1567.,     1291.54,   -1.44,      275.46
  399,   3.514,     2089.,     1815.22,   -2.65,      273.78
  400,   3.524,     2733.,     2505.17,   -2.25,      227.83
  401,   3.534,     3639.,     3393.82,   -1.89,      245.18
  402,   3.544,     4706.,     4512.46,   -2.25,      193.54
  403,   3.554,     6082.,     5888.02,   -2.11,      193.98
  404,   3.564,     7830.,     7539.35,   -1.56,      290.65
  405,   3.574,     9336.,     9473.09,   -1.44,     -137.09
  406,   3.584,    11744.,    11679.82,   -1.24,       64.18
  407,   3.595,    14152.,    14130.65,   -0.48,       21.35
  408,   3.605,    17192.,    16774.93,    0.32,      417.07
  409,   3.615,    19952.,    19540.21,    1.06,      411.79
  410,   3.625,    22648.,    22333.90,    2.53,      314.10
  411,   3.635,    25464.,    25047.56,    4.07,      416.44
  412,   3.645,    28000.,    27563.30,    4.38,      436.70
  413,   3.655,    30024.,    29761.86,    4.57,      262.14
  414,   3.665,    31808.,    31532.00,    5.68,      276.00
  415,   3.675,    33152.,    32779.57,    5.91,      372.43
  416,   3.685,    33808.,    33435.83,    6.03,      372.17
  417,   3.695,    33776.,    33464.37,    4.98,      311.63
  418,   3.705,    33392.,    32863.71,    3.58,      528.29
  419,   3.715,    32112.,    31667.23,    2.11,      444.77
  420,   3.725,    30192.,    29941.27,    1.52,      250.73
  421,   3.735,    27928.,    27778.25,    0.47,      149.75
  422,   3.745,    25408.,    25288.76,   -0.41,      119.24
  423,   3.755,    22544.,    22592.31,   -1.34,      -48.31
  424,   3.765,    19704.,    19808.19,   -2.24,     -104.19
  425,   3.775,    16960.,    17047.26,   -2.44,      -87.26
  426,   3.785,    14164.,    14405.10,   -2.51,     -241.10
  427,   3.795,    11596.,    11958.07,   -3.21,     -362.07
  428,   3.806,     9900.,     9760.99,   -3.56,      139.01
  429,   3.816,     7698.,     7847.48,   -3.65,     -149.48
  430,   3.826,     6186.,     6231.92,   -3.54,      -45.92
  431,   3.836,     4792.,     4912.35,   -3.35,     -120.35
  432,   3.846,     3816.,     3874.58,   -2.96,      -58.58
  433,   3.856,     3122.,     3095.97,   -2.33,       26.03
  434,   3.866,     2566.,     2548.95,   -1.68,       17.05
  435,   3.876,     2172.,     2203.80,   -0.73,      -31.80
  436,   3.886,     2126.,     2030.77,    0.90,       95.23
  437,   3.896,     1931.,     2001.25,    0.78,      -70.25
  438,   3.906,     1999.,     2088.32,    1.36,      -89.32
  439,   3.916,     2236.,     2266.75,    1.26,      -30.75
  440,   3.926,     2342.,     2512.95,    1.24,     -170.95
  441,   3.936,     2678.,     2804.25,    0.22,     -126.25
  442,   3.946,     2996.,     3118.96,   -0.75,     -122.96
  443,   3.956,     3211.,     3436.23,   -2.01,     -225.23
  444,   3.966,     3490.,     3736.27,   -3.99,     -246.27
  445,   3.976,     3803.,     4000.86,   -6.70,     -197.86
  446,   3.986,     3980.,     4214.01,   -7.19,     -234.01
  447,   3.996,     4154.,     4362.70,   -8.78,     -208.70
  448,   4.006,     4194.,     4437.65,   -9.68,     -243.65
  449,   4.016,     4126.,     4433.88,   -9.94,     -307.88
  450,   4.027,     4204.,     4350.94,  -10.25,     -146.94
  451,   4.037,     4036.,     4192.78,  -10.08,     -156.78
  452,   4.047,     3717.,     3967.47,   -8.52,     -250.47
  453,   4.057,     3529.,     3686.32,   -7.11,     -157.32
  454,   4.067,     3205.,     3363.01,   -5.43,     -158.01
  455,   4.077,     2821.,     3012.41,   -3.91,     -191.41
  456,   4.087,     2547.,     2649.28,   -2.17,     -102.28
  457,   4.097,     2193.,     2287.52,   -0.44,      -94.52
  458,   4.107,     1837.,     1939.16,    1.61,     -102.16
  459,   4.117,     1549.,     1613.88,    2.46,      -64.88
  460,   4.127,     1342.,     1318.66,    3.59,       23.34
  461,   4.137,     1057.,     1057.77,    5.03,       -0.77
  462,   4.147,      845.,      833.00,    5.70,       12.00
  463,   4.157,      678.,      644.02,    6.57,       33.98
  464,   4.167,      574.,      488.80,    7.81,       85.20
  465,   4.177,      379.,      364.22,    8.30,       14.78
  466,   4.187,      315.,      266.42,    8.61,       48.58
  467,   4.197,      217.,      191.32,    8.69,       25.68
  468,   4.207,      176.,      134.88,    9.33,       41.12
  469,   4.217,      118.,       93.34,    8.90,       24.66
  470,   4.227,       90.,       63.42,    8.05,       26.58
  471,   4.237,       57.,       42.24,    7.57,       14.76
  472,   4.248,       56.,       27.66,    6.57,       28.34
  473,   4.258,       33.,       17.78,    4.17,       15.22
  474,   4.268,       26.,       11.22,    3.51,       14.78
  475,   4.278,       17.,        6.95,    1.99,       10.05
  476,   4.288,       18.,        4.23,    0.43,       13.77
  477,   4.298,       14.,        2.48,   -1.36,       11.52
  478,   4.308,        9.,        1.41,   -1.86,        7.59
  479,   4.318,       11.,        0.85,   -2.98,       10.15
  480,   4.328,        6.,        0.51,   -3.64,        5.49
  481,   4.338,        4.,        0.33,   -4.48,        3.67
  482,   4.348,       10.,        0.19,   -3.70,        9.81
  483,   4.358,        7.,        0.13,   -4.36,        6.87
  484,   4.368,        2.,        0.16,   -3.80,        1.84
  485,   4.378,        3.,        0.21,   -4.09,        2.79
  486,   4.388,        4.,        0.26,   -4.01,        3.74
  487,   4.398,        5.,        0.32,   -3.89,        4.68
  488,   4.408,        6.,        0.39,   -3.47,        5.61
  489,   4.418,        6.,        0.46,   -2.84,        5.54
  490,   4.428,        5.,        0.53,   -1.49,        4.47
  491,   4.438,        7.,        0.61,   -1.74,        6.39
  492,   4.448,        7.,        0.69,   -1.66,        6.31
  493,   4.458,        6.,        0.76,   -1.00,        5.24
  494,   4.469,        2.,        0.82,   -0.46,        1.18
  495,   4.479,        3.,        0.87,    0.14,        2.13
  496,   4.489,        9.,        0.91,   -0.05,        8.09
  497,   4.499,        8.,        0.94,    0.61,        7.06
  498,   4.509,        3.,        0.95,    0.18,        2.05
  499,   4.519,        3.,        0.94,   -0.34,        2.06
  500,   4.529,        4.,        0.91,   -0.17,        3.09
  501,   4.539,        4.,        0.87,   -0.14,        3.13
  502,   4.549,        3.,        0.82,   -0.72,        2.18
  503,   4.559,        5.,        0.76,   -0.49,        4.24
  504,   4.569,        1.,        0.69,   -0.37,        0.31
  505,   4.579,        7.,        0.61,   -0.99,        6.39
  506,   4.589,        2.,        0.54,   -1.61,        1.46
  507,   4.599,        1.,        0.46,   -1.03,        0.54
  508,   4.609,        4.,        0.39,   -0.56,        3.61
  509,   4.619,        6.,        0.32,   -0.50,        5.68
  510,   4.629,        1.,        0.26,    0.07,        0.74
  511,   4.639,        3.,        0.21,    0.34,        2.79
  512,   4.649,        2.,        0.16,   -0.07,        1.84
  513,   4.659,        2.,        0.13,    0.07,        1.87
  514,   4.669,        0.,        0.10,   -0.04,       -0.10
  515,   4.679,        5.,        0.07,    0.20,        4.93
  516,   4.690,        5.,        0.05,    0.31,        4.95
  517,   4.700,        1.,        0.00,    0.13,        1.00
  518,   4.710,        5.,        0.00,   -0.29,        5.00
  519,   4.720,        3.,        0.00,   -0.20,        3.00
  520,   4.730,        2.,        0.00,   -0.23,        2.00
  521,   4.740,        1.,        0.00,   -0.08,        1.00
  522,   4.750,        3.,        0.00,   -0.27,        3.00
  523,   4.760,        2.,        0.00,    0.32,        2.00
  524,   4.770,        1.,        0.00,    0.30,        1.00
  525,   4.780,        2.,        0.00,   -0.23,        2.00
  526,   4.790,        1.,        0.00,    0.08,        1.00
  527,   4.800,        0.,        0.00,   -0.17,        0.00
  528,   4.810,        2.,        0.00,   -0.53,        2.00
  529,   4.820,        4.,        0.00,   -0.60,        4.00
  530,   4.830,        1.,        0.00,    0.02,        1.00
  531,   4.840,        3.,        0.00,   -0.05,        3.00
  532,   4.850,        4.,        0.00,   -0.11,        4.00
  533,   4.860,        1.,        0.00,    0.00,        1.00
  534,   4.870,        2.,        0.00,    0.16,        2.00
  535,   4.880,        1.,        0.00,    0.10,        1.00
  536,   4.890,        0.,        0.00,    0.50,        0.00
  537,   4.900,        1.,        0.00,    0.49,        1.00
  538,   4.911,        6.,        0.00,    0.32,        6.00
  539,   4.921,        2.,        0.00,    0.38,        2.00
  540,   4.931,        2.,        0.00,    0.31,        2.00
  541,   4.941,        0.,        0.00,    0.03,        0.00
  542,   4.951,        2.,        0.00,    0.08,        2.00
  543,   4.961,        0.,        0.00,    0.19,        0.00
  544,   4.971,        2.,        0.00,    0.13,        2.00
  545,   4.981,        1.,        0.00,    0.25,        1.00
  546,   4.991,        2.,        0.00,    0.25,        2.00
  547,   5.001,        1.,        0.00,   -0.10,        1.00
  548,   5.011,        1.,        0.00,   -0.33,        1.00
  549,   5.021,        1.,        0.00,   -0.39,        1.00
  550,   5.031,        1.,        0.00,   -0.11,        1.00
  551,   5.041,        2.,        0.00,   -0.28,        2.00
  552,   5.051,        0.,        0.00,   -0.23,        0.00
  553,   5.061,        2.,        0.00,   -0.40,        2.00
  554,   5.071,        1.,        0.00,   -0.28,        1.00
  555,   5.081,        1.,        0.00,   -0.28,        1.00
  556,   5.091,        0.,        0.00,   -0.17,        0.00
  557,   5.101,        0.,        0.00,   -0.17,        0.00
  558,   5.111,        1.,        0.00,   -0.23,        1.00
  559,   5.121,        0.,        0.00,   -0.28,        0.00
  560,   5.132,        0.,        0.00,   -0.40,        0.00
  561,   5.142,        0.,        0.00,   -0.45,        0.00
  562,   5.152,        2.,        0.00,   -0.56,        2.00
  563,   5.162,        2.,        0.00,   -0.62,        2.00
  564,   5.172,        0.,        0.00,   -0.56,        0.00
  565,   5.182,        1.,        0.00,   -0.28,        1.00
  566,   5.192,        0.,        0.00,   -0.11,        0.00
  567,   5.202,        1.,        0.00,    0.06,        1.00
  568,   5.212,        0.,        0.00,   -0.16,        0.00
  569,   5.222,        1.,        0.00,    0.23,        1.00
  570,   5.232,        0.,        0.01,    0.28,       -0.01
  571,   5.242,        0.,        0.01,    0.29,       -0.01
  572,   5.252,        1.,        0.01,    0.18,        0.99
  573,   5.262,        2.,        0.02,    0.07,        1.98
  574,   5.272,        2.,        0.02,    0.17,        1.98
  575,   5.282,        1.,        0.03,   -0.05,        0.97
  576,   5.292,        1.,        0.04,   -0.06,        0.96
  577,   5.302,        0.,        0.05,    0.20,       -0.05
  578,   5.312,        3.,        0.06,    0.13,        2.94
  579,   5.322,        0.,        0.08,   -0.05,       -0.08
  580,   5.332,        0.,        0.09,   -0.06,       -0.09
  581,   5.342,        1.,        0.11,    0.19,        0.89
  582,   5.353,        1.,        0.12,    0.29,        0.88
  583,   5.363,        1.,        0.14,    0.16,        0.86
  584,   5.373,        0.,        0.15,    0.10,       -0.15
  585,   5.383,        0.,        0.17,   -0.30,       -0.17
  586,   5.393,        3.,        0.18,   -0.42,        2.82
  587,   5.403,        0.,        0.19,   -0.32,       -0.19
  588,   5.413,        1.,        0.20,   -0.27,        0.80
  589,   5.423,        0.,        0.20,   -0.28,       -0.20
  590,   5.433,        2.,        0.20,   -0.17,        1.80
  591,   5.443,        1.,        0.20,   -0.28,        0.80
  592,   5.453,        1.,        0.19,   -0.32,        0.81
  593,   5.463,        2.,        0.18,   -0.15,        1.82
  594,   5.473,        0.,        0.17,    0.45,       -0.17
  595,   5.483,        0.,        0.16,    0.57,       -0.16
  596,   5.493,        1.,        0.14,    0.26,        0.86
  597,   5.503,        3.,        0.13,    0.44,        2.87
  598,   5.513,        0.,        0.11,    0.29,       -0.11
  599,   5.523,        1.,        0.10,    0.25,        0.90
  600,   5.533,        0.,        0.08,    0.16,       -0.08
  601,   5.543,        0.,        0.07,    0.23,       -0.07
  602,   5.553,        2.,        0.06,    0.30,        1.94
  603,   5.564,        5.,        0.05,    0.04,        4.95
  604,   5.574,        1.,        0.04,    0.16,        0.96
  605,   5.584,        0.,        0.03,    0.17,       -0.03
  606,   5.594,        0.,        0.02,   -0.05,       -0.02
  607,   5.604,        0.,        0.02,   -0.21,       -0.02
  608,   5.614,        0.,        0.01,   -0.10,       -0.01
  609,   5.624,        1.,        0.00,    0.01,        1.00
  610,   5.634,        1.,        0.00,    0.07,        1.00
  611,   5.644,        1.,        0.00,    0.01,        1.00
  612,   5.654,        0.,        0.00,   -0.10,        0.00
  613,   5.664,        1.,        0.00,   -0.70,        1.00
  614,   5.674,        0.,        0.00,   -0.60,        0.00
  615,   5.684,        0.,        0.00,   -0.39,        0.00
  616,   5.694,        1.,        0.00,   -0.23,        1.00
  617,   5.704,        1.,        0.00,   -0.24,        1.00
  618,   5.714,        1.,        0.00,   -0.18,        1.00
  619,   5.724,        0.,        0.00,   -0.30,        0.00
  620,   5.734,        0.,        0.00,   -0.25,        0.00
  621,   5.744,        1.,        0.00,   -0.03,        1.00
  622,   5.754,        0.,        0.00,    0.35,        0.00
  623,   5.764,        3.,        0.00,    0.46,        3.00
  624,   5.774,        2.,        0.00,    0.56,        2.00
  625,   5.785,        0.,        0.00,    0.56,        0.00
  626,   5.795,        0.,        0.00,    0.34,        0.00
  627,   5.805,        0.,        0.00,    0.18,        0.00
  628,   5.815,        0.,        0.00,    0.07,        0.00
  629,   5.825,        2.,        0.00,    0.18,        2.00
  630,   5.835,        2.,        0.00,    0.23,        2.00
  631,   5.845,        1.,        0.00,    0.13,        1.00
  632,   5.855,        2.,        0.00,    0.29,        2.00
  633,   5.865,        1.,        0.00,   -0.04,        1.00
  634,   5.875,        0.,        0.00,   -0.25,        0.00
  635,   5.885,        0.,        0.00,    0.02,        0.00
  636,   5.895,        0.,        0.00,    0.18,        0.00
  637,   5.905,        0.,        0.00,    0.35,        0.00
  638,   5.915,        1.,        0.00,    0.46,        1.00
  639,   5.925,        0.,        0.00,    0.18,        0.00
  640,   5.935,        0.,        0.00,   -0.03,        0.00
  641,   5.945,        1.,        0.00,   -0.14,        1.00
  642,   5.955,        0.,        0.00,   -0.19,        0.00
  643,   5.965,        0.,        0.00,   -0.19,        0.00
  644,   5.975,        2.,        0.00,   -0.30,        2.00
  645,   5.985,        1.,        0.00,   -0.35,        1.00
  646,   5.995,        1.,        0.00,   -0.34,        1.00
  647,   6.006,        1.,        0.00,   -0.32,        1.00
  648,   6.016,        0.,        0.00,   -0.19,        0.00
  649,   6.026,        0.,        0.00,    0.05,        0.00
  650,   6.036,        0.,        0.00,    0.14,        0.00
  651,   6.046,        0.,        0.00,    0.19,        0.00
  652,   6.056,        0.,        0.00,    0.19,        0.00
  653,   6.066,        0.,        0.00,    0.37,        0.00
  654,   6.076,        0.,        0.00,    0.18,        0.00
  655,   6.086,        0.,        0.00,    0.06,        0.00
  656,   6.096,        0.,        0.00,   -0.04,        0.00
  657,   6.106,        1.,        0.00,    0.05,        1.00
  658,   6.116,        1.,        0.00,   -0.07,        1.00
  659,   6.126,        0.,        0.00,    0.10,        0.00
  660,   6.136,        0.,        0.00,    0.02,        0.00
  661,   6.146,        0.,        0.00,    0.04,        0.00
  662,   6.156,        2.,        0.00,    0.18,        2.00
  663,   6.166,        1.,        0.12,    0.60,        0.88
  664,   6.176,        0.,        0.17,    0.49,       -0.17
  665,   6.186,        0.,        0.24,    0.53,       -0.24
  666,   6.196,        0.,        0.34,    0.10,       -0.34
  667,   6.206,        0.,        0.46,   -0.07,       -0.46
  668,   6.216,        0.,        0.62,   -0.61,       -0.62
  669,   6.227,        0.,        0.82,   -0.42,       -0.82
  670,   6.237,        2.,        1.06,   -0.36,        0.94
  671,   6.247,        2.,        1.36,   -0.49,        0.64
  672,   6.257,        3.,        1.72,   -0.87,        1.28
  673,   6.267,        2.,        2.14,   -0.67,       -0.14
  674,   6.277,        2.,        2.62,   -0.60,       -0.62
  675,   6.287,        0.,        3.15,   -0.22,       -3.15
  676,   6.297,        5.,        3.74,    0.16,        1.26
  677,   6.307,        0.,        4.36,    0.18,       -4.36
  678,   6.317,        6.,        5.01,    0.19,        0.99
  679,   6.327,        7.,        5.66,    0.48,        1.34
  680,   6.337,        5.,        6.31,    0.47,       -1.31
  681,   6.347,        4.,        6.91,    0.13,       -2.91
  682,   6.357,       10.,        7.46,    0.01,        2.54
  683,   6.367,        7.,        7.92,   -0.19,       -0.92
  684,   6.377,       11.,        8.28,   -0.30,        2.72
  685,   6.387,       12.,        8.52,    0.08,        3.48
  686,   6.397,        8.,        8.63,   -0.07,       -0.63
  687,   6.407,        7.,        8.60,    0.11,       -1.60
  688,   6.417,       10.,        8.45,   -0.07,        1.55
  689,   6.427,        8.,        8.16,   -0.36,       -0.16
  690,   6.437,        5.,        7.76,   -0.01,       -2.76
  691,   6.448,        7.,        7.27,    0.39,       -0.27
  692,   6.458,        4.,        6.70,   -0.12,       -2.70
  693,   6.468,        5.,        6.08,    0.03,       -1.08
  694,   6.478,        7.,        5.43,   -0.22,        1.57
  695,   6.488,        5.,        4.77,   -0.50,        0.23
  696,   6.498,        2.,        4.13,   -0.62,       -2.13
  697,   6.508,        3.,        3.52,   -0.44,       -0.52
  698,   6.518,        1.,        2.95,   -0.57,       -1.95
  699,   6.528,        4.,        2.44,   -0.64,        1.56
  700,   6.538,        2.,        1.98,   -0.51,        0.02
  701,   6.548,        0.,        1.58,   -0.24,       -1.58
  702,   6.558,        2.,        1.25,    0.00,        0.75
  703,   6.568,        3.,        0.97,    0.26,        2.03
  704,   6.578,        1.,        0.74,    0.29,        0.26
  705,   6.588,        1.,        0.55,    0.17,        0.45
  706,   6.598,        0.,        0.41,    0.31,       -0.41
  707,   6.608,        0.,        0.30,    0.46,       -0.30
  708,   6.618,        0.,        0.16,    0.66,       -0.16
  709,   6.628,        0.,        0.11,    0.34,       -0.11
  710,   6.638,        1.,        0.08,    0.32,        0.92
  711,   6.648,        0.,        0.00,    0.34,        0.00
  712,   6.658,        0.,        0.00,    0.25,        0.00
  713,   6.669,        0.,        0.00,   -0.01,        0.00
  714,   6.679,        0.,        0.00,    0.15,        0.00
  715,   6.689,        0.,        0.00,    0.12,        0.00
  716,   6.699,        0.,        0.00,    0.06,        0.00
  717,   6.709,        0.,        0.00,    0.07,        0.00
  718,   6.719,        0.,        0.00,    0.00,        0.00
  719,   6.729,        0.,        0.00,    0.11,        0.00
  720,   6.739,        0.,        0.00,    0.03,        0.00
  721,   6.749,        0.,        0.00,   -0.08,        0.00
  722,   6.759,        0.,        0.00,   -0.12,        0.00
  723,   6.769,        1.,        0.00,    0.00,        1.00
  724,   6.779,        0.,        0.00,   -0.01,        0.00
  725,   6.789,        0.,        0.00,   -0.07,        0.00
  726,   6.799,        0.,        0.00,   -0.11,        0.00
  727,   6.809,        0.,        0.00,   -0.20,        0.00
  728,   6.819,        0.,        0.00,   -0.28,        0.00
  729,   6.829,        0.,        0.00,   -0.31,        0.00
  730,   6.839,        0.,        0.00,   -0.35,        0.00
  731,   6.849,        0.,        0.04,   -0.38,       -0.04
  732,   6.859,        0.,        0.06,   -0.27,       -0.06
  733,   6.869,        0.,        0.08,   -0.47,       -0.08
  734,   6.879,        0.,        0.10,   -0.47,       -0.10
  735,   6.890,        0.,        0.13,   -0.29,       -0.13
  736,   6.900,        0.,        0.17,   -0.31,       -0.17
  737,   6.910,        0.,        0.21,   -0.15,       -0.21
  738,   6.920,        0.,        0.26,   -0.04,       -0.26
  739,   6.930,        0.,        0.32,   -0.05,       -0.32
  740,   6.940,        1.,        0.39,    0.03,        0.61
  741,   6.950,        2.,        0.46,    0.22,        1.54
  742,   6.960,        0.,        0.54,    0.29,       -0.54
  743,   6.970,        1.,        0.63,    0.42,        0.37
  744,   6.980,        2.,        0.71,    0.49,        1.29
  745,   6.990,        1.,        0.80,    0.42,        0.20
  746,   7.000,        2.,        0.88,    0.56,        1.12
  747,   7.010,        2.,        0.95,    0.50,        1.05
  748,   7.020,        1.,        1.02,    0.55,       -0.02
  749,   7.030,        2.,        1.07,    0.63,        0.93
  750,   7.040,        3.,        1.11,    0.57,        1.89
  751,   7.050,        2.,        1.13,    0.42,        0.87
  752,   7.060,        2.,        1.14,    0.40,        0.86
  753,   7.070,        2.,        1.13,    0.39,        0.87
  754,   7.080,        0.,        1.10,    0.35,       -1.10
  755,   7.090,        2.,        1.06,    0.23,        0.94
  756,   7.100,        0.,        1.00,    0.07,       -1.00
  757,   7.111,        1.,        0.93,   -0.07,        0.07
  758,   7.121,        1.,        0.85,   -0.05,        0.15
  759,   7.131,        1.,        0.77,   -0.12,        0.23
  760,   7.141,        1.,        0.69,   -0.29,        0.31
  761,   7.151,        1.,        0.60,   -0.30,        0.40
  762,   7.161,        1.,        0.58,   -0.12,        0.42
  763,   7.171,        1.,        0.53,   -0.20,        0.47
  764,   7.181,        0.,        0.49,   -0.15,       -0.49
  765,   7.191,        0.,        0.46,   -0.16,       -0.46
  766,   7.201,        0.,        0.45,   -0.01,       -0.45
  767,   7.211,        0.,        0.46,    0.07,       -0.46
  768,   7.221,        0.,        0.49,   -0.24,       -0.49
  769,   7.231,        1.,        0.54,   -0.48,        0.46
  770,   7.241,        1.,        0.62,   -0.30,        0.38
  771,   7.251,        3.,        0.72,   -0.34,        2.28
  772,   7.261,        1.,        0.82,   -0.57,        0.18
  773,   7.271,        0.,        0.95,   -0.42,       -0.95
  774,   7.281,        2.,        1.11,   -0.28,        0.89
  775,   7.291,        1.,        1.28,   -0.11,       -0.28
  776,   7.301,        1.,        1.46,   -0.15,       -0.46
  777,   7.311,        0.,        1.65,   -0.24,       -1.65
  778,   7.322,        0.,        1.83,    0.08,       -1.83
  779,   7.332,        3.,        2.00,    0.26,        1.00
  780,   7.342,        3.,        2.16,    0.14,        0.84
  781,   7.352,        1.,        2.29,    0.25,       -1.29
  782,   7.362,        3.,        2.41,    0.49,        0.59
  783,   7.372,        3.,        2.50,    0.39,        0.50
  784,   7.382,        3.,        2.55,   -0.03,        0.45
  785,   7.392,        2.,        2.58,   -0.06,       -0.58
  786,   7.402,        1.,        2.57,   -0.16,       -1.57
  787,   7.412,        5.,        2.53,   -0.08,        2.47
  788,   7.422,        4.,        2.46,    0.09,        1.54
  789,   7.432,        2.,        2.36,   -0.07,       -0.36
  790,   7.442,        5.,        2.24,   -0.11,        2.76
  791,   7.452,        4.,        2.11,    0.03,        1.89
  792,   7.462,        0.,        1.95,   -0.12,       -1.95
  793,   7.472,        0.,        1.79,   -0.26,       -1.79
  794,   7.482,        1.,        1.63,    0.02,       -0.63
  795,   7.492,        1.,        1.49,   -0.02,       -0.49
  796,   7.502,        1.,        1.33,    0.30,       -0.33
  797,   7.512,        1.,        1.19,    0.00,       -0.19
  798,   7.522,        0.,        1.05,   -0.27,       -1.05
  799,   7.532,        2.,        0.93,   -0.20,        1.07
  800,   7.543,        0.,        0.82,   -0.26,       -0.82
  801,   7.553,        0.,        0.73,   -0.49,       -0.73
  802,   7.563,        1.,        0.66,   -0.19,        0.34
  803,   7.573,        3.,        0.60,    0.19,        2.40
  804,   7.583,        0.,        0.56,    0.24,       -0.56
  805,   7.593,        2.,        0.53,    0.32,        1.47
  806,   7.603,        1.,        0.45,    0.23,        0.55
  807,   7.613,        0.,        0.46,    0.38,       -0.46
  808,   7.623,        0.,        0.48,    0.47,       -0.48
  809,   7.633,        2.,        0.50,    0.30,        1.50
  810,   7.643,        1.,        0.52,    0.47,        0.48
  811,   7.653,        1.,        0.54,    0.70,        0.46
  812,   7.663,        2.,        0.56,    0.47,        1.44
  813,   7.673,        0.,        0.57,    0.09,       -0.57
  814,   7.683,        1.,        0.56,    0.03,        0.44
  815,   7.693,        0.,        0.57,   -0.18,       -0.57
  816,   7.703,        1.,        0.58,   -0.28,        0.42
  817,   7.713,        0.,        0.57,   -0.17,       -0.57
  818,   7.723,        0.,        0.56,   -0.09,       -0.56
  819,   7.733,        0.,        0.54,   -0.22,       -0.54
  820,   7.743,        1.,        0.51,   -0.37,        0.49
  821,   7.753,        0.,        0.48,   -0.47,       -0.48
  822,   7.764,        0.,        0.44,   -0.56,       -0.44
  823,   7.774,        0.,        0.40,   -0.49,       -0.40
  824,   7.784,        0.,        0.36,   -0.52,       -0.36
  825,   7.794,        0.,        0.32,   -0.39,       -0.32
  826,   7.804,        1.,        0.28,   -0.41,        0.72
  827,   7.814,        1.,        0.24,   -0.38,        0.76
  828,   7.824,        0.,        0.20,   -0.40,       -0.20
  829,   7.834,        0.,        0.17,   -0.27,       -0.17
  830,   7.844,        0.,        0.14,   -0.19,       -0.14
  831,   7.854,        1.,        0.11,   -0.12,        0.89
  832,   7.864,        0.,        0.09,    0.10,       -0.09
  833,   7.874,        1.,        0.07,    0.32,        0.93
  834,   7.884,        0.,        0.05,    0.48,       -0.05
  835,   7.894,        0.,        0.04,    0.49,       -0.04
  836,   7.904,        0.,        0.03,    0.43,       -0.03
  837,   7.914,        0.,        0.00,    0.33,        0.00
  838,   7.924,        0.,        0.00,    0.37,        0.00
  839,   7.934,        1.,        0.00,    0.36,        1.00
  840,   7.944,        0.,        0.00,    0.40,        0.00
  841,   7.954,        1.,        0.00,    0.24,        1.00
  842,   7.964,        2.,        0.00,    0.22,        2.00
  843,   7.974,        1.,        0.00,    0.06,        1.00
  844,   7.985,        0.,        0.00,   -0.01,        0.00
  845,   7.995,        0.,        0.00,   -0.02,        0.00
  846,   8.005,        0.,        0.00,    0.02,        0.00
  847,   8.015,        1.,        0.00,    0.06,        1.00
  848,   8.025,        0.,        0.00,    0.15,        0.00
  849,   8.035,        0.,        0.00,    0.04,        0.00
  850,   8.045,        0.,        0.00,    0.04,        0.00
  851,   8.055,        0.,        0.00,    0.08,        0.00
  852,   8.065,        0.,        0.00,   -0.13,        0.00
  853,   8.075,        0.,        0.00,   -0.08,        0.00
  854,   8.085,        0.,        0.00,    0.02,        0.00
  855,   8.095,        0.,        0.00,    0.01,        0.00
  856,   8.105,        0.,        0.00,    0.01,        0.00
  857,   8.115,        1.,        0.00,   -0.09,        1.00
  858,   8.125,        0.,        0.00,   -0.09,        0.00
  859,   8.135,        0.,        0.00,   -0.04,        0.00
  860,   8.145,        1.,        0.00,   -0.09,        1.00
  861,   8.155,        0.,        0.00,   -0.04,        0.00
  862,   8.165,        1.,        0.00,    0.06,        1.00
  863,   8.175,        1.,        0.00,    0.11,        1.00
  864,   8.185,        0.,        0.00,    0.11,        0.00
  865,   8.195,        0.,        0.00,    0.11,        0.00
  866,   8.206,        0.,        0.00,    0.09,        0.00
  867,   8.216,        0.,        0.00,    0.09,        0.00
  868,   8.226,        0.,        0.00,   -0.01,        0.00
  869,   8.236,        0.,        0.00,    0.09,        0.00
  870,   8.246,        0.,        0.00,    0.09,        0.00
  871,   8.256,        0.,        0.00,   -0.01,        0.00
  872,   8.266,        0.,        0.00,   -0.01,        0.00
  873,   8.276,        0.,        0.00,   -0.10,        0.00
  874,   8.286,        0.,        0.00,   -0.20,        0.00
  875,   8.296,        0.,        0.00,   -0.20,        0.00
  876,   8.306,        0.,        0.00,   -0.20,        0.00
  877,   8.316,        0.,        0.00,   -0.20,        0.00
  878,   8.326,        0.,        0.00,   -0.05,        0.00
  879,   8.336,        1.,        0.00,   -0.05,        1.00
  880,   8.346,        0.,        0.00,   -0.05,        0.00
  881,   8.356,        0.,        0.00,    0.00,        0.00
  882,   8.366,        0.,        0.00,    0.00,        0.00
  883,   8.376,        0.,        0.00,    0.05,        0.00
  884,   8.386,        0.,        0.00,    0.10,        0.00
  885,   8.396,        0.,        0.00,    0.10,        0.00
  886,   8.406,        0.,        0.00,    0.10,        0.00
  887,   8.416,        0.,        0.00,    0.10,        0.00
  888,   8.427,        1.,        0.00,    0.10,        1.00
  889,   8.437,        0.,        0.00,    0.10,        0.00
  890,   8.447,        0.,        0.00,    0.00,        0.00
  891,   8.457,        0.,        0.00,   -0.05,        0.00
  892,   8.467,        0.,        0.00,   -0.05,        0.00
  893,   8.477,        0.,        0.00,   -0.05,        0.00
  894,   8.487,        0.,        0.00,   -0.05,        0.00
  895,   8.497,        0.,        0.00,   -0.05,        0.00
  896,   8.507,        0.,        0.00,   -0.05,        0.00
  897,   8.517,        0.,        0.00,   -0.05,        0.00
  898,   8.527,        0.,        0.00,   -0.10,        0.00
  899,   8.537,        0.,        0.00,   -0.20,        0.00
  900,   8.547,        0.,        0.00,   -0.15,        0.00
  901,   8.557,        0.,        0.00,   -0.05,        0.00
  902,   8.567,        0.,        0.00,   -0.05,        0.00
  903,   8.577,        0.,        0.00,   -0.05,        0.00
  904,   8.587,        0.,        0.00,   -0.05,        0.00
  905,   8.597,        0.,        0.00,   -0.05,        0.00
  906,   8.607,        0.,        0.00,   -0.05,        0.00
  907,   8.617,        0.,        0.00,   -0.05,        0.00
  908,   8.627,        0.,        0.00,    0.05,        0.00
  909,   8.637,        0.,        0.00,    0.05,        0.00
  910,   8.648,        0.,        0.00,    0.05,        0.00
  911,   8.658,        1.,        0.00,    0.05,        1.00
  912,   8.668,        0.,        0.00,    0.05,        0.00
  913,   8.678,        0.,        0.00,    0.05,        0.00
  914,   8.688,        0.,        0.00,    0.05,        0.00
  915,   8.698,        0.,        0.00,    0.05,        0.00
  916,   8.708,        0.,        0.00,    0.05,        0.00
  917,   8.718,        0.,        0.00,    0.05,        0.00
  918,   8.728,        1.,        0.00,    0.05,        1.00
  919,   8.738,        0.,        0.00,    0.14,        0.00
  920,   8.748,        0.,        0.00,    0.14,        0.00
  921,   8.758,        0.,        0.00,    0.14,        0.00
  922,   8.768,        0.,        0.00,    0.05,        0.00
  923,   8.778,        0.,        0.00,    0.05,        0.00
  924,   8.788,        0.,        0.00,    0.05,        0.00
  925,   8.798,        0.,        0.00,    0.05,        0.00
  926,   8.808,        0.,        0.00,    0.00,        0.00
  927,   8.818,        0.,        0.00,    0.00,        0.00
  928,   8.828,        0.,        0.00,    0.00,        0.00
  929,   8.838,        1.,        0.00,   -0.10,        1.00
  930,   8.848,        0.,        0.00,   -0.10,        0.00
  931,   8.858,        0.,        0.00,   -0.10,        0.00
  932,   8.869,        0.,        0.00,   -0.05,        0.00
  933,   8.879,        0.,        0.00,   -0.05,        0.00
  934,   8.889,        0.,        0.00,   -0.05,        0.00
  935,   8.899,        0.,        0.00,   -0.05,        0.00
  936,   8.909,        0.,        0.00,    0.05,        0.00
  937,   8.919,        0.,        0.00,    0.05,        0.00
  938,   8.929,        0.,        0.00,    0.05,        0.00
  939,   8.939,        0.,        0.00,    0.10,        0.00
  940,   8.949,        0.,        0.00,    0.00,        0.00
  941,   8.959,        0.,        0.00,    0.00,        0.00
  942,   8.969,        0.,        0.00,    0.00,        0.00
  943,   8.979,        0.,        0.00,    0.00,        0.00
  944,   8.989,        0.,        0.00,    0.00,        0.00
  945,   8.999,        0.,        0.00,    0.00,        0.00
  946,   9.009,        1.,        0.00,    0.00,        1.00
  947,   9.019,        0.,        0.00,    0.00,        0.00
  948,   9.029,        0.,        0.00,    0.00,        0.00
  949,   9.039,        0.,        0.00,    0.00,        0.00
  950,   9.049,        0.,        0.00,    0.05,        0.00
  951,   9.059,        0.,        0.00,    0.05,        0.00
  952,   9.069,        0.,        0.00,    0.05,        0.00
  953,   9.080,        0.,        0.00,    0.05,        0.00
  954,   9.090,        0.,        0.00,    0.05,        0.00
  955,   9.100,        0.,        0.00,    0.05,        0.00
  956,   9.110,        0.,        0.00,    0.05,        0.00
  957,   9.120,        0.,        0.00,   -0.05,        0.00
  958,   9.130,        0.,        0.00,   -0.05,        0.00
  959,   9.140,        0.,        0.00,   -0.05,        0.00
  960,   9.150,        0.,        0.00,   -0.05,        0.00
  961,   9.160,        0.,        0.00,   -0.05,        0.00
  962,   9.170,        0.,        0.00,   -0.05,        0.00
  963,   9.180,        0.,        0.00,   -0.05,        0.00
  964,   9.190,        0.,        0.00,   -0.05,        0.00
  965,   9.200,        0.,        0.00,   -0.05,        0.00
  966,   9.210,        0.,        0.00,   -0.05,        0.00
  967,   9.220,        0.,        0.00,    0.00,        0.00
  968,   9.230,        0.,        0.00,    0.00,        0.00
  969,   9.240,        0.,        0.00,    0.00,        0.00
  970,   9.250,        0.,        0.00,    0.00,        0.00
  971,   9.260,        0.,        0.00,    0.00,        0.00
  972,   9.270,        0.,        0.00,    0.00,        0.00
  973,   9.280,        0.,        0.00,    0.00,        0.00
  974,   9.290,        0.,        0.00,    0.00,        0.00
  975,   9.301,        0.,        0.00,    0.00,        0.00
  976,   9.311,        0.,        0.00,    0.00,        0.00
  977,   9.321,        0.,        0.00,    0.00,        0.00
  978,   9.331,        0.,        0.00,    0.00,        0.00
  979,   9.341,        0.,        0.00,   -0.05,        0.00
  980,   9.351,        0.,        0.00,   -0.05,        0.00
  981,   9.361,        0.,        0.00,   -0.06,        0.00
  982,   9.371,        0.,        0.00,   -0.07,        0.00
  983,   9.381,        0.,        0.00,   -0.08,        0.00
  984,   9.391,        0.,        0.00,   -0.09,        0.00
  985,   9.401,        0.,        0.00,   -0.10,        0.00
  986,   9.411,        0.,        0.00,   -0.11,        0.00
  987,   9.421,        0.,        0.00,   -0.13,        0.00
  988,   9.431,        0.,        0.00,   -0.14,        0.00
  989,   9.441,        0.,        0.00,   -0.06,        0.00
  990,   9.451,        0.,        0.00,   -0.07,        0.00
  991,   9.461,        0.,        0.00,   -0.07,        0.00
  992,   9.471,        0.,        0.00,   -0.07,        0.00
  993,   9.481,        0.,        0.00,   -0.06,        0.00
  994,   9.491,        0.,        0.00,   -0.06,        0.00
  995,   9.501,        0.,        0.00,   -0.06,        0.00
  996,   9.511,        0.,        0.00,   -0.05,        0.00
  997,   9.522,        0.,        0.00,   -0.04,        0.00
  998,   9.532,        0.,        0.00,   -0.04,        0.00
  999,   9.542,        1.,        0.00,   -0.03,        1.00
 1000,   9.552,        0.,        0.00,   -0.02,        0.00
