 File:672024.spo  Solution Type:Thick  fitting  891 channels ( 110-1000)
 Channel#, E(keV),   Data,        Fit, Residual,    Data-Fit
  110,   0.613,      516.,       22.68,   -5.60,      493.32
  111,   0.623,      529.,       20.20,   -3.55,      508.80
  112,   0.633,      541.,       17.56,   -1.31,      523.44
  113,   0.643,      605.,       15.09,    1.02,      589.91
  114,   0.653,      624.,       12.83,    2.94,      611.17
  115,   0.664,      671.,       10.86,    4.72,      660.14
  116,   0.674,      719.,        9.25,    7.23,      709.75
  117,   0.684,      777.,        8.10,    8.96,      768.90
  118,   0.694,      788.,        7.36,   11.98,      780.64
  119,   0.704,      802.,        7.23,   14.04,      794.77
  120,   0.714,      785.,        7.45,   15.70,      777.55
  121,   0.724,      806.,        8.19,   15.39,      797.81
  122,   0.734,      762.,        9.57,   16.35,      752.43
  123,   0.744,      832.,       11.60,   15.70,      820.40
  124,   0.754,      770.,       14.33,   14.43,      755.67
  125,   0.764,      741.,       17.85,   12.16,      723.15
  126,   0.774,      696.,       22.15,    8.70,      673.85
  127,   0.784,      692.,       27.41,    4.94,      664.59
  128,   0.794,      638.,       33.75,    2.21,      604.25
  129,   0.804,      734.,       41.23,    0.17,      692.77
  130,   0.814,      659.,       50.02,   -1.84,      608.98
  131,   0.824,      690.,       60.44,   -4.66,      629.56
  132,   0.834,      672.,       73.02,   -5.20,      598.98
  133,   0.844,      647.,       88.58,   -5.43,      558.42
  134,   0.855,      679.,      108.36,   -5.43,      570.64
  135,   0.865,      720.,      134.14,   -3.55,      585.86
  136,   0.875,      791.,      168.26,   -2.73,      622.74
  137,   0.885,      792.,      213.54,   -2.60,      578.46
  138,   0.895,      828.,      273.47,   -1.03,      554.53
  139,   0.905,      946.,      351.60,    0.93,      594.40
  140,   0.915,     1024.,      451.35,    1.08,      572.65
  141,   0.925,     1129.,      575.73,    2.16,      553.27
  142,   0.935,     1349.,      726.42,    3.21,      622.58
  143,   0.945,     1460.,      903.48,    2.48,      556.52
  144,   0.955,     1663.,     1104.64,    2.63,      558.36
  145,   0.965,     1917.,     1325.27,    3.36,      591.73
  146,   0.975,     2166.,     1557.83,    2.88,      608.17
  147,   0.985,     2286.,     1792.50,    1.77,      493.50
  148,   0.995,     2543.,     2017.76,    1.73,      525.24
  149,   1.005,     2783.,     2221.46,    1.02,      561.54
  150,   1.015,     2765.,     2392.08,   -0.34,      372.92
  151,   1.025,     3056.,     2520.23,   -0.51,      535.77
  152,   1.035,     3111.,     2599.97,   -1.38,      511.03
  153,   1.046,     3029.,     2630.66,   -1.94,      398.34
  154,   1.056,     2972.,     2616.60,   -2.91,      355.40
  155,   1.066,     3068.,     2568.44,   -2.55,      499.56
  156,   1.076,     2905.,     2502.40,   -2.40,      402.60
  157,   1.086,     2838.,     2439.66,   -2.77,      398.34
  158,   1.096,     2786.,     2405.05,   -1.31,      380.95
  159,   1.106,     2800.,     2425.16,   -2.35,      374.84
  160,   1.116,     2887.,     2526.54,   -2.03,      360.46
  161,   1.126,     3121.,     2733.06,   -1.98,      387.94
  162,   1.136,     3473.,     3063.49,   -0.84,      409.51
  163,   1.146,     3975.,     3529.26,   -0.95,      445.74
  164,   1.156,     4562.,     4132.17,   -0.91,      429.83
  165,   1.166,     5346.,     4862.66,   -0.29,      483.34
  166,   1.176,     5976.,     5699.06,   -0.11,      276.94
  167,   1.186,     7120.,     6607.60,    0.52,      512.40
  168,   1.196,     7838.,     7543.97,    1.11,      294.03
  169,   1.206,     8896.,     8456.28,    1.25,      439.72
  170,   1.216,     9628.,     9288.95,    1.08,      339.05
  171,   1.226,    10376.,     9987.76,    0.34,      388.24
  172,   1.237,    10956.,    10505.35,    0.52,      450.65
  173,   1.247,    11136.,    10806.26,   -0.06,      329.74
  174,   1.257,    11324.,    10871.51,   -0.25,      452.49
  175,   1.267,    11160.,    10700.78,   -0.70,      459.22
  176,   1.277,    10692.,    10313.42,   -0.19,      378.58
  177,   1.287,    10060.,     9747.52,   -0.98,      312.48
  178,   1.297,     9272.,     9056.77,   -1.28,      215.23
  179,   1.307,     8792.,     8306.29,   -0.77,      485.71
  180,   1.317,     7962.,     7567.72,   -0.36,      394.28
  181,   1.327,     7104.,     6913.84,    0.65,      190.16
  182,   1.337,     6816.,     6413.97,    0.06,      402.03
  183,   1.347,     6562.,     6129.32,    0.63,      432.68
  184,   1.357,     6418.,     6108.89,    1.08,      309.11
  185,   1.367,     6618.,     6386.75,    2.63,      231.25
  186,   1.377,     7354.,     6978.99,    3.98,      375.01
  187,   1.387,     8312.,     7881.81,    3.35,      430.19
  188,   1.397,     9568.,     9069.99,    3.38,      498.01
  189,   1.407,    10796.,    10496.63,    4.18,      299.37
  190,   1.417,    12476.,    12094.34,    4.91,      381.66
  191,   1.428,    14164.,    13777.84,    4.23,      386.16
  192,   1.438,    15992.,    15449.01,    4.08,      542.99
  193,   1.448,    17368.,    17003.62,    3.67,      364.38
  194,   1.458,    18488.,    18339.54,    2.18,      148.46
  195,   1.468,    19528.,    19365.92,    1.86,      162.08
  196,   1.478,    20248.,    20011.47,    0.71,      236.53
  197,   1.488,    20544.,    20232.01,   -0.08,      311.99
  198,   1.498,    20016.,    20015.76,   -1.34,        0.24
  199,   1.508,    19408.,    19383.82,   -1.81,       24.18
  200,   1.518,    18320.,    18390.07,   -3.50,      -70.07
  201,   1.528,    16888.,    17116.15,   -4.39,     -228.15
  202,   1.538,    15740.,    15665.05,   -4.26,       74.95
  203,   1.548,    14092.,    14153.20,   -4.17,      -61.20
  204,   1.558,    12604.,    12702.69,   -4.69,      -98.69
  205,   1.568,    11216.,    11434.12,   -5.31,     -218.12
  206,   1.578,    10468.,    10460.60,   -4.79,        7.40
  207,   1.588,     9764.,     9882.41,   -4.88,     -118.41
  208,   1.598,     9736.,     9783.48,   -3.30,      -47.48
  209,   1.608,    10168.,    10227.68,   -2.39,      -59.68
  210,   1.618,    11208.,    11255.29,   -2.26,      -47.29
  211,   1.629,    12872.,    12879.41,   -2.12,       -7.41
  212,   1.639,    14968.,    15081.51,   -0.90,     -113.51
  213,   1.649,    17824.,    17808.18,   -0.03,       15.82
  214,   1.659,    20952.,    20968.70,    0.35,      -16.70
  215,   1.669,    24576.,    24435.18,    1.61,      140.82
  216,   1.679,    28112.,    28046.25,    0.73,       65.75
  217,   1.689,    31536.,    31614.57,    0.89,      -78.57
  218,   1.699,    34944.,    34938.94,    0.41,        5.06
  219,   1.709,    38288.,    37819.24,    0.31,      468.76
  220,   1.719,    40064.,    40073.30,    0.85,       -9.30
  221,   1.729,    41648.,    41553.88,    0.14,       94.13
  222,   1.739,    42624.,    42162.36,   -0.68,      461.64
  223,   1.749,    41600.,    41859.88,   -1.38,     -259.88
  224,   1.759,    40912.,    40667.93,   -1.33,      244.07
  225,   1.769,    38416.,    38667.74,   -1.05,     -251.74
  226,   1.779,    36192.,    35989.68,   -1.47,      202.32
  227,   1.789,    33152.,    32799.62,   -1.87,      352.38
  228,   1.799,    29264.,    29281.73,   -1.46,      -17.73
  229,   1.809,    25456.,    25621.63,   -1.12,     -165.63
  230,   1.820,    22080.,    21991.24,   -1.71,       88.76
  231,   1.830,    18816.,    18537.10,   -0.31,      278.90
  232,   1.840,    15632.,    15372.75,   -0.20,      259.25
  233,   1.850,    12656.,    12576.19,    0.93,       79.81
  234,   1.860,    10660.,    10191.02,    1.23,      468.98
  235,   1.870,     8604.,     8230.73,    1.37,      373.27
  236,   1.880,     7036.,     6684.71,    1.97,      351.29
  237,   1.890,     5964.,     5524.61,    2.81,      439.39
  238,   1.900,     5112.,     4710.33,    4.26,      401.67
  239,   1.910,     4538.,     4195.17,    3.58,      342.83
  240,   1.920,     4314.,     3929.35,    3.22,      384.65
  241,   1.930,     4330.,     3862.55,    2.95,      467.45
  242,   1.940,     4278.,     3945.40,    2.20,      332.60
  243,   1.950,     4440.,     4130.49,    2.08,      309.51
  244,   1.960,     4614.,     4373.16,    1.79,      240.84
  245,   1.970,     5056.,     4632.35,    0.61,      423.65
  246,   1.980,     5192.,     4871.61,   -0.85,      320.39
  247,   1.990,     5234.,     5060.46,   -1.41,      173.54
  248,   2.000,     5512.,     5175.22,   -0.75,      336.78
  249,   2.011,     5542.,     5200.17,   -0.81,      341.83
  250,   2.021,     5480.,     5127.99,   -1.78,      352.01
  251,   2.031,     5230.,     4959.68,   -1.05,      270.32
  252,   2.041,     5110.,     4703.68,   -0.41,      406.32
  253,   2.051,     4646.,     4374.46,    0.67,      271.54
  254,   2.061,     4378.,     3990.67,    1.09,      387.33
  255,   2.071,     3972.,     3573.40,    1.29,      398.60
  256,   2.081,     3672.,     3143.47,    2.67,      528.53
  257,   2.091,     3159.,     2720.20,    3.37,      438.80
  258,   2.101,     2754.,     2319.97,    4.12,      434.03
  259,   2.111,     2386.,     1955.28,    4.60,      430.72
  260,   2.121,     2038.,     1634.91,    4.97,      403.09
  261,   2.131,     1793.,     1363.90,    4.71,      429.10
  262,   2.141,     1542.,     1144.12,    4.92,      397.88
  263,   2.151,     1271.,      975.20,    4.54,      295.80
  264,   2.161,     1205.,      855.06,    3.30,      349.94
  265,   2.171,     1154.,      780.69,    1.53,      373.31
  266,   2.181,     1101.,      748.76,    0.46,      352.24
  267,   2.191,     1139.,      755.40,   -0.79,      383.60
  268,   2.202,     1122.,      796.52,   -1.70,      325.48
  269,   2.212,     1221.,      867.75,   -2.54,      353.25
  270,   2.222,     1220.,      963.79,   -3.34,      256.21
  271,   2.232,     1375.,     1078.58,   -4.02,      296.42
  272,   2.242,     1458.,     1205.24,   -3.83,      252.76
  273,   2.252,     1584.,     1336.09,   -3.01,      247.91
  274,   2.262,     1729.,     1462.89,   -2.99,      266.11
  275,   2.272,     1838.,     1577.38,   -2.22,      260.62
  276,   2.282,     1991.,     1671.77,   -2.20,      319.23
  277,   2.292,     1973.,     1739.47,   -1.74,      233.53
  278,   2.302,     2127.,     1775.49,   -1.21,      351.51
  279,   2.312,     2056.,     1777.17,    0.37,      278.83
  280,   2.322,     2011.,     1743.99,    0.96,      267.01
  281,   2.332,     1984.,     1678.20,    1.48,      305.80
  282,   2.342,     1891.,     1584.02,    3.05,      306.98
  283,   2.352,     1821.,     1467.28,    3.96,      353.72
  284,   2.362,     1620.,     1335.16,    5.14,      284.84
  285,   2.372,     1471.,     1195.31,    5.34,      275.69
  286,   2.382,     1357.,     1055.35,    6.27,      301.65
  287,   2.393,     1219.,      922.43,    5.37,      296.57
  288,   2.403,     1077.,      802.66,    4.59,      274.34
  289,   2.413,      935.,      701.45,    4.35,      233.55
  290,   2.423,      913.,      623.24,    3.76,      289.76
  291,   2.433,      827.,      571.69,    3.03,      255.31
  292,   2.443,      776.,      550.13,    0.98,      225.88
  293,   2.453,      764.,      561.65,   -0.35,      202.35
  294,   2.463,      824.,      609.46,   -1.53,      214.54
  295,   2.473,      845.,      696.83,   -3.17,      148.17
  296,   2.483,      959.,      826.67,   -3.86,      132.33
  297,   2.493,     1208.,     1001.64,   -3.90,      206.36
  298,   2.503,     1353.,     1223.09,   -4.59,      129.91
  299,   2.513,     1628.,     1490.69,   -5.37,      137.31
  300,   2.523,     1861.,     1801.71,   -5.28,       59.29
  301,   2.533,     2193.,     2150.18,   -5.04,       42.82
  302,   2.543,     2622.,     2526.78,   -4.58,       95.22
  303,   2.553,     2951.,     2918.76,   -3.72,       32.24
  304,   2.563,     3473.,     3310.42,   -2.66,      162.58
  305,   2.573,     3849.,     3683.56,   -2.50,      165.44
  306,   2.584,     4041.,     4019.33,   -2.64,       21.67
  307,   2.594,     4392.,     4299.15,   -1.82,       92.85
  308,   2.604,     4686.,     4506.90,   -0.88,      179.10
  309,   2.614,     4812.,     4630.14,    0.02,      181.86
  310,   2.624,     4852.,     4661.32,    1.01,      190.68
  311,   2.634,     4866.,     4598.90,    2.03,      267.10
  312,   2.644,     4666.,     4447.04,    2.91,      218.96
  313,   2.654,     4296.,     4215.73,    2.77,       80.27
  314,   2.664,     4015.,     3919.41,    2.33,       95.59
  315,   2.674,     3730.,     3575.67,    2.93,      154.33
  316,   2.684,     3395.,     3203.67,    3.05,      191.33
  317,   2.694,     2962.,     2822.33,    2.48,      139.67
  318,   2.704,     2579.,     2449.04,    1.69,      129.96
  319,   2.714,     2262.,     2098.09,    0.79,      163.91
  320,   2.724,     1915.,     1780.41,   -0.57,      134.59
  321,   2.734,     1631.,     1502.69,   -1.27,      128.31
  322,   2.744,     1328.,     1267.95,   -0.66,       60.05
  323,   2.754,     1179.,     1075.69,   -0.88,      103.31
  324,   2.764,     1015.,      922.62,   -1.18,       92.38
  325,   2.774,      932.,      803.70,   -1.40,      128.30
  326,   2.785,      801.,      712.61,   -1.49,       88.39
  327,   2.795,      703.,      642.83,   -1.34,       60.17
  328,   2.805,      686.,      588.15,   -1.32,       97.85
  329,   2.815,      647.,      543.09,   -0.76,      103.91
  330,   2.825,      632.,      503.24,   -1.01,      128.76
  331,   2.835,      586.,      465.52,   -0.18,      120.48
  332,   2.845,      534.,      427.82,   -0.08,      106.18
  333,   2.855,      516.,      389.18,    0.85,      126.82
  334,   2.865,      434.,      349.47,    0.93,       84.53
  335,   2.875,      404.,      309.18,    1.43,       94.82
  336,   2.885,      341.,      269.15,    2.60,       71.85
  337,   2.895,      352.,      230.37,    3.02,      121.63
  338,   2.905,      288.,      193.81,    3.00,       94.19
  339,   2.915,      283.,      160.28,    1.90,      122.72
  340,   2.925,      196.,      130.35,    1.38,       65.65
  341,   2.935,      200.,      104.31,    0.83,       95.69
  342,   2.945,      163.,       82.19,   -0.10,       80.81
  343,   2.955,      139.,       63.93,   -0.46,       75.07
  344,   2.965,      120.,       49.28,   -1.49,       70.72
  345,   2.976,      108.,       37.64,   -1.47,       70.36
  346,   2.986,       81.,       28.67,   -2.36,       52.33
  347,   2.996,       83.,       21.82,   -2.24,       61.18
  348,   3.006,       80.,       16.82,   -2.94,       63.18
  349,   3.016,       69.,       13.09,   -2.15,       55.91
  350,   3.026,       55.,       10.35,   -2.10,       44.65
  351,   3.036,       53.,        8.49,   -1.95,       44.51
  352,   3.046,       56.,        7.36,   -1.71,       48.64
  353,   3.056,       57.,        6.83,   -1.80,       50.17
  354,   3.066,       58.,        6.95,   -1.27,       51.05
  355,   3.076,       70.,        7.84,   -0.31,       62.16
  356,   3.086,       64.,        9.68,    0.42,       54.32
  357,   3.096,       67.,       12.77,    0.07,       54.23
  358,   3.106,       76.,       17.50,    0.38,       58.50
  359,   3.116,       67.,       24.40,   -0.27,       42.60
  360,   3.126,       92.,       34.13,    0.54,       57.87
  361,   3.136,       96.,       47.36,    0.21,       48.64
  362,   3.146,       98.,       64.92,   -0.29,       33.08
  363,   3.156,      138.,       87.66,   -1.03,       50.34
  364,   3.167,      149.,      116.45,   -1.80,       32.55
  365,   3.177,      173.,      152.02,   -2.32,       20.98
  366,   3.187,      242.,      194.94,   -1.93,       47.06
  367,   3.197,      243.,      245.44,   -2.23,       -2.44
  368,   3.207,      348.,      303.28,   -2.91,       44.72
  369,   3.217,      404.,      367.86,   -2.60,       36.14
  370,   3.227,      452.,      437.80,   -2.60,       14.20
  371,   3.237,      536.,      511.20,   -2.10,       24.80
  372,   3.247,      600.,      585.57,   -2.02,       14.43
  373,   3.257,      667.,      658.05,   -2.00,        8.95
  374,   3.267,      779.,      725.32,   -1.91,       53.68
  375,   3.277,      826.,      784.16,   -1.91,       41.84
  376,   3.287,      838.,      831.49,   -1.09,        6.51
  377,   3.297,      939.,      864.72,   -0.84,       74.28
  378,   3.307,      929.,      881.99,   -0.59,       47.01
  379,   3.317,      959.,      882.34,    0.37,       76.66
  380,   3.327,      918.,      865.71,    1.05,       52.29
  381,   3.337,      870.,      833.06,    1.94,       36.94
  382,   3.347,      805.,      786.34,    2.62,       18.66
  383,   3.358,      780.,      728.17,    3.03,       51.83
  384,   3.368,      720.,      661.65,    3.45,       58.35
  385,   3.378,      641.,      590.14,    4.23,       50.86
  386,   3.388,      568.,      517.08,    4.20,       50.92
  387,   3.398,      525.,      445.53,    4.27,       79.47
  388,   3.408,      437.,      378.24,    4.11,       58.76
  389,   3.418,      380.,      317.44,    3.96,       62.56
  390,   3.428,      304.,      264.93,    4.20,       39.07
  391,   3.438,      291.,      221.88,    5.13,       69.12
  392,   3.448,      249.,      189.20,    5.07,       59.80
  393,   3.458,      206.,      167.69,    4.49,       38.31
  394,   3.468,      204.,      158.02,    4.31,       45.98
  395,   3.478,      201.,      161.07,    3.62,       39.93
  396,   3.488,      208.,      177.88,    2.95,       30.12
  397,   3.498,      223.,      210.02,    1.70,       12.98
  398,   3.508,      251.,      259.45,   -0.34,       -8.45
  399,   3.518,      352.,      328.63,   -1.47,       23.37
  400,   3.528,      396.,      420.30,   -3.72,      -24.30
  401,   3.538,      539.,      537.37,   -4.88,        1.63
  402,   3.549,      662.,      682.56,   -5.39,      -20.56
  403,   3.559,      842.,      858.10,   -5.50,      -16.10
  404,   3.569,     1013.,     1065.07,   -6.35,      -52.07
  405,   3.579,     1250.,     1303.21,   -6.35,      -53.21
  406,   3.589,     1446.,     1570.30,   -5.97,     -124.30
  407,   3.599,     1775.,     1861.88,   -5.79,      -86.88
  408,   3.609,     2052.,     2171.01,   -4.82,     -119.01
  409,   3.619,     2446.,     2488.54,   -3.58,      -42.54
  410,   3.629,     2742.,     2803.00,   -3.57,      -61.00
  411,   3.639,     3105.,     3101.59,   -3.39,        3.41
  412,   3.649,     3284.,     3370.72,   -3.09,      -86.72
  413,   3.659,     3636.,     3597.12,   -2.51,       38.88
  414,   3.669,     3813.,     3768.87,   -1.25,       44.13
  415,   3.679,     3874.,     3876.47,    0.03,       -2.47
  416,   3.689,     4070.,     3913.69,    1.06,      156.31
  417,   3.699,     4018.,     3878.18,    2.43,      139.82
  418,   3.709,     3748.,     3771.57,    3.28,      -23.57
  419,   3.719,     3607.,     3599.61,    3.81,        7.39
  420,   3.729,     3398.,     3371.38,    4.03,       26.62
  421,   3.739,     3133.,     3098.66,    5.00,       34.34
  422,   3.750,     2926.,     2794.80,    5.09,      131.20
  423,   3.760,     2530.,     2473.81,    5.25,       56.19
  424,   3.770,     2204.,     2149.14,    5.12,       54.86
  425,   3.780,     1909.,     1832.86,    3.75,       76.14
  426,   3.790,     1623.,     1535.05,    2.68,       87.95
  427,   3.800,     1279.,     1263.41,    2.87,       15.59
  428,   3.810,     1077.,     1023.09,    2.75,       53.91
  429,   3.820,      875.,      816.95,    2.72,       58.05
  430,   3.830,      706.,      645.66,    2.37,       60.34
  431,   3.840,      567.,      508.21,    1.21,       58.79
  432,   3.850,      431.,      402.39,    0.49,       28.61
  433,   3.860,      320.,      325.41,   -0.06,       -5.41
  434,   3.870,      316.,      273.67,   -0.30,       42.33
  435,   3.880,      252.,      243.94,   -0.87,        8.06
  436,   3.890,      247.,      232.67,   -1.46,       14.33
  437,   3.900,      263.,      236.64,   -2.03,       26.36
  438,   3.910,      275.,      252.83,   -2.50,       22.17
  439,   3.920,      255.,      278.44,   -3.39,      -23.44
  440,   3.930,      257.,      310.76,   -3.52,      -53.76
  441,   3.941,      339.,      347.24,   -4.20,       -8.24
  442,   3.951,      345.,      385.25,   -4.43,      -40.25
  443,   3.961,      396.,      422.60,   -5.49,      -26.60
  444,   3.971,      445.,      456.90,   -5.25,      -11.90
  445,   3.981,      484.,      486.15,   -5.46,       -2.15
  446,   3.991,      535.,      508.61,   -6.33,       26.39
  447,   4.001,      513.,      522.91,   -6.33,       -9.91
  448,   4.011,      533.,      528.20,   -5.52,        4.80
  449,   4.021,      513.,      524.09,   -4.20,      -11.09
  450,   4.031,      501.,      510.80,   -3.30,       -9.80
  451,   4.041,      454.,      489.10,   -1.83,      -35.10
  452,   4.051,      473.,      460.03,   -0.66,       12.97
  453,   4.061,      449.,      425.09,    0.20,       23.91
  454,   4.071,      367.,      385.97,    0.98,      -18.97
  455,   4.081,      367.,      344.41,    1.44,       22.59
  456,   4.091,      315.,      302.13,    2.36,       12.87
  457,   4.101,      272.,      260.64,    2.23,       11.36
  458,   4.111,      267.,      221.22,    2.39,       45.78
  459,   4.121,      234.,      184.85,    3.20,       49.15
  460,   4.132,      181.,      152.15,    3.82,       28.85
  461,   4.142,      161.,      123.49,    3.70,       37.51
  462,   4.152,      137.,       98.95,    3.28,       38.05
  463,   4.162,      120.,       78.35,    4.11,       41.65
  464,   4.172,      100.,       61.47,    4.22,       38.53
  465,   4.182,       74.,       47.91,    4.39,       26.09
  466,   4.192,       72.,       37.08,    5.00,       34.92
  467,   4.202,       64.,       28.70,    4.09,       35.30
  468,   4.212,       39.,       22.38,    2.41,       16.62
  469,   4.222,       48.,       17.63,    1.18,       30.37
  470,   4.232,       33.,       14.21,    0.87,       18.79
  471,   4.242,       29.,       11.94,    0.67,       17.06
  472,   4.252,       23.,       10.74,   -0.38,       12.26
  473,   4.262,       42.,       10.74,   -0.77,       31.26
  474,   4.272,       49.,       11.84,   -0.62,       37.16
  475,   4.282,       42.,       14.26,   -0.88,       27.74
  476,   4.292,       30.,       18.31,   -0.38,       11.69
  477,   4.302,       38.,       24.36,    1.08,       13.64
  478,   4.312,       61.,       32.96,    1.33,       28.04
  479,   4.323,       69.,       44.72,    1.77,       24.28
  480,   4.333,       69.,       60.42,    1.84,        8.58
  481,   4.343,       88.,       80.79,    1.46,        7.21
  482,   4.353,      131.,      106.57,    1.38,       24.43
  483,   4.363,      159.,      138.45,    1.24,       20.55
  484,   4.373,      210.,      177.13,    0.91,       32.87
  485,   4.383,      269.,      222.87,    1.05,       46.13
  486,   4.393,      304.,      275.72,    0.37,       28.28
  487,   4.403,      352.,      335.27,    0.04,       16.73
  488,   4.413,      411.,      400.70,   -0.39,       10.30
  489,   4.423,      461.,      470.62,   -0.58,       -9.62
  490,   4.433,      531.,      543.10,   -0.29,      -12.10
  491,   4.443,      615.,      615.69,   -1.61,       -0.69
  492,   4.453,      690.,      685.76,   -2.24,        4.24
  493,   4.463,      752.,      750.44,   -2.54,        1.56
  494,   4.473,      793.,      806.72,   -3.31,      -13.72
  495,   4.483,      849.,      851.98,   -3.38,       -2.98
  496,   4.493,      871.,      883.95,   -3.35,      -12.95
  497,   4.503,      910.,      901.02,   -3.68,        8.98
  498,   4.514,      931.,      902.33,   -2.98,       28.67
  499,   4.524,      840.,      887.85,   -2.73,      -47.85
  500,   4.534,      816.,      858.42,   -2.00,      -42.42
  501,   4.544,      835.,      815.60,   -2.15,       19.40
  502,   4.554,      757.,      761.58,   -1.57,       -4.58
  503,   4.564,      738.,      699.16,   -0.96,       38.84
  504,   4.574,      637.,      631.10,   -0.34,        5.90
  505,   4.584,      557.,      560.30,   -0.25,       -3.30
  506,   4.594,      533.,      489.46,    0.04,       43.54
  507,   4.604,      441.,      420.95,   -0.57,       20.05
  508,   4.614,      413.,      356.64,    0.25,       56.36
  509,   4.624,      292.,      297.97,    1.22,       -5.97
  510,   4.634,      288.,      245.70,    0.74,       42.30
  511,   4.644,      214.,      200.25,    0.99,       13.75
  512,   4.654,      210.,      161.67,    0.00,       48.33
  513,   4.664,      132.,      129.51,    0.21,        2.49
  514,   4.674,      146.,      103.23,    0.12,       42.77
  515,   4.684,      105.,       82.14,   -0.47,       22.86
  516,   4.694,      105.,       65.52,   -0.01,       39.48
  517,   4.704,       94.,       52.66,   -1.21,       41.34
  518,   4.715,       61.,       42.92,   -1.11,       18.08
  519,   4.725,       73.,       35.76,   -1.24,       37.24
  520,   4.735,       49.,       30.73,   -1.14,       18.27
  521,   4.745,       78.,       27.49,   -1.58,       50.51
  522,   4.755,       62.,       25.83,   -1.52,       36.17
  523,   4.765,       67.,       25.65,   -1.77,       41.35
  524,   4.775,       84.,       26.75,   -1.60,       57.25
  525,   4.785,       92.,       29.10,   -1.94,       62.90
  526,   4.795,       84.,       32.67,   -1.26,       51.33
  527,   4.805,      101.,       37.42,   -1.31,       63.58
  528,   4.815,      104.,       43.23,   -0.88,       60.77
  529,   4.825,      111.,       50.13,   -0.03,       60.87
  530,   4.835,      123.,       57.82,    1.22,       65.18
  531,   4.845,      145.,       66.21,    2.95,       78.79
  532,   4.855,      141.,       75.08,    4.04,       65.92
  533,   4.865,      142.,       84.04,    5.30,       57.96
  534,   4.875,      174.,       92.74,    5.80,       81.26
  535,   4.885,      162.,      100.77,    6.89,       61.23
  536,   4.895,      179.,      107.89,    7.23,       71.11
  537,   4.906,      193.,      113.67,    7.59,       79.33
  538,   4.916,      215.,      117.78,    7.72,       97.22
  539,   4.926,      247.,      120.11,    7.65,      126.89
  540,   4.936,      207.,      120.46,    7.43,       86.54
  541,   4.946,      235.,      118.80,    7.22,      116.20
  542,   4.956,      196.,      115.24,    7.47,       80.76
  543,   4.966,      196.,      109.93,    6.90,       86.07
  544,   4.976,      189.,      103.11,    6.30,       85.89
  545,   4.986,      175.,       95.15,    5.89,       79.85
  546,   4.996,      165.,       86.33,    5.56,       78.67
  547,   5.006,      133.,       77.06,    4.49,       55.94
  548,   5.016,      134.,       67.67,    2.32,       66.33
  549,   5.026,      117.,       58.48,    1.18,       58.52
  550,   5.036,      104.,       49.76,   -0.55,       54.24
  551,   5.046,       83.,       41.71,   -1.62,       41.29
  552,   5.056,       70.,       34.41,   -2.74,       35.59
  553,   5.066,       67.,       28.09,   -3.58,       38.91
  554,   5.076,       73.,       22.67,   -4.78,       50.33
  555,   5.086,       63.,       18.13,   -5.97,       44.87
  556,   5.097,       52.,       14.41,   -5.93,       37.59
  557,   5.107,       39.,       11.43,   -5.63,       27.57
  558,   5.117,       51.,        9.12,   -5.85,       41.88
  559,   5.127,       42.,        7.39,   -5.42,       34.61
  560,   5.137,       30.,        6.08,   -5.09,       23.92
  561,   5.147,       48.,        5.13,   -4.69,       42.87
  562,   5.157,       34.,        4.41,   -4.63,       29.59
  563,   5.167,       31.,        3.91,   -4.27,       27.09
  564,   5.177,       33.,        3.65,   -3.67,       29.35
  565,   5.187,       34.,        3.50,   -3.65,       30.50
  566,   5.197,       38.,        3.43,   -2.92,       34.57
  567,   5.207,       30.,        3.37,   -2.89,       26.63
  568,   5.217,       34.,        3.42,   -2.79,       30.58
  569,   5.227,       25.,        3.45,   -2.80,       21.55
  570,   5.237,       24.,        3.62,   -1.91,       20.38
  571,   5.247,       39.,        3.74,   -2.80,       35.26
  572,   5.257,       40.,        3.87,   -2.55,       36.13
  573,   5.267,       34.,        4.09,   -1.67,       29.91
  574,   5.277,       29.,        4.22,   -1.71,       24.78
  575,   5.288,       44.,        4.34,   -1.99,       39.66
  576,   5.298,       30.,        4.45,   -1.57,       25.55
  577,   5.308,       38.,        4.55,   -0.86,       33.45
  578,   5.318,       34.,        4.63,    0.00,       29.37
  579,   5.328,       42.,        4.70,    0.47,       37.30
  580,   5.338,       30.,        4.74,    1.44,       25.26
  581,   5.348,       33.,        4.76,    0.73,       28.24
  582,   5.358,       40.,        4.86,    0.44,       35.14
  583,   5.368,       31.,        4.81,    1.13,       26.19
  584,   5.378,       32.,        4.79,    1.68,       27.21
  585,   5.388,       43.,        4.75,    0.81,       38.25
  586,   5.398,       40.,        4.70,    1.00,       35.30
  587,   5.408,       47.,        4.62,    0.93,       42.38
  588,   5.418,       37.,        4.54,    0.62,       32.46
  589,   5.428,       38.,        4.44,   -0.05,       33.56
  590,   5.438,       30.,        4.33,    0.75,       25.67
  591,   5.448,       37.,        4.22,    1.17,       32.78
  592,   5.458,       44.,        4.10,    0.45,       39.90
  593,   5.468,       45.,        3.98,    1.03,       41.02
  594,   5.479,       23.,        3.86,    1.51,       19.14
  595,   5.489,       37.,        3.74,    1.16,       33.26
  596,   5.499,       31.,        3.62,    0.65,       27.38
  597,   5.509,       32.,        3.49,   -0.26,       28.51
  598,   5.519,       38.,        3.36,    0.30,       34.64
  599,   5.529,       39.,        3.30,   -0.20,       35.70
  600,   5.539,       34.,        3.34,   -0.10,       30.66
  601,   5.549,       28.,        3.37,    0.01,       24.63
  602,   5.559,       46.,        3.47,   -0.06,       42.53
  603,   5.569,       29.,        3.65,   -0.38,       25.35
  604,   5.579,       39.,        3.99,   -0.43,       35.01
  605,   5.589,       26.,        4.60,   -0.15,       21.40
  606,   5.599,       36.,        5.50,    0.85,       30.50
  607,   5.609,       46.,        6.91,    1.25,       39.09
  608,   5.619,       36.,        9.05,    1.39,       26.95
  609,   5.629,       38.,       12.19,    1.73,       25.81
  610,   5.639,       52.,       16.89,    1.66,       35.11
  611,   5.649,       59.,       23.69,    1.72,       35.31
  612,   5.659,       52.,       33.33,    1.49,       18.67
  613,   5.670,       78.,       46.79,    1.53,       31.21
  614,   5.680,       90.,       65.26,    0.75,       24.74
  615,   5.690,      131.,       90.16,    0.00,       40.84
  616,   5.700,      151.,      123.12,   -0.26,       27.88
  617,   5.710,      199.,      165.98,   -0.72,       33.02
  618,   5.720,      245.,      220.66,   -1.47,       24.34
  619,   5.730,      324.,      289.10,   -0.90,       34.90
  620,   5.740,      394.,      373.10,   -0.85,       20.90
  621,   5.750,      476.,      474.17,   -1.95,        1.83
  622,   5.760,      660.,      593.28,   -1.42,       66.72
  623,   5.770,      733.,      730.71,   -1.07,        2.29
  624,   5.780,      883.,      885.79,   -0.37,       -2.79
  625,   5.790,     1051.,     1056.78,   -0.47,       -5.78
  626,   5.800,     1250.,     1240.73,   -0.02,        9.27
  627,   5.810,     1395.,     1433.46,    0.38,      -38.46
  628,   5.820,     1663.,     1629.67,   -0.16,       33.33
  629,   5.830,     1836.,     1823.17,   -0.97,       12.83
  630,   5.840,     1981.,     2006.86,    0.11,      -25.86
  631,   5.850,     2256.,     2173.62,    0.71,       82.38
  632,   5.860,     2378.,     2316.47,    0.38,       61.53
  633,   5.871,     2512.,     2429.08,    0.39,       82.92
  634,   5.881,     2503.,     2506.25,    0.12,       -3.25
  635,   5.891,     2597.,     2544.35,    0.09,       52.65
  636,   5.901,     2581.,     2541.56,   -0.34,       39.44
  637,   5.911,     2454.,     2498.05,    0.10,      -44.05
  638,   5.921,     2394.,     2415.90,    0.60,      -21.90
  639,   5.931,     2432.,     2299.10,    0.76,      132.90
  640,   5.941,     2211.,     2152.90,    0.95,       58.10
  641,   5.951,     2015.,     1983.82,    0.68,       31.18
  642,   5.961,     1799.,     1798.94,    0.23,        0.06
  643,   5.971,     1570.,     1605.46,   -0.34,      -35.46
  644,   5.981,     1408.,     1410.23,   -0.07,       -2.23
  645,   5.991,     1175.,     1219.40,   -0.52,      -44.40
  646,   6.001,     1043.,     1038.14,   -1.03,        4.86
  647,   6.011,      967.,      870.44,    0.06,       96.56
  648,   6.021,      743.,      719.16,    0.27,       23.84
  649,   6.031,      587.,      585.77,   -1.16,        1.23
  650,   6.041,      503.,      470.78,   -1.23,       32.22
  651,   6.051,      391.,      373.98,   -1.00,       17.02
  652,   6.062,      331.,      294.31,   -0.60,       36.69
  653,   6.072,      270.,      230.21,    0.02,       39.79
  654,   6.082,      201.,      180.01,    0.53,       20.99
  655,   6.092,      157.,      141.95,    1.57,       15.05
  656,   6.102,      164.,      114.40,    0.77,       49.60
  657,   6.112,      104.,       95.96,   -0.34,        8.04
  658,   6.122,      100.,       85.65,   -0.43,       14.35
  659,   6.132,      110.,       82.81,    0.22,       27.19
  660,   6.142,      101.,       87.37,   -0.37,       13.63
  661,   6.152,      127.,       99.82,    0.01,       27.18
  662,   6.162,      141.,      121.27,   -0.58,       19.73
  663,   6.172,      194.,      153.50,   -0.10,       40.50
  664,   6.182,      217.,      198.66,   -1.68,       18.34
  665,   6.192,      253.,      259.86,   -1.86,       -6.86
  666,   6.202,      369.,      340.67,   -1.83,       28.33
  667,   6.212,      470.,      445.10,   -0.60,       24.90
  668,   6.222,      609.,      577.51,   -1.19,       31.49
  669,   6.232,      720.,      742.22,   -1.44,      -22.22
  670,   6.242,     1003.,      943.57,   -1.18,       59.43
  671,   6.253,     1175.,     1184.76,   -0.88,       -9.76
  672,   6.263,     1513.,     1468.18,   -1.21,       44.82
  673,   6.273,     1773.,     1794.63,    0.45,      -21.63
  674,   6.283,     2238.,     2162.93,    1.66,       75.07
  675,   6.293,     2610.,     2569.37,    2.47,       40.63
  676,   6.303,     3159.,     3007.64,    2.55,      151.36
  677,   6.313,     3469.,     3468.82,    3.44,        0.18
  678,   6.323,     3977.,     3941.12,    4.17,       35.88
  679,   6.333,     4422.,     4410.73,    4.07,       11.27
  680,   6.343,     4854.,     4862.25,    3.03,       -8.25
  681,   6.353,     5192.,     5279.20,    2.80,      -87.20
  682,   6.363,     5870.,     5645.53,    2.05,      224.47
  683,   6.373,     6128.,     5946.29,    1.78,      181.71
  684,   6.383,     6258.,     6168.75,    1.00,       89.25
  685,   6.393,     6314.,     6303.31,    0.48,       10.69
  686,   6.403,     6480.,     6344.25,   -0.72,      135.75
  687,   6.413,     6422.,     6290.06,   -0.78,      131.94
  688,   6.423,     6094.,     6143.55,   -1.18,      -49.55
  689,   6.433,     5802.,     5911.63,   -0.79,     -109.63
  690,   6.444,     5542.,     5604.79,   -0.84,      -62.79
  691,   6.454,     5114.,     5236.30,   -0.49,     -122.30
  692,   6.464,     4772.,     4821.19,   -1.57,      -49.19
  693,   6.474,     4344.,     4375.31,   -2.15,      -31.31
  694,   6.484,     3848.,     3914.24,   -2.65,      -66.24
  695,   6.494,     3381.,     3452.76,   -2.32,      -71.76
  696,   6.504,     2971.,     3003.58,   -3.25,      -32.58
  697,   6.514,     2562.,     2577.26,   -3.95,      -15.26
  698,   6.524,     2218.,     2181.87,   -3.92,       36.13
  699,   6.534,     1812.,     1822.89,   -3.37,      -10.89
  700,   6.544,     1470.,     1503.33,   -3.20,      -33.33
  701,   6.554,     1281.,     1224.26,   -1.62,       56.74
  702,   6.564,     1036.,      984.72,   -0.67,       51.28
  703,   6.574,      782.,      782.63,   -0.03,       -0.63
  704,   6.584,      614.,      614.79,    0.54,       -0.79
  705,   6.594,      467.,      477.50,    1.67,      -10.50
  706,   6.604,      383.,      366.82,    2.61,       16.18
  707,   6.614,      252.,      278.78,    2.78,      -26.78
  708,   6.624,      212.,      209.77,    2.14,        2.23
  709,   6.635,      184.,      156.32,    2.05,       27.68
  710,   6.645,      133.,      115.45,    1.81,       17.55
  711,   6.655,       97.,       84.61,    1.11,       12.39
  712,   6.665,       84.,       61.58,    0.23,       22.42
  713,   6.675,       55.,       44.60,   -0.19,       10.40
  714,   6.685,       42.,       32.25,   -0.69,        9.75
  715,   6.695,       39.,       23.39,   -0.68,       15.61
  716,   6.705,       40.,       17.28,   -1.39,       22.72
  717,   6.715,       29.,       13.05,   -0.71,       15.95
  718,   6.725,       20.,       10.25,   -1.04,        9.75
  719,   6.735,       19.,        8.55,   -1.94,       10.45
  720,   6.745,       27.,        7.69,   -1.71,       19.31
  721,   6.755,       22.,        7.51,   -0.82,       14.49
  722,   6.765,       22.,        7.82,   -1.47,       14.18
  723,   6.775,       31.,        8.74,   -1.52,       22.26
  724,   6.785,       38.,       10.27,   -1.78,       27.73
  725,   6.795,       32.,       12.50,   -1.65,       19.50
  726,   6.805,       36.,       15.47,   -2.37,       20.53
  727,   6.815,       43.,       19.44,   -2.50,       23.56
  728,   6.825,       58.,       24.58,   -1.34,       33.42
  729,   6.836,       51.,       31.27,   -0.86,       19.73
  730,   6.846,       87.,       39.81,   -0.59,       47.19
  731,   6.856,       76.,       50.70,    0.27,       25.30
  732,   6.866,      102.,       64.36,    1.22,       37.64
  733,   6.876,      114.,       81.23,    1.80,       32.77
  734,   6.886,      164.,      101.85,    3.36,       62.15
  735,   6.896,      173.,      126.72,    4.47,       46.28
  736,   6.906,      211.,      156.23,    6.04,       54.77
  737,   6.916,      238.,      190.70,    5.75,       47.30
  738,   6.926,      261.,      230.25,    5.81,       30.75
  739,   6.936,      320.,      274.78,    6.28,       45.22
  740,   6.946,      373.,      323.93,    6.04,       49.07
  741,   6.956,      431.,      377.05,    5.60,       53.95
  742,   6.966,      486.,      433.21,    5.78,       52.79
  743,   6.976,      591.,      490.96,    5.25,      100.04
  744,   6.986,      625.,      548.80,    4.50,       76.20
  745,   6.996,      700.,      604.91,    3.64,       95.09
  746,   7.006,      673.,      657.35,    3.19,       15.65
  747,   7.016,      726.,      704.16,    2.29,       21.84
  748,   7.027,      786.,      743.45,    1.99,       42.55
  749,   7.037,      787.,      773.58,    0.87,       13.42
  750,   7.047,      790.,      793.20,    0.39,       -3.20
  751,   7.057,      809.,      801.42,   -0.76,        7.58
  752,   7.067,      789.,      797.83,   -1.58,       -8.83
  753,   7.077,      788.,      782.58,   -2.87,        5.42
  754,   7.087,      734.,      756.30,   -3.52,      -22.30
  755,   7.097,      729.,      720.10,   -4.93,        8.90
  756,   7.107,      642.,      675.49,   -5.05,      -33.49
  757,   7.117,      621.,      624.26,   -5.46,       -3.26
  758,   7.127,      533.,      568.37,   -5.94,      -35.37
  759,   7.137,      511.,      509.81,   -5.79,        1.19
  760,   7.147,      417.,      450.51,   -5.22,      -33.51
  761,   7.157,      373.,      392.20,   -4.99,      -19.20
  762,   7.167,      335.,      336.38,   -4.50,       -1.38
  763,   7.177,      288.,      284.23,   -3.92,        3.77
  764,   7.187,      226.,      236.61,   -3.05,      -10.61
  765,   7.197,      179.,      194.01,   -2.20,      -15.01
  766,   7.207,      134.,      156.90,   -1.46,      -22.90
  767,   7.218,      128.,      124.98,   -1.13,        3.02
  768,   7.228,      105.,       98.15,   -0.03,        6.85
  769,   7.238,       89.,       76.03,    0.18,       12.97
  770,   7.248,       60.,       58.13,    0.78,        1.87
  771,   7.258,       45.,       44.03,    1.42,        0.97
  772,   7.268,       32.,       33.03,    1.39,       -1.03
  773,   7.278,       23.,       24.69,    1.47,       -1.69
  774,   7.288,       34.,       18.54,    1.63,       15.46
  775,   7.298,       17.,       14.17,    2.21,        2.83
  776,   7.308,       16.,       11.22,    2.63,        4.78
  777,   7.318,       14.,        9.40,    2.50,        4.60
  778,   7.328,       12.,        8.46,    2.00,        3.54
  779,   7.338,        8.,        8.21,    1.50,       -0.21
  780,   7.348,       12.,        8.49,    1.23,        3.51
  781,   7.358,       11.,        9.11,    0.87,        1.89
  782,   7.368,       14.,       10.05,    1.22,        3.95
  783,   7.378,       17.,       11.27,    1.66,        5.73
  784,   7.388,       14.,       12.61,    0.97,        1.39
  785,   7.398,       15.,       13.98,    0.88,        1.02
  786,   7.409,       13.,       15.32,   -0.43,       -2.32
  787,   7.419,       23.,       16.68,   -0.28,        6.32
  788,   7.429,       15.,       17.95,   -0.18,       -2.95
  789,   7.439,       28.,       18.99,    0.59,        9.01
  790,   7.449,       19.,       19.81,    0.35,       -0.81
  791,   7.459,       27.,       20.37,    0.11,        6.63
  792,   7.469,       27.,       20.65,   -0.29,        6.35
  793,   7.479,       26.,       20.64,   -0.30,        5.36
  794,   7.489,       29.,       20.35,   -0.03,        8.65
  795,   7.499,       17.,       19.79,    0.18,       -2.79
  796,   7.509,       25.,       18.98,    1.18,        6.02
  797,   7.519,       22.,       17.96,    0.61,        4.04
  798,   7.529,       21.,       16.78,    1.35,        4.22
  799,   7.539,       16.,       15.48,    0.56,        0.52
  800,   7.549,       13.,       14.11,    0.90,       -1.11
  801,   7.559,       15.,       12.72,    0.54,        2.28
  802,   7.569,       18.,       11.34,    0.54,        6.66
  803,   7.579,        9.,       10.01,    0.31,       -1.01
  804,   7.589,       11.,        8.77,   -0.21,        2.23
  805,   7.600,       14.,        7.62,   -0.01,        6.38
  806,   7.610,        7.,        6.58,   -0.89,        0.42
  807,   7.620,       10.,        5.65,   -0.34,        4.35
  808,   7.630,        5.,        4.85,   -0.88,        0.15
  809,   7.640,        7.,        4.15,   -0.43,        2.85
  810,   7.650,        5.,        3.55,   -0.17,        1.45
  811,   7.660,        9.,        3.04,   -0.01,        5.96
  812,   7.670,        3.,        2.60,   -0.15,        0.40
  813,   7.680,        6.,        2.28,    0.19,        3.72
  814,   7.690,        2.,        1.98,    0.67,        0.02
  815,   7.700,        0.,        1.72,    0.05,       -1.72
  816,   7.710,        8.,        1.51,    0.33,        6.49
  817,   7.720,        2.,        1.29,   -0.10,        0.71
  818,   7.730,        2.,        1.16,    0.11,        0.84
  819,   7.740,        4.,        1.06,   -0.35,        2.94
  820,   7.750,        1.,        0.92,   -0.45,        0.08
  821,   7.760,        4.,        0.88,   -1.40,        3.12
  822,   7.770,        2.,        0.86,   -1.31,        1.14
  823,   7.780,        4.,        0.85,   -1.60,        3.15
  824,   7.790,        3.,        0.86,   -1.64,        2.14
  825,   7.801,        2.,        0.88,   -1.51,        1.12
  826,   7.811,        0.,        0.90,   -2.36,       -0.90
  827,   7.821,        2.,        0.94,   -2.22,        1.06
  828,   7.831,        1.,        0.98,   -2.49,        0.02
  829,   7.841,        3.,        1.02,   -2.54,        1.98
  830,   7.851,        0.,        0.99,   -2.65,       -0.99
  831,   7.861,        3.,        1.04,   -2.48,        1.96
  832,   7.871,        4.,        1.08,   -2.02,        2.92
  833,   7.881,        2.,        1.09,   -2.30,        0.91
  834,   7.891,        2.,        1.10,   -2.34,        0.90
  835,   7.901,        3.,        1.09,   -1.71,        1.91
  836,   7.911,        3.,        1.11,   -0.49,        1.89
  837,   7.921,        3.,        1.09,   -0.43,        1.91
  838,   7.931,        5.,        1.06,    0.26,        3.94
  839,   7.941,        3.,        1.03,    0.65,        1.97
  840,   7.951,        8.,        1.00,    1.25,        7.00
  841,   7.961,        9.,        0.98,    2.20,        8.02
  842,   7.971,        4.,        0.97,    2.52,        3.03
  843,   7.981,        6.,        0.96,    3.30,        5.04
  844,   7.992,       10.,        0.98,    3.81,        9.02
  845,   8.002,        9.,        1.01,    3.69,        7.99
  846,   8.012,        5.,        1.06,    3.50,        3.94
  847,   8.022,        9.,        1.13,    3.90,        7.87
  848,   8.032,        7.,        1.21,    3.66,        5.79
  849,   8.042,        9.,        1.38,    3.91,        7.62
  850,   8.052,       12.,        1.56,    3.72,       10.44
  851,   8.062,        7.,        1.73,    3.05,        5.27
  852,   8.072,       11.,        1.91,    2.76,        9.09
  853,   8.082,        9.,        2.10,    2.70,        6.90
  854,   8.092,        4.,        2.30,    2.02,        1.70
  855,   8.102,        3.,        2.45,    1.48,        0.55
  856,   8.112,        8.,        2.66,    1.12,        5.34
  857,   8.122,        6.,        2.86,    0.35,        3.14
  858,   8.132,        6.,        3.05,    0.34,        2.95
  859,   8.142,        9.,        3.23,   -0.57,        5.77
  860,   8.152,        5.,        3.39,   -1.38,        1.61
  861,   8.162,        3.,        3.53,   -1.45,       -0.53
  862,   8.172,        8.,        3.65,   -2.02,        4.35
  863,   8.183,        8.,        3.75,   -2.51,        4.25
  864,   8.193,        7.,        3.82,   -1.79,        3.18
  865,   8.203,        4.,        3.87,   -1.16,        0.13
  866,   8.213,        4.,        3.90,   -1.45,        0.10
  867,   8.223,        7.,        3.89,   -1.41,        3.11
  868,   8.233,        3.,        3.86,   -1.60,       -0.86
  869,   8.243,        4.,        3.80,   -1.50,        0.20
  870,   8.253,        6.,        3.71,   -1.01,        2.29
  871,   8.263,        5.,        3.59,   -0.39,        1.41
  872,   8.273,        4.,        3.44,   -0.52,        0.56
  873,   8.283,        8.,        3.27,   -0.42,        4.73
  874,   8.293,        6.,        3.07,   -0.61,        2.93
  875,   8.303,        4.,        2.86,   -0.83,        1.14
  876,   8.313,        4.,        2.63,   -0.59,        1.37
  877,   8.323,        1.,        2.39,   -0.50,       -1.39
  878,   8.333,        5.,        2.15,   -0.56,        2.85
  879,   8.343,        4.,        1.91,   -0.38,        2.09
  880,   8.353,        5.,        1.68,   -0.51,        3.32
  881,   8.363,        0.,        1.39,   -0.75,       -1.39
  882,   8.374,        3.,        1.19,   -0.95,        1.81
  883,   8.384,        2.,        1.01,   -1.54,        0.99
  884,   8.394,        1.,        0.85,   -1.93,        0.15
  885,   8.404,        2.,        0.70,   -1.92,        1.30
  886,   8.414,        4.,        0.57,   -1.95,        3.43
  887,   8.424,        1.,        0.46,   -1.55,        0.54
  888,   8.434,        0.,        0.36,   -1.41,       -0.36
  889,   8.444,        2.,        0.28,   -1.77,        1.72
  890,   8.454,        1.,        0.22,   -1.83,        0.78
  891,   8.464,        0.,        0.17,   -1.46,       -0.17
  892,   8.474,        0.,        0.08,   -1.05,       -0.08
  893,   8.484,        1.,        0.00,   -0.35,        1.00
  894,   8.494,        5.,        0.00,    0.45,        5.00
  895,   8.504,        3.,        0.00,    0.99,        3.00
  896,   8.514,        2.,        0.00,    1.02,        2.00
  897,   8.524,        7.,        0.00,    0.90,        7.00
  898,   8.534,        1.,        0.00,    1.49,        1.00
  899,   8.544,        3.,        0.00,    1.88,        3.00
  900,   8.554,        3.,        0.00,    2.23,        3.00
  901,   8.565,        7.,        0.00,    2.38,        7.00
  902,   8.575,        6.,        0.00,    2.59,        6.00
  903,   8.585,        7.,        0.00,    2.49,        7.00
  904,   8.595,        8.,        0.00,    2.09,        8.00
  905,   8.605,        4.,        0.00,    2.20,        4.00
  906,   8.615,        2.,        0.00,    2.33,        2.00
  907,   8.625,        5.,        0.00,    1.85,        5.00
  908,   8.635,        5.,        0.00,    1.88,        5.00
  909,   8.645,        3.,        0.00,    1.71,        3.00
  910,   8.655,        3.,        0.00,    1.49,        3.00
  911,   8.665,        3.,        0.00,    0.82,        3.00
  912,   8.675,        1.,        0.00,    0.61,        1.00
  913,   8.685,        1.,        0.00,    0.25,        1.00
  914,   8.695,        4.,        0.00,   -0.37,        4.00
  915,   8.705,        2.,        0.00,   -0.58,        2.00
  916,   8.715,        4.,        0.00,   -0.63,        4.00
  917,   8.725,        2.,        0.00,   -0.58,        2.00
  918,   8.735,        1.,        0.00,   -1.04,        1.00
  919,   8.745,        1.,        0.00,   -1.20,        1.00
  920,   8.756,        2.,        0.00,   -1.45,        2.00
  921,   8.766,        4.,        0.00,   -1.10,        4.00
  922,   8.776,        3.,        0.00,   -0.96,        3.00
  923,   8.786,        0.,        0.00,   -0.71,        0.00
  924,   8.796,        1.,        0.00,   -0.62,        1.00
  925,   8.806,        1.,        0.00,   -0.52,        1.00
  926,   8.816,        4.,        0.00,   -0.83,        4.00
  927,   8.826,        1.,        0.00,   -0.43,        1.00
  928,   8.836,        1.,        0.00,   -0.18,        1.00
  929,   8.846,        1.,        0.00,    0.31,        1.00
  930,   8.856,        3.,        0.00,    0.31,        3.00
  931,   8.866,        0.,        0.00,    0.32,        0.00
  932,   8.876,        0.,        0.00,    0.03,        0.00
  933,   8.886,        1.,        0.00,   -0.22,        1.00
  934,   8.896,        1.,        0.00,   -0.17,        1.00
  935,   8.906,        1.,        0.00,    0.08,        1.00
  936,   8.916,        4.,        0.00,    0.08,        4.00
  937,   8.926,        2.,        0.00,   -0.01,        2.00
  938,   8.936,        2.,        0.00,   -0.06,        2.00
  939,   8.946,        4.,        0.00,   -0.01,        4.00
  940,   8.957,        0.,        0.00,    0.04,        0.00
  941,   8.967,        1.,        0.00,   -0.05,        1.00
  942,   8.977,        0.,        0.00,    0.25,        0.00
  943,   8.987,        0.,        0.00,    0.40,        0.00
  944,   8.997,        0.,        0.00,    0.25,        0.00
  945,   9.007,        2.,        0.00,    0.30,        2.00
  946,   9.017,        0.,        0.00,    0.25,        0.00
  947,   9.027,        1.,        0.00,    0.06,        1.00
  948,   9.037,        0.,        0.00,    0.01,        0.00
  949,   9.047,        1.,        0.00,   -0.18,        1.00
  950,   9.057,        1.,        0.00,   -0.52,        1.00
  951,   9.067,        1.,        0.00,   -0.37,        1.00
  952,   9.077,        1.,        0.00,   -0.47,        1.00
  953,   9.087,        0.,        0.00,   -0.52,        0.00
  954,   9.097,        0.,        0.00,   -0.37,        0.00
  955,   9.107,        1.,        0.00,   -0.37,        1.00
  956,   9.117,        0.,        0.00,   -0.52,        0.00
  957,   9.127,        0.,        0.00,   -0.32,        0.00
  958,   9.137,        1.,        0.00,   -0.42,        1.00
  959,   9.148,        0.,        0.00,   -0.22,        0.00
  960,   9.158,        0.,        0.00,   -0.12,        0.00
  961,   9.168,        0.,        0.00,   -0.21,        0.00
  962,   9.178,        0.,        0.00,   -0.26,        0.00
  963,   9.188,        0.,        0.00,   -0.26,        0.00
  964,   9.198,        1.,        0.00,   -0.26,        1.00
  965,   9.208,        0.,        0.00,   -0.21,        0.00
  966,   9.218,        0.,        0.00,   -0.21,        0.00
  967,   9.228,        0.,        0.00,   -0.21,        0.00
  968,   9.238,        0.,        0.00,   -0.02,        0.00
  969,   9.248,        1.,        0.00,   -0.16,        1.00
  970,   9.258,        0.,        0.00,   -0.11,        0.00
  971,   9.268,        0.,        0.00,   -0.06,        0.00
  972,   9.278,        0.,        0.00,   -0.06,        0.00
  973,   9.288,        1.,        0.00,   -0.01,        1.00
  974,   9.298,        0.,        0.00,   -0.06,        0.00
  975,   9.308,        1.,        0.00,   -0.21,        1.00
  976,   9.318,        0.,        0.00,   -0.16,        0.00
  977,   9.328,        0.,        0.00,   -0.21,        0.00
  978,   9.339,        2.,        0.00,   -0.17,        2.00
  979,   9.349,        0.,        0.00,   -0.07,        0.00
  980,   9.359,        0.,        0.00,   -0.22,        0.00
  981,   9.369,        0.,        0.00,   -0.28,        0.00
  982,   9.379,        0.,        0.00,   -0.25,        0.00
  983,   9.389,        0.,        0.00,   -0.32,        0.00
  984,   9.399,        0.,        0.00,   -0.39,        0.00
  985,   9.409,        1.,        0.00,   -0.12,        1.00
  986,   9.419,        0.,        0.00,   -0.29,        0.00
  987,   9.429,        0.,        0.00,   -0.28,        0.00
  988,   9.439,        1.,        0.00,   -0.26,        1.00
  989,   9.449,        1.,        0.00,   -0.45,        1.00
  990,   9.459,        0.,        0.00,   -0.39,        0.00
  991,   9.469,        0.,        0.00,   -0.36,        0.00
  992,   9.479,        1.,        0.00,   -0.33,        1.00
  993,   9.489,        0.,        0.00,   -0.30,        0.00
  994,   9.499,        1.,        0.00,   -0.21,        1.00
  995,   9.509,        3.,        0.00,   -0.17,        3.00
  996,   9.519,        0.,        0.00,   -0.17,        0.00
  997,   9.530,        1.,        0.00,   -0.13,        1.00
  998,   9.540,        1.,        0.00,   -0.08,        1.00
  999,   9.550,        1.,        0.00,   -0.02,        1.00
 1000,   9.560,        1.,        0.00,   -0.07,        1.00
