           0
 F
           0
 F
           4
  6.9999999E-07
  0.0000000E+00
   1.900000    
  0.2000000    
   1.200000    
           2
   1000.000    
  0.0000000E+00
 F
  0.0000000E+00
   199.0000    
        1024
  0.0000000E+00   3.517200       95.18100    
  0.0000000E+00  0.0000000E+00  0.0000000E+00  0.1990000E+03  0.1990000E+03
 -0.4466726E+00  0.0000000E+00 -0.4466726E+00  0.4544667E+02  0.4544667E+02
  0.0000000E+00  0.0000000E+00  0.0000000E+00  0.5700000E+02  0.5700000E+02
  0.0000000E+00  0.0000000E+00  0.0000000E+00  0.3300000E+02  0.3300000E+02
 -0.4466726E+00  0.0000000E+00 -0.4466726E+00  0.4544667E+02  0.4544667E+02
 -0.4466726E+00  0.0000000E+00 -0.4466726E+00  0.2644667E+02  0.2644667E+02
 -0.4578407E+00  0.0000000E+00 -0.4625120E+00  0.2845784E+02  0.2845784E+02
 -0.4801770E+00  0.0000000E+00 -0.4941910E+00  0.1648018E+02  0.1648018E+02
 -0.5025133E+00  0.3737062E-01 -0.5258699E+00  0.4250251E+02  0.4250251E+02
 -0.5248496E+00  0.3737062E-01 -0.5575489E+00  0.4952485E+02  0.4952485E+02
 -0.4964830E+00  0.4388399E-01 -0.5403670E+00  0.2249648E+02  0.2249648E+02
 -0.4174136E+00  0.5691073E-01 -0.4743243E+00  0.3441741E+02  0.3441741E+02
 -0.3383442E+00  0.6993748E-01 -0.4082817E+00  0.1933834E+02  0.1933834E+02
 -0.2592748E+00  0.8296422E-01 -0.3422390E+00  0.2125928E+02  0.2125928E+02
 -0.2477713E+00  0.9197902E-01 -0.3397503E+00  0.2124777E+02  0.2124777E+02
 -0.3038337E+00  0.9698186E-01 -0.4008156E+00  0.1830383E+02  0.1830383E+02
 -0.3598962E+00  0.1019847E+00 -0.4618809E+00  0.5235990E+02  0.5235990E+02
 -0.4159586E+00  0.1069876E+00 -0.5229461E+00  0.2741596E+02  0.2741596E+02
 -0.4778181E+00  0.1132094E+00 -0.5910275E+00  0.3047782E+02  0.3047782E+02
 -0.5454747E+00  0.1206503E+00 -0.6661250E+00  0.3254548E+02  0.3254548E+02
 -0.6131313E+00  0.1280911E+00 -0.7412224E+00  0.7661313E+02  0.7661313E+02
 -0.6807880E+00  0.1355319E+00 -0.8163199E+00  0.6868079E+02  0.6868079E+02
 -0.6578814E+00  0.1464281E+00 -0.8043095E+00  0.4965788E+02  0.4965788E+02
 -0.5444118E+00  0.1607796E+00 -0.7051914E+00  0.2454441E+02  0.2454441E+02
 -0.4309421E+00  0.1751311E+00 -0.6060732E+00  0.2143094E+02  0.2143094E+02
 -0.3174724E+00  0.1894826E+00 -0.5069550E+00  0.3031747E+02  0.3031747E+02
 -0.2577682E+00  0.1987424E+00 -0.4565107E+00  0.2925777E+02  0.2925777E+02
 -0.2518296E+00  0.2029107E+00 -0.4547403E+00  0.3625183E+02  0.3625183E+02
 -0.2458909E+00  0.2070789E+00 -0.4529698E+00  0.2224589E+02  0.2224589E+02
 -0.2399522E+00  0.2112472E+00 -0.4511994E+00  0.1623995E+02  0.1623995E+02
 -0.2430094E+00  0.2138219E+00 -0.4568314E+00  0.1424301E+02  0.1424301E+02
 -0.2550626E+00  0.2148032E+00 -0.4698659E+00  0.6225506E+02  0.6225506E+02
 -0.2671159E+00  0.2157845E+00 -0.4829004E+00  0.5126712E+02  0.5126712E+02
 -0.2791691E+00  0.2167658E+00 -0.4959349E+00  0.2727917E+02  0.2727917E+02
 -0.2507243E+00  0.2186337E+00 -0.4693580E+00  0.3325072E+02  0.3325072E+02
 -0.1817815E+00  0.2213883E+00 -0.4031698E+00  0.1618178E+02  0.1618178E+02
 -0.1128387E+00  0.2241429E+00 -0.3369816E+00  0.2211284E+02  0.2211284E+02
 -0.4389588E-01  0.2268975E+00 -0.2707934E+00  0.1204390E+02  0.1204390E+02
 -0.3483265E-01  0.2267001E+00 -0.2615328E+00  0.1303483E+02  0.1303483E+02
 -0.8564898E-01  0.2235508E+00 -0.3091998E+00  0.1308565E+02  0.1308565E+02
 -0.1364653E+00  0.2204015E+00 -0.3568668E+00  0.3113647E+02  0.3113647E+02
 -0.1872817E+00  0.2172521E+00 -0.4045338E+00  0.2418728E+02  0.2418728E+02
 -0.2001810E+00  0.2163329E+00 -0.4165139E+00  0.2820018E+02  0.2820018E+02
 -0.1751633E+00  0.2176438E+00 -0.3928070E+00  0.2517516E+02  0.2517516E+02
 -0.1501456E+00  0.2189546E+00 -0.3691002E+00  0.2915015E+02  0.2915015E+02
 -0.1251279E+00  0.2202655E+00 -0.3453934E+00  0.2612513E+02  0.2612513E+02
 -0.1249125E+00  0.2210849E+00 -0.3459975E+00  0.1512491E+02  0.1512491E+02
 -0.1494995E+00  0.2214129E+00 -0.3709124E+00  0.1414950E+02  0.1414950E+02
 -0.1740864E+00  0.2217409E+00 -0.3958274E+00  0.3617409E+02  0.3617409E+02
 -0.1986734E+00  0.2220689E+00 -0.4207423E+00  0.2619867E+02  0.2619867E+02
 -0.2425895E+00  0.2234750E+00 -0.4660646E+00  0.2824259E+02  0.2824259E+02
 -0.3058349E+00  0.2259593E+00 -0.5317942E+00  0.1930584E+02  0.1930584E+02
 -0.3690802E+00  0.2284436E+00 -0.5975239E+00  0.1836908E+02  0.1836908E+02
 -0.4323256E+00  0.2309279E+00 -0.6632535E+00  0.2043233E+02  0.2043233E+02
 -0.5559780E+01  0.2367411E+00 -0.5796521E+01  0.2955978E+02  0.2955978E+02
 -0.1575144E+02  0.2458830E+00 -0.1599733E+02  0.1287514E+03  0.1287514E+03
 -0.2594311E+02  0.2550249E+00 -0.2619813E+02  0.1989431E+03  0.1989431E+03
 -0.3613477E+02  0.2641668E+00 -0.3639893E+02  0.1865135E+04  0.1865135E+04
 -0.4321611E+02  0.7846617E+00 -0.4400077E+02  0.4287216E+04  0.4287216E+04
 -0.4718713E+02  0.1816510E+01 -0.4900364E+02  0.4226187E+04  0.4226187E+04
 -0.5115815E+02  0.2848357E+01 -0.5400650E+02  0.4116158E+04  0.4116158E+04
 -0.5512916E+02  0.3880205E+01 -0.5900937E+02  0.3913129E+04  0.3913129E+04
 -0.5569361E+02  0.5124389E+01 -0.6081800E+02  0.3865694E+04  0.3865694E+04
 -0.5285150E+02  0.6580909E+01 -0.5943241E+02  0.3761852E+04  0.3761852E+04
 -0.5000938E+02  0.8037429E+01 -0.5804681E+02  0.3726009E+04  0.3726009E+04
 -0.4716726E+02  0.9493949E+01 -0.5666121E+02  0.3476167E+04  0.3476167E+04
 -0.4449742E+02  0.1071855E+02 -0.5521597E+02  0.3465497E+04  0.3465497E+04
 -0.4199985E+02  0.1171122E+02 -0.5371107E+02  0.3558000E+04  0.3558000E+04
 -0.3950228E+02  0.1270389E+02 -0.5220618E+02  0.3868502E+04  0.3868502E+04
 -0.3700471E+02  0.1369657E+02 -0.5070128E+02  0.3316005E+04  0.3316005E+04
 -0.3439278E+02  0.1447371E+02 -0.4886649E+02  0.2929393E+04  0.2929393E+04
 -0.3166648E+02  0.1503531E+02 -0.4670179E+02  0.2553667E+04  0.2553667E+04
 -0.2894018E+02  0.1559691E+02 -0.4453709E+02  0.2497940E+04  0.2497940E+04
 -0.2621388E+02  0.1615851E+02 -0.4237239E+02  0.2530214E+04  0.2530214E+04
 -0.2447024E+02  0.1655125E+02 -0.4102148E+02  0.2722470E+04  0.2722470E+04
 -0.2370926E+02  0.1677511E+02 -0.4048437E+02  0.2700709E+04  0.2700709E+04
 -0.2294828E+02  0.1699898E+02 -0.3994725E+02  0.2677948E+04  0.2677948E+04
 -0.2218730E+02  0.1722284E+02 -0.3941014E+02  0.2492187E+04  0.2492187E+04
 -0.2148594E+02  0.1740957E+02 -0.3889550E+02  0.2416486E+04  0.2416486E+04
 -0.2084418E+02  0.1755917E+02 -0.3840335E+02  0.2305844E+04  0.2305844E+04
 -0.2020243E+02  0.1770877E+02 -0.3791120E+02  0.2419202E+04  0.2419202E+04
 -0.1956068E+02  0.1785836E+02 -0.3741905E+02  0.2327561E+04  0.2327561E+04
 -0.1921035E+02  0.1799591E+02 -0.3720626E+02  0.2350210E+04  0.2350210E+04
 -0.1915145E+02  0.1812140E+02 -0.3727285E+02  0.2289151E+04  0.2289151E+04
 -0.1909254E+02  0.1824690E+02 -0.3733944E+02  0.2352093E+04  0.2352093E+04
 -0.1903363E+02  0.1837239E+02 -0.3740602E+02  0.2325034E+04  0.2325034E+04
 -0.1884776E+02  0.1851181E+02 -0.3735957E+02  0.2413848E+04  0.2413848E+04
 -0.1853493E+02  0.1866515E+02 -0.3720008E+02  0.2355535E+04  0.2355535E+04
 -0.1822211E+02  0.1881849E+02 -0.3704060E+02  0.2344222E+04  0.2344222E+04
 -0.1790929E+02  0.1897183E+02 -0.3688112E+02  0.2371909E+04  0.2371909E+04
 -0.1783165E+02  0.1912268E+02 -0.3695433E+02  0.2277832E+04  0.2277832E+04
 -0.1798919E+02  0.1927105E+02 -0.3726023E+02  0.2285989E+04  0.2285989E+04
 -0.1814672E+02  0.1941941E+02 -0.3756614E+02  0.2317147E+04  0.2317147E+04
 -0.1830426E+02  0.1956777E+02 -0.3787204E+02  0.2387304E+04  0.2387304E+04
 -0.1824673E+02  0.1973385E+02 -0.3798058E+02  0.2400247E+04  0.2400247E+04
 -0.1797414E+02  0.1991763E+02 -0.3789177E+02  0.2478974E+04  0.2478974E+04
 -0.1770154E+02  0.2010141E+02 -0.3780295E+02  0.2425702E+04  0.2425702E+04
 -0.1742894E+02  0.2028519E+02 -0.3771413E+02  0.2410429E+04  0.2410429E+04
 -0.1689171E+02  0.2046198E+02 -0.3735369E+02  0.2395892E+04  0.2395892E+04
 -0.1608984E+02  0.2063178E+02 -0.3672161E+02  0.2255090E+04  0.2255090E+04
 -0.1528796E+02  0.2080157E+02 -0.3608953E+02  0.2173288E+04  0.2173288E+04
 -0.1448609E+02  0.2097136E+02 -0.3545746E+02  0.2217486E+04  0.2217486E+04
 -0.1408311E+02  0.2110017E+02 -0.3518328E+02  0.2232083E+04  0.2232083E+04
 -0.1407900E+02  0.2118799E+02 -0.3526699E+02  0.2204079E+04  0.2204079E+04
 -0.1407490E+02  0.2127581E+02 -0.3535071E+02  0.2151075E+04  0.2151075E+04
 -0.1407080E+02  0.2136363E+02 -0.3543443E+02  0.2190071E+04  0.2190071E+04
 -0.1412393E+02  0.2145233E+02 -0.3557626E+02  0.2261124E+04  0.2261124E+04
 -0.1423430E+02  0.2154191E+02 -0.3577622E+02  0.2186234E+04  0.2186234E+04
 -0.1434468E+02  0.2163150E+02 -0.3597617E+02  0.2248345E+04  0.2248345E+04
 -0.1445505E+02  0.2172108E+02 -0.3617613E+02  0.2277455E+04  0.2277455E+04
 -0.1442141E+02  0.2182765E+02 -0.3624906E+02  0.2229421E+04  0.2229421E+04
 -0.1424377E+02  0.2195120E+02 -0.3619498E+02  0.2206244E+04  0.2206244E+04
 -0.1406613E+02  0.2207476E+02 -0.3614089E+02  0.2232066E+04  0.2232066E+04
 -0.1388849E+02  0.2219831E+02 -0.3608680E+02  0.2240888E+04  0.2240888E+04
 -0.1374964E+02  0.2232031E+02 -0.3606995E+02  0.2294750E+04  0.2294750E+04
 -0.1364958E+02  0.2244073E+02 -0.3609032E+02  0.2139650E+04  0.2139650E+04
 -0.1354952E+02  0.2256116E+02 -0.3611068E+02  0.2200550E+04  0.2200550E+04
 -0.1344947E+02  0.2268159E+02 -0.3613105E+02  0.2202449E+04  0.2202449E+04
 -0.1328875E+02  0.2280216E+02 -0.3609091E+02  0.2276289E+04  0.2276289E+04
 -0.1306738E+02  0.2292287E+02 -0.3599026E+02  0.2247067E+04  0.2247067E+04
 -0.1284602E+02  0.2304359E+02 -0.3588960E+02  0.2182846E+04  0.2182846E+04
 -0.1262465E+02  0.2316430E+02 -0.3578895E+02  0.2228625E+04  0.2228625E+04
 -0.1252769E+02  0.2327907E+02 -0.3580676E+02  0.2197528E+04  0.2197528E+04
 -0.1255515E+02  0.2338790E+02 -0.3594305E+02  0.2216555E+04  0.2216555E+04
 -0.1258261E+02  0.2349673E+02 -0.3607934E+02  0.2232583E+04  0.2232583E+04
 -0.1261006E+02  0.2360556E+02 -0.3621563E+02  0.2179610E+04  0.2179610E+04
 -0.1265065E+02  0.2372171E+02 -0.3637236E+02  0.2267651E+04  0.2267651E+04
 -0.1270437E+02  0.2384516E+02 -0.3654953E+02  0.2263704E+04  0.2263704E+04
 -0.1275809E+02  0.2396862E+02 -0.3672671E+02  0.2287758E+04  0.2287758E+04
 -0.1281181E+02  0.2409208E+02 -0.3690388E+02  0.2292812E+04  0.2292812E+04
 -0.1273189E+02  0.2421922E+02 -0.3695111E+02  0.2228732E+04  0.2228732E+04
 -0.1251834E+02  0.2435004E+02 -0.3686838E+02  0.2195518E+04  0.2195518E+04
 -0.1230479E+02  0.2448087E+02 -0.3678566E+02  0.2225305E+04  0.2225305E+04
 -0.1209123E+02  0.2461170E+02 -0.3670293E+02  0.2118091E+04  0.2118091E+04
 -0.1186147E+02  0.2473646E+02 -0.3659793E+02  0.2276862E+04  0.2276862E+04
 -0.1161551E+02  0.2485516E+02 -0.3647067E+02  0.2298615E+04  0.2298615E+04
 -0.1136955E+02  0.2497385E+02 -0.3634340E+02  0.2208370E+04  0.2208370E+04
 -0.1112359E+02  0.2509255E+02 -0.3621614E+02  0.2179124E+04  0.2179124E+04
 -0.1104260E+02  0.2520698E+02 -0.3624958E+02  0.2251042E+04  0.2251042E+04
 -0.1112658E+02  0.2531714E+02 -0.3644372E+02  0.2157126E+04  0.2157126E+04
 -0.1121056E+02  0.2542731E+02 -0.3663787E+02  0.2237210E+04  0.2237210E+04
 -0.1129454E+02  0.2553747E+02 -0.3683201E+02  0.2135294E+04  0.2135294E+04
 -0.1115850E+02  0.2566127E+02 -0.3681977E+02  0.2286158E+04  0.2286158E+04
 -0.1080243E+02  0.2579871E+02 -0.3660115E+02  0.2327802E+04  0.2327802E+04
 -0.1044637E+02  0.2593615E+02 -0.3638252E+02  0.2173446E+04  0.2173446E+04
 -0.1009030E+02  0.2607359E+02 -0.3616390E+02  0.2210090E+04  0.2210090E+04
 -0.9944207E+01  0.2619343E+02 -0.3613764E+02  0.2279944E+04  0.2279944E+04
 -0.1000808E+02  0.2629567E+02 -0.3630375E+02  0.2110008E+04  0.2110008E+04
 -0.1007194E+02  0.2639791E+02 -0.3646985E+02  0.2256072E+04  0.2256072E+04
 -0.1013581E+02  0.2650015E+02 -0.3663596E+02  0.2191136E+04  0.2191136E+04
 -0.1029322E+02  0.2660560E+02 -0.3689882E+02  0.2194293E+04  0.2194293E+04
 -0.1054416E+02  0.2671428E+02 -0.3725843E+02  0.2272544E+04  0.2272544E+04
 -0.1079510E+02  0.2682295E+02 -0.3761805E+02  0.2191795E+04  0.2191795E+04
 -0.1104604E+02  0.2693162E+02 -0.3797766E+02  0.2368046E+04  0.2368046E+04
 -0.1096026E+02  0.2705182E+02 -0.3801208E+02  0.2296960E+04  0.2296960E+04
 -0.1053775E+02  0.2718354E+02 -0.3772129E+02  0.2321538E+04  0.2321538E+04
 -0.1011524E+02  0.2731526E+02 -0.3743050E+02  0.2177115E+04  0.2177115E+04
 -0.9692738E+01  0.2744698E+02 -0.3713972E+02  0.2268693E+04  0.2268693E+04
 -0.9502982E+01  0.2755445E+02 -0.3705743E+02  0.2217503E+04  0.2217503E+04
 -0.9545979E+01  0.2763765E+02 -0.3718363E+02  0.2229546E+04  0.2229546E+04
 -0.9588978E+01  0.2772086E+02 -0.3730983E+02  0.2261589E+04  0.2261589E+04
 -0.9631975E+01  0.2780407E+02 -0.3743604E+02  0.2232632E+04  0.2232632E+04
 -0.9550754E+01  0.2789248E+02 -0.3744323E+02  0.2303551E+04  0.2303551E+04
 -0.9345313E+01  0.2798610E+02 -0.3733141E+02  0.2219345E+04  0.2219345E+04
 -0.9139874E+01  0.2807972E+02 -0.3721959E+02  0.2192140E+04  0.2192140E+04
 -0.8934433E+01  0.2817333E+02 -0.3710777E+02  0.2219934E+04  0.2219934E+04
 -0.8701974E+01  0.2826026E+02 -0.3696224E+02  0.2252702E+04  0.2252702E+04
 -0.8442495E+01  0.2834051E+02 -0.3678300E+02  0.2246442E+04  0.2246442E+04
 -0.8183017E+01  0.2842074E+02 -0.3660376E+02  0.2161183E+04  0.2161183E+04
 -0.7923539E+01  0.2850099E+02 -0.3642452E+02  0.2196924E+04  0.2196924E+04
 -0.7892178E+01  0.2857018E+02 -0.3646236E+02  0.2175892E+04  0.2175892E+04
 -0.8088934E+01  0.2862833E+02 -0.3671727E+02  0.2206089E+04  0.2206089E+04
 -0.8285690E+01  0.2868649E+02 -0.3697218E+02  0.2300286E+04  0.2300286E+04
 -0.8482448E+01  0.2874464E+02 -0.3722709E+02  0.2194482E+04  0.2194482E+04
 -0.8518859E+01  0.2881726E+02 -0.3733612E+02  0.2170519E+04  0.2170519E+04
 -0.8394924E+01  0.2890435E+02 -0.3729927E+02  0.2272395E+04  0.2272395E+04
 -0.8270990E+01  0.2899144E+02 -0.3726242E+02  0.2235271E+04  0.2235271E+04
 -0.8147056E+01  0.2907852E+02 -0.3722558E+02  0.2209147E+04  0.2209147E+04
 -0.8004456E+01  0.2916015E+02 -0.3716461E+02  0.2243004E+04  0.2243004E+04
 -0.7843189E+01  0.2923633E+02 -0.3707951E+02  0.2174843E+04  0.2174843E+04
 -0.7681922E+01  0.2931250E+02 -0.3699442E+02  0.2158682E+04  0.2158682E+04
 -0.7520656E+01  0.2938867E+02 -0.3690932E+02  0.2129521E+04  0.2129521E+04
 -0.7453311E+01  0.2945746E+02 -0.3691077E+02  0.2238453E+04  0.2238453E+04
 -0.7479887E+01  0.2951888E+02 -0.3699877E+02  0.2251480E+04  0.2251480E+04
 -0.7506464E+01  0.2958031E+02 -0.3708677E+02  0.2194506E+04  0.2194506E+04
 -0.7533041E+01  0.2964173E+02 -0.3717477E+02  0.2222533E+04  0.2222533E+04
 -0.7494082E+01  0.2970915E+02 -0.3720323E+02  0.2282494E+04  0.2282494E+04
 -0.7389587E+01  0.2978257E+02 -0.3717215E+02  0.2165390E+04  0.2165390E+04
 -0.7285093E+01  0.2985599E+02 -0.3714108E+02  0.2175285E+04  0.2175285E+04
 -0.7180598E+01  0.2992941E+02 -0.3711000E+02  0.2163181E+04  0.2163181E+04
 -0.7149804E+01  0.3000086E+02 -0.3715067E+02  0.2209150E+04  0.2209150E+04
 -0.7192709E+01  0.3007036E+02 -0.3726307E+02  0.2291193E+04  0.2291193E+04
 -0.7235615E+01  0.3013986E+02 -0.3737548E+02  0.2227236E+04  0.2227236E+04
 -0.7278520E+01  0.3020936E+02 -0.3748788E+02  0.2258279E+04  0.2258279E+04
 -0.7255634E+01  0.3028482E+02 -0.3754045E+02  0.2299256E+04  0.2299256E+04
 -0.7166957E+01  0.3036624E+02 -0.3753319E+02  0.2165167E+04  0.2165167E+04
 -0.7078280E+01  0.3044766E+02 -0.3752594E+02  0.2135078E+04  0.2135078E+04
 -0.6989603E+01  0.3052907E+02 -0.3751867E+02  0.2202990E+04  0.2202990E+04
 -0.6879087E+01  0.3060337E+02 -0.3748246E+02  0.2263879E+04  0.2263879E+04
 -0.6746732E+01  0.3067055E+02 -0.3741728E+02  0.2269747E+04  0.2269747E+04
 -0.6614377E+01  0.3073773E+02 -0.3735211E+02  0.2160614E+04  0.2160614E+04
 -0.6482022E+01  0.3080491E+02 -0.3728693E+02  0.2185482E+04  0.2185482E+04
 -0.6536492E+01  0.3086656E+02 -0.3740305E+02  0.2260536E+04  0.2260536E+04
 -0.6777786E+01  0.3092267E+02 -0.3770045E+02  0.2198778E+04  0.2198778E+04
 -0.7019080E+01  0.3097878E+02 -0.3799786E+02  0.2266019E+04  0.2266019E+04
 -0.7260374E+01  0.3103489E+02 -0.3829527E+02  0.2185260E+04  0.2185260E+04
 -0.7398873E+01  0.3110934E+02 -0.3850822E+02  0.2299399E+04  0.2299399E+04
 -0.7434579E+01  0.3120213E+02 -0.3863671E+02  0.2335435E+04  0.2335435E+04
 -0.7470284E+01  0.3129491E+02 -0.3876520E+02  0.2269470E+04  0.2269470E+04
 -0.7505990E+01  0.3138770E+02 -0.3889369E+02  0.2317506E+04  0.2317506E+04
 -0.7351908E+01  0.3148444E+02 -0.3883635E+02  0.2397352E+04  0.2397352E+04
 -0.7008038E+01  0.3158513E+02 -0.3859317E+02  0.2223008E+04  0.2223008E+04
 -0.6664169E+01  0.3168582E+02 -0.3834999E+02  0.2222664E+04  0.2222664E+04
 -0.6320299E+01  0.3178651E+02 -0.3810681E+02  0.2237320E+04  0.2237320E+04
 -0.6243922E+01  0.3186593E+02 -0.3810985E+02  0.2250244E+04  0.2250244E+04
 -0.6435038E+01  0.3192408E+02 -0.3835912E+02  0.2265435E+04  0.2265435E+04
 -0.6626153E+01  0.3198223E+02 -0.3860838E+02  0.2296626E+04  0.2296626E+04
 -0.6817269E+01  0.3204037E+02 -0.3885764E+02  0.2253817E+04  0.2253817E+04
 -0.6958265E+01  0.3211248E+02 -0.3907075E+02  0.2314958E+04  0.2314958E+04
 -0.7049142E+01  0.3219855E+02 -0.3924770E+02  0.2348049E+04  0.2348049E+04
 -0.7140019E+01  0.3228462E+02 -0.3942464E+02  0.2312140E+04  0.2312140E+04
 -0.7230896E+01  0.3237069E+02 -0.3960159E+02  0.2285231E+04  0.2285231E+04
 -0.7294916E+01  0.3246063E+02 -0.3975555E+02  0.2331295E+04  0.2331295E+04
 -0.7332078E+01  0.3255445E+02 -0.3988653E+02  0.2385332E+04  0.2385332E+04
 -0.7369239E+01  0.3264826E+02 -0.4001750E+02  0.2398369E+04  0.2398369E+04
 -0.7406401E+01  0.3274208E+02 -0.4014848E+02  0.2344406E+04  0.2344406E+04
 -0.7464759E+01  0.3283777E+02 -0.4030253E+02  0.2343465E+04  0.2343465E+04
 -0.7544314E+01  0.3293535E+02 -0.4047967E+02  0.2345544E+04  0.2345544E+04
 -0.7623870E+01  0.3303293E+02 -0.4065680E+02  0.2358624E+04  0.2358624E+04
 -0.7703425E+01  0.3313051E+02 -0.4083393E+02  0.2382703E+04  0.2382703E+04
 -0.7714190E+01  0.3323302E+02 -0.4094721E+02  0.2379714E+04  0.2379714E+04
 -0.7656165E+01  0.3334047E+02 -0.4099664E+02  0.2476656E+04  0.2476656E+04
 -0.7598140E+01  0.3344792E+02 -0.4104606E+02  0.2417598E+04  0.2417598E+04
 -0.7540115E+01  0.3355537E+02 -0.4109548E+02  0.2429540E+04  0.2429540E+04
 -0.7544775E+01  0.3365897E+02 -0.4120375E+02  0.2425545E+04  0.2425545E+04
 -0.7612120E+01  0.3375874E+02 -0.4137086E+02  0.2370612E+04  0.2370612E+04
 -0.7679465E+01  0.3385852E+02 -0.4153798E+02  0.2477679E+04  0.2477679E+04
 -0.7746810E+01  0.3395829E+02 -0.4170510E+02  0.2385747E+04  0.2385747E+04
 -0.7640862E+01  0.3406155E+02 -0.4170242E+02  0.2443641E+04  0.2443641E+04
 -0.7361620E+01  0.3416831E+02 -0.4152993E+02  0.2488362E+04  0.2488362E+04
 -0.7082378E+01  0.3427507E+02 -0.4135745E+02  0.2377082E+04  0.2377082E+04
 -0.6803136E+01  0.3438184E+02 -0.4118497E+02  0.2463803E+04  0.2463803E+04
 -0.6697776E+01  0.3447047E+02 -0.4116825E+02  0.2429698E+04  0.2429698E+04
 -0.6766297E+01  0.3454099E+02 -0.4130729E+02  0.2342766E+04  0.2342766E+04
 -0.6834819E+01  0.3461152E+02 -0.4144633E+02  0.2466835E+04  0.2466835E+04
 -0.6903341E+01  0.3468203E+02 -0.4158538E+02  0.2373903E+04  0.2373903E+04
 -0.6835879E+01  0.3475567E+02 -0.4159155E+02  0.2420836E+04  0.2420836E+04
 -0.6632435E+01  0.3483242E+02 -0.4146486E+02  0.2435632E+04  0.2435632E+04
 -0.6428991E+01  0.3490918E+02 -0.4133817E+02  0.2421429E+04  0.2421429E+04
 -0.6225547E+01  0.3498594E+02 -0.4121148E+02  0.2395226E+04  0.2395226E+04
 -0.6096356E+01  0.3505317E+02 -0.4114953E+02  0.2456096E+04  0.2456096E+04
 -0.6041420E+01  0.3511090E+02 -0.4115232E+02  0.2300042E+04  0.2300042E+04
 -0.5986483E+01  0.3516863E+02 -0.4115511E+02  0.2389987E+04  0.2389987E+04
 -0.5931546E+01  0.3522636E+02 -0.4115791E+02  0.2417932E+04  0.2417932E+04
 -0.5830150E+01  0.3528400E+02 -0.4111415E+02  0.2320830E+04  0.2320830E+04
 -0.5682294E+01  0.3534156E+02 -0.4102386E+02  0.2443682E+04  0.2443682E+04
 -0.5534439E+01  0.3539912E+02 -0.4093356E+02  0.2345534E+04  0.2345534E+04
 -0.5386583E+01  0.3545668E+02 -0.4084326E+02  0.2425386E+04  0.2425386E+04
 -0.5183667E+01  0.3550928E+02 -0.4069295E+02  0.2424184E+04  0.2424184E+04
 -0.4925689E+01  0.3555692E+02 -0.4048261E+02  0.2290926E+04  0.2290926E+04
 -0.4667713E+01  0.3560456E+02 -0.4027227E+02  0.2303668E+04  0.2303668E+04
 -0.4409735E+01  0.3565220E+02 -0.4006194E+02  0.2303410E+04  0.2303410E+04
 -0.4190269E+01  0.3568792E+02 -0.3987819E+02  0.2294190E+04  0.2294190E+04
 -0.4009312E+01  0.3571172E+02 -0.3972103E+02  0.2383009E+04  0.2383009E+04
 -0.3828356E+01  0.3573552E+02 -0.3956388E+02  0.2320828E+04  0.2320828E+04
 -0.3647399E+01  0.3575932E+02 -0.3940672E+02  0.2219647E+04  0.2219647E+04
 -0.3417759E+01  0.3577475E+02 -0.3919250E+02  0.2318418E+04  0.2318418E+04
 -0.3139436E+01  0.3578179E+02 -0.3892123E+02  0.2230139E+04  0.2230139E+04
 -0.2861114E+01  0.3578884E+02 -0.3864995E+02  0.2181861E+04  0.2181861E+04
 -0.2582791E+01  0.3579588E+02 -0.3837867E+02  0.2224583E+04  0.2224583E+04
 -0.2403174E+01  0.3579261E+02 -0.3819578E+02  0.2230403E+04  0.2230403E+04
 -0.2322264E+01  0.3577901E+02 -0.3810127E+02  0.2189322E+04  0.2189322E+04
 -0.2241354E+01  0.3576541E+02 -0.3800677E+02  0.2149241E+04  0.2149241E+04
 -0.2160444E+01  0.3575182E+02 -0.3791226E+02  0.2139160E+04  0.2139160E+04
 -0.2076065E+01  0.3574129E+02 -0.3781735E+02  0.2228076E+04  0.2228076E+04
 -0.1988218E+01  0.3573383E+02 -0.3772205E+02  0.2217988E+04  0.2217988E+04
 -0.1900370E+01  0.3572637E+02 -0.3762674E+02  0.2172900E+04  0.2172900E+04
 -0.1812523E+01  0.3571891E+02 -0.3753143E+02  0.2102812E+04  0.2102812E+04
 -0.1749786E+01  0.3571354E+02 -0.3746332E+02  0.2168750E+04  0.2168750E+04
 -0.1712161E+01  0.3571025E+02 -0.3742242E+02  0.2198712E+04  0.2198712E+04
 -0.1674536E+01  0.3570698E+02 -0.3738151E+02  0.2206675E+04  0.2206675E+04
 -0.1636912E+01  0.3570370E+02 -0.3734061E+02  0.2136637E+04  0.2136637E+04
 -0.1585817E+01  0.3570402E+02 -0.3728983E+02  0.2182586E+04  0.2182586E+04
 -0.1521253E+01  0.3570794E+02 -0.3722919E+02  0.2077521E+04  0.2077521E+04
 -0.1456689E+01  0.3571186E+02 -0.3716855E+02  0.2119457E+04  0.2119457E+04
 -0.1392125E+01  0.3571578E+02 -0.3710791E+02  0.2162392E+04  0.2162392E+04
 -0.1245874E+01  0.3572071E+02 -0.3696659E+02  0.2115246E+04  0.2115246E+04
 -0.1017934E+01  0.3572665E+02 -0.3674459E+02  0.2147018E+04  0.2147018E+04
 -0.7899946E+00  0.3573260E+02 -0.3652259E+02  0.2097790E+04  0.2097790E+04
 -0.5620551E+00  0.3573854E+02 -0.3630060E+02  0.1980562E+04  0.1980562E+04
 -0.4915564E+00  0.3573217E+02 -0.3622373E+02  0.2105491E+04  0.2105491E+04
 -0.5784987E+00  0.3571349E+02 -0.3629199E+02  0.2112579E+04  0.2112579E+04
 -0.6654410E+00  0.3569480E+02 -0.3636024E+02  0.2067666E+04  0.2067666E+04
 -0.7523833E+00  0.3567612E+02 -0.3642850E+02  0.2079752E+04  0.2079752E+04
 -0.7129045E+00  0.3566764E+02 -0.3638055E+02  0.2072713E+04  0.2072713E+04
 -0.5470046E+00  0.3566938E+02 -0.3621638E+02  0.2131547E+04  0.2131547E+04
 -0.3811049E+00  0.3567111E+02 -0.3605222E+02  0.2033381E+04  0.2033381E+04
 -0.2152051E+00  0.3567285E+02 -0.3588805E+02  0.2022215E+04  0.2022215E+04
 -0.2395107E+00  0.3566928E+02 -0.3590879E+02  0.2087240E+04  0.2087240E+04
 -0.4540217E+00  0.3566042E+02 -0.3611444E+02  0.2054454E+04  0.2054454E+04
 -0.6685328E+00  0.3565156E+02 -0.3632009E+02  0.2079668E+04  0.2079668E+04
 -0.8830439E+00  0.3564270E+02 -0.3652574E+02  0.2041883E+04  0.2041883E+04
 -0.9354754E+00  0.3565067E+02 -0.3658615E+02  0.2071936E+04  0.2071936E+04
 -0.8258275E+00  0.3567550E+02 -0.3650132E+02  0.2190826E+04  0.2190826E+04
 -0.7161795E+00  0.3570032E+02 -0.3641650E+02  0.2089716E+04  0.2089716E+04
 -0.6065317E+00  0.3572514E+02 -0.3633167E+02  0.2004607E+04  0.2004607E+04
 -0.5517077E+00  0.3574560E+02 -0.3617020E+02  0.2086552E+04  0.2086552E+04
 -0.5517077E+00  0.3576170E+02 -0.3593208E+02  0.2124552E+04  0.2124552E+04
  0.4651528E+00  0.3577780E+02 -0.3569397E+02  0.1972535E+04  0.1972535E+04
  0.4651528E+00  0.3579390E+02 -0.3545585E+02  0.2031535E+04  0.2031535E+04
  0.4651528E+00  0.3579542E+02 -0.3544789E+02  0.2019535E+04  0.2019535E+04
  0.4651528E+00  0.3578238E+02 -0.3567009E+02  0.2056535E+04  0.2056535E+04
 -0.4758024E+00  0.3576933E+02 -0.3589228E+02  0.2097476E+04  0.2097476E+04
 -0.4758024E+00  0.3575629E+02 -0.3611448E+02  0.2097476E+04  0.2097476E+04
 -0.4575649E+00  0.3575899E+02 -0.3621656E+02  0.2072458E+04  0.2072458E+04
 -0.4210900E+00  0.3577744E+02 -0.3619853E+02  0.1982421E+04  0.1982421E+04
 -0.3846150E+00  0.3579589E+02 -0.3618050E+02  0.2072385E+04  0.2072385E+04
 -0.3481401E+00  0.3581433E+02 -0.3616248E+02  0.1973348E+04  0.1973348E+04
 -0.3299026E+00  0.3583308E+02 -0.3605733E+02  0.2102330E+04  0.2102330E+04
 -0.3299026E+00  0.3585211E+02 -0.3586508E+02  0.2083330E+04  0.2083330E+04
  0.5152454E+00  0.3587114E+02 -0.3567282E+02  0.2001485E+04  0.2001485E+04
  0.5152454E+00  0.3589017E+02 -0.3548057E+02  0.2017485E+04  0.2017485E+04
  0.5152454E+00  0.3589640E+02 -0.3550853E+02  0.2004485E+04  0.2004485E+04
  0.5152454E+00  0.3588983E+02 -0.3575668E+02  0.2024485E+04  0.2024485E+04
 -0.5036789E+00  0.3588326E+02 -0.3600484E+02  0.2033504E+04  0.2033504E+04
 -0.5036789E+00  0.3587669E+02 -0.3625299E+02  0.2041504E+04  0.2041504E+04
 -0.5036789E+00  0.3588805E+02 -0.3632631E+02  0.2102504E+04  0.2102504E+04
 -0.5036789E+00  0.3591735E+02 -0.3622479E+02  0.2098504E+04  0.2098504E+04
  0.1962758E-01  0.3594665E+02 -0.3612326E+02  0.1983980E+04  0.1983980E+04
  0.1962758E-01  0.3597595E+02 -0.3602174E+02  0.2103980E+04  0.2103980E+04
  0.2414149E-01  0.3599834E+02 -0.3597420E+02  0.2074976E+04  0.2074976E+04
  0.3316930E-01  0.3601380E+02 -0.3598063E+02  0.2017967E+04  0.2017967E+04
  0.4219710E-01  0.3602927E+02 -0.3598707E+02  0.2041958E+04  0.2041958E+04
  0.5122492E-01  0.3604473E+02 -0.3599351E+02  0.2052949E+04  0.2052949E+04
  0.5573882E-01  0.3605752E+02 -0.3606396E+02  0.2022944E+04  0.2022944E+04
  0.5573882E-01  0.3606762E+02 -0.3619843E+02  0.2038944E+04  0.2038944E+04
 -0.4417156E+00  0.3607773E+02 -0.3633290E+02  0.2096442E+04  0.2096442E+04
 -0.4417156E+00  0.3608783E+02 -0.3646737E+02  0.2051442E+04  0.2051442E+04
 -0.4417156E+00  0.3610637E+02 -0.3643730E+02  0.2040442E+04  0.2040442E+04
 -0.4417156E+00  0.3613334E+02 -0.3624269E+02  0.2083442E+04  0.2083442E+04
  0.4445886E+00  0.3616031E+02 -0.3604809E+02  0.1988555E+04  0.1988555E+04
  0.4445886E+00  0.3618728E+02 -0.3585348E+02  0.2008555E+04  0.2008555E+04
  0.4128080E+00  0.3620063E+02 -0.3578783E+02  0.2058587E+04  0.2058587E+04
  0.3492468E+00  0.3620037E+02 -0.3585113E+02  0.2032651E+04  0.2032651E+04
  0.2856856E+00  0.3620011E+02 -0.3591442E+02  0.2046714E+04  0.2046714E+04
  0.2221244E+00  0.3619985E+02 -0.3597772E+02  0.2048778E+04  0.2048778E+04
  0.2095056E+00  0.3620426E+02 -0.3599476E+02  0.2108791E+04  0.2108791E+04
  0.2478292E+00  0.3621336E+02 -0.3596553E+02  0.1938752E+04  0.1938752E+04
  0.2861529E+00  0.3622246E+02 -0.3593631E+02  0.1953714E+04  0.1953714E+04
  0.3244765E+00  0.3623156E+02 -0.3590708E+02  0.2052676E+04  0.2052676E+04
  0.4174802E+00  0.3624001E+02 -0.3582253E+02  0.2051583E+04  0.2051583E+04
  0.5651640E+00  0.3624782E+02 -0.3568266E+02  0.2055435E+04  0.2055435E+04
  0.7128478E+00  0.3625563E+02 -0.3554279E+02  0.1993287E+04  0.1993287E+04
  0.8605315E+00  0.3626345E+02 -0.3540292E+02  0.1965140E+04  0.1965140E+04
  0.9343734E+00  0.3626318E+02 -0.3548504E+02  0.2041066E+04  0.2041066E+04
  0.9343734E+00  0.3625483E+02 -0.3578916E+02  0.1984066E+04  0.1984066E+04
 -0.3154882E+00  0.3624648E+02 -0.3609327E+02  0.2072315E+04  0.2072315E+04
 -0.3154882E+00  0.3623814E+02 -0.3639739E+02  0.2031315E+04  0.2031315E+04
 -0.3154882E+00  0.3624917E+02 -0.3650199E+02  0.2132315E+04  0.2132315E+04
 -0.3154882E+00  0.3627958E+02 -0.3640707E+02  0.1999315E+04  0.1999315E+04
  0.1858475E+00  0.3631000E+02 -0.3631215E+02  0.2089814E+04  0.2089814E+04
  0.1858475E+00  0.3634041E+02 -0.3621723E+02  0.2023814E+04  0.2023814E+04
  0.2386472E+00  0.3636304E+02 -0.3612439E+02  0.2059761E+04  0.2059761E+04
  0.3442468E+00  0.3637788E+02 -0.3603363E+02  0.1966656E+04  0.1966656E+04
  0.4498463E+00  0.3639272E+02 -0.3594287E+02  0.2009550E+04  0.2009550E+04
  0.5554458E+00  0.3640756E+02 -0.3585211E+02  0.1990445E+04  0.1990445E+04
  0.5664291E+00  0.3641507E+02 -0.3584864E+02  0.2021434E+04  0.2021434E+04
  0.4827961E+00  0.3641524E+02 -0.3593245E+02  0.2033517E+04  0.2033517E+04
  0.3991631E+00  0.3641542E+02 -0.3601625E+02  0.2021601E+04  0.2021601E+04
  0.3155301E+00  0.3641559E+02 -0.3610006E+02  0.2049685E+04  0.2049685E+04
  0.2493120E+00  0.3642225E+02 -0.3617294E+02  0.2102751E+04  0.2102751E+04
  0.2005088E+00  0.3643540E+02 -0.3623489E+02  0.1953799E+04  0.1953799E+04
  0.1517055E+00  0.3644854E+02 -0.3629684E+02  0.2001848E+04  0.2001848E+04
  0.1029023E+00  0.3646169E+02 -0.3635879E+02  0.2077897E+04  0.2077897E+04
  0.1532049E+00  0.3647869E+02 -0.3632549E+02  0.2034847E+04  0.2034847E+04
  0.3026133E+00  0.3649956E+02 -0.3619695E+02  0.2065697E+04  0.2065697E+04
  0.4520218E+00  0.3652042E+02 -0.3606840E+02  0.1996548E+04  0.1996548E+04
  0.6014304E+00  0.3654129E+02 -0.3593986E+02  0.2039399E+04  0.2039399E+04
  0.6432831E+00  0.3655272E+02 -0.3590944E+02  0.2008357E+04  0.2008357E+04
  0.5775803E+00  0.3655472E+02 -0.3597714E+02  0.2016422E+04  0.2016422E+04
  0.5118775E+00  0.3655672E+02 -0.3604484E+02  0.2024488E+04  0.2024488E+04
  0.4461747E+00  0.3655871E+02 -0.3611254E+02  0.1967554E+04  0.1967554E+04
  0.3915316E+00  0.3656397E+02 -0.3617244E+02  0.1989609E+04  0.1989609E+04
  0.3479483E+00  0.3657248E+02 -0.3622454E+02  0.2114652E+04  0.2114652E+04
  0.3043649E+00  0.3658100E+02 -0.3627663E+02  0.2122696E+04  0.2122696E+04
  0.2607816E+00  0.3658952E+02 -0.3632873E+02  0.2016739E+04  0.2016739E+04
  0.6156021E+00  0.3660162E+02 -0.3598602E+02  0.2028384E+04  0.2028384E+04
  0.1368827E+01  0.3661733E+02 -0.3524850E+02  0.1966631E+04  0.1966631E+04
  0.2122051E+01  0.3663303E+02 -0.3451098E+02  0.1949878E+04  0.1949878E+04
  0.2875276E+01  0.3664874E+02 -0.3377346E+02  0.1867125E+04  0.1867125E+04
  0.3442281E+01  0.3661891E+02 -0.3317663E+02  0.1780558E+04  0.1780558E+04
  0.3823067E+01  0.3654355E+02 -0.3272049E+02  0.1864177E+04  0.1864177E+04
  0.4203854E+01  0.3646820E+02 -0.3226434E+02  0.1787796E+04  0.1787796E+04
  0.4584640E+01  0.3639284E+02 -0.3180820E+02  0.1799415E+04  0.1799415E+04
  0.4825769E+01  0.3630021E+02 -0.3147444E+02  0.1727174E+04  0.1727174E+04
  0.4927241E+01  0.3619029E+02 -0.3126305E+02  0.1731073E+04  0.1731073E+04
  0.5028712E+01  0.3608038E+02 -0.3105166E+02  0.1776971E+04  0.1776971E+04
  0.5130184E+01  0.3597046E+02 -0.3084027E+02  0.1714870E+04  0.1714870E+04
  0.5243716E+01  0.3586612E+02 -0.3062240E+02  0.1691756E+04  0.1691756E+04
  0.5369308E+01  0.3576735E+02 -0.3039804E+02  0.1666631E+04  0.1666631E+04
  0.5494900E+01  0.3566858E+02 -0.3017368E+02  0.1599505E+04  0.1599505E+04
  0.5620492E+01  0.3556981E+02 -0.2994932E+02  0.1655380E+04  0.1655380E+04
  0.5601394E+01  0.3547256E+02 -0.2987116E+02  0.1715399E+04  0.1715399E+04
  0.5437605E+01  0.3537682E+02 -0.2993921E+02  0.1664562E+04  0.1664562E+04
  0.5273816E+01  0.3528108E+02 -0.3000726E+02  0.1712726E+04  0.1712726E+04
  0.5110026E+01  0.3518534E+02 -0.3007531E+02  0.1635890E+04  0.1635890E+04
  0.5042801E+01  0.3510673E+02 -0.3006393E+02  0.1652957E+04  0.1652957E+04
  0.5072138E+01  0.3504526E+02 -0.2997312E+02  0.1686928E+04  0.1686928E+04
  0.5101476E+01  0.3498379E+02 -0.2988231E+02  0.1676899E+04  0.1676899E+04
  0.5130813E+01  0.3492231E+02 -0.2979150E+02  0.1670869E+04  0.1670869E+04
  0.5347344E+01  0.3486354E+02 -0.2951620E+02  0.1600653E+04  0.1600653E+04
  0.5751068E+01  0.3480746E+02 -0.2905640E+02  0.1653249E+04  0.1653249E+04
  0.6154791E+01  0.3475138E+02 -0.2859660E+02  0.1642845E+04  0.1642845E+04
  0.6558515E+01  0.3469531E+02 -0.2813680E+02  0.1572442E+04  0.1572442E+04
  0.7243004E+01  0.3461703E+02 -0.2737402E+02  0.1528757E+04  0.1528757E+04
  0.8208258E+01  0.3451654E+02 -0.2630828E+02  0.1438792E+04  0.1438792E+04
  0.9173512E+01  0.3441605E+02 -0.2524254E+02  0.1387827E+04  0.1387827E+04
  0.1013877E+02  0.3431556E+02 -0.2417679E+02  0.1400861E+04  0.1400861E+04
  0.1123122E+02  0.3416200E+02 -0.2293078E+02  0.1287769E+04  0.1287769E+04
  0.1245088E+02  0.3395537E+02 -0.2150449E+02  0.1140549E+04  0.1140549E+04
  0.1367054E+02  0.3374874E+02 -0.2007820E+02  0.1119329E+04  0.1119329E+04
  0.1489021E+02  0.3354211E+02 -0.1865191E+02  0.1026110E+04  0.1026110E+04
  0.1586268E+02  0.3327545E+02 -0.1741277E+02  0.9261373E+03  0.9261373E+03
  0.1658796E+02  0.3294874E+02 -0.1636078E+02  0.8564120E+03  0.8564120E+03
  0.1731324E+02  0.3262203E+02 -0.1530879E+02  0.7766868E+03  0.7766868E+03
  0.1803852E+02  0.3229532E+02 -0.1425681E+02  0.7529615E+03  0.7529615E+03
  0.1841281E+02  0.3194870E+02 -0.1353589E+02  0.7785872E+03  0.7785872E+03
  0.1843612E+02  0.3158218E+02 -0.1314606E+02  0.6665639E+03  0.6665639E+03
  0.1845943E+02  0.3121565E+02 -0.1275622E+02  0.6675406E+03  0.6675406E+03
  0.1848274E+02  0.3084912E+02 -0.1236639E+02  0.6155173E+03  0.6155173E+03
  0.1836238E+02  0.3050944E+02 -0.1214706E+02  0.6776376E+03  0.6776376E+03
  0.1809835E+02  0.3019658E+02 -0.1209824E+02  0.6639017E+03  0.6639017E+03
  0.1783432E+02  0.2988374E+02 -0.1204941E+02  0.6911656E+03  0.6911656E+03
  0.1757029E+02  0.2957088E+02 -0.1200059E+02  0.6454297E+03  0.6454297E+03
  0.1732679E+02  0.2929593E+02 -0.1196914E+02  0.6526732E+03  0.6526732E+03
  0.1710381E+02  0.2905886E+02 -0.1195506E+02  0.5938962E+03  0.5938962E+03
  0.1688083E+02  0.2882180E+02 -0.1194097E+02  0.6871191E+03  0.6871191E+03
  0.1665785E+02  0.2858474E+02 -0.1192689E+02  0.5963422E+03  0.5963422E+03
  0.1645257E+02  0.2837289E+02 -0.1192032E+02  0.6385474E+03  0.6385474E+03
  0.1626499E+02  0.2818626E+02 -0.1192127E+02  0.6507350E+03  0.6507350E+03
  0.1607741E+02  0.2799963E+02 -0.1192222E+02  0.6459226E+03  0.6459226E+03
  0.1588984E+02  0.2781300E+02 -0.1192316E+02  0.6471102E+03  0.6471102E+03
  0.1579202E+02  0.2764221E+02 -0.1185019E+02  0.6822080E+03  0.6822080E+03
  0.1578396E+02  0.2748726E+02 -0.1170329E+02  0.6002161E+03  0.6002161E+03
  0.1577590E+02  0.2733230E+02 -0.1155640E+02  0.6132241E+03  0.6132241E+03
  0.1576784E+02  0.2717735E+02 -0.1140950E+02  0.6232322E+03  0.6232322E+03
  0.1567376E+02  0.2702386E+02 -0.1135009E+02  0.6283262E+03  0.6283262E+03
  0.1549366E+02  0.2687182E+02 -0.1137816E+02  0.5805063E+03  0.5805063E+03
  0.1531356E+02  0.2671979E+02 -0.1140623E+02  0.6346865E+03  0.6346865E+03
  0.1513346E+02  0.2656776E+02 -0.1143430E+02  0.6308665E+03  0.6308665E+03
  0.1503886E+02  0.2642644E+02 -0.1138758E+02  0.6049611E+03  0.6049611E+03
  0.1502978E+02  0.2629584E+02 -0.1126606E+02  0.5959702E+03  0.5959702E+03
  0.1502069E+02  0.2616524E+02 -0.1114454E+02  0.5449793E+03  0.5449793E+03
  0.1501161E+02  0.2603463E+02 -0.1102303E+02  0.6089884E+03  0.6089884E+03
  0.1484365E+02  0.2590419E+02 -0.1106054E+02  0.5711564E+03  0.5711564E+03
  0.1451684E+02  0.2577391E+02 -0.1125708E+02  0.6334832E+03  0.6334832E+03
  0.1419001E+02  0.2564363E+02 -0.1145362E+02  0.6528100E+03  0.6528100E+03
  0.1386320E+02  0.2551335E+02 -0.1165016E+02  0.6261368E+03  0.6261368E+03
  0.1377738E+02  0.2540128E+02 -0.1162389E+02  0.6512226E+03  0.6512226E+03
  0.1393258E+02  0.2530741E+02 -0.1137482E+02  0.6040674E+03  0.6040674E+03
  0.1408778E+02  0.2521354E+02 -0.1112575E+02  0.5669122E+03  0.5669122E+03
  0.1424298E+02  0.2511967E+02 -0.1087668E+02  0.5667570E+03  0.5667570E+03
  0.1422759E+02  0.2501372E+02 -0.1078613E+02  0.5957724E+03  0.5957724E+03
  0.1404160E+02  0.2489570E+02 -0.1085409E+02  0.5829584E+03  0.5829584E+03
  0.1385562E+02  0.2477767E+02 -0.1092206E+02  0.5901444E+03  0.5901444E+03
  0.1366963E+02  0.2465965E+02 -0.1099002E+02  0.6143304E+03  0.6143304E+03
  0.1359391E+02  0.2454963E+02 -0.1095573E+02  0.5944061E+03  0.5944061E+03
  0.1362845E+02  0.2444763E+02 -0.1081917E+02  0.5743715E+03  0.5743715E+03
  0.1366299E+02  0.2434562E+02 -0.1068262E+02  0.5653370E+03  0.5653370E+03
  0.1369754E+02  0.2424361E+02 -0.1054607E+02  0.5843025E+03  0.5843025E+03
  0.1376096E+02  0.2413727E+02 -0.1037632E+02  0.5672390E+03  0.5672390E+03
  0.1385325E+02  0.2402661E+02 -0.1017336E+02  0.5321467E+03  0.5321467E+03
  0.1394554E+02  0.2391594E+02 -0.9970400E+01  0.5380544E+03  0.5380544E+03
  0.1403784E+02  0.2380528E+02 -0.9767441E+01  0.5119622E+03  0.5119622E+03
  0.1408322E+02  0.2368617E+02 -0.9602951E+01  0.4979168E+03  0.4979168E+03
  0.1408168E+02  0.2355861E+02 -0.9476931E+01  0.5189183E+03  0.5189183E+03
  0.1408015E+02  0.2343106E+02 -0.9350909E+01  0.5349199E+03  0.5349199E+03
  0.1407861E+02  0.2330350E+02 -0.9224889E+01  0.4989214E+03  0.4989214E+03
  0.1426346E+02  0.2317540E+02 -0.8911933E+01  0.4467365E+03  0.4467365E+03
  0.1463470E+02  0.2304674E+02 -0.8412044E+01  0.4733653E+03  0.4733653E+03
  0.1500593E+02  0.2291808E+02 -0.7912153E+01  0.4429941E+03  0.4429941E+03
  0.1537716E+02  0.2278942E+02 -0.7412263E+01  0.4156228E+03  0.4156228E+03
  0.1596241E+02  0.2263880E+02 -0.6676396E+01  0.3640376E+03  0.3640376E+03
  0.1676168E+02  0.2246623E+02 -0.5704552E+01  0.2852383E+03  0.2852383E+03
  0.1756094E+02  0.2229365E+02 -0.4732708E+01  0.2124391E+03  0.2124391E+03
  0.1836021E+02  0.2212108E+02 -0.3760864E+01  0.1936398E+03  0.1936398E+03
  0.1888204E+02  0.2190333E+02 -0.3021291E+01  0.1231180E+03  0.1231180E+03
  0.1912643E+02  0.2164042E+02 -0.2513987E+01  0.1148736E+03  0.1148736E+03
  0.1937082E+02  0.2137751E+02 -0.2006682E+01  0.7862917E+02  0.7862917E+02
  0.1961522E+02  0.2111459E+02 -0.1499379E+01  0.5938478E+02  0.5938478E+02
  0.1967431E+02  0.2084658E+02 -0.1172273E+01  0.3432569E+02  0.3432569E+02
  0.1954810E+02  0.2057346E+02 -0.1025365E+01  0.2245190E+02  0.2245190E+02
  0.1942189E+02  0.2030035E+02 -0.8784583E+00  0.1557811E+02  0.1557811E+02
  0.1929568E+02  0.2002723E+02 -0.7315510E+00  0.1570432E+02  0.1570432E+02
  0.1913838E+02  0.1977427E+02 -0.6358804E+00  0.2086162E+02  0.2086162E+02
  0.1895000E+02  0.1954145E+02 -0.5914465E+00  0.1505000E+02  0.1505000E+02
  0.1876162E+02  0.1930863E+02 -0.5470126E+00  0.1023838E+02  0.1023838E+02
  0.1857324E+02  0.1907582E+02 -0.5025787E+00  0.1142676E+02  0.1142676E+02
  0.1838217E+02  0.1886142E+02 -0.4792530E+00  0.8617832E+01  0.8617832E+01
  0.1818841E+02  0.1866544E+02 -0.4770356E+00  0.8115940E+00  0.8115940E+00
  0.1799464E+02  0.1846946E+02 -0.4748181E+00  0.1100536E+02  0.1100536E+02
  0.1780088E+02  0.1827349E+02 -0.4726007E+00  0.3199118E+01  0.3199118E+01
  0.1763793E+02  0.1809056E+02 -0.4526340E+00  0.1362070E+01  0.1362070E+01
  0.1750578E+02  0.1792070E+02 -0.4149181E+00  0.1649422E+02  0.1649422E+02
  0.1737364E+02  0.1775084E+02 -0.3772021E+00 -0.3736362E+00  0.0000000E+00
  0.1724149E+02  0.1758098E+02 -0.3394862E+00 -0.3241488E+01  0.0000000E+00
  0.1709534E+02  0.1741772E+02 -0.3223720E+00  0.2904657E+01  0.2904657E+01
  0.1693520E+02  0.1726106E+02 -0.3258593E+00  0.2064802E+01  0.2064802E+01
  0.1677505E+02  0.1710440E+02 -0.3293467E+00 -0.1775055E+01  0.0000000E+00
  0.1661491E+02  0.1694774E+02 -0.3328341E+00  0.3850899E+00  0.3850899E+00
  0.1647142E+02  0.1679856E+02 -0.3271460E+00  0.5528582E+01  0.5528582E+01
  0.1634458E+02  0.1665686E+02 -0.3122823E+00  0.2655420E+01  0.2655420E+01
  0.1621774E+02  0.1651516E+02 -0.2974186E+00 -0.5217741E+01  0.0000000E+00
  0.1609090E+02  0.1637346E+02 -0.2825549E+00 -0.3090902E+01  0.0000000E+00
  0.1595151E+02  0.1623702E+02 -0.2855050E+00  0.4848576E-01  0.4848576E-01
  0.1579957E+02  0.1610584E+02 -0.3062689E+00  0.4200427E+01  0.4200427E+01
  0.1564763E+02  0.1597467E+02 -0.3270328E+00  0.2352366E+01  0.2352366E+01
  0.1549569E+02  0.1584349E+02 -0.3477967E+00  0.1504308E+01  0.1504308E+01
  0.1536998E+02  0.1571843E+02 -0.3484541E+00  0.7630024E+01  0.7630024E+01
  0.1527048E+02  0.1559949E+02 -0.3290051E+00  0.4729517E+01  0.4729517E+01
  0.1517099E+02  0.1548055E+02 -0.3095561E+00  0.2829009E+01  0.2829009E+01
  0.1507150E+02  0.1536160E+02 -0.2901071E+00 -0.1071498E+01  0.0000000E+00
  0.1495496E+02  0.1524514E+02 -0.2901807E+00  0.4504013E-01  0.4504013E-01
  0.1482138E+02  0.1513115E+02 -0.3097770E+00 -0.8213768E+00  0.0000000E+00
  0.1468779E+02  0.1501717E+02 -0.3293733E+00  0.1312206E+01  0.1312206E+01
  0.1455421E+02  0.1490318E+02 -0.3489696E+00  0.5445789E+01  0.5445789E+01
  0.1444651E+02  0.1479322E+02 -0.3467119E+00  0.4553494E+01  0.4553494E+01
  0.1436468E+02  0.1468728E+02 -0.3226002E+00  0.8635321E+01  0.8635321E+01
  0.1428285E+02  0.1458134E+02 -0.2984885E+00 -0.2282853E+01  0.0000000E+00
  0.1420103E+02  0.1447540E+02 -0.2743769E+00 -0.1201027E+01  0.0000000E+00
  0.1411096E+02  0.1437043E+02 -0.2594635E+00  0.3889037E+01  0.3889037E+01
  0.1401266E+02  0.1426641E+02 -0.2537486E+00 -0.1266384E-01  0.0000000E+00
  0.1391436E+02  0.1416240E+02 -0.2480337E+00  0.5085637E+01  0.5085637E+01
  0.1381606E+02  0.1405838E+02 -0.2423188E+00 -0.4816064E+01  0.0000000E+00
  0.1371207E+02  0.1395617E+02 -0.2440934E+00 -0.3712073E+01  0.0000000E+00
  0.1360239E+02  0.1385575E+02 -0.2533575E+00  0.3976059E+00  0.3976059E+00
  0.1349271E+02  0.1375534E+02 -0.2626216E+00 -0.1492715E+01  0.0000000E+00
  0.1338304E+02  0.1365492E+02 -0.2718858E+00  0.3616964E+01  0.3616964E+01
  0.1328652E+02  0.1355731E+02 -0.2707922E+00  0.2713479E+01  0.2713479E+01
  0.1320317E+02  0.1346251E+02 -0.2593410E+00  0.1796828E+01  0.1796828E+01
  0.1311982E+02  0.1336771E+02 -0.2478898E+00  0.1880178E+01  0.1880178E+01
  0.1303647E+02  0.1327291E+02 -0.2364386E+00 -0.3647232E-01  0.0000000E+00
  0.1294718E+02  0.1317908E+02 -0.2318948E+00  0.5281830E-01  0.5281830E-01
  0.1285195E+02  0.1308621E+02 -0.2342584E+00 -0.3851950E+01  0.0000000E+00
  0.1275672E+02  0.1299334E+02 -0.2366221E+00 -0.1756718E+01  0.0000000E+00
  0.1266149E+02  0.1290047E+02 -0.2389857E+00  0.2338514E+01  0.2338514E+01
  0.1257027E+02  0.1280930E+02 -0.2390282E+00  0.1429731E+01  0.1429731E+01
  0.1248307E+02  0.1271982E+02 -0.2367495E+00 -0.4830666E+00  0.0000000E+00
  0.1239587E+02  0.1263034E+02 -0.2344709E+00 -0.6395865E+01  0.0000000E+00
  0.1230866E+02  0.1254086E+02 -0.2321923E+00  0.1691337E+01  0.1691337E+01
  0.1222199E+02  0.1245247E+02 -0.2304884E+00  0.2778014E+01  0.2778014E+01
  0.1213583E+02  0.1236519E+02 -0.2293593E+00  0.2864167E+01  0.2864167E+01
  0.1204968E+02  0.1227791E+02 -0.2282303E+00 -0.3049680E+01  0.0000000E+00
  0.1196353E+02  0.1219063E+02 -0.2271012E+00  0.3036473E+01  0.3036473E+01
  0.1187543E+02  0.1210430E+02 -0.2288678E+00  0.3124566E+01  0.3124566E+01
  0.1178540E+02  0.1201893E+02 -0.2335301E+00 -0.1785400E+01  0.0000000E+00
  0.1169537E+02  0.1193356E+02 -0.2381923E+00  0.1304632E+01  0.1304632E+01
  0.1160533E+02  0.1184819E+02 -0.2428546E+00  0.1039467E+02  0.1039467E+02
  0.1152459E+02  0.1176401E+02 -0.2394267E+00 -0.2524586E+01  0.0000000E+00
  0.1145312E+02  0.1168103E+02 -0.2279086E+00 -0.2453122E+01  0.0000000E+00
  0.1138166E+02  0.1159805E+02 -0.2163905E+00 -0.2381659E+01  0.0000000E+00
  0.1131019E+02  0.1151507E+02 -0.2048724E+00  0.3689805E+01  0.3689805E+01
  0.1123229E+02  0.1143201E+02 -0.1997180E+00  0.7677059E+00  0.7677059E+00
  0.1114796E+02  0.1134888E+02 -0.2009274E+00 -0.4147957E+01  0.0000000E+00
  0.1106362E+02  0.1126576E+02 -0.2021369E+00  0.9363794E+00  0.9363794E+00
  0.1097928E+02  0.1118263E+02 -0.2033463E+00 -0.3979283E+01  0.0000000E+00
  0.1089324E+02  0.1110011E+02 -0.2068724E+00 -0.2893238E+01  0.0000000E+00
  0.1080548E+02  0.1101820E+02 -0.2127154E+00  0.6194515E+01  0.6194515E+01
  0.1071773E+02  0.1093629E+02 -0.2185583E+00 -0.7177315E+00  0.0000000E+00
  0.1062998E+02  0.1085438E+02 -0.2244012E+00  0.2370022E+01  0.2370022E+01
  0.1055053E+02  0.1077380E+02 -0.2232737E+00  0.3449473E+01  0.3449473E+01
  0.1047938E+02  0.1069455E+02 -0.2151757E+00  0.1520624E+01  0.1520624E+01
  0.1040823E+02  0.1061530E+02 -0.2070778E+00  0.2591774E+01  0.2591774E+01
  0.1033708E+02  0.1053606E+02 -0.1989798E+00 -0.1337075E+01  0.0000000E+00
  0.1026266E+02  0.1045761E+02 -0.1949498E+00 -0.3262658E+01  0.0000000E+00
  0.1018497E+02  0.1037996E+02 -0.1949876E+00  0.2815025E+01  0.2815025E+01
  0.1010729E+02  0.1030232E+02 -0.1950253E+00  0.1892710E+01  0.1892710E+01
  0.1002961E+02  0.1022467E+02 -0.1950631E+00 -0.2960682E-01  0.0000000E+00
  0.9951063E+01  0.1014848E+02 -0.1974185E+00  0.2048937E+01  0.2048937E+01
  0.9871659E+01  0.1007375E+02 -0.2020914E+00 -0.1871659E+01  0.0000000E+00
  0.9792256E+01  0.9999021E+01 -0.2067643E+00  0.2207744E+01  0.2207744E+01
  0.9712852E+01  0.9924290E+01 -0.2114372E+00 -0.3712852E+01  0.0000000E+00
  0.9636315E+01  0.9851276E+01 -0.2149613E+00  0.3363685E+01  0.3363685E+01
  0.9562644E+01  0.9779981E+01 -0.2173365E+00  0.5437356E+01  0.5437356E+01
  0.9488974E+01  0.9708685E+01 -0.2197116E+00 -0.4889736E+00  0.0000000E+00
  0.9415302E+01  0.9637389E+01 -0.2220868E+00  0.4584698E+01  0.4584698E+01
  0.9351054E+01  0.9567372E+01 -0.2163177E+00  0.1648946E+01  0.1648946E+01
  0.9296229E+01  0.9498633E+01 -0.2024042E+00  0.4703771E+01  0.4703771E+01
  0.9241405E+01  0.9429896E+01 -0.1884908E+00 -0.2241405E+01  0.0000000E+00
  0.9186581E+01  0.9361157E+01 -0.1745773E+00  0.1813419E+01  0.1813419E+01
  0.9124901E+01  0.9292539E+01 -0.1676376E+00 -0.2124901E+01  0.0000000E+00
  0.9056367E+01  0.9224038E+01 -0.1676714E+00  0.1943633E+01  0.1943633E+01
  0.8987832E+01  0.9155538E+01 -0.1677053E+00 -0.9878321E+00  0.0000000E+00
  0.8919298E+01  0.9087037E+01 -0.1677392E+00 -0.2919298E+01  0.0000000E+00
  0.8848892E+01  0.9019577E+01 -0.1706846E+00 -0.8488922E+00  0.0000000E+00
  0.8776615E+01  0.8953156E+01 -0.1765414E+00  0.5223385E+01  0.5223385E+01
  0.8704337E+01  0.8886736E+01 -0.1823983E+00  0.5295663E+01  0.5295663E+01
  0.8632060E+01  0.8820315E+01 -0.1882551E+00 -0.1632060E+01  0.0000000E+00
  0.8561810E+01  0.8755338E+01 -0.1935270E+00  0.4381895E+00  0.4381895E+00
  0.8493588E+01  0.8691803E+01 -0.1982139E+00  0.2506412E+01  0.2506412E+01
  0.8425367E+01  0.8628268E+01 -0.2029008E+00  0.6574633E+01  0.6574633E+01
  0.8357145E+01  0.8564734E+01 -0.2075876E+00  0.5642855E+01  0.5642855E+01
  0.8298800E+01  0.8502328E+01 -0.2035282E+00 -0.1298800E+01  0.0000000E+00
  0.8250330E+01  0.8441052E+01 -0.1907224E+00  0.7496700E+00  0.7496700E+00
  0.8201859E+01  0.8379776E+01 -0.1779166E+00 -0.3201859E+01  0.0000000E+00
  0.8153390E+01  0.8318501E+01 -0.1651108E+00  0.3846610E+01  0.3846610E+01
  0.8100801E+01  0.8257194E+01 -0.1563932E+00  0.8991995E+00  0.8991995E+00
  0.8044092E+01  0.8195855E+01 -0.1517638E+00 -0.4409218E-01  0.0000000E+00
  0.7987383E+01  0.8134518E+01 -0.1471344E+00  0.3012617E+01  0.3012617E+01
  0.7930675E+01  0.8073179E+01 -0.1425050E+00 -0.1930675E+01  0.0000000E+00
  0.7876304E+01  0.8012415E+01 -0.1361113E+00 -0.2876304E+01  0.0000000E+00
  0.7824272E+01  0.7952226E+01 -0.1279535E+00  0.1757283E+00  0.1757283E+00
  0.7772240E+01  0.7892035E+01 -0.1197957E+00 -0.4772240E+01  0.0000000E+00
  0.7720208E+01  0.7831846E+01 -0.1116379E+00 -0.7202077E+00  0.0000000E+00
  0.7656971E+01  0.7772146E+01 -0.1151751E+00 -0.1656971E+01  0.0000000E+00
  0.7582528E+01  0.7712935E+01 -0.1304072E+00 -0.5825281E+00  0.0000000E+00
  0.7508086E+01  0.7653725E+01 -0.1456393E+00  0.4919143E+00  0.4919143E+00
  0.7433643E+01  0.7594515E+01 -0.1608715E+00  0.3566357E+01  0.3566357E+01
  0.7368033E+01  0.7537119E+01 -0.1690866E+00 -0.2368033E+01  0.0000000E+00
  0.7311254E+01  0.7481538E+01 -0.1702848E+00  0.4688746E+01  0.4688746E+01
  0.7254475E+01  0.7425958E+01 -0.1714829E+00 -0.2254475E+01  0.0000000E+00
  0.7197695E+01  0.7370377E+01 -0.1726811E+00  0.4802305E+01  0.4802305E+01
  0.7145772E+01  0.7315550E+01 -0.1697780E+00 -0.1457715E+00  0.0000000E+00
  0.7098704E+01  0.7261477E+01 -0.1627736E+00  0.5901296E+01  0.5901296E+01
  0.7051635E+01  0.7207405E+01 -0.1557692E+00 -0.2051635E+01  0.0000000E+00
  0.7004568E+01  0.7153332E+01 -0.1487648E+00 -0.1004568E+01  0.0000000E+00
  0.6954048E+01  0.7099325E+01 -0.1452774E+00  0.8045952E+01  0.8045952E+01
  0.6900076E+01  0.7045383E+01 -0.1453068E+00 -0.1900076E+01  0.0000000E+00
  0.6846105E+01  0.6991441E+01 -0.1453362E+00  0.4153895E+01  0.4153895E+01
  0.6792134E+01  0.6937500E+01 -0.1453656E+00 -0.2792134E+01  0.0000000E+00
  0.6741140E+01  0.6884190E+01 -0.1430502E+00 -0.2741140E+01  0.0000000E+00
  0.6693123E+01  0.6831513E+01 -0.1383900E+00  0.5306877E+01  0.5306877E+01
  0.6645107E+01  0.6778837E+01 -0.1337299E+00 -0.6451068E+00  0.0000000E+00
  0.6597090E+01  0.6726160E+01 -0.1290697E+00  0.3402910E+01  0.3402910E+01
  0.6545949E+01  0.6673873E+01 -0.1279240E+00 -0.5459495E+00  0.0000000E+00
  0.6491685E+01  0.6621977E+01 -0.1302926E+00 -0.1491685E+01  0.0000000E+00
  0.6437420E+01  0.6570081E+01 -0.1326613E+00 -0.2437420E+01  0.0000000E+00
  0.6383155E+01  0.6518185E+01 -0.1350300E+00  0.6168447E+00  0.6168447E+00
  0.6332648E+01  0.6467115E+01 -0.1344668E+00  0.4667352E+01  0.4667352E+01
  0.6285900E+01  0.6416872E+01 -0.1309718E+00  0.7141004E+00  0.7141004E+00
  0.6239151E+01  0.6366628E+01 -0.1274768E+00  0.7608490E+00  0.7608490E+00
  0.6192402E+01  0.6316384E+01 -0.1239819E+00 -0.1924024E+00  0.0000000E+00
  0.6143701E+01  0.6266532E+01 -0.1228317E+00  0.8562994E+00  0.8562994E+00
  0.6093046E+01  0.6217072E+01 -0.1240263E+00 -0.9304619E-01  0.0000000E+00
  0.6042392E+01  0.6167613E+01 -0.1252209E+00  0.3957608E+01  0.3957608E+01
  0.5991737E+01  0.6118153E+01 -0.1264155E+00 -0.9917374E+00  0.0000000E+00
  0.5943504E+01  0.6069347E+01 -0.1258434E+00 -0.1943504E+01  0.0000000E+00
  0.5897692E+01  0.6021197E+01 -0.1235046E+00  0.2102308E+01  0.2102308E+01
  0.5851881E+01  0.5973046E+01 -0.1211659E+00 -0.1851881E+01  0.0000000E+00
  0.5806068E+01  0.5924896E+01 -0.1188271E+00  0.3193932E+01  0.3193932E+01
  0.5758934E+01  0.5877190E+01 -0.1182566E+00  0.2241066E+01  0.2241066E+01
  0.5710475E+01  0.5829929E+01 -0.1194544E+00 -0.1710475E+01  0.0000000E+00
  0.5662017E+01  0.5782669E+01 -0.1206521E+00 -0.6620169E+00  0.0000000E+00
  0.5613558E+01  0.5735408E+01 -0.1218499E+00  0.2386442E+01  0.2386442E+01
  0.5568080E+01  0.5688777E+01 -0.1206970E+00  0.4319196E+00  0.4319196E+00
  0.5525582E+01  0.5642776E+01 -0.1171935E+00  0.1474418E+01  0.1474418E+01
  0.5483085E+01  0.5596775E+01 -0.1136900E+00  0.1516915E+01  0.1516915E+01
  0.5440587E+01  0.5550773E+01 -0.1101865E+00  0.1559413E+01  0.1559413E+01
  0.5395487E+01  0.5505112E+01 -0.1096251E+00  0.1604513E+01  0.1604513E+01
  0.5347786E+01  0.5459792E+01 -0.1120057E+00 -0.3347786E+01  0.0000000E+00
  0.5300085E+01  0.5414472E+01 -0.1143864E+00 -0.3000851E+00  0.0000000E+00
  0.5252384E+01  0.5369151E+01 -0.1167671E+00 -0.2252384E+01  0.0000000E+00
  0.5208914E+01  0.5324521E+01 -0.1156066E+00  0.4791086E+01  0.4791086E+01
  0.5169676E+01  0.5280581E+01 -0.1109051E+00  0.1830324E+01  0.1830324E+01
  0.5130438E+01  0.5236642E+01 -0.1062036E+00  0.3869562E+01  0.3869562E+01
  0.5091200E+01  0.5192703E+01 -0.1015021E+00 -0.1091200E+01  0.0000000E+00
  0.5048101E+01  0.5149031E+01 -0.1009302E+00  0.9518991E+00  0.9518991E+00
  0.5001140E+01  0.5105628E+01 -0.1044878E+00 -0.3001140E+01  0.0000000E+00
  0.4954179E+01  0.5062225E+01 -0.1080454E+00  0.2045821E+01  0.2045821E+01
  0.4907218E+01  0.5018822E+01 -0.1116030E+00  0.3092782E+01  0.3092782E+01
  0.4860982E+01  0.4976147E+01 -0.1151646E+00  0.1139018E+01  0.1139018E+01
  0.4815472E+01  0.4934202E+01 -0.1187302E+00 -0.1815472E+01  0.0000000E+00
  0.4769961E+01  0.4892257E+01 -0.1222958E+00  0.2230039E+01  0.2230039E+01
  0.4724451E+01  0.4850312E+01 -0.1258614E+00  0.1275549E+01  0.1275549E+01
  0.4685012E+01  0.4809118E+01 -0.1241069E+00  0.3149881E+00  0.3149881E+00
  0.4651645E+01  0.4768677E+01 -0.1170321E+00  0.4348355E+01  0.4348355E+01
  0.4618279E+01  0.4728236E+01 -0.1099574E+00 -0.6182785E+00  0.0000000E+00
  0.4584912E+01  0.4687795E+01 -0.1028826E+00  0.4150882E+00  0.4150882E+00
  0.4546251E+01  0.4647383E+01 -0.1011327E+00  0.3453749E+01  0.3453749E+01
  0.4502295E+01  0.4607002E+01 -0.1047074E+00 -0.5022945E+00  0.0000000E+00
  0.4458339E+01  0.4566621E+01 -0.1082822E+00  0.5416613E+00  0.5416613E+00
  0.4414382E+01  0.4526239E+01 -0.1118570E+00  0.4585618E+01  0.4585618E+01
  0.4377072E+01  0.4486580E+01 -0.1095086E+00 -0.1377072E+01  0.0000000E+00
  0.4346407E+01  0.4447644E+01 -0.1012371E+00  0.2653593E+01  0.2653593E+01
  0.4315742E+01  0.4408708E+01 -0.9296563E-01  0.6842575E+00  0.6842575E+00
  0.4285078E+01  0.4369772E+01 -0.8469415E-01 -0.2850776E+00  0.0000000E+00
  0.4251523E+01  0.4330902E+01 -0.7937868E-01 -0.2251523E+01  0.0000000E+00
  0.4215080E+01  0.4292099E+01 -0.7701921E-01  0.1784920E+01  0.1784920E+01
  0.4178636E+01  0.4253296E+01 -0.7465973E-01 -0.1178636E+01  0.0000000E+00
  0.4142192E+01  0.4214493E+01 -0.7230026E-01 -0.1421924E+00  0.0000000E+00
  0.4102600E+01  0.4176102E+01 -0.7350142E-01 -0.1026001E+00  0.0000000E+00
  0.4059859E+01  0.4138123E+01 -0.7826321E-01 -0.5985928E-01  0.0000000E+00
  0.4017118E+01  0.4100143E+01 -0.8302499E-01 -0.1711798E-01  0.0000000E+00
  0.3974377E+01  0.4062164E+01 -0.8778678E-01  0.4025622E+01  0.4025622E+01
  0.3936702E+01  0.4025095E+01 -0.8839303E-01 -0.9367020E+00  0.0000000E+00
  0.3904092E+01  0.3988935E+01 -0.8484372E-01  0.9590816E-01  0.9590816E-01
  0.3871482E+01  0.3952776E+01 -0.8129443E-01 -0.2871482E+01  0.0000000E+00
  0.3838871E+01  0.3916617E+01 -0.7774513E-01  0.1611285E+00  0.1611285E+00
  0.3804806E+01  0.3880782E+01 -0.7597653E-01  0.2195194E+01  0.2195194E+01
  0.3769284E+01  0.3845273E+01 -0.7598861E-01  0.1230716E+01  0.1230716E+01
  0.3733763E+01  0.3809764E+01 -0.7600068E-01  0.2662370E+00  0.2662370E+00
  0.3698242E+01  0.3774254E+01 -0.7601276E-01  0.4301758E+01  0.4301758E+01
  0.3666168E+01  0.3739223E+01 -0.7305520E-01 -0.1666168E+01  0.0000000E+00
  0.3637543E+01  0.3704671E+01 -0.6712800E-01 -0.1637543E+01  0.0000000E+00
  0.3608918E+01  0.3670119E+01 -0.6120081E-01  0.3910823E+00  0.3910823E+00
  0.3580292E+01  0.3635566E+01 -0.5527361E-01 -0.2580292E+01  0.0000000E+00
  0.3548279E+01  0.3601189E+01 -0.5290962E-01  0.4517207E+00  0.4517207E+00
  0.3512879E+01  0.3566988E+01 -0.5410885E-01 -0.1512879E+01  0.0000000E+00
  0.3477478E+01  0.3532786E+01 -0.5530807E-01 -0.1477478E+01  0.0000000E+00
  0.3442077E+01  0.3498585E+01 -0.5650730E-01 -0.2442077E+01  0.0000000E+00
  0.3406681E+01  0.3464983E+01 -0.5830197E-01 -0.4066813E+00  0.0000000E+00
  0.3371290E+01  0.3431983E+01 -0.6069211E-01  0.2628710E+01  0.2628710E+01
  0.3335899E+01  0.3398981E+01 -0.6308223E-01 -0.1335899E+01  0.0000000E+00
  0.3300508E+01  0.3365980E+01 -0.6547236E-01  0.1699492E+01  0.1699492E+01
  0.3265764E+01  0.3333629E+01 -0.6786518E-01  0.1734236E+01  0.1734236E+01
  0.3231666E+01  0.3301926E+01 -0.7026067E-01 -0.1231666E+01  0.0000000E+00
  0.3197568E+01  0.3270224E+01 -0.7265617E-01  0.2802432E+01  0.2802432E+01
  0.3163470E+01  0.3238521E+01 -0.7505167E-01 -0.1163470E+01  0.0000000E+00
  0.3131742E+01  0.3207401E+01 -0.7565906E-01  0.8682582E+00  0.8682582E+00
  0.3102384E+01  0.3176862E+01 -0.7447835E-01  0.8976161E+00  0.8976161E+00
  0.3073026E+01  0.3146324E+01 -0.7329765E-01 -0.2073026E+01  0.0000000E+00
  0.3043668E+01  0.3115785E+01 -0.7211694E-01 -0.1043668E+01  0.0000000E+00
  0.3016947E+01  0.3085499E+01 -0.6855168E-01  0.4983053E+01  0.4983053E+01
  0.2992863E+01  0.3055465E+01 -0.6260186E-01  0.1007137E+01  0.1007137E+01
  0.2968779E+01  0.3025431E+01 -0.5665205E-01 -0.9687786E+00  0.0000000E+00
  0.2944694E+01  0.2995397E+01 -0.5070224E-01 -0.2944694E+01  0.0000000E+00
  0.2915843E+01  0.2965365E+01 -0.4952250E-01  0.1084157E+01  0.1084157E+01
  0.2882224E+01  0.2935337E+01 -0.5311283E-01  0.1117776E+01  0.1117776E+01
  0.2848606E+01  0.2905309E+01 -0.5670316E-01  0.3151394E+01  0.3151394E+01
  0.2814987E+01  0.2875281E+01 -0.6029349E-01 -0.1814987E+01  0.0000000E+00
  0.2789173E+01  0.2845890E+01 -0.5671737E-01  0.3210827E+01  0.3210827E+01
  0.2771163E+01  0.2817137E+01 -0.4597479E-01 -0.2771163E+01  0.0000000E+00
  0.2753153E+01  0.2788385E+01 -0.3523222E-01 -0.1753153E+01  0.0000000E+00
  0.2735142E+01  0.2759632E+01 -0.2448964E-01 -0.1735142E+01  0.0000000E+00
  0.2709190E+01  0.2730701E+01 -0.2151102E-01 -0.2709190E+01  0.0000000E+00
  0.2675295E+01  0.2701591E+01 -0.2629635E-01 -0.6752946E+00  0.0000000E+00
  0.2641400E+01  0.2672481E+01 -0.3108169E-01 -0.6413996E+00  0.0000000E+00
  0.2607504E+01  0.2643372E+01 -0.3586702E-01  0.3924956E+00  0.3924956E+00
  0.2577316E+01  0.2614981E+01 -0.3766500E-01 -0.1577316E+01  0.0000000E+00
  0.2550833E+01  0.2587309E+01 -0.3647562E-01 -0.5508335E+00  0.0000000E+00
  0.2524351E+01  0.2559637E+01 -0.3528624E-01  0.4756491E+00  0.4756491E+00
  0.2497869E+01  0.2531965E+01 -0.3409686E-01 -0.1497869E+01  0.0000000E+00
  0.2469404E+01  0.2504705E+01 -0.3530097E-01 -0.1469404E+01  0.0000000E+00
  0.2438956E+01  0.2477855E+01 -0.3889856E-01 -0.4389563E+00  0.0000000E+00
  0.2408509E+01  0.2451005E+01 -0.4249615E-01 -0.4085088E+00  0.0000000E+00
  0.2378061E+01  0.2424155E+01 -0.4609374E-01  0.1621939E+01  0.1621939E+01
  0.2349977E+01  0.2397874E+01 -0.4789652E-01 -0.1349977E+01  0.0000000E+00
  0.2324256E+01  0.2372161E+01 -0.4790449E-01  0.6757438E+00  0.6757438E+00
  0.2298535E+01  0.2346448E+01 -0.4791246E-01 -0.1298535E+01  0.0000000E+00
  0.2272814E+01  0.2320735E+01 -0.4792042E-01  0.1727186E+01  0.1727186E+01
  0.2250435E+01  0.2295367E+01 -0.4493168E-01  0.1749565E+01  0.1749565E+01
  0.2231399E+01  0.2270345E+01 -0.3894623E-01 -0.1231399E+01  0.0000000E+00
  0.2212362E+01  0.2245323E+01 -0.3296077E-01 -0.2123621E+00  0.0000000E+00
  0.2193326E+01  0.2220301E+01 -0.2697532E-01 -0.1933255E+00  0.0000000E+00
  0.2169472E+01  0.2195256E+01 -0.2578489E-01 -0.1169472E+01  0.0000000E+00
  0.2140801E+01  0.2170190E+01 -0.2938948E-01 -0.2140801E+01  0.0000000E+00
  0.2112129E+01  0.2145123E+01 -0.3299407E-01 -0.1112129E+01  0.0000000E+00
  0.2083459E+01  0.2120057E+01 -0.3659867E-01  0.9165413E+00  0.9165413E+00
  0.2056578E+01  0.2095582E+01 -0.3900421E-01 -0.1056578E+01  0.0000000E+00
  0.2031489E+01  0.2071700E+01 -0.4021069E-01  0.9685109E+00  0.9685109E+00
  0.2006400E+01  0.2047817E+01 -0.4141719E-01 -0.2006400E+01  0.0000000E+00
  0.1981310E+01  0.2023934E+01 -0.4262367E-01  0.2018690E+01  0.2018690E+01
  0.1959089E+01  0.2000517E+01 -0.4142814E-01  0.1040911E+01  0.1040911E+01
  0.1939736E+01  0.1977567E+01 -0.3783058E-01  0.6026375E-01  0.6026375E-01
  0.1920383E+01  0.1954616E+01 -0.3423303E-01 -0.1920383E+01  0.0000000E+00
  0.1901030E+01  0.1931666E+01 -0.3063547E-01  0.1098970E+01  0.1098970E+01
  0.1879380E+01  0.1908820E+01 -0.2944038E-01 -0.8793800E+00  0.0000000E+00
  0.1855433E+01  0.1886081E+01 -0.3064774E-01  0.1445673E+00  0.1445673E+00
  0.1831485E+01  0.1863340E+01 -0.3185511E-01  0.1685146E+00  0.1685146E+00
  0.1807538E+01  0.1840601E+01 -0.3306248E-01  0.1924618E+00  0.1924618E+00
  0.1783999E+01  0.1818269E+01 -0.3427059E-01  0.1216001E+01  0.1216001E+01
  0.1760867E+01  0.1796347E+01 -0.3547944E-01 -0.1760867E+01  0.0000000E+00
  0.1737736E+01  0.1774424E+01 -0.3668829E-01  0.1262264E+01  0.1262264E+01
  0.1714604E+01  0.1752501E+01 -0.3789715E-01  0.2853957E+00  0.2853957E+00
  0.1691916E+01  0.1731023E+01 -0.3910766E-01  0.3080845E+00  0.3080845E+00
  0.1669670E+01  0.1709989E+01 -0.4031983E-01 -0.6696695E+00  0.0000000E+00
  0.1647424E+01  0.1688956E+01 -0.4153199E-01  0.3525765E+00  0.3525765E+00
  0.1625178E+01  0.1667922E+01 -0.4274416E-01  0.1374822E+01  0.1374822E+01
  0.1606325E+01  0.1647269E+01 -0.4094420E-01  0.1393675E+01  0.1393675E+01
  0.1590866E+01  0.1626998E+01 -0.3613211E-01 -0.5908662E+00  0.0000000E+00
  0.1575407E+01  0.1606727E+01 -0.3132002E-01 -0.5754071E+00  0.0000000E+00
  0.1559948E+01  0.1586456E+01 -0.2650792E-01 -0.5599483E+00  0.0000000E+00
  0.1543913E+01  0.1566208E+01 -0.2229490E-01 -0.1543913E+01  0.0000000E+00
  0.1527300E+01  0.1545981E+01 -0.1868095E-01  0.1472700E+01  0.1472700E+01
  0.1510688E+01  0.1525755E+01 -0.1506700E-01 -0.1510688E+01  0.0000000E+00
  0.1494075E+01  0.1505528E+01 -0.1145305E-01 -0.1494075E+01  0.0000000E+00
  0.1475783E+01  0.1485430E+01 -0.9646826E-02 -0.4757830E+00  0.0000000E+00
  0.1455811E+01  0.1465459E+01 -0.9648332E-02 -0.4558107E+00  0.0000000E+00
  0.1435838E+01  0.1445488E+01 -0.9649839E-02 -0.1435838E+01  0.0000000E+00
  0.1415866E+01  0.1425517E+01 -0.9651345E-02 -0.4158659E+00  0.0000000E+00
  0.1395705E+01  0.1405961E+01 -0.1025663E-01 -0.1395705E+01  0.0000000E+00
  0.1375354E+01  0.1386820E+01 -0.1146569E-01 -0.3753543E+00  0.0000000E+00
  0.1355004E+01  0.1367679E+01 -0.1267475E-01  0.6449960E+00  0.6449960E+00
  0.1334654E+01  0.1348537E+01 -0.1388381E-01 -0.1334654E+01  0.0000000E+00
  0.1314168E+01  0.1329866E+01 -0.1569760E-01 -0.3141680E+00  0.0000000E+00
  0.1293547E+01  0.1311663E+01 -0.1811614E-01 -0.1293547E+01  0.0000000E+00
  0.1272926E+01  0.1293460E+01 -0.2053467E-01 -0.2729257E+00  0.0000000E+00
  0.1252305E+01  0.1275258E+01 -0.2295321E-01 -0.2523046E+00  0.0000000E+00
  0.1234567E+01  0.1257523E+01 -0.2295555E-01  0.7654330E+00  0.7654330E+00
  0.1219713E+01  0.1240255E+01 -0.2054169E-01 -0.2197132E+00  0.0000000E+00
  0.1204859E+01  0.1222987E+01 -0.1812783E-01 -0.2048594E+00  0.0000000E+00
  0.1190006E+01  0.1205719E+01 -0.1571398E-01 -0.1190006E+01  0.0000000E+00
  0.1174088E+01  0.1188597E+01 -0.1450850E-01 -0.1740885E+00  0.0000000E+00
  0.1157108E+01  0.1171620E+01 -0.1451141E-01 -0.1571082E+00  0.0000000E+00
  0.1140128E+01  0.1154642E+01 -0.1451432E-01 -0.1140128E+01  0.0000000E+00
  0.1123148E+01  0.1137665E+01 -0.1451724E-01 -0.1231477E+00  0.0000000E+00
  0.1106453E+01  0.1120973E+01 -0.1451975E-01 -0.1064532E+00  0.0000000E+00
  0.1090044E+01  0.1104566E+01 -0.1452188E-01 -0.9004414E-01  0.0000000E+00
  0.1073635E+01  0.1088159E+01 -0.1452400E-01 -0.7363522E-01  0.0000000E+00
  0.1057226E+01  0.1071752E+01 -0.1452613E-01 -0.5722618E-01  0.0000000E+00
  0.1039926E+01  0.1055666E+01 -0.1573997E-01 -0.3992593E-01  0.0000000E+00
  0.1021734E+01  0.1039900E+01 -0.1816552E-01 -0.1021734E+01  0.0000000E+00
  0.1003543E+01  0.1024134E+01 -0.2059108E-01  0.9964572E+00  0.9964572E+00
  0.9853512E+00  0.1008368E+01 -0.2301663E-01 -0.9853512E+00  0.0000000E+00
  0.9712380E+00  0.9930449E+00 -0.2180689E-01 -0.9712380E+00  0.0000000E+00
  0.9612030E+00  0.9781649E+00 -0.1696184E-01  0.2038797E+01  0.2038797E+01
  0.9511680E+00  0.9632849E+00 -0.1211680E-01 -0.9511680E+00  0.0000000E+00
  0.9411330E+00  0.9484048E+00 -0.7271761E-02 -0.9411330E+00  0.0000000E+00
  0.9262601E+00  0.9335359E+00 -0.7275860E-02 -0.9262601E+00  0.0000000E+00
  0.9065489E+00  0.9186780E+00 -0.1212910E-01  0.9345108E-01  0.9345108E-01
  0.8868379E+00  0.9038202E+00 -0.1698235E-01  0.2113162E+01  0.2113162E+01
  0.8671268E+00  0.8889624E+00 -0.2183560E-01  0.1328732E+00  0.1328732E+00
  0.8504161E+00  0.8746806E+00 -0.2426457E-01  0.1495839E+00  0.1495839E+00
  0.8367058E+00  0.8609750E+00 -0.2426927E-01 -0.8367058E+00  0.0000000E+00
  0.8229955E+00  0.8472695E+00 -0.2427397E-01  0.2177005E+01  0.2177005E+01
  0.8092852E+00  0.8335639E+00 -0.2427867E-01  0.1907148E+00  0.1907148E+00
  0.7971349E+00  0.8202029E+00 -0.2306803E-01 -0.7971349E+00  0.0000000E+00
  0.7865446E+00  0.8071866E+00 -0.2064206E-01  0.2134554E+00  0.2134554E+00
  0.7759542E+00  0.7941703E+00 -0.1821609E-01 -0.7759542E+00  0.0000000E+00
  0.7653639E+00  0.7811540E+00 -0.1579011E-01  0.2346361E+00  0.2346361E+00
  0.7530776E+00  0.7682636E+00 -0.1518598E-01  0.2469224E+00  0.2469224E+00
  0.7390954E+00  0.7554991E+00 -0.1640368E-01  0.2609046E+00  0.2609046E+00
  0.7251133E+00  0.7427347E+00 -0.1762139E-01  0.2274887E+01  0.2274887E+01
  0.7111311E+00  0.7299702E+00 -0.1883909E-01 -0.7111311E+00  0.0000000E+00
  0.7005804E+00  0.7175973E+00 -0.1944794E-01 -0.7005804E+00  0.0000000E+00
  0.6934611E+00  0.7056161E+00 -0.1944794E-01  0.3065389E+00  0.3065389E+00
  0.6863418E+00  0.6936347E+00  0.0000000E+00 -0.6863418E+00  0.0000000E+00
  0.6792225E+00  0.6816535E+00  0.0000000E+00 -0.6792225E+00  0.0000000E+00
  0.6679156E+00  0.6697412E+00  0.0000000E+00 -0.6679156E+00  0.0000000E+00
  0.6524211E+00  0.6578977E+00  0.0000000E+00 -0.6524211E+00  0.0000000E+00
  0.6369267E+00  0.6460541E+00 -0.1460400E-01  0.3630733E+00  0.3630733E+00
  0.6214321E+00  0.6342106E+00 -0.1460400E-01 -0.6214321E+00  0.0000000E+00
  0.6088988E+00  0.6228954E+00 -0.1399656E-01  0.3911012E+00  0.3911012E+00
  0.5993265E+00  0.6121082E+00 -0.1278168E-01  0.4006735E+00  0.4006735E+00
  0.5897543E+00  0.6013210E+00 -0.1156681E-01  0.4102457E+00  0.4102457E+00
  0.5801820E+00  0.5905339E+00 -0.1035193E-01 -0.5801820E+00  0.0000000E+00
  0.5696420E+00  0.5799964E+00 -0.1035443E-01 -0.5696420E+00  0.0000000E+00
  0.5581343E+00  0.5697086E+00 -0.1157431E-01  0.4418657E+00  0.4418657E+00
  0.5466266E+00  0.5594208E+00 -0.1279420E-01  0.4533734E+00  0.4533734E+00
  0.5351189E+00  0.5491330E+00 -0.1401408E-01  0.1464881E+01  0.1464881E+01
  0.5257576E+00  0.5391634E+00 -0.1340583E-01 -0.5257576E+00  0.0000000E+00
  0.5185425E+00  0.5295119E+00 -0.1096943E-01 -0.5185425E+00  0.0000000E+00
  0.5113274E+00  0.5198605E+00 -0.8533039E-02  0.4886726E+00  0.4886726E+00
  0.5041124E+00  0.5102091E+00 -0.6096647E-02 -0.5041124E+00  0.0000000E+00
  0.4958166E+00  0.5006955E+00 -0.4878860E-02 -0.4958166E+00  0.0000000E+00
  0.4864401E+00  0.4913197E+00 -0.4879678E-02 -0.4864401E+00  0.0000000E+00
  0.4770634E+00  0.4819439E+00 -0.4880496E-02 -0.4770634E+00  0.0000000E+00
  0.4676869E+00  0.4725682E+00 -0.4881314E-02  0.5323131E+00  0.5323131E+00
  0.4586055E+00  0.4634875E+00 -0.4882089E-02 -0.4586055E+00  0.0000000E+00
  0.4498193E+00  0.4547021E+00 -0.4882822E-02 -0.4498193E+00  0.0000000E+00
  0.4410330E+00  0.4459166E+00 -0.4883555E-02 -0.4410330E+00  0.0000000E+00
  0.4322468E+00  0.4371311E+00 -0.4884289E-02  0.5677532E+00  0.5677532E+00
  0.4237833E+00  0.4286684E+00 -0.4885064E-02 -0.4237833E+00  0.0000000E+00
  0.4156425E+00  0.4205284E+00 -0.4885884E-02 -0.4156425E+00  0.0000000E+00
  0.4075016E+00  0.4123884E+00 -0.4886703E-02  0.5924984E+00  0.5924984E+00
  0.3993608E+00  0.4042483E+00 -0.4887522E-02 -0.3993608E+00  0.0000000E+00
  0.3915010E+00  0.3963893E+00 -0.4888339E-02 -0.3915010E+00  0.0000000E+00
  0.3839222E+00  0.3888114E+00 -0.4889154E-02 -0.3839222E+00  0.0000000E+00
  0.3763434E+00  0.3812334E+00 -0.4889970E-02  0.6236566E+00  0.6236566E+00
  0.3687647E+00  0.3736554E+00 -0.4890786E-02 -0.3687647E+00  0.0000000E+00
  0.3620408E+00  0.3663206E+00 -0.4891193E-02 -0.3620408E+00  0.0000000E+00
  0.3561718E+00  0.3592288E+00 -0.4891193E-02 -0.3561718E+00  0.0000000E+00
  0.3503029E+00  0.3521371E+00  0.0000000E+00 -0.3503029E+00  0.0000000E+00
  0.3444339E+00  0.3450453E+00  0.0000000E+00 -0.3444339E+00  0.0000000E+00
  0.3374853E+00  0.3380975E+00  0.0000000E+00 -0.3374853E+00  0.0000000E+00
  0.3294570E+00  0.3312937E+00  0.0000000E+00 -0.3294570E+00  0.0000000E+00
  0.3214288E+00  0.3244898E+00 -0.4897652E-02  0.6785712E+00  0.6785712E+00
  0.3134005E+00  0.3176860E+00 -0.4897652E-02 -0.3134005E+00  0.0000000E+00
  0.3068558E+00  0.3111413E+00 -0.4897652E-02 -0.3068558E+00  0.0000000E+00
  0.3017946E+00  0.3048557E+00 -0.4897652E-02 -0.3017946E+00  0.0000000E+00
  0.2967335E+00  0.2985701E+00  0.0000000E+00 -0.2967335E+00  0.0000000E+00
  0.2916723E+00  0.2922845E+00  0.0000000E+00 -0.2916723E+00  0.0000000E+00
  0.2861123E+00  0.2861123E+00  0.0000000E+00 -0.2861123E+00  0.0000000E+00
  0.2800533E+00  0.2800533E+00  0.0000000E+00 -0.2800533E+00  0.0000000E+00
  0.2739945E+00  0.2739945E+00  0.0000000E+00 -0.2739945E+00  0.0000000E+00
  0.2679355E+00  0.2679355E+00  0.0000000E+00 -0.2679355E+00  0.0000000E+00
  0.2608259E+00  0.2620527E+00  0.0000000E+00 -0.2608259E+00  0.0000000E+00
  0.2526655E+00  0.2563457E+00  0.0000000E+00 -0.2526655E+00  0.0000000E+00
  0.2445052E+00  0.2506389E+00 -0.9813957E-02  0.7554948E+00  0.7554948E+00
  0.2363448E+00  0.2449320E+00 -0.9813957E-02  0.7636552E+00  0.7636552E+00
  0.2303515E+00  0.2395525E+00 -0.9200987E-02 -0.2303515E+00  0.0000000E+00
  0.2265254E+00  0.2345004E+00 -0.7975050E-02 -0.2265254E+00  0.0000000E+00
  0.2226992E+00  0.2294483E+00 -0.6749112E-02 -0.2226992E+00  0.0000000E+00
  0.2188731E+00  0.2243963E+00 -0.5523174E-02 -0.2188731E+00  0.0000000E+00
  0.2151481E+00  0.2194445E+00 -0.4910205E-02  0.7848519E+00  0.7848519E+00
  0.2115242E+00  0.2145930E+00 -0.4910205E-02 -0.2115242E+00  0.0000000E+00
  0.2079003E+00  0.2097416E+00  0.0000000E+00 -0.2079003E+00  0.0000000E+00
  0.2042764E+00  0.2048901E+00  0.0000000E+00 -0.2042764E+00  0.0000000E+00
  0.2001298E+00  0.2001298E+00  0.0000000E+00 -0.2001298E+00  0.0000000E+00
  0.1954606E+00  0.1954606E+00  0.0000000E+00 -0.1954606E+00  0.0000000E+00
  0.1907913E+00  0.1907913E+00  0.0000000E+00 -0.1907913E+00  0.0000000E+00
  0.1861221E+00  0.1861221E+00  0.0000000E+00 -0.1861221E+00  0.0000000E+00
  0.1816451E+00  0.1816451E+00  0.0000000E+00 -0.1816451E+00  0.0000000E+00
  0.1773603E+00  0.1773603E+00  0.0000000E+00 -0.1773603E+00  0.0000000E+00
  0.1730755E+00  0.1730755E+00  0.0000000E+00 -0.1730755E+00  0.0000000E+00
  0.1687908E+00  0.1687908E+00  0.0000000E+00 -0.1687908E+00  0.0000000E+00
  0.1640814E+00  0.1646968E+00  0.0000000E+00 -0.1640814E+00  0.0000000E+00
  0.1589475E+00  0.1607935E+00  0.0000000E+00 -0.1589475E+00  0.0000000E+00
  0.1538135E+00  0.1568903E+00 -0.4922817E-02 -0.1538135E+00  0.0000000E+00
  0.1486796E+00  0.1529871E+00 -0.4922817E-02 -0.1486796E+00  0.0000000E+00
  0.1450122E+00  0.1493197E+00 -0.4922817E-02 -0.1450122E+00  0.0000000E+00
  0.1428114E+00  0.1458882E+00 -0.4922817E-02  0.8571886E+00  0.8571886E+00
  0.1406106E+00  0.1424567E+00  0.0000000E+00 -0.1406106E+00  0.0000000E+00
  0.1384098E+00  0.1390252E+00  0.0000000E+00 -0.1384098E+00  0.0000000E+00
  0.1356802E+00  0.1356802E+00  0.0000000E+00 -0.1356802E+00  0.0000000E+00
  0.1324217E+00  0.1324217E+00  0.0000000E+00 -0.1324217E+00  0.0000000E+00
  0.1291631E+00  0.1291631E+00  0.0000000E+00 -0.1291631E+00  0.0000000E+00
  0.1259046E+00  0.1259046E+00  0.0000000E+00 -0.1259046E+00  0.0000000E+00
  0.1221861E+00  0.1228026E+00  0.0000000E+00 -0.1221861E+00  0.0000000E+00
  0.1180075E+00  0.1198570E+00  0.0000000E+00 -0.1180075E+00  0.0000000E+00
  0.1138289E+00  0.1169114E+00 -0.4932127E-02  0.8861712E+00  0.8861712E+00
  0.1096502E+00  0.1139659E+00 -0.4932127E-02 -0.1096502E+00  0.0000000E+00
  0.1063460E+00  0.1112785E+00 -0.4932505E-02 -0.1063460E+00  0.0000000E+00
  0.1039161E+00  0.1088494E+00 -0.4933261E-02 -0.1039161E+00  0.0000000E+00
  0.1014862E+00  0.1064203E+00 -0.4934017E-02 -0.1014862E+00  0.0000000E+00
  0.9905636E-01  0.1039911E+00 -0.4934772E-02 -0.9905636E-01  0.0000000E+00
  0.9741525E-01  0.1017335E+00 -0.4935151E-02  0.9025847E+00  0.9025847E+00
  0.9656293E-01  0.9964740E-01 -0.4935151E-02 -0.9656293E-01  0.0000000E+00
  0.9571061E-01  0.9756128E-01  0.0000000E+00 -0.9571061E-01  0.0000000E+00
  0.9485828E-01  0.9547517E-01  0.0000000E+00 -0.9485828E-01  0.0000000E+00
  0.9284541E-01  0.9346306E-01  0.0000000E+00 -0.9284541E-01  0.0000000E+00
  0.8967200E-01  0.9152494E-01  0.0000000E+00 -0.8967200E-01  0.0000000E+00
  0.8649860E-01  0.8958682E-01 -0.4941155E-02 -0.8649860E-01  0.0000000E+00
  0.8332518E-01  0.8764870E-01 -0.4941155E-02  0.9166748E+00  0.9166748E+00
  0.8095709E-01  0.8589862E-01 -0.4941520E-02 -0.8095709E-01  0.0000000E+00
  0.7939432E-01  0.8433657E-01 -0.4942251E-02 -0.7939432E-01  0.0000000E+00
  0.7783154E-01  0.8277452E-01 -0.4942982E-02  0.9221685E+00  0.9221685E+00
  0.7626876E-01  0.8121248E-01 -0.4943714E-02 -0.7626876E-01  0.0000000E+00
  0.7540927E-01  0.7973534E-01 -0.4944079E-02 -0.7540927E-01  0.0000000E+00
  0.7525305E-01  0.7834310E-01 -0.4944079E-02 -0.7525305E-01  0.0000000E+00
  0.7509684E-01  0.7695087E-01  0.0000000E+00 -0.7509684E-01  0.0000000E+00
  0.7494062E-01  0.7555863E-01  0.0000000E+00 -0.7494062E-01  0.0000000E+00
  0.7413651E-01  0.7413651E-01  0.0000000E+00 -0.7413651E-01  0.0000000E+00
  0.7268450E-01  0.7268450E-01  0.0000000E+00 -0.7268450E-01  0.0000000E+00
  0.7123250E-01  0.7123250E-01  0.0000000E+00 -0.7123250E-01  0.0000000E+00
  0.6978049E-01  0.6978049E-01  0.0000000E+00 -0.6978049E-01  0.0000000E+00
  0.6837576E-01  0.6837576E-01  0.0000000E+00 -0.6837576E-01  0.0000000E+00
  0.6701831E-01  0.6701831E-01  0.0000000E+00 -0.6701831E-01  0.0000000E+00
  0.6566086E-01  0.6566086E-01  0.0000000E+00 -0.6566086E-01  0.0000000E+00
  0.6430341E-01  0.6430341E-01  0.0000000E+00 -0.6430341E-01  0.0000000E+00
  0.6300268E-01  0.6300268E-01  0.0000000E+00 -0.6300268E-01  0.0000000E+00
  0.6175866E-01  0.6175866E-01  0.0000000E+00 -0.6175866E-01  0.0000000E+00
  0.6051464E-01  0.6051464E-01  0.0000000E+00 -0.6051464E-01  0.0000000E+00
  0.5927062E-01  0.5927062E-01  0.0000000E+00 -0.5927062E-01  0.0000000E+00
  0.5807272E-01  0.5807272E-01  0.0000000E+00 -0.5807272E-01  0.0000000E+00
  0.5692092E-01  0.5692092E-01  0.0000000E+00 -0.5692092E-01  0.0000000E+00
  0.5576911E-01  0.5576911E-01  0.0000000E+00 -0.5576911E-01  0.0000000E+00
  0.5461731E-01  0.5461731E-01  0.0000000E+00 -0.5461731E-01  0.0000000E+00
  0.5350647E-01  0.5350647E-01  0.0000000E+00 -0.5350647E-01  0.0000000E+00
  0.5243660E-01  0.5243660E-01  0.0000000E+00 -0.5243660E-01  0.0000000E+00
  0.5136672E-01  0.5136672E-01  0.0000000E+00 -0.5136672E-01  0.0000000E+00
  0.5029685E-01  0.5029685E-01  0.0000000E+00 -0.5029685E-01  0.0000000E+00
  0.4926377E-01  0.4926377E-01  0.0000000E+00 -0.4926377E-01  0.0000000E+00
  0.4826747E-01  0.4826747E-01  0.0000000E+00 -0.4826747E-01  0.0000000E+00
  0.4727118E-01  0.4727118E-01  0.0000000E+00 -0.4727118E-01  0.0000000E+00
  0.4627489E-01  0.4627489E-01  0.0000000E+00 -0.4627489E-01  0.0000000E+00
  0.4531516E-01  0.4531516E-01  0.0000000E+00 -0.4531516E-01  0.0000000E+00
  0.4439199E-01  0.4439199E-01  0.0000000E+00 -0.4439199E-01  0.0000000E+00
  0.4346882E-01  0.4346882E-01  0.0000000E+00 -0.4346882E-01  0.0000000E+00
  0.4254565E-01  0.4254565E-01  0.0000000E+00 -0.4254565E-01  0.0000000E+00
  0.4166387E-01  0.4166387E-01  0.0000000E+00 -0.4166387E-01  0.0000000E+00
  0.4082346E-01  0.4082346E-01  0.0000000E+00 -0.4082346E-01  0.0000000E+00
  0.3998305E-01  0.3998305E-01  0.0000000E+00 -0.3998305E-01  0.0000000E+00
  0.3914264E-01  0.3914264E-01  0.0000000E+00 -0.3914264E-01  0.0000000E+00
  0.3709764E-01  0.3834160E-01  0.0000000E+00 -0.3709764E-01  0.0000000E+00
  0.3384804E-01  0.3757992E-01  0.0000000E+00 -0.3384804E-01  0.0000000E+00
  0.3059843E-01  0.3681824E-01 -0.9951693E-02 -0.3059843E-01  0.0000000E+00
  0.2734883E-01  0.3605656E-01 -0.9951693E-02  0.9726512E+00  0.9726512E+00
  0.2676227E-01  0.3546999E-01 -0.9951693E-02  0.9732378E+00  0.9732378E+00
  0.2883875E-01  0.3505855E-01 -0.9951693E-02 -0.2883875E-01  0.0000000E+00
  0.3091523E-01  0.3464711E-01  0.0000000E+00 -0.3091523E-01  0.0000000E+00
  0.3299171E-01  0.3423567E-01  0.0000000E+00 -0.3299171E-01  0.0000000E+00
  0.3371113E-01  0.3371113E-01  0.0000000E+00 -0.3371113E-01  0.0000000E+00
  0.3307348E-01  0.3307348E-01  0.0000000E+00 -0.3307348E-01  0.0000000E+00
  0.3243583E-01  0.3243583E-01  0.0000000E+00 -0.3243583E-01  0.0000000E+00
  0.3179818E-01  0.3179818E-01  0.0000000E+00 -0.3179818E-01  0.0000000E+00
  0.3117876E-01  0.3117876E-01  0.0000000E+00 -0.3117876E-01  0.0000000E+00
  0.3057755E-01  0.3057755E-01  0.0000000E+00 -0.3057755E-01  0.0000000E+00
  0.2997634E-01  0.2997634E-01  0.0000000E+00 -0.2997634E-01  0.0000000E+00
  0.2937513E-01  0.2937513E-01  0.0000000E+00 -0.2937513E-01  0.0000000E+00
  0.2884090E-01  0.2884090E-01  0.0000000E+00 -0.2884090E-01  0.0000000E+00
  0.2837363E-01  0.2837363E-01  0.0000000E+00 -0.2837363E-01  0.0000000E+00
  0.2790637E-01  0.2790637E-01  0.0000000E+00 -0.2790637E-01  0.0000000E+00
  0.2743911E-01  0.2743911E-01  0.0000000E+00 -0.2743911E-01  0.0000000E+00
  0.2701817E-01  0.2701817E-01  0.0000000E+00 -0.2701817E-01  0.0000000E+00
  0.2664355E-01  0.2664355E-01  0.0000000E+00 -0.2664355E-01  0.0000000E+00
  0.2626894E-01  0.2626894E-01  0.0000000E+00 -0.2626894E-01  0.0000000E+00
  0.2589433E-01  0.2589433E-01  0.0000000E+00 -0.2589433E-01  0.0000000E+00
  0.2555098E-01  0.2555098E-01  0.0000000E+00 -0.2555098E-01  0.0000000E+00
  0.2523891E-01  0.2523891E-01  0.0000000E+00 -0.2523891E-01  0.0000000E+00
  0.2492683E-01  0.2492683E-01  0.0000000E+00 -0.2492683E-01  0.0000000E+00
  0.2461476E-01  0.2461476E-01  0.0000000E+00 -0.2461476E-01  0.0000000E+00
  0.2432039E-01  0.2432039E-01  0.0000000E+00 -0.2432039E-01  0.0000000E+00
  0.2404374E-01  0.2404374E-01  0.0000000E+00 -0.2404374E-01  0.0000000E+00
  0.2376709E-01  0.2376709E-01  0.0000000E+00 -0.2376709E-01  0.0000000E+00
  0.2349043E-01  0.2349043E-01  0.0000000E+00 -0.2349043E-01  0.0000000E+00
  0.2322459E-01  0.2322459E-01  0.0000000E+00 -0.2322459E-01  0.0000000E+00
  0.2296955E-01  0.2296955E-01  0.0000000E+00 -0.2296955E-01  0.0000000E+00
  0.2271451E-01  0.2271451E-01  0.0000000E+00 -0.2271451E-01  0.0000000E+00
  0.2245947E-01  0.2245947E-01  0.0000000E+00 -0.2245947E-01  0.0000000E+00
  0.2221058E-01  0.2221058E-01  0.0000000E+00 -0.2221058E-01  0.0000000E+00
  0.2196784E-01  0.2196784E-01  0.0000000E+00 -0.2196784E-01  0.0000000E+00
  0.2172510E-01  0.2172510E-01  0.0000000E+00 -0.2172510E-01  0.0000000E+00
  0.2148236E-01  0.2148236E-01  0.0000000E+00 -0.2148236E-01  0.0000000E+00
  0.2124560E-01  0.2124560E-01  0.0000000E+00 -0.2124560E-01  0.0000000E+00
  0.2101482E-01  0.2101482E-01  0.0000000E+00 -0.2101482E-01  0.0000000E+00
  0.2078405E-01  0.2078405E-01  0.0000000E+00 -0.2078405E-01  0.0000000E+00
  0.2055328E-01  0.2055328E-01  0.0000000E+00 -0.2055328E-01  0.0000000E+00
  0.2043789E-01  0.2032762E-01  0.0000000E+00 -0.2043789E-01  0.0000000E+00
  0.2043789E-01  0.2010709E-01  0.0000000E+00 -0.2043789E-01  0.0000000E+00
 -0.5057710E-01  0.1988656E-01 -0.7013285E-01  0.5057710E-01  0.5057710E-01
 -0.5057710E-01  0.1966602E-01 -0.7013285E-01  0.5057710E-01  0.5057710E-01
 -0.5057710E-01  0.1955575E-01 -0.7013285E-01  0.5057710E-01  0.5057710E-01
 -0.5057710E-01  0.1955575E-01 -0.7013285E-01  0.1405058E+02  0.1405058E+02
