 File:An·lise amostras  Solution Type:Thick  fitting 1231 channels (  70-1300)
 Channel#, E(keV),   Data,        Fit, Residual,    Data-Fit
   70,   0.421,      957.,       85.00,   -0.05,      872.00
   71,   0.441,     1076.,      147.97,   -0.02,      928.03
   72,   0.461,     1095.,      241.81,    0.02,      853.19
   73,   0.481,     1163.,      366.86,    0.07,      796.14
   74,   0.502,     1330.,      512.74,    0.07,      817.26
   75,   0.522,     1521.,      656.87,   -0.01,      864.13
   76,   0.542,     1598.,      768.99,   -0.01,      829.01
   77,   0.562,     1517.,      821.38,   -0.04,      695.62
   78,   0.582,     1402.,      800.59,   -0.09,      601.41
   79,   0.602,     1412.,      713.77,   -0.18,      698.23
   80,   0.622,     1190.,      585.61,   -0.23,      604.39
   81,   0.642,     1083.,      447.62,   -0.22,      635.38
   82,   0.662,      933.,      325.94,   -0.12,      607.06
   83,   0.682,      879.,      233.76,   -0.06,      645.24
   84,   0.702,      834.,      171.28,    0.02,      662.72
   85,   0.722,      804.,      130.62,    0.06,      673.38
   86,   0.742,      781.,      102.60,    0.08,      678.40
   87,   0.763,      706.,       80.45,    0.09,      625.55
   88,   0.783,      701.,       61.27,    0.05,      639.73
   89,   0.803,      670.,       44.89,    0.01,      625.11
   90,   0.823,      652.,       32.13,   -0.08,      619.87
   91,   0.843,      655.,       23.00,   -0.03,      632.00
   92,   0.863,      651.,       17.00,    0.02,      634.00
   93,   0.883,      629.,       13.09,    0.13,      615.91
   94,   0.903,      655.,       10.36,    0.13,      644.64
   95,   0.923,      628.,        8.12,    0.16,      619.88
   96,   0.943,      620.,        6.12,    0.06,      613.88
   97,   0.963,      575.,        4.34,   -0.09,      570.66
   98,   0.983,      630.,        2.97,   -0.26,      627.03
   99,   1.003,      577.,        2.05,   -0.21,      574.95
  100,   1.024,      545.,        1.49,   -0.18,      543.51
  101,   1.044,      586.,        1.21,   -0.11,      584.79
  102,   1.064,      601.,        1.08,   -0.14,      599.92
  103,   1.084,      596.,        0.97,   -0.11,      595.03
  104,   1.104,      574.,        0.86,    0.03,      573.14
  105,   1.124,      601.,        0.72,    0.02,      600.28
  106,   1.144,      549.,        0.55,    0.22,      548.45
  107,   1.164,      573.,        0.38,    0.11,      572.62
  108,   1.184,      574.,        0.24,    0.33,      573.76
  109,   1.204,      600.,        0.14,    0.20,      599.86
  110,   1.224,      548.,        0.07,    0.18,      547.93
  111,   1.244,      606.,        0.03,    0.00,      605.97
  112,   1.264,      552.,        0.00,   -0.15,      552.00
  113,   1.285,      536.,        0.00,   -0.40,      536.00
  114,   1.305,      526.,        0.00,   -0.29,      526.00
  115,   1.325,      522.,        0.01,   -0.55,      521.99
  116,   1.345,      539.,        0.01,   -0.77,      538.99
  117,   1.365,      584.,        0.05,   -0.53,      583.95
  118,   1.385,      564.,        0.13,   -0.28,      563.87
  119,   1.405,      517.,        0.25,    0.14,      516.75
  120,   1.425,      553.,        0.47,    0.34,      552.53
  121,   1.445,      586.,        0.81,   -0.05,      585.19
  122,   1.465,      565.,        1.31,    0.20,      563.69
  123,   1.485,      563.,        1.96,    0.54,      561.04
  124,   1.505,      557.,        2.71,    0.51,      554.29
  125,   1.525,      602.,        3.44,    0.53,      598.56
  126,   1.546,      576.,        4.02,    0.04,      571.98
  127,   1.566,      550.,        4.30,   -0.50,      545.70
  128,   1.586,      584.,        4.22,   -0.93,      579.78
  129,   1.606,      539.,        3.80,   -1.57,      535.20
  130,   1.626,      555.,        3.12,   -1.69,      551.88
  131,   1.646,      538.,        2.35,   -1.87,      535.65
  132,   1.666,      571.,        1.66,   -2.42,      569.34
  133,   1.686,      627.,        1.11,   -1.86,      625.89
  134,   1.706,      628.,        0.82,   -1.21,      627.18
  135,   1.726,      612.,        0.77,    0.00,      611.23
  136,   1.746,      670.,        1.09,    0.94,      668.91
  137,   1.766,      706.,        1.77,    1.07,      704.23
  138,   1.786,      778.,        3.16,    1.30,      774.84
  139,   1.807,      750.,        5.40,    1.99,      744.60
  140,   1.827,      763.,        8.78,    1.65,      754.22
  141,   1.847,      765.,       13.56,    1.52,      751.44
  142,   1.867,      803.,       19.86,    0.77,      783.14
  143,   1.887,      770.,       27.70,    0.00,      742.30
  144,   1.907,      816.,       37.05,   -0.41,      778.95
  145,   1.927,      814.,       48.10,   -0.58,      765.90
  146,   1.947,      806.,       61.36,   -1.45,      744.64
  147,   1.967,      880.,       77.67,   -1.76,      802.33
  148,   1.987,      913.,       97.80,   -2.15,      815.20
  149,   2.007,      903.,      122.53,   -2.35,      780.47
  150,   2.027,      943.,      154.04,   -2.19,      788.96
  151,   2.047,     1070.,      201.25,   -2.40,      868.75
  152,   2.068,     1174.,      291.46,   -2.14,      882.54
  153,   2.088,     1472.,      490.39,   -1.61,      981.61
  154,   2.108,     1868.,      931.36,   -0.93,      936.64
  155,   2.128,     2944.,     1845.62,   -0.73,     1098.38
  156,   2.148,     4750.,     3575.79,   -0.11,     1174.21
  157,   2.168,     7992.,     6540.36,    0.47,     1451.64
  158,   2.188,    12616.,    11121.50,    1.34,     1494.50
  159,   2.208,    19192.,    17472.28,    2.36,     1719.72
  160,   2.228,    26952.,    25299.09,    3.05,     1652.91
  161,   2.248,    35472.,    33733.60,    3.05,     1738.40
  162,   2.268,    43552.,    41416.83,    2.48,     2135.17
  163,   2.288,    48352.,    46839.09,    1.70,     1512.91
  164,   2.308,    49632.,    48837.23,    0.45,      794.77
  165,   2.329,    46976.,    47032.56,   -0.66,      -56.56
  166,   2.349,    41696.,    41977.60,   -2.13,     -281.60
  167,   2.369,    33952.,    34936.33,   -3.16,     -984.33
  168,   2.389,    26608.,    27401.72,   -3.57,     -793.72
  169,   2.409,    19896.,    20599.19,   -3.42,     -703.19
  170,   2.429,    14584.,    15191.54,   -2.61,     -607.54
  171,   2.449,    11048.,    11266.94,   -1.31,     -218.94
  172,   2.469,     8360.,     8538.03,   -0.97,     -178.03
  173,   2.489,     6912.,     6602.75,    0.18,      309.25
  174,   2.509,     5462.,     5135.26,    1.30,      326.74
  175,   2.529,     4250.,     3958.01,    2.41,      291.99
  176,   2.549,     3346.,     3015.69,    2.63,      330.31
  177,   2.569,     2659.,     2309.09,    3.02,      349.91
  178,   2.590,     2315.,     1838.64,    2.13,      476.36
  179,   2.610,     1948.,     1579.13,    1.09,      368.87
  180,   2.630,     1864.,     1481.35,    0.62,      382.65
  181,   2.650,     1942.,     1485.36,   -0.05,      456.64
  182,   2.670,     1996.,     1532.76,    0.22,      463.24
  183,   2.690,     2156.,     1573.78,   -0.15,      582.22
  184,   2.710,     2147.,     1571.05,   -0.16,      575.95
  185,   2.730,     2166.,     1502.74,    0.58,      663.26
  186,   2.750,     1979.,     1365.03,    0.60,      613.97
  187,   2.770,     1812.,     1171.28,    1.35,      640.72
  188,   2.790,     1553.,      946.99,    0.38,      606.01
  189,   2.810,     1460.,      721.42,   -0.02,      738.58
  190,   2.830,     1235.,      519.15,   -0.49,      715.85
  191,   2.851,     1110.,      355.40,   -0.41,      754.60
  192,   2.871,      975.,      235.65,    0.45,      739.35
  193,   2.891,      971.,      158.18,    1.74,      812.82
  194,   2.911,      962.,      118.18,    2.55,      843.82
  195,   2.931,      970.,      111.18,    3.09,      858.82
  196,   2.951,     1025.,      134.12,    3.33,      890.88
  197,   2.971,     1105.,      184.74,    3.81,      920.26
  198,   2.991,     1157.,      259.40,    2.84,      897.60
  199,   3.011,     1258.,      351.26,    2.24,      906.74
  200,   3.031,     1326.,      448.91,    1.57,      877.09
  201,   3.051,     1453.,      537.40,    0.25,      915.60
  202,   3.071,     1419.,      601.45,   -0.14,      817.55
  203,   3.091,     1516.,      630.30,   -0.10,      885.70
  204,   3.112,     1463.,      620.95,   -0.85,      842.05
  205,   3.132,     1439.,      579.67,   -0.41,      859.33
  206,   3.152,     1450.,      520.25,   -0.25,      929.75
  207,   3.172,     1363.,      459.46,    0.25,      903.54
  208,   3.192,     1255.,      412.38,    0.27,      842.62
  209,   3.212,     1304.,      388.65,    0.74,      915.35
  210,   3.232,     1290.,      390.67,    0.78,      899.33
  211,   3.252,     1262.,      413.67,   -0.17,      848.33
  212,   3.272,     1323.,      448.12,   -0.46,      874.88
  213,   3.292,     1365.,      482.18,   -0.47,      882.82
  214,   3.312,     1367.,      505.90,   -0.52,      861.10
  215,   3.332,     1377.,      512.72,   -0.50,      864.28
  216,   3.352,     1383.,      500.65,    0.40,      882.35
  217,   3.373,     1339.,      471.94,    0.63,      867.06
  218,   3.393,     1344.,      430.83,    0.61,      913.17
  219,   3.413,     1250.,      382.82,    0.76,      867.18
  220,   3.433,     1230.,      334.11,    0.61,      895.89
  221,   3.453,     1182.,      292.16,   -0.24,      889.84
  222,   3.473,     1130.,      267.55,   -0.12,      862.45
  223,   3.493,     1140.,      275.36,   -0.51,      864.64
  224,   3.513,     1174.,      335.32,   -0.36,      838.68
  225,   3.533,     1304.,      471.22,   -0.02,      832.78
  226,   3.553,     1586.,      706.22,   -0.05,      879.78
  227,   3.573,     1932.,     1055.36,    0.21,      876.64
  228,   3.593,     2338.,     1514.29,   -0.54,      823.71
  229,   3.613,     2986.,     2050.21,    0.18,      935.79
  230,   3.634,     3484.,     2598.71,    0.46,      885.29
  231,   3.654,     3948.,     3072.73,    0.26,      875.27
  232,   3.674,     4138.,     3384.13,   -0.43,      753.87
  233,   3.694,     4354.,     3470.91,   -1.19,      883.09
  234,   3.714,     4186.,     3319.37,   -1.96,      866.63
  235,   3.734,     3846.,     2972.51,   -2.03,      873.49
  236,   3.754,     3365.,     2519.96,   -2.02,      845.04
  237,   3.774,     2873.,     2074.92,   -1.59,      798.08
  238,   3.794,     2630.,     1747.83,   -2.06,      882.17
  239,   3.814,     2527.,     1624.34,   -2.85,      902.66
  240,   3.834,     2734.,     1750.68,   -2.97,      983.32
  241,   3.854,     3122.,     2126.10,   -2.94,      995.90
  242,   3.874,     3651.,     2699.83,   -1.95,      951.17
  243,   3.895,     4326.,     3375.75,   -1.15,      950.25
  244,   3.915,     5126.,     4026.53,   -0.19,     1099.47
  245,   3.935,     5692.,     4519.43,    0.03,     1172.57
  246,   3.955,     5974.,     4748.52,   -0.30,     1225.48
  247,   3.975,     5972.,     4662.86,    0.45,     1309.14
  248,   3.995,     5628.,     4278.55,    1.15,     1349.45
  249,   4.015,     5036.,     3670.72,    1.61,     1365.28
  250,   4.035,     4310.,     2947.46,    2.16,     1362.54
  251,   4.055,     3629.,     2218.55,    1.77,     1410.45
  252,   4.075,     2984.,     1570.05,    1.03,     1413.95
  253,   4.095,     2550.,     1052.70,    0.48,     1497.30
  254,   4.115,     2278.,      684.40,    1.16,     1593.60
  255,   4.135,     1984.,      462.82,    1.99,     1521.18
  256,   4.156,     1953.,      382.55,    2.97,     1570.45
  257,   4.176,     2052.,      454.59,    4.66,     1597.41
  258,   4.196,     2356.,      729.42,    4.32,     1626.58
  259,   4.216,     2957.,     1330.84,    2.53,     1626.16
  260,   4.236,     4170.,     2505.25,    1.40,     1664.75
  261,   4.256,     6414.,     4684.21,   -0.35,     1729.79
  262,   4.276,     9984.,     8541.54,   -1.43,     1442.46
  263,   4.296,    16392.,    14997.62,   -0.91,     1394.38
  264,   4.316,    26368.,    25109.43,   -0.24,     1258.57
  265,   4.336,    40576.,    39792.62,    1.05,      783.38
  266,   4.356,    60208.,    59384.91,    2.57,      823.09
  267,   4.376,    84864.,    83166.63,    3.93,     1697.37
  268,   4.396,   110624.,   109055.14,    4.67,     1568.86
  269,   4.417,   135552.,   133707.89,    4.68,     1844.11
  270,   4.437,   154880.,   153148.98,    3.93,     1731.02
  271,   4.457,   164928.,   163794.41,    2.32,     1133.59
  272,   4.477,   163840.,   163532.11,   -0.18,      307.89
  273,   4.497,   151744.,   152400.78,   -2.97,     -656.78
  274,   4.517,   130912.,   132580.67,   -5.58,    -1668.67
  275,   4.537,   105696.,   107698.88,   -7.27,    -2002.88
  276,   4.557,    79648.,    81762.29,   -8.05,    -2114.29
  277,   4.577,    56176.,    58165.54,   -7.35,    -1989.54
  278,   4.597,    37840.,    39110.54,   -5.92,    -1270.54
  279,   4.617,    25152.,    25546.99,   -4.06,     -394.99
  280,   4.637,    17112.,    17505.40,   -2.26,     -393.40
  281,   4.657,    15188.,    14570.52,   -0.95,      617.48
  282,   4.678,    16864.,    16255.00,   -0.15,      609.00
  283,   4.698,    22624.,    22137.47,   -0.07,      486.53
  284,   4.718,    32128.,    31758.50,   -1.72,      369.50
  285,   4.738,    44720.,    44377.55,   -2.65,      342.45
  286,   4.758,    59536.,    58754.05,   -3.76,      781.95
  287,   4.778,    74720.,    73111.84,   -3.67,     1608.16
  288,   4.798,    87200.,    85367.13,   -1.48,     1832.87
  289,   4.818,    96000.,    93575.17,    1.11,     2424.83
  290,   4.838,    99616.,    96436.35,    4.55,     3179.65
  291,   4.858,    97280.,    93645.80,    7.77,     3634.20
  292,   4.878,    90592.,    85941.49,   10.13,     4650.51
  293,   4.898,    79360.,    74837.36,   11.79,     4522.64
  294,   4.918,    66592.,    62173.33,   12.53,     4418.67
  295,   4.939,    53968.,    49675.44,   11.79,     4292.56
  296,   4.959,    42976.,    38671.58,   10.38,     4304.42
  297,   4.979,    33728.,    30007.56,    6.82,     3720.44
  298,   4.999,    27456.,    24109.43,    3.18,     3346.57
  299,   5.019,    23624.,    21086.31,   -0.26,     2537.69
  300,   5.039,    22880.,    20797.21,   -3.22,     2082.79
  301,   5.059,    24328.,    22854.25,   -5.00,     1473.75
  302,   5.079,    27624.,    26601.13,   -6.65,     1022.87
  303,   5.099,    31912.,    31129.01,   -7.46,      782.99
  304,   5.119,    36384.,    35379.28,   -6.92,     1004.72
  305,   5.139,    39520.,    38335.61,   -5.77,     1184.39
  306,   5.159,    40272.,    39252.23,   -3.18,     1019.77
  307,   5.179,    38672.,    37834.27,   -1.34,      837.73
  308,   5.200,    35136.,    34289.62,   -0.37,      846.38
  309,   5.220,    29656.,    29235.75,    0.17,      420.25
  310,   5.240,    24192.,    23493.57,   -0.06,      698.43
  311,   5.260,    17848.,    17858.31,   -0.72,      -10.31
  312,   5.280,    13128.,    12925.45,   -1.43,      202.55
  313,   5.300,     8916.,     9019.97,   -2.39,     -103.97
  314,   5.320,     6206.,     6221.60,   -2.22,      -15.60
  315,   5.340,     4326.,     4449.89,   -2.42,     -123.89
  316,   5.360,     3343.,     3557.68,   -1.22,     -214.68
  317,   5.380,     3189.,     3398.32,   -2.12,     -209.32
  318,   5.400,     3552.,     3849.71,   -1.95,     -297.71
  319,   5.420,     4558.,     4802.64,   -3.49,     -244.64
  320,   5.440,     5736.,     6129.09,   -4.52,     -393.09
  321,   5.461,     6998.,     7654.59,   -6.76,     -656.59
  322,   5.481,     8392.,     9153.54,   -8.08,     -761.54
  323,   5.501,     9640.,    10375.70,  -11.26,     -735.70
  324,   5.521,    10316.,    11097.57,  -13.25,     -781.57
  325,   5.541,    10524.,    11180.20,  -14.93,     -656.20
  326,   5.561,    10092.,    10608.38,  -13.95,     -516.38
  327,   5.581,     8768.,     9494.46,  -12.21,     -726.46
  328,   5.601,     7624.,     8046.20,   -9.73,     -422.20
  329,   5.621,     6192.,     6510.21,   -5.90,     -318.21
  330,   5.641,     5064.,     5113.90,   -1.40,      -49.90
  331,   5.661,     4049.,     4021.97,    1.81,       27.03
  332,   5.681,     3583.,     3316.57,    6.66,      266.43
  333,   5.701,     3397.,     2998.25,   11.00,      398.75
  334,   5.722,     3717.,     3000.89,   14.20,      716.11
  335,   5.742,     3871.,     3214.01,   16.74,      656.99
  336,   5.762,     4238.,     3507.54,   18.90,      730.46
  337,   5.782,     4538.,     3758.02,   18.31,      779.98
  338,   5.802,     4518.,     3871.93,   16.37,      646.07
  339,   5.822,     4454.,     3802.24,   12.44,      651.76
  340,   5.842,     4087.,     3552.84,    9.36,      534.16
  341,   5.862,     3623.,     3169.77,    5.03,      453.23
  342,   5.882,     2986.,     2721.74,    1.21,      264.26
  343,   5.902,     2553.,     2277.29,   -1.34,      275.71
  344,   5.922,     2077.,     1886.50,   -3.39,      190.50
  345,   5.942,     1705.,     1572.46,   -6.07,      132.54
  346,   5.962,     1470.,     1333.45,   -7.45,      136.55
  347,   5.983,     1271.,     1151.52,   -7.59,      119.48
  348,   6.003,     1067.,     1004.15,   -8.39,       62.85
  349,   6.023,      811.,      872.80,   -7.98,      -61.80
  350,   6.043,      745.,      747.04,   -7.11,       -2.04
  351,   6.063,      561.,      625.01,   -6.29,      -64.01
  352,   6.083,      444.,      511.08,   -6.11,      -67.08
  353,   6.103,      365.,      413.02,   -5.55,      -48.02
  354,   6.123,      314.,      340.92,   -4.23,      -26.92
  355,   6.143,      302.,      307.78,   -3.97,       -5.78
  356,   6.163,      346.,      331.74,   -2.64,       14.26
  357,   6.183,      409.,      439.35,   -1.49,      -30.35
  358,   6.203,      629.,      668.04,   -1.43,      -39.04
  359,   6.223,     1025.,     1064.90,   -1.63,      -39.90
  360,   6.244,     1647.,     1680.30,   -1.25,      -33.30
  361,   6.264,     2552.,     2553.56,   -1.98,       -1.56
  362,   6.284,     3706.,     3693.11,   -1.73,       12.89
  363,   6.304,     5134.,     5055.34,   -0.31,       78.66
  364,   6.324,     6608.,     6532.73,    1.25,       75.27
  365,   6.344,     7970.,     7958.32,    2.05,       11.68
  366,   6.364,     9192.,     9132.51,    3.09,       59.49
  367,   6.384,    10080.,     9866.92,    3.29,      213.08
  368,   6.404,    10284.,    10033.45,    2.84,      250.55
  369,   6.424,     9692.,     9600.87,    2.31,       91.13
  370,   6.444,     8828.,     8643.75,    1.78,      184.25
  371,   6.464,     7392.,     7321.52,    1.42,       70.48
  372,   6.484,     5850.,     5834.49,    0.07,       15.51
  373,   6.505,     4410.,     4374.59,   -1.41,       35.41
  374,   6.525,     3042.,     3086.64,   -1.57,      -44.64
  375,   6.545,     2065.,     2050.27,   -2.76,       14.73
  376,   6.565,     1290.,     1283.25,   -3.23,        6.75
  377,   6.585,      754.,      758.23,   -2.65,       -4.23
  378,   6.605,      502.,      425.06,   -2.22,       76.94
  379,   6.625,      278.,      228.92,   -1.14,       49.08
  380,   6.645,      168.,      122.40,   -0.11,       45.60
  381,   6.665,      132.,       69.86,    0.98,       62.14
  382,   6.685,       91.,       47.64,    2.23,       43.36
  383,   6.705,      117.,       41.03,    2.92,       75.97
  384,   6.725,      101.,       41.83,    2.79,       59.17
  385,   6.745,      127.,       45.72,    2.71,       81.28
  386,   6.766,      134.,       50.92,    3.19,       83.08
  387,   6.786,      152.,       57.42,    3.45,       94.58
  388,   6.806,      132.,       66.88,    4.37,       65.12
  389,   6.826,      148.,       82.90,    3.78,       65.10
  390,   6.846,      173.,      110.50,    4.86,       62.50
  391,   6.866,      224.,      156.57,    3.99,       67.43
  392,   6.886,      276.,      229.45,    4.19,       46.55
  393,   6.906,      383.,      336.87,    2.76,       46.13
  394,   6.926,      573.,      484.17,    3.67,       88.83
  395,   6.946,      655.,      671.09,    2.79,      -16.09
  396,   6.966,      912.,      888.86,    1.56,       23.14
  397,   6.986,     1047.,     1119.21,   -0.56,      -72.21
  398,   7.006,     1376.,     1335.64,   -1.91,       40.36
  399,   7.027,     1437.,     1507.96,   -4.69,      -70.96
  400,   7.047,     1512.,     1608.83,   -5.69,      -96.83
  401,   7.067,     1462.,     1621.32,   -7.59,     -159.32
  402,   7.087,     1467.,     1542.60,   -7.17,      -75.60
  403,   7.107,     1262.,     1385.88,   -7.89,     -123.88
  404,   7.127,     1070.,     1175.71,   -6.45,     -105.71
  405,   7.147,      832.,      942.13,   -5.15,     -110.13
  406,   7.167,      657.,      713.54,   -1.89,      -56.54
  407,   7.187,      509.,      511.24,   -1.25,       -2.24
  408,   7.207,      354.,      347.07,    1.82,        6.93
  409,   7.227,      242.,      223.77,    3.77,       18.23
  410,   7.247,      189.,      137.63,    5.88,       51.37
  411,   7.267,       95.,       81.35,    6.34,       13.65
  412,   7.288,       88.,       46.87,    6.33,       41.13
  413,   7.308,       64.,       27.10,    5.63,       36.90
  414,   7.328,       50.,       16.45,    4.85,       33.55
  415,   7.348,       42.,       11.21,    2.05,       30.79
  416,   7.368,       37.,        9.00,    0.85,       28.00
  417,   7.388,       40.,        8.32,   -0.09,       31.68
  418,   7.408,       47.,        8.50,   -1.12,       38.50
  419,   7.428,       42.,        8.89,   -1.81,       33.11
  420,   7.448,       46.,        9.24,   -1.63,       36.76
  421,   7.468,       59.,        9.31,   -0.86,       49.69
  422,   7.488,       44.,        8.97,    0.92,       35.03
  423,   7.508,       41.,        8.31,    0.38,       32.69
  424,   7.528,       45.,        7.33,    0.13,       37.67
  425,   7.549,       68.,        6.26,    0.44,       61.74
  426,   7.569,       65.,        5.16,   -0.52,       59.84
  427,   7.589,       46.,        4.14,   -1.29,       41.86
  428,   7.609,       41.,        3.28,   -0.37,       37.72
  429,   7.629,       59.,        2.66,    0.46,       56.34
  430,   7.649,       61.,        2.32,    0.16,       58.68
  431,   7.669,       45.,        2.47,    0.90,       42.53
  432,   7.689,       65.,        3.57,    1.59,       61.43
  433,   7.709,       58.,        6.73,    2.22,       51.27
  434,   7.729,       76.,       13.99,    0.75,       62.01
  435,   7.749,      109.,       29.78,    1.02,       79.22
  436,   7.769,      138.,       62.22,    0.27,       75.78
  437,   7.789,      192.,      125.04,   -0.26,       66.96
  438,   7.810,      269.,      239.95,   -1.88,       29.05
  439,   7.830,      487.,      437.96,   -2.23,       49.04
  440,   7.850,      808.,      758.74,   -3.68,       49.26
  441,   7.870,     1298.,     1246.30,   -3.53,       51.70
  442,   7.890,     1962.,     1939.54,   -3.31,       22.46
  443,   7.910,     2941.,     2858.34,   -1.34,       82.66
  444,   7.930,     3983.,     3987.87,    0.17,       -4.87
  445,   7.950,     5422.,     5266.16,    1.75,      155.84
  446,   7.970,     6682.,     6581.35,    3.10,      100.65
  447,   7.990,     8076.,     7783.31,    3.99,      292.69
  448,   8.010,     8932.,     8709.98,    3.56,      222.02
  449,   8.030,     9508.,     9222.51,    3.29,      285.49
  450,   8.050,     9496.,     9239.43,    2.76,      256.57
  451,   8.071,     8900.,     8757.82,    2.53,      142.18
  452,   8.091,     7928.,     7853.97,    0.65,       74.03
  453,   8.111,     6632.,     6663.84,    0.37,      -31.84
  454,   8.131,     5406.,     5349.27,   -1.08,       56.73
  455,   8.151,     4098.,     4062.50,   -2.26,       35.50
  456,   8.171,     2908.,     2918.96,   -3.15,      -10.96
  457,   8.191,     2130.,     1984.27,   -2.66,      145.73
  458,   8.211,     1353.,     1276.21,   -1.76,       76.79
  459,   8.231,      806.,      776.74,   -1.05,       29.26
  460,   8.251,      446.,      447.48,   -0.08,       -1.48
  461,   8.271,      286.,      244.23,   -0.22,       41.77
  462,   8.291,      147.,      126.57,    0.89,       20.43
  463,   8.311,      100.,       62.70,   -0.01,       37.30
  464,   8.332,       67.,       30.24,   -1.22,       36.76
  465,   8.352,       45.,       14.86,   -1.30,       30.14
  466,   8.372,       36.,        8.14,   -1.04,       27.86
  467,   8.392,       46.,        5.44,   -2.27,       40.56
  468,   8.412,       39.,        4.56,   -0.83,       34.44
  469,   8.432,       29.,        4.34,   -0.60,       24.66
  470,   8.452,       32.,        4.24,   -0.92,       27.76
  471,   8.472,       40.,        4.19,   -1.25,       35.81
  472,   8.492,       35.,        4.13,   -0.65,       30.87
  473,   8.512,       31.,        4.17,   -1.04,       26.83
  474,   8.532,       38.,        4.45,    0.41,       33.55
  475,   8.552,       42.,        5.18,    0.91,       36.82
  476,   8.572,       62.,        6.68,    3.06,       55.32
  477,   8.593,       55.,        9.46,    3.20,       45.54
  478,   8.613,       48.,       14.29,    2.56,       33.71
  479,   8.633,       71.,       22.49,    3.13,       48.51
  480,   8.653,       74.,       36.11,    3.67,       37.89
  481,   8.673,      113.,       58.36,    3.36,       54.64
  482,   8.693,      146.,       93.97,    4.44,       52.03
  483,   8.713,      170.,      148.65,    5.70,       21.35
  484,   8.733,      241.,      228.84,    4.20,       12.16
  485,   8.753,      380.,      340.41,    3.25,       39.59
  486,   8.773,      465.,      486.16,    1.92,      -21.16
  487,   8.793,      695.,      663.85,   -0.80,       31.15
  488,   8.813,      901.,      864.23,   -3.53,       36.77
  489,   8.833,     1019.,     1070.63,   -3.58,      -51.63
  490,   8.854,     1230.,     1260.59,   -3.83,      -30.59
  491,   8.874,     1324.,     1409.56,   -5.22,      -85.56
  492,   8.894,     1364.,     1496.13,   -4.59,     -132.13
  493,   8.914,     1370.,     1506.92,   -4.74,     -136.92
  494,   8.934,     1423.,     1440.08,   -5.77,      -17.08
  495,   8.954,     1270.,     1305.65,   -5.20,      -35.65
  496,   8.974,     1062.,     1123.17,   -4.32,      -61.17
  497,   8.994,      923.,      916.81,   -2.85,        6.19
  498,   9.014,      716.,      710.31,   -0.23,        5.69
  499,   9.034,      492.,      522.56,    2.58,      -30.56
  500,   9.054,      354.,      365.71,    2.74,      -11.71
  501,   9.074,      257.,      244.26,    3.24,       12.74
  502,   9.094,      189.,      157.05,    4.06,       31.95
  503,   9.115,      119.,       99.35,    2.87,       19.65
  504,   9.135,       80.,       64.86,    1.26,       15.14
  505,   9.155,       67.,       47.40,    1.90,       19.60
  506,   9.175,       57.,       41.67,    2.33,       15.33
  507,   9.195,       71.,       43.50,    1.41,       27.50
  508,   9.215,       65.,       49.70,    0.78,       15.30
  509,   9.235,       69.,       57.74,    1.19,       11.26
  510,   9.255,       75.,       65.60,    0.32,        9.40
  511,   9.275,       98.,       71.78,   -0.17,       26.22
  512,   9.295,       95.,       75.26,    0.63,       19.74
  513,   9.315,       96.,       75.43,    1.24,       20.57
  514,   9.335,      104.,       72.33,    1.49,       31.67
  515,   9.355,       85.,       66.47,    1.84,       18.53
  516,   9.376,       80.,       58.74,    2.35,       21.26
  517,   9.396,       78.,       50.25,    1.43,       27.75
  518,   9.416,       72.,       42.06,    1.67,       29.94
  519,   9.436,       48.,       35.01,    0.83,       12.99
  520,   9.456,       51.,       29.80,    0.02,       21.20
  521,   9.476,       40.,       26.81,   -0.66,       13.19
  522,   9.496,       31.,       26.18,   -1.04,        4.82
  523,   9.516,       43.,       27.79,   -1.93,       15.21
  524,   9.536,       39.,       31.26,   -2.27,        7.74
  525,   9.556,       58.,       35.98,   -1.43,       22.02
  526,   9.576,       50.,       41.16,   -1.57,        8.84
  527,   9.596,       53.,       45.99,   -1.50,        7.01
  528,   9.616,       60.,       49.60,   -0.29,       10.40
  529,   9.637,       72.,       51.38,    0.15,       20.62
  530,   9.657,       73.,       51.14,    1.06,       21.86
  531,   9.677,       64.,       48.84,    1.03,       15.16
  532,   9.697,       57.,       44.80,    1.86,       12.20
  533,   9.717,       57.,       39.64,    2.20,       17.36
  534,   9.737,       47.,       34.04,    2.51,       12.96
  535,   9.757,       47.,       28.55,    1.22,       18.45
  536,   9.777,       34.,       23.68,    0.25,       10.32
  537,   9.797,       36.,       19.79,   -0.55,       16.21
  538,   9.817,       30.,       17.14,   -1.63,       12.86
  539,   9.837,       28.,       15.75,   -2.05,       12.25
  540,   9.857,       22.,       15.63,   -1.58,        6.37
  541,   9.877,       17.,       16.62,   -1.79,        0.38
  542,   9.898,       22.,       18.48,   -1.65,        3.52
  543,   9.918,       27.,       20.85,   -0.75,        6.15
  544,   9.938,       33.,       23.27,   -0.79,        9.73
  545,   9.958,       43.,       25.41,   -0.35,       17.59
  546,   9.978,       36.,       26.77,    0.13,        9.23
  547,   9.998,       37.,       27.18,    1.22,        9.82
  548,  10.018,       53.,       26.44,    1.94,       26.56
  549,  10.038,       32.,       24.66,    2.57,        7.34
  550,  10.058,       37.,       22.12,    2.74,       14.88
  551,  10.078,       28.,       19.08,    2.36,        8.92
  552,  10.098,       25.,       16.00,    1.48,        9.00
  553,  10.118,       21.,       13.16,    1.39,        7.84
  554,  10.138,       18.,       10.83,   -0.44,        7.17
  555,  10.158,       16.,        9.17,   -0.38,        6.83
  556,  10.179,       20.,        8.24,   -0.92,       11.76
  557,  10.199,       10.,        8.04,   -1.06,        1.96
  558,  10.219,       17.,        8.43,   -1.63,        8.57
  559,  10.239,       11.,        9.26,   -1.58,        1.74
  560,  10.259,       14.,       10.33,   -2.08,        3.67
  561,  10.279,       15.,       11.43,   -1.73,        3.57
  562,  10.299,       18.,       12.36,   -2.25,        5.64
  563,  10.319,       16.,       12.92,   -1.12,        3.08
  564,  10.339,       12.,       13.07,   -1.08,       -1.07
  565,  10.359,       14.,       12.69,   -0.94,        1.31
  566,  10.379,       19.,       11.91,   -0.05,        7.09
  567,  10.399,       16.,       10.75,    0.39,        5.25
  568,  10.419,       19.,        9.35,    0.00,        9.65
  569,  10.440,       15.,        7.92,    0.10,        7.08
  570,  10.460,       11.,        6.53,    1.18,        4.47
  571,  10.480,       13.,        5.30,    1.15,        7.70
  572,  10.500,        9.,        4.32,    0.99,        4.68
  573,  10.520,        7.,        3.61,    0.76,        3.39
  574,  10.540,        7.,        3.14,    0.71,        3.86
  575,  10.560,       13.,        2.96,    0.38,       10.04
  576,  10.580,        3.,        2.95,    0.04,        0.05
  577,  10.600,       10.,        3.06,    0.28,        6.94
  578,  10.620,        7.,        3.26,    0.42,        3.74
  579,  10.640,       12.,        3.44,    0.70,        8.56
  580,  10.660,       10.,        3.71,    0.87,        6.29
  581,  10.680,        6.,        3.93,   -0.39,        2.07
  582,  10.701,       10.,        4.25,   -0.02,        5.75
  583,  10.721,       11.,        4.64,   -0.07,        6.36
  584,  10.741,        7.,        5.11,   -0.23,        1.89
  585,  10.761,        8.,        5.67,   -1.05,        2.33
  586,  10.781,        8.,        6.30,   -0.86,        1.70
  587,  10.801,        7.,        6.93,   -0.99,        0.07
  588,  10.821,       14.,        7.48,   -0.95,        6.52
  589,  10.841,       11.,        7.84,   -1.18,        3.16
  590,  10.861,       10.,        7.95,   -0.57,        2.05
  591,  10.881,       13.,        7.72,    0.21,        5.28
  592,  10.901,       10.,        7.22,    0.37,        2.78
  593,  10.921,       11.,        6.46,    1.21,        4.54
  594,  10.941,       10.,        5.51,    1.07,        4.49
  595,  10.962,        7.,        4.53,    0.74,        2.47
  596,  10.982,        9.,        3.59,    0.81,        5.41
  597,  11.002,        6.,        2.78,    0.30,        3.22
  598,  11.022,        6.,        2.16,    0.09,        3.84
  599,  11.042,        5.,        1.77,    0.14,        3.23
  600,  11.062,        3.,        1.62,   -0.02,        1.38
  601,  11.082,        4.,        1.71,   -0.32,        2.29
  602,  11.102,        5.,        1.99,   -0.69,        3.01
  603,  11.122,        5.,        2.43,   -1.08,        2.57
  604,  11.142,        5.,        2.97,   -1.57,        2.03
  605,  11.162,        6.,        3.50,   -1.82,        2.50
  606,  11.182,        6.,        4.05,   -1.40,        1.95
  607,  11.202,        8.,        4.49,   -0.46,        3.51
  608,  11.223,        7.,        4.77,    0.00,        2.23
  609,  11.243,        6.,        4.85,    0.51,        1.15
  610,  11.263,        6.,        4.72,    0.89,        1.28
  611,  11.283,        9.,        4.47,    1.18,        4.53
  612,  11.303,       10.,        4.06,    0.76,        5.94
  613,  11.323,        9.,        3.60,    0.81,        5.40
  614,  11.343,        8.,        3.13,    1.04,        4.87
  615,  11.363,        6.,        2.72,    1.50,        3.28
  616,  11.383,        6.,        2.41,    1.45,        3.59
  617,  11.403,        4.,        2.23,    1.91,        1.77
  618,  11.423,        5.,        2.18,    0.99,        2.82
  619,  11.443,        5.,        2.25,    0.58,        2.75
  620,  11.463,        4.,        2.41,   -0.74,        1.59
  621,  11.484,        3.,        2.60,   -0.98,        0.40
  622,  11.504,        9.,        2.73,   -1.51,        6.27
  623,  11.524,        4.,        2.87,   -0.72,        1.13
  624,  11.544,        4.,        2.90,   -1.07,        1.10
  625,  11.564,        1.,        2.82,   -0.83,       -1.82
  626,  11.584,        4.,        2.60,   -1.05,        1.40
  627,  11.604,        3.,        2.32,   -0.09,        0.68
  628,  11.624,        6.,        1.97,   -0.88,        4.03
  629,  11.644,        0.,        1.60,   -0.84,       -1.60
  630,  11.664,        3.,        1.28,   -0.94,        1.72
  631,  11.684,        1.,        0.98,   -0.38,        0.02
  632,  11.704,        5.,        0.75,   -0.32,        4.25
  633,  11.724,        3.,        0.60,   -0.18,        2.40
  634,  11.745,        1.,        0.52,   -0.50,        0.48
  635,  11.765,        1.,        0.51,    0.29,        0.49
  636,  11.785,        3.,        0.56,    0.13,        2.44
  637,  11.805,        2.,        0.60,    0.79,        1.40
  638,  11.825,        3.,        0.74,    0.19,        2.26
  639,  11.845,        2.,        0.87,    0.12,        1.13
  640,  11.865,        4.,        0.98,    0.93,        3.02
  641,  11.885,        2.,        1.06,    0.94,        0.94
  642,  11.905,        6.,        1.09,    0.82,        4.91
  643,  11.925,        2.,        1.07,    0.66,        0.93
  644,  11.945,        3.,        1.01,    0.74,        1.99
  645,  11.965,        5.,        0.90,    0.79,        4.10
  646,  11.985,        2.,        0.77,    0.46,        1.23
  647,  12.006,        2.,        0.63,    0.08,        1.37
  648,  12.026,        1.,        0.49,   -0.57,        0.51
  649,  12.046,        2.,        0.37,   -0.93,        1.63
  650,  12.066,        1.,        0.26,   -1.12,        0.74
  651,  12.086,        2.,        0.18,   -1.50,        1.82
  652,  12.106,        0.,        0.12,   -1.44,       -0.12
  653,  12.126,        1.,        0.07,   -1.53,        0.93
  654,  12.146,        0.,        0.04,   -1.28,       -0.04
  655,  12.166,        2.,        0.00,   -1.24,        2.00
  656,  12.186,        1.,        0.00,   -0.24,        1.00
  657,  12.206,        2.,        0.05,   -0.76,        1.95
  658,  12.226,        3.,        0.09,   -0.57,        2.91
  659,  12.246,        2.,        0.16,    0.19,        1.84
  660,  12.267,        4.,        0.29,    0.79,        3.71
  661,  12.287,        5.,        0.48,    1.01,        4.52
  662,  12.307,        0.,        0.76,    0.20,       -0.76
  663,  12.327,        5.,        1.17,    0.68,        3.83
  664,  12.347,        7.,        1.71,    0.89,        5.29
  665,  12.367,        7.,        2.39,    0.73,        4.61
  666,  12.387,        8.,        3.20,    0.28,        4.80
  667,  12.407,        2.,        4.10,    0.20,       -2.10
  668,  12.427,       10.,        5.01,    0.92,        4.99
  669,  12.447,       13.,        5.86,    0.70,        7.14
  670,  12.467,        8.,        6.56,    0.88,        1.44
  671,  12.487,       10.,        7.02,    0.42,        2.98
  672,  12.507,       12.,        7.18,    0.23,        4.82
  673,  12.528,       11.,        7.02,    1.00,        3.98
  674,  12.548,        9.,        6.57,    0.19,        2.43
  675,  12.568,       12.,        5.88,   -0.42,        6.12
  676,  12.588,        7.,        5.08,   -0.11,        1.92
  677,  12.608,        8.,        4.20,    0.18,        3.80
  678,  12.628,        7.,        3.37,    0.60,        3.63
  679,  12.648,        4.,        2.66,    0.62,        1.34
  680,  12.668,        4.,        2.13,    1.30,        1.87
  681,  12.688,        4.,        1.80,    0.92,        2.20
  682,  12.708,        4.,        1.69,    0.92,        2.31
  683,  12.728,        6.,        1.78,    0.37,        4.22
  684,  12.748,        8.,        2.03,   -0.63,        5.97
  685,  12.768,        5.,        2.41,   -0.43,        2.59
  686,  12.789,        4.,        2.86,   -1.19,        1.14
  687,  12.809,        6.,        3.28,   -0.66,        2.72
  688,  12.829,        3.,        3.72,   -0.54,       -0.72
  689,  12.849,        2.,        4.05,   -0.90,       -2.05
  690,  12.869,        6.,        4.23,   -0.98,        1.77
  691,  12.889,        1.,        4.24,   -0.94,       -3.24
  692,  12.909,        6.,        4.09,   -0.87,        1.91
  693,  12.929,        7.,        3.78,   -1.50,        3.22
  694,  12.949,        4.,        3.43,   -0.78,        0.57
  695,  12.969,        8.,        2.99,    0.01,        5.01
  696,  12.989,        5.,        2.55,    0.39,        2.45
  697,  13.009,        3.,        2.15,    1.09,        0.85
  698,  13.029,        1.,        1.83,    0.83,       -0.83
  699,  13.050,        4.,        1.60,    0.98,        2.40
  700,  13.070,        2.,        1.46,    0.59,        0.54
  701,  13.090,        4.,        1.42,   -0.62,        2.58
  702,  13.110,        2.,        1.47,   -0.39,        0.53
  703,  13.130,        2.,        1.56,   -0.73,        0.44
  704,  13.150,        4.,        1.67,   -0.54,        2.33
  705,  13.170,        2.,        1.75,   -1.14,        0.25
  706,  13.190,        2.,        1.86,   -0.61,        0.14
  707,  13.210,        5.,        1.92,   -0.23,        3.08
  708,  13.230,        4.,        1.92,    0.03,        2.08
  709,  13.250,        3.,        1.90,    0.62,        1.10
  710,  13.270,        1.,        1.86,    0.83,       -0.86
  711,  13.290,        5.,        1.79,    1.53,        3.21
  712,  13.311,        4.,        1.71,    1.32,        2.29
  713,  13.331,        2.,        1.63,    0.88,        0.37
  714,  13.351,        5.,        1.54,    0.45,        3.46
  715,  13.371,        5.,        1.44,    0.21,        3.56
  716,  13.391,        5.,        1.34,    0.47,        3.66
  717,  13.411,        1.,        1.23,   -0.13,       -0.23
  718,  13.431,        1.,        1.13,   -0.24,       -0.13
  719,  13.451,        0.,        0.97,    0.16,       -0.97
  720,  13.471,        1.,        0.91,   -0.42,        0.09
  721,  13.491,        0.,        0.86,   -0.67,       -0.86
  722,  13.511,        2.,        0.81,   -1.61,        1.19
  723,  13.531,        3.,        0.78,   -0.83,        2.22
  724,  13.551,        2.,        0.76,   -0.49,        1.24
  725,  13.572,        0.,        0.76,   -0.32,       -0.76
  726,  13.592,        2.,        0.76,   -0.39,        1.24
  727,  13.612,        0.,        0.77,   -0.40,       -0.77
  728,  13.632,        4.,        0.76,   -0.24,        3.24
  729,  13.652,        2.,        0.78,   -0.67,        1.22
  730,  13.672,        1.,        0.80,   -1.10,        0.20
  731,  13.692,        1.,        0.81,   -1.24,        0.19
  732,  13.712,        0.,        0.83,   -1.07,       -0.83
  733,  13.732,        2.,        0.85,   -0.12,        1.15
  734,  13.752,        2.,        0.87,   -0.39,        1.13
  735,  13.772,        2.,        0.97,   -0.35,        1.03
  736,  13.792,        2.,        1.15,    0.34,        0.85
  737,  13.812,        6.,        1.52,    0.23,        4.48
  738,  13.833,        6.,        2.20,    0.97,        3.80
  739,  13.853,        5.,        3.40,    1.04,        1.60
  740,  13.873,        8.,        5.37,    0.69,        2.63
  741,  13.893,       13.,        8.41,    0.64,        4.59
  742,  13.913,       17.,       12.91,    0.28,        4.09
  743,  13.933,       24.,       19.23,    0.96,        4.77
  744,  13.953,       25.,       27.69,    0.48,       -2.69
  745,  13.973,       40.,       38.51,   -0.59,        1.49
  746,  13.993,       57.,       51.62,   -0.26,        5.38
  747,  14.013,       66.,       66.76,   -0.14,       -0.76
  748,  14.033,       92.,       83.22,    0.04,        8.78
  749,  14.053,       96.,      100.00,   -0.78,       -4.00
  750,  14.073,      103.,      115.81,   -0.53,      -12.81
  751,  14.094,      140.,      129.28,   -0.17,       10.72
  752,  14.114,      149.,      139.08,   -0.05,        9.92
  753,  14.134,      151.,      144.17,    0.49,        6.83
  754,  14.154,      129.,      143.98,    0.16,      -14.98
  755,  14.174,      137.,      138.51,    0.31,       -1.51
  756,  14.194,      140.,      128.31,    0.56,       11.69
  757,  14.214,      120.,      114.45,    0.39,        5.55
  758,  14.234,      106.,       98.26,   -0.19,        7.74
  759,  14.254,       80.,       81.18,   -0.64,       -1.18
  760,  14.274,       64.,       64.52,    0.19,       -0.52
  761,  14.294,       45.,       49.33,    0.36,       -4.33
  762,  14.314,       43.,       36.26,   -0.41,        6.74
  763,  14.334,       23.,       25.63,   -0.37,       -2.63
  764,  14.355,       15.,       17.41,   -0.36,       -2.41
  765,  14.375,       10.,       11.36,   -0.14,       -1.36
  766,  14.395,       12.,        7.13,   -0.54,        4.87
  767,  14.415,        8.,        4.29,   -0.13,        3.71
  768,  14.435,        4.,        2.48,   -0.20,        1.52
  769,  14.455,        6.,        1.38,    0.30,        4.62
  770,  14.475,        0.,        0.70,    1.22,       -0.70
  771,  14.495,        2.,        0.36,    1.51,        1.64
  772,  14.515,        3.,        0.18,    1.12,        2.82
  773,  14.535,        1.,        0.08,    0.35,        0.92
  774,  14.555,        0.,        0.00,    0.82,        0.00
  775,  14.575,        2.,        0.00,   -0.28,        2.00
  776,  14.595,        0.,        0.00,   -0.19,        0.00
  777,  14.616,        1.,        0.00,   -0.59,        1.00
  778,  14.636,        1.,        0.00,   -0.75,        1.00
  779,  14.656,        1.,        0.00,   -0.43,        1.00
  780,  14.676,        0.,        0.00,   -0.30,        0.00
  781,  14.696,        1.,        0.00,   -0.09,        1.00
  782,  14.716,        0.,        0.00,   -0.15,        0.00
  783,  14.736,        0.,        0.00,   -0.36,        0.00
  784,  14.756,        1.,        0.00,   -0.12,        1.00
  785,  14.776,        0.,        0.00,   -0.30,        0.00
  786,  14.796,        1.,        0.00,   -0.30,        1.00
  787,  14.816,        0.,        0.00,   -0.31,        0.00
  788,  14.836,        0.,        0.00,   -0.31,        0.00
  789,  14.856,        1.,        0.00,    0.12,        1.00
  790,  14.877,        0.,        0.00,    0.03,        0.00
  791,  14.897,        0.,        0.00,    0.29,        0.00
  792,  14.917,        0.,        0.00,    0.11,        0.00
  793,  14.937,        0.,        0.00,    0.11,        0.00
  794,  14.957,        2.,        0.00,    0.03,        2.00
  795,  14.977,        0.,        0.00,   -0.14,        0.00
  796,  14.997,        1.,        0.00,   -0.06,        1.00
  797,  15.017,        0.,        0.00,   -0.23,        0.00
  798,  15.037,        0.,        0.00,   -0.14,        0.00
  799,  15.057,        0.,        0.00,    0.03,        0.00
  800,  15.077,        0.,        0.00,   -0.14,        0.00
  801,  15.097,        0.,        0.00,   -0.05,        0.00
  802,  15.117,        0.,        0.00,   -0.30,        0.00
  803,  15.138,        0.,        0.00,    0.05,        0.00
  804,  15.158,        1.,        0.00,   -0.03,        1.00
  805,  15.178,        1.,        0.00,   -0.10,        1.00
  806,  15.198,        0.,        0.00,    0.07,        0.00
  807,  15.218,        0.,        0.01,   -0.01,       -0.01
  808,  15.238,        2.,        0.01,    0.17,        1.99
  809,  15.258,        0.,        0.02,    0.09,       -0.02
  810,  15.278,        0.,        0.02,    0.01,       -0.02
  811,  15.298,        0.,        0.03,   -0.07,       -0.03
  812,  15.318,        0.,        0.05,   -0.06,       -0.05
  813,  15.338,        1.,        0.06,    0.06,        0.94
  814,  15.358,        0.,        0.08,   -0.22,       -0.08
  815,  15.378,        1.,        0.10,   -0.45,        0.90
  816,  15.399,        1.,        0.12,   -0.47,        0.88
  817,  15.419,        0.,        0.14,   -0.31,       -0.14
  818,  15.439,        1.,        0.15,   -0.29,        0.85
  819,  15.459,        1.,        0.16,   -0.57,        0.84
  820,  15.479,        1.,        0.20,   -1.00,        0.80
  821,  15.499,        1.,        0.26,    0.12,        0.74
  822,  15.519,        1.,        0.33,    0.36,        0.67
  823,  15.539,        0.,        0.46,   -0.03,       -0.46
  824,  15.559,        1.,        0.68,   -0.70,        0.32
  825,  15.579,        2.,        1.03,    0.35,        0.97
  826,  15.599,        3.,        1.56,    1.11,        1.44
  827,  15.619,        6.,        2.34,   -0.31,        3.66
  828,  15.639,        5.,        3.41,   -0.53,        1.59
  829,  15.660,        3.,        4.82,   -1.42,       -1.82
  830,  15.680,        8.,        6.57,   -0.21,        1.43
  831,  15.700,       14.,        8.63,   -0.84,        5.37
  832,  15.720,       17.,       10.91,   -0.88,        6.09
  833,  15.740,        9.,       13.28,   -0.09,       -4.28
  834,  15.760,       14.,       15.55,   -0.44,       -1.55
  835,  15.780,       17.,       17.53,    0.55,       -0.53
  836,  15.800,       30.,       19.00,    1.13,       11.00
  837,  15.820,       16.,       19.90,    1.36,       -3.90
  838,  15.840,       21.,       20.02,    0.98,        0.98
  839,  15.860,       28.,       19.41,    0.57,        8.59
  840,  15.880,       18.,       18.15,    1.16,       -0.15
  841,  15.900,       29.,       16.40,    1.69,       12.60
  842,  15.921,       18.,       14.35,    1.55,        3.65
  843,  15.941,       15.,       12.22,   -0.04,        2.78
  844,  15.961,       12.,       10.17,    0.80,        1.83
  845,  15.981,       10.,        8.35,    1.14,        1.65
  846,  16.001,        6.,        6.83,   -0.05,       -0.83
  847,  16.021,       11.,        5.63,    0.53,        5.37
  848,  16.041,        5.,        4.71,   -0.78,        0.29
  849,  16.061,        3.,        4.02,    0.18,       -1.02
  850,  16.081,        4.,        3.49,   -0.57,        0.51
  851,  16.101,        3.,        3.06,   -1.00,       -0.06
  852,  16.121,        3.,        2.69,   -0.76,        0.31
  853,  16.141,        8.,        2.28,   -0.59,        5.72
  854,  16.161,        4.,        1.95,   -0.55,        2.05
  855,  16.182,        7.,        1.59,   -0.33,        5.41
  856,  16.202,        1.,        1.29,    0.20,       -0.29
  857,  16.222,        0.,        1.01,    0.41,       -1.01
  858,  16.242,        0.,        0.77,    0.39,       -0.77
  859,  16.262,        1.,        0.56,    0.19,        0.44
  860,  16.282,        0.,        0.39,   -0.21,       -0.39
  861,  16.302,        0.,        0.26,   -0.51,       -0.26
  862,  16.322,        1.,        0.17,   -1.46,        0.83
  863,  16.342,        1.,        0.11,   -1.37,        0.89
  864,  16.362,        0.,        0.00,   -0.89,        0.00
  865,  16.382,        0.,        0.00,   -0.58,        0.00
  866,  16.402,        1.,        0.00,   -0.02,        1.00
  867,  16.422,        0.,        0.00,    0.21,        0.00
  868,  16.443,        0.,        0.00,    0.71,        0.00
  869,  16.463,        0.,        0.00,    0.55,        0.00
  870,  16.483,        2.,        0.00,    0.32,        2.00
  871,  16.503,        1.,        0.00,    0.26,        1.00
  872,  16.523,        1.,        0.00,    0.29,        1.00
  873,  16.543,        0.,        0.00,    0.10,        0.00
  874,  16.563,        0.,        0.00,    0.08,        0.00
  875,  16.583,        0.,        0.00,    0.15,        0.00
  876,  16.603,        0.,        0.00,    0.22,        0.00
  877,  16.623,        0.,        0.00,   -0.18,        0.00
  878,  16.643,        0.,        0.00,   -0.34,        0.00
  879,  16.663,        0.,        0.00,   -0.42,        0.00
  880,  16.683,        0.,        0.00,   -0.50,        0.00
  881,  16.704,        0.,        0.00,   -0.58,        0.00
  882,  16.724,        0.,        0.00,   -0.58,        0.00
  883,  16.744,        0.,        0.00,   -0.26,        0.00
  884,  16.764,        0.,        0.00,   -0.17,        0.00
  885,  16.784,        0.,        0.00,   -0.09,        0.00
  886,  16.804,        0.,        0.00,    0.07,        0.00
  887,  16.824,        0.,        0.00,    0.23,        0.00
  888,  16.844,        0.,        0.00,    0.23,        0.00
  889,  16.864,        1.,        0.00,    0.23,        1.00
  890,  16.884,        0.,        0.00,    0.23,        0.00
  891,  16.904,        0.,        0.00,    0.23,        0.00
  892,  16.924,        1.,        0.00,    0.23,        1.00
  893,  16.944,        1.,        0.00,    0.23,        1.00
  894,  16.965,        0.,        0.00,    0.23,        0.00
  895,  16.985,        0.,        0.00,    0.23,        0.00
  896,  17.005,        0.,        0.00,    0.07,        0.00
  897,  17.025,        0.,        0.00,    0.07,        0.00
  898,  17.045,        0.,        0.00,    0.07,        0.00
  899,  17.065,        0.,        0.00,   -0.09,        0.00
  900,  17.085,        0.,        0.00,   -0.25,        0.00
  901,  17.105,        0.,        0.00,   -0.25,        0.00
  902,  17.125,        0.,        0.00,   -0.17,        0.00
  903,  17.145,        0.,        0.00,   -0.17,        0.00
  904,  17.165,        0.,        0.00,   -0.17,        0.00
  905,  17.185,        0.,        0.00,   -0.08,        0.00
  906,  17.205,        0.,        0.00,    0.00,        0.00
  907,  17.226,        0.,        0.00,    0.00,        0.00
  908,  17.246,        0.,        0.00,    0.00,        0.00
  909,  17.266,        0.,        0.00,    0.00,        0.00
  910,  17.286,        0.,        0.00,    0.00,        0.00
  911,  17.306,        0.,        0.00,    0.00,        0.00
  912,  17.326,        0.,        0.00,   -0.17,        0.00
  913,  17.346,        0.,        0.00,   -0.17,        0.00
  914,  17.366,        0.,        0.00,   -0.17,        0.00
  915,  17.386,        0.,        0.00,   -0.17,        0.00
  916,  17.406,        0.,        0.00,   -0.33,        0.00
  917,  17.426,        0.,        0.00,   -0.50,        0.00
  918,  17.446,        0.,        0.00,   -0.18,        0.00
  919,  17.466,        0.,        0.00,   -0.18,        0.00
  920,  17.487,        0.,        0.00,   -0.18,        0.00
  921,  17.507,        0.,        0.00,   -0.26,        0.00
  922,  17.527,        0.,        0.00,    0.06,        0.00
  923,  17.547,        0.,        0.00,    0.38,        0.00
  924,  17.567,        2.,        0.00,    0.38,        2.00
  925,  17.587,        0.,        0.00,    0.38,        0.00
  926,  17.607,        0.,        0.00,    0.29,        0.00
  927,  17.627,        0.,        0.00,    0.37,        0.00
  928,  17.647,        2.,        0.00,    0.37,        2.00
  929,  17.667,        2.,        0.00,    0.37,        2.00
  930,  17.687,        0.,        0.00,    0.37,        0.00
  931,  17.707,        0.,        0.00,   -0.03,        0.00
  932,  17.727,        0.,        0.00,    0.13,        0.00
  933,  17.748,        1.,        0.00,    0.29,        1.00
  934,  17.768,        0.,        0.00,    0.29,        0.00
  935,  17.788,        0.,        0.00,   -0.03,        0.00
  936,  17.808,        0.,        0.00,   -0.35,        0.00
  937,  17.828,        0.,        0.00,   -0.03,        0.00
  938,  17.848,        1.,        0.00,   -0.03,        1.00
  939,  17.868,        1.,        0.00,   -0.03,        1.00
  940,  17.888,        0.,        0.00,   -0.19,        0.00
  941,  17.908,        0.,        0.00,   -0.02,        0.00
  942,  17.928,        0.,        0.00,    0.06,        0.00
  943,  17.948,        1.,        0.00,    0.06,        1.00
  944,  17.968,        0.,        0.00,    0.06,        0.00
  945,  17.988,        0.,        0.00,   -0.10,        0.00
  946,  18.009,        0.,        0.00,   -0.17,        0.00
  947,  18.029,        0.,        0.00,   -0.17,        0.00
  948,  18.049,        0.,        0.00,   -0.01,        0.00
  949,  18.069,        0.,        0.00,   -0.01,        0.00
  950,  18.089,        0.,        0.00,   -0.17,        0.00
  951,  18.109,        0.,        0.00,   -0.09,        0.00
  952,  18.129,        0.,        0.00,   -0.01,        0.00
  953,  18.149,        0.,        0.00,   -0.01,        0.00
  954,  18.169,        1.,        0.00,   -0.01,        1.00
  955,  18.189,        0.,        0.00,   -0.01,        0.00
  956,  18.209,        0.,        0.00,    0.08,        0.00
  957,  18.229,        0.,        0.00,    0.08,        0.00
  958,  18.249,        0.,        0.00,   -0.01,        0.00
  959,  18.270,        0.,        0.00,   -0.01,        0.00
  960,  18.290,        0.,        0.00,   -0.01,        0.00
  961,  18.310,        0.,        0.00,   -0.17,        0.00
  962,  18.330,        0.,        0.00,   -0.17,        0.00
  963,  18.350,        0.,        0.00,   -0.17,        0.00
  964,  18.370,        0.,        0.00,   -0.01,        0.00
  965,  18.390,        0.,        0.00,   -0.01,        0.00
  966,  18.410,        0.,        0.00,   -0.01,        0.00
  967,  18.430,        0.,        0.00,    0.08,        0.00
  968,  18.450,        0.,        0.00,    0.08,        0.00
  969,  18.470,        0.,        0.00,    0.08,        0.00
  970,  18.490,        1.,        0.00,   -0.01,        1.00
  971,  18.510,        0.,        0.00,   -0.01,        0.00
  972,  18.531,        0.,        0.00,   -0.01,        0.00
  973,  18.551,        0.,        0.00,   -0.01,        0.00
  974,  18.571,        0.,        0.00,   -0.01,        0.00
  975,  18.591,        0.,        0.00,   -0.01,        0.00
  976,  18.611,        0.,        0.00,    0.15,        0.00
  977,  18.631,        0.,        0.00,   -0.01,        0.00
  978,  18.651,        0.,        0.00,   -0.01,        0.00
  979,  18.671,        0.,        0.00,   -0.01,        0.00
  980,  18.691,        0.,        0.00,   -0.01,        0.00
  981,  18.711,        0.,        0.00,   -0.01,        0.00
  982,  18.731,        1.,        0.00,   -0.01,        1.00
  983,  18.751,        0.,        0.00,    0.08,        0.00
  984,  18.771,        0.,        0.00,    0.08,        0.00
  985,  18.792,        0.,        0.00,   -0.01,        0.00
  986,  18.812,        0.,        0.00,   -0.01,        0.00
  987,  18.832,        0.,        0.00,   -0.01,        0.00
  988,  18.852,        0.,        0.00,   -0.01,        0.00
  989,  18.872,        0.,        0.00,   -0.17,        0.00
  990,  18.892,        0.,        0.00,   -0.17,        0.00
  991,  18.912,        0.,        0.00,   -0.01,        0.00
  992,  18.932,        0.,        0.00,   -0.01,        0.00
  993,  18.952,        0.,        0.00,   -0.01,        0.00
  994,  18.972,        0.,        0.00,   -0.01,        0.00
  995,  18.992,        0.,        0.00,    0.08,        0.00
  996,  19.012,        0.,        0.00,    0.08,        0.00
  997,  19.032,        1.,        0.00,    0.08,        1.00
  998,  19.053,        0.,        0.00,    0.08,        0.00
  999,  19.073,        0.,        0.00,    0.08,        0.00
 1000,  19.093,        0.,        0.00,    0.08,        0.00
 1001,  19.113,        0.,        0.00,    0.08,        0.00
 1002,  19.133,        0.,        0.00,    0.08,        0.00
 1003,  19.153,        0.,        0.00,    0.08,        0.00
 1004,  19.173,        0.,        0.00,   -0.17,        0.00
 1005,  19.193,        0.,        0.00,   -0.17,        0.00
 1006,  19.213,        0.,        0.00,   -0.17,        0.00
 1007,  19.233,        0.,        0.00,   -0.17,        0.00
 1008,  19.253,        0.,        0.00,   -0.17,        0.00
 1009,  19.273,        0.,        0.00,   -0.25,        0.00
 1010,  19.293,        0.,        0.00,   -0.01,        0.00
 1011,  19.314,        0.,        0.00,   -0.01,        0.00
 1012,  19.334,        0.,        0.00,   -0.01,        0.00
 1013,  19.354,        0.,        0.00,   -0.01,        0.00
 1014,  19.374,        0.,        0.00,   -0.01,        0.00
 1015,  19.394,        0.,        0.00,    0.15,        0.00
 1016,  19.414,        1.,        0.00,    0.15,        1.00
 1017,  19.434,        0.,        0.00,    0.15,        0.00
 1018,  19.454,        0.,        0.00,    0.15,        0.00
 1019,  19.474,        0.,        0.00,    0.15,        0.00
 1020,  19.494,        0.,        0.00,    0.15,        0.00
 1021,  19.514,        1.,        0.00,    0.15,        1.00
 1022,  19.534,        0.,        0.00,    0.15,        0.00
 1023,  19.554,        0.,        0.00,   -0.07,        0.00
 1024,  19.575,        0.,        0.00,   -0.07,        0.00
 1025,  19.595,        0.,        0.00,   -0.07,        0.00
 1026,  19.615,        0.,        0.00,   -0.07,        0.00
 1027,  19.635,        0.,        0.00,   -0.14,        0.00
 1028,  19.655,        0.,        0.00,   -0.29,        0.00
 1029,  19.675,        0.,        0.00,   -0.29,        0.00
 1030,  19.695,        0.,        0.00,   -0.07,        0.00
 1031,  19.715,        0.,        0.00,   -0.07,        0.00
 1032,  19.735,        0.,        0.00,   -0.07,        0.00
 1033,  19.755,        0.,        0.00,   -0.07,        0.00
 1034,  19.775,        0.,        0.00,    0.08,        0.00
 1035,  19.795,        0.,        0.00,    0.15,        0.00
 1036,  19.815,        1.,        0.00,    0.15,        1.00
 1037,  19.836,        0.,        0.00,    0.15,        0.00
 1038,  19.856,        0.,        0.00,    0.15,        0.00
 1039,  19.876,        0.,        0.00,    0.15,        0.00
 1040,  19.896,        1.,        0.00,    0.15,        1.00
 1041,  19.916,        0.,        0.00,    0.15,        0.00
 1042,  19.936,        0.,        0.00,    0.15,        0.00
 1043,  19.956,        0.,        0.00,    0.01,        0.00
 1044,  19.976,        0.,        0.00,    0.01,        0.00
 1045,  19.996,        0.,        0.00,    0.01,        0.00
 1046,  20.016,        0.,        0.00,    0.01,        0.00
 1047,  20.036,        0.,        0.00,   -0.14,        0.00
 1048,  20.056,        0.,        0.00,   -0.14,        0.00
 1049,  20.076,        0.,        0.00,   -0.14,        0.00
 1050,  20.097,        0.,        0.00,   -0.07,        0.00
 1051,  20.117,        0.,        0.00,   -0.07,        0.00
 1052,  20.137,        0.,        0.00,   -0.07,        0.00
 1053,  20.157,        0.,        0.00,   -0.07,        0.00
 1054,  20.177,        0.,        0.00,    0.00,        0.00
 1055,  20.197,        0.,        0.00,    0.00,        0.00
 1056,  20.217,        0.,        0.00,    0.00,        0.00
 1057,  20.237,        0.,        0.00,    0.00,        0.00
 1058,  20.257,        0.,        0.00,    0.00,        0.00
 1059,  20.277,        0.,        0.00,    0.00,        0.00
 1060,  20.297,        0.,        0.00,    0.00,        0.00
 1061,  20.317,        0.,        0.00,    0.00,        0.00
 1062,  20.337,        0.,        0.00,    0.00,        0.00
 1063,  20.358,        0.,        0.00,    0.00,        0.00
 1064,  20.378,        0.,        0.00,    0.00,        0.00
 1065,  20.398,        0.,        0.00,    0.00,        0.00
 1066,  20.418,        0.,        0.00,    0.00,        0.00
 1067,  20.438,        0.,        0.00,    0.00,        0.00
 1068,  20.458,        0.,        0.00,    0.00,        0.00
 1069,  20.478,        0.,        0.00,    0.00,        0.00
 1070,  20.498,        0.,        0.00,    0.00,        0.00
 1071,  20.518,        0.,        0.00,    0.00,        0.00
 1072,  20.538,        0.,        0.00,    0.00,        0.00
 1073,  20.558,        0.,        0.00,    0.00,        0.00
 1074,  20.578,        0.,        0.00,    0.00,        0.00
 1075,  20.598,        0.,        0.00,    0.00,        0.00
 1076,  20.619,        0.,        0.00,    0.00,        0.00
 1077,  20.639,        0.,        0.00,    0.00,        0.00
 1078,  20.659,        0.,        0.00,    0.00,        0.00
 1079,  20.679,        0.,        0.00,    0.00,        0.00
 1080,  20.699,        0.,        0.00,    0.00,        0.00
 1081,  20.719,        0.,        0.00,    0.00,        0.00
 1082,  20.739,        0.,        0.00,    0.00,        0.00
 1083,  20.759,        0.,        0.00,    0.00,        0.00
 1084,  20.779,        0.,        0.00,    0.00,        0.00
 1085,  20.799,        0.,        0.00,    0.00,        0.00
 1086,  20.819,        0.,        0.00,    0.00,        0.00
 1087,  20.839,        0.,        0.00,    0.00,        0.00
 1088,  20.859,        0.,        0.00,    0.00,        0.00
 1089,  20.880,        0.,        0.00,    0.00,        0.00
 1090,  20.900,        0.,        0.00,    0.00,        0.00
 1091,  20.920,        0.,        0.00,    0.00,        0.00
 1092,  20.940,        0.,        0.00,    0.00,        0.00
 1093,  20.960,        0.,        0.00,    0.00,        0.00
 1094,  20.980,        0.,        0.00,    0.00,        0.00
 1095,  21.000,        0.,        0.00,    0.00,        0.00
 1096,  21.020,        0.,        0.00,    0.00,        0.00
 1097,  21.040,        0.,        0.00,    0.00,        0.00
 1098,  21.060,        0.,        0.00,    0.00,        0.00
 1099,  21.080,        0.,        0.00,    0.00,        0.00
 1100,  21.100,        0.,        0.00,    0.00,        0.00
 1101,  21.120,        0.,        0.00,   -0.07,        0.00
 1102,  21.141,        0.,        0.00,   -0.07,        0.00
 1103,  21.161,        0.,        0.00,   -0.07,        0.00
 1104,  21.181,        0.,        0.00,   -0.07,        0.00
 1105,  21.201,        0.,        0.00,   -0.07,        0.00
 1106,  21.221,        0.,        0.00,   -0.07,        0.00
 1107,  21.241,        0.,        0.00,   -0.07,        0.00
 1108,  21.261,        0.,        0.00,    0.08,        0.00
 1109,  21.281,        0.,        0.00,    0.08,        0.00
 1110,  21.301,        0.,        0.00,    0.08,        0.00
 1111,  21.321,        0.,        0.00,    0.08,        0.00
 1112,  21.341,        0.,        0.00,    0.08,        0.00
 1113,  21.361,        0.,        0.00,    0.08,        0.00
 1114,  21.381,        1.,        0.00,    0.08,        1.00
 1115,  21.402,        0.,        0.00,    0.08,        0.00
 1116,  21.422,        0.,        0.00,    0.08,        0.00
 1117,  21.442,        0.,        0.00,    0.08,        0.00
 1118,  21.462,        0.,        0.00,    0.08,        0.00
 1119,  21.482,        0.,        0.00,    0.08,        0.00
 1120,  21.502,        0.,        0.00,    0.08,        0.00
 1121,  21.522,        0.,        0.00,   -0.07,        0.00
 1122,  21.542,        0.,        0.00,   -0.07,        0.00
 1123,  21.562,        0.,        0.00,   -0.07,        0.00
 1124,  21.582,        0.,        0.00,   -0.07,        0.00
 1125,  21.602,        0.,        0.00,   -0.07,        0.00
 1126,  21.622,        0.,        0.00,   -0.14,        0.00
 1127,  21.642,        0.,        0.00,   -0.14,        0.00
 1128,  21.663,        0.,        0.00,   -0.07,        0.00
 1129,  21.683,        0.,        0.00,   -0.07,        0.00
 1130,  21.703,        0.,        0.00,   -0.07,        0.00
 1131,  21.723,        0.,        0.00,   -0.07,        0.00
 1132,  21.743,        0.,        0.00,   -0.07,        0.00
 1133,  21.763,        0.,        0.00,    0.08,        0.00
 1134,  21.783,        0.,        0.00,    0.08,        0.00
 1135,  21.803,        0.,        0.00,    0.08,        0.00
 1136,  21.823,        0.,        0.00,    0.08,        0.00
 1137,  21.843,        0.,        0.00,    0.08,        0.00
 1138,  21.863,        0.,        0.00,    0.08,        0.00
 1139,  21.883,        1.,        0.00,    0.08,        1.00
 1140,  21.903,        0.,        0.00,    0.08,        0.00
 1141,  21.924,        0.,        0.00,    0.08,        0.00
 1142,  21.944,        0.,        0.00,    0.08,        0.00
 1143,  21.964,        0.,        0.00,    0.08,        0.00
 1144,  21.984,        0.,        0.00,    0.08,        0.00
 1145,  22.004,        0.,        0.00,    0.08,        0.00
 1146,  22.024,        0.,        0.00,   -0.07,        0.00
 1147,  22.044,        0.,        0.00,   -0.07,        0.00
 1148,  22.064,        0.,        0.00,   -0.07,        0.00
 1149,  22.084,        0.,        0.00,   -0.07,        0.00
 1150,  22.104,        0.,        0.00,   -0.07,        0.00
 1151,  22.124,        0.,        0.00,   -0.07,        0.00
 1152,  22.144,        0.,        0.00,   -0.07,        0.00
 1153,  22.164,        0.,        0.00,    0.00,        0.00
 1154,  22.185,        0.,        0.00,    0.00,        0.00
 1155,  22.205,        0.,        0.00,    0.00,        0.00
 1156,  22.225,        0.,        0.00,    0.00,        0.00
 1157,  22.245,        0.,        0.00,    0.00,        0.00
 1158,  22.265,        0.,        0.00,    0.00,        0.00
 1159,  22.285,        0.,        0.00,    0.00,        0.00
 1160,  22.305,        0.,        0.00,    0.00,        0.00
 1161,  22.325,        0.,        0.00,    0.00,        0.00
 1162,  22.345,        0.,        0.00,    0.00,        0.00
 1163,  22.365,        0.,        0.00,    0.00,        0.00
 1164,  22.385,        0.,        0.00,   -0.07,        0.00
 1165,  22.405,        0.,        0.00,   -0.07,        0.00
 1166,  22.425,        0.,        0.00,   -0.07,        0.00
 1167,  22.446,        0.,        0.00,   -0.07,        0.00
 1168,  22.466,        0.,        0.00,   -0.07,        0.00
 1169,  22.486,        0.,        0.00,   -0.07,        0.00
 1170,  22.506,        0.,        0.00,   -0.07,        0.00
 1171,  22.526,        0.,        0.00,    0.08,        0.00
 1172,  22.546,        0.,        0.00,    0.08,        0.00
 1173,  22.566,        0.,        0.00,    0.08,        0.00
 1174,  22.586,        0.,        0.00,    0.08,        0.00
 1175,  22.606,        0.,        0.00,    0.08,        0.00
 1176,  22.626,        0.,        0.00,    0.08,        0.00
 1177,  22.646,        1.,        0.00,    0.08,        1.00
 1178,  22.666,        0.,        0.00,    0.08,        0.00
 1179,  22.686,        0.,        0.00,    0.08,        0.00
 1180,  22.707,        0.,        0.00,    0.08,        0.00
 1181,  22.727,        0.,        0.00,    0.08,        0.00
 1182,  22.747,        0.,        0.00,    0.08,        0.00
 1183,  22.767,        0.,        0.00,    0.08,        0.00
 1184,  22.787,        0.,        0.00,   -0.07,        0.00
 1185,  22.807,        0.,        0.00,   -0.07,        0.00
 1186,  22.827,        0.,        0.00,   -0.07,        0.00
 1187,  22.847,        0.,        0.00,   -0.07,        0.00
 1188,  22.867,        0.,        0.00,   -0.07,        0.00
 1189,  22.887,        0.,        0.00,   -0.07,        0.00
 1190,  22.907,        0.,        0.00,   -0.07,        0.00
 1191,  22.927,        0.,        0.00,    0.00,        0.00
 1192,  22.947,        0.,        0.00,    0.00,        0.00
 1193,  22.968,        0.,        0.00,    0.00,        0.00
 1194,  22.988,        0.,        0.00,    0.00,        0.00
 1195,  23.008,        0.,        0.00,    0.00,        0.00
 1196,  23.028,        0.,        0.00,   -0.07,        0.00
 1197,  23.048,        0.,        0.00,   -0.07,        0.00
 1198,  23.068,        0.,        0.00,   -0.07,        0.00
 1199,  23.088,        0.,        0.00,   -0.07,        0.00
 1200,  23.108,        0.,        0.00,   -0.07,        0.00
 1201,  23.128,        0.,        0.00,   -0.07,        0.00
 1202,  23.148,        0.,        0.00,   -0.07,        0.00
 1203,  23.168,        0.,        0.00,    0.08,        0.00
 1204,  23.188,        0.,        0.00,    0.08,        0.00
 1205,  23.208,        0.,        0.00,    0.08,        0.00
 1206,  23.229,        0.,        0.00,    0.08,        0.00
 1207,  23.249,        0.,        0.00,    0.08,        0.00
 1208,  23.269,        0.,        0.00,    0.08,        0.00
 1209,  23.289,        1.,        0.00,    0.01,        1.00
 1210,  23.309,        0.,        0.00,    0.01,        0.00
 1211,  23.329,        0.,        0.00,    0.01,        0.00
 1212,  23.349,        0.,        0.00,    0.01,        0.00
 1213,  23.369,        0.,        0.00,    0.01,        0.00
 1214,  23.389,        0.,        0.00,    0.01,        0.00
 1215,  23.409,        0.,        0.00,    0.01,        0.00
 1216,  23.429,        0.,        0.00,    0.01,        0.00
 1217,  23.449,        0.,        0.00,    0.01,        0.00
 1218,  23.469,        0.,        0.00,    0.01,        0.00
 1219,  23.490,        0.,        0.00,    0.01,        0.00
 1220,  23.510,        0.,        0.00,    0.01,        0.00
 1221,  23.530,        0.,        0.00,    0.01,        0.00
 1222,  23.550,        1.,        0.00,    0.01,        1.00
 1223,  23.570,        0.,        0.00,    0.08,        0.00
 1224,  23.590,        0.,        0.00,    0.08,        0.00
 1225,  23.610,        0.,        0.00,    0.08,        0.00
 1226,  23.630,        0.,        0.00,    0.08,        0.00
 1227,  23.650,        0.,        0.00,    0.08,        0.00
 1228,  23.670,        0.,        0.00,    0.08,        0.00
 1229,  23.690,        0.,        0.00,   -0.07,        0.00
 1230,  23.710,        0.,        0.00,   -0.07,        0.00
 1231,  23.730,        0.,        0.00,   -0.07,        0.00
 1232,  23.751,        0.,        0.00,   -0.07,        0.00
 1233,  23.771,        0.,        0.00,   -0.07,        0.00
 1234,  23.791,        0.,        0.00,   -0.07,        0.00
 1235,  23.811,        0.,        0.00,   -0.07,        0.00
 1236,  23.831,        0.,        0.00,   -0.07,        0.00
 1237,  23.851,        0.,        0.00,    0.00,        0.00
 1238,  23.871,        0.,        0.00,    0.00,        0.00
 1239,  23.891,        0.,        0.00,    0.00,        0.00
 1240,  23.911,        0.,        0.00,    0.00,        0.00
 1241,  23.931,        0.,        0.00,    0.00,        0.00
 1242,  23.951,        0.,        0.00,    0.00,        0.00
 1243,  23.971,        0.,        0.00,    0.00,        0.00
 1244,  23.991,        0.,        0.00,    0.00,        0.00
 1245,  24.012,        0.,        0.00,    0.00,        0.00
 1246,  24.032,        0.,        0.00,    0.00,        0.00
 1247,  24.052,        0.,        0.00,    0.00,        0.00
 1248,  24.072,        0.,        0.00,    0.00,        0.00
 1249,  24.092,        0.,        0.00,    0.00,        0.00
 1250,  24.112,        0.,        0.00,    0.00,        0.00
 1251,  24.132,        0.,        0.00,    0.00,        0.00
 1252,  24.152,        0.,        0.00,    0.00,        0.00
 1253,  24.172,        0.,        0.00,    0.00,        0.00
 1254,  24.192,        0.,        0.00,    0.00,        0.00
 1255,  24.212,        0.,        0.00,    0.00,        0.00
 1256,  24.232,        0.,        0.00,    0.00,        0.00
 1257,  24.252,        0.,        0.00,    0.00,        0.00
 1258,  24.273,        0.,        0.00,    0.00,        0.00
 1259,  24.293,        0.,        0.00,    0.00,        0.00
 1260,  24.313,        0.,        0.00,    0.00,        0.00
 1261,  24.333,        0.,        0.00,    0.00,        0.00
 1262,  24.353,        0.,        0.00,    0.00,        0.00
 1263,  24.373,        0.,        0.00,    0.00,        0.00
 1264,  24.393,        0.,        0.00,    0.00,        0.00
 1265,  24.413,        0.,        0.00,    0.00,        0.00
 1266,  24.433,        0.,        0.00,    0.00,        0.00
 1267,  24.453,        0.,        0.00,    0.00,        0.00
 1268,  24.473,        0.,        0.00,   -0.07,        0.00
 1269,  24.493,        0.,        0.00,   -0.07,        0.00
 1270,  24.513,        0.,        0.00,   -0.07,        0.00
 1271,  24.534,        0.,        0.00,   -0.07,        0.00
 1272,  24.554,        0.,        0.00,   -0.07,        0.00
 1273,  24.574,        0.,        0.00,   -0.07,        0.00
 1274,  24.594,        0.,        0.00,   -0.07,        0.00
 1275,  24.614,        0.,        0.00,    0.07,        0.00
 1276,  24.634,        0.,        0.00,    0.07,        0.00
 1277,  24.654,        0.,        0.00,    0.07,        0.00
 1278,  24.674,        0.,        0.00,    0.07,        0.00
 1279,  24.694,        0.,        0.00,    0.07,        0.00
 1280,  24.714,        0.,        0.00,    0.07,        0.00
 1281,  24.734,        0.,        0.00,    0.00,        0.00
 1282,  24.754,        1.,        0.00,    0.00,        1.00
 1283,  24.774,        0.,        0.00,    0.00,        0.00
 1284,  24.795,        0.,        0.00,    0.00,        0.00
 1285,  24.815,        0.,        0.00,    0.00,        0.00
 1286,  24.835,        0.,        0.00,    0.00,        0.00
 1287,  24.855,        0.,        0.00,   -0.01,        0.00
 1288,  24.875,        0.,        0.00,    0.13,        0.00
 1289,  24.895,        0.,        0.00,    0.13,        0.00
 1290,  24.915,        0.,        0.00,   -0.01,        0.00
 1291,  24.935,        0.,        0.00,   -0.01,        0.00
 1292,  24.955,        0.,        0.00,   -0.01,        0.00
 1293,  24.975,        0.,        0.00,   -0.01,        0.00
 1294,  24.995,        0.,        0.00,   -0.01,        0.00
 1295,  25.015,        1.,        0.00,    0.00,        1.00
 1296,  25.035,        0.,        0.00,    0.00,        0.00
 1297,  25.056,        0.,        0.00,    0.08,        0.00
 1298,  25.076,        0.,        0.00,    0.08,        0.00
 1299,  25.096,        0.,        0.00,    0.08,        0.00
 1300,  25.116,        0.,        0.00,    0.09,        0.00
