 File:671124.spo  Solution Type:Thick  fitting 1231 channels (  70-1300)
 Channel#, E(keV),   Data,        Fit, Residual,    Data-Fit
   70,   0.422,     2569.,        1.32,    0.01,     2567.68
   71,   0.442,     2550.,        2.11,    0.01,     2547.89
   72,   0.462,     2425.,        3.23,   -0.01,     2421.77
   73,   0.482,     2464.,        4.65,    0.00,     2459.35
   74,   0.502,     2343.,        6.27,   -0.01,     2336.73
   75,   0.522,     2226.,        7.83,   -0.03,     2218.17
   76,   0.542,     2304.,        9.01,   -0.04,     2294.99
   77,   0.562,     2165.,        9.51,   -0.07,     2155.49
   78,   0.583,     2098.,        9.20,   -0.09,     2088.80
   79,   0.603,     2065.,        8.17,   -0.09,     2056.83
   80,   0.623,     2051.,        6.68,   -0.10,     2044.32
   81,   0.643,     1993.,        5.09,   -0.11,     1987.91
   82,   0.663,     1961.,        3.78,   -0.07,     1957.22
   83,   0.683,     1992.,        2.89,   -0.06,     1989.11
   84,   0.703,     1901.,        2.48,   -0.06,     1898.52
   85,   0.723,     1965.,        2.61,    0.00,     1962.39
   86,   0.743,     1915.,        3.28,    0.00,     1911.72
   87,   0.763,     1826.,        4.54,   -0.02,     1821.46
   88,   0.783,     1946.,        6.46,   -0.01,     1939.54
   89,   0.803,     1842.,        8.99,   -0.05,     1833.01
   90,   0.823,     1845.,       11.77,   -0.04,     1833.23
   91,   0.844,     1807.,       14.38,    0.02,     1792.62
   92,   0.864,     1789.,       16.32,   -0.07,     1772.68
   93,   0.884,     1836.,       17.30,   -0.08,     1818.70
   94,   0.904,     1817.,       17.28,   -0.12,     1799.72
   95,   0.924,     1795.,       16.65,   -0.09,     1778.35
   96,   0.944,     1707.,       15.95,    0.07,     1691.05
   97,   0.964,     1746.,       15.69,   -0.04,     1730.31
   98,   0.984,     1782.,       16.14,   -0.02,     1765.86
   99,   1.004,     1798.,       17.22,   -0.10,     1780.78
  100,   1.024,     1696.,       18.53,   -0.19,     1677.47
  101,   1.044,     1791.,       19.59,   -0.05,     1771.41
  102,   1.064,     1707.,       20.00,   -0.06,     1687.00
  103,   1.084,     1642.,       19.46,   -0.12,     1622.54
  104,   1.104,     1760.,       17.98,   -0.03,     1742.02
  105,   1.125,     1753.,       15.71,   -0.25,     1737.29
  106,   1.145,     1743.,       12.91,   -0.10,     1730.09
  107,   1.165,     1773.,        9.96,    0.18,     1763.04
  108,   1.185,     1623.,        7.21,    0.11,     1615.79
  109,   1.205,     1759.,        4.89,    0.03,     1754.11
  110,   1.225,     1747.,        3.11,   -0.05,     1743.89
  111,   1.245,     1755.,        1.88,   -0.37,     1753.12
  112,   1.265,     1670.,        1.06,    0.02,     1668.94
  113,   1.285,     1711.,        0.69,   -0.20,     1710.31
  114,   1.305,     1707.,        0.60,   -0.30,     1706.40
  115,   1.325,     1796.,        0.83,   -0.17,     1795.17
  116,   1.345,     1721.,        1.62,   -0.26,     1719.38
  117,   1.365,     1731.,        3.21,    0.10,     1727.79
  118,   1.386,     1827.,        6.12,    0.26,     1820.88
  119,   1.406,     1741.,       11.13,    0.22,     1729.87
  120,   1.426,     1886.,       19.19,    0.39,     1866.81
  121,   1.446,     1810.,       31.26,    0.51,     1778.74
  122,   1.466,     1837.,       47.99,    0.43,     1789.01
  123,   1.486,     1887.,       69.19,    0.57,     1817.81
  124,   1.506,     1884.,       93.77,    0.10,     1790.23
  125,   1.526,     1894.,      120.13,   -0.28,     1773.87
  126,   1.546,     1922.,      147.72,   -0.83,     1774.28
  127,   1.566,     1935.,      179.00,   -1.10,     1756.00
  128,   1.586,     1981.,      221.16,   -1.07,     1759.84
  129,   1.606,     1957.,      286.19,   -0.90,     1670.81
  130,   1.626,     2182.,      387.82,   -0.35,     1794.18
  131,   1.647,     2357.,      535.97,   -0.03,     1821.03
  132,   1.667,     2684.,      730.55,    0.33,     1953.45
  133,   1.687,     2913.,      958.91,    1.26,     1954.09
  134,   1.707,     3077.,     1199.09,    1.00,     1877.91
  135,   1.727,     3345.,     1431.14,    0.40,     1913.86
  136,   1.747,     3706.,     1653.08,   -0.48,     2052.92
  137,   1.767,     3678.,     1894.95,   -1.39,     1783.05
  138,   1.787,     4069.,     2224.90,   -1.79,     1844.10
  139,   1.807,     4576.,     2739.80,   -1.43,     1836.20
  140,   1.827,     5364.,     3537.86,   -1.07,     1826.14
  141,   1.847,     6582.,     4675.30,   -0.14,     1906.70
  142,   1.867,     8420.,     6117.67,    0.79,     2302.33
  143,   1.887,    10092.,     7708.20,    1.51,     2383.80
  144,   1.907,    11668.,     9178.33,    2.18,     2489.67
  145,   1.928,    12720.,    10211.82,    2.26,     2508.18
  146,   1.948,    12896.,    10547.17,    1.47,     2348.83
  147,   1.968,    12352.,    10075.55,    0.44,     2276.45
  148,   1.988,    11008.,     8884.64,   -0.69,     2123.36
  149,   2.008,     9076.,     7226.13,   -1.50,     1849.87
  150,   2.028,     7254.,     5422.90,   -1.91,     1831.10
  151,   2.048,     5660.,     3764.22,   -1.99,     1895.78
  152,   2.068,     4552.,     2435.01,   -1.69,     2116.99
  153,   2.088,     3669.,     1500.62,   -1.10,     2168.38
  154,   2.108,     3261.,      936.05,   -0.10,     2324.95
  155,   2.128,     2998.,      672.15,    0.87,     2325.85
  156,   2.148,     2894.,      633.32,    1.12,     2260.68
  157,   2.168,     3149.,      756.10,    1.54,     2392.90
  158,   2.189,     3399.,      988.33,    1.08,     2410.67
  159,   2.209,     3627.,     1280.25,    0.72,     2346.75
  160,   2.229,     4100.,     1577.37,    1.00,     2522.63
  161,   2.249,     4260.,     1821.42,    0.57,     2438.58
  162,   2.269,     4492.,     1960.25,    0.41,     2531.75
  163,   2.289,     4486.,     1961.97,    0.92,     2524.03
  164,   2.309,     4230.,     1824.76,    0.39,     2405.24
  165,   2.329,     4016.,     1577.66,    0.15,     2438.34
  166,   2.349,     3851.,     1270.27,   -0.45,     2580.73
  167,   2.369,     3485.,      956.54,   -0.97,     2528.46
  168,   2.389,     3133.,      680.16,   -0.41,     2452.84
  169,   2.409,     2947.,      466.90,   -0.64,     2480.10
  170,   2.429,     2866.,      324.65,   -1.05,     2541.35
  171,   2.449,     2827.,      250.30,   -0.75,     2576.70
  172,   2.470,     2794.,      236.95,   -0.04,     2557.05
  173,   2.490,     2903.,      278.91,    0.76,     2624.09
  174,   2.510,     3021.,      371.67,    0.77,     2649.33
  175,   2.530,     3101.,      508.19,    0.49,     2592.81
  176,   2.550,     3471.,      674.08,    0.66,     2796.92
  177,   2.570,     3655.,      844.62,    0.33,     2810.38
  178,   2.590,     3618.,      988.00,   -0.31,     2630.00
  179,   2.610,     3671.,     1073.53,   -0.66,     2597.47
  180,   2.630,     3796.,     1081.36,   -0.53,     2714.64
  181,   2.650,     3742.,     1010.21,   -1.10,     2731.79
  182,   2.670,     3604.,      877.76,   -1.54,     2726.24
  183,   2.690,     3522.,      714.28,   -0.79,     2807.72
  184,   2.710,     3275.,      551.84,   -1.26,     2723.16
  185,   2.731,     3333.,      414.63,   -0.79,     2918.37
  186,   2.751,     3244.,      313.97,   -0.35,     2930.03
  187,   2.771,     3229.,      248.44,   -0.56,     2980.56
  188,   2.791,     2978.,      208.67,   -0.89,     2769.33
  189,   2.811,     3192.,      182.87,   -0.39,     3009.13
  190,   2.831,     3183.,      161.48,   -0.98,     3021.52
  191,   2.851,     3156.,      139.13,   -1.19,     3016.87
  192,   2.871,     3215.,      114.67,   -1.65,     3100.33
  193,   2.891,     3257.,       89.67,   -1.21,     3167.33
  194,   2.911,     3250.,       66.50,   -0.95,     3183.50
  195,   2.931,     3306.,       46.98,   -1.50,     3259.02
  196,   2.951,     3299.,       31.97,   -2.01,     3267.03
  197,   2.971,     3388.,       21.42,   -2.46,     3366.58
  198,   2.991,     3460.,       14.94,   -2.80,     3445.06
  199,   3.012,     3429.,       12.74,   -2.04,     3416.26
  200,   3.032,     3525.,       16.84,   -0.75,     3508.16
  201,   3.052,     3726.,       32.52,    0.15,     3693.48
  202,   3.072,     3720.,       71.39,    0.17,     3648.61
  203,   3.092,     4025.,      155.45,   -0.60,     3869.55
  204,   3.112,     4416.,      321.96,   -1.77,     4094.04
  205,   3.132,     4686.,      626.76,   -3.28,     4059.24
  206,   3.152,     5198.,     1142.46,   -4.65,     4055.54
  207,   3.172,     6006.,     1946.31,   -4.83,     4059.69
  208,   3.192,     7218.,     3094.87,   -4.49,     4123.13
  209,   3.212,     8836.,     4587.81,   -4.10,     4248.19
  210,   3.232,    10788.,     6333.55,   -3.38,     4454.45
  211,   3.252,    12836.,     8135.36,   -3.47,     4700.64
  212,   3.273,    14932.,     9715.46,   -3.49,     5216.54
  213,   3.293,    16360.,    10780.54,   -3.31,     5579.46
  214,   3.313,    16856.,    11110.09,   -2.96,     5745.91
  215,   3.333,    16328.,    10633.91,   -1.56,     5694.09
  216,   3.353,    15332.,     9464.23,    0.78,     5867.77
  217,   3.373,    14012.,     7876.73,    3.15,     6135.27
  218,   3.393,    12708.,     6265.74,    3.90,     6442.26
  219,   3.413,    11976.,     5134.84,    2.81,     6841.16
  220,   3.433,    12536.,     5192.79,    0.72,     7343.21
  221,   3.453,    15452.,     7613.24,   -2.20,     7838.76
  222,   3.473,    22544.,    14467.69,   -4.90,     8076.31
  223,   3.493,    36864.,    29243.67,   -6.86,     7620.33
  224,   3.513,    64096.,    57204.98,   -8.04,     6891.02
  225,   3.534,   110656.,   105180.37,   -7.89,     5475.63
  226,   3.554,   185920.,   180308.30,   -6.55,     5611.70
  227,   3.574,   295168.,   287500.44,   -4.04,     7667.56
  228,   3.594,   438144.,   426022.03,   -0.42,    12121.97
  229,   3.614,   606208.,   586441.69,    3.58,    19766.31
  230,   3.634,   777984.,   749760.19,    7.64,    28223.81
  231,   3.654,   924928.,   890162.75,   10.70,    34765.25
  232,   3.674,  1021440.,   981359.44,   12.44,    40080.56
  233,   3.694,  1043456.,  1004545.69,   12.63,    38910.31
  234,   3.714,   989952.,   954759.06,   11.07,    35192.94
  235,   3.734,   868608.,   842592.13,    8.15,    26015.88
  236,   3.754,   708352.,   690631.56,    4.55,    17720.44
  237,   3.774,   536576.,   526142.19,    0.49,    10433.81
  238,   3.794,   379392.,   373419.44,   -2.75,     5972.56
  239,   3.815,   252224.,   248674.59,   -5.25,     3549.41
  240,   3.835,   161280.,   158720.86,   -6.47,     2559.14
  241,   3.855,   103776.,   102789.88,   -6.49,      986.13
  242,   3.875,    76704.,    75710.93,   -5.94,      993.07
  243,   3.895,    70592.,    70739.72,   -4.88,     -147.72
  244,   3.915,    79296.,    81160.40,   -4.46,    -1864.40
  245,   3.935,    97440.,   100719.97,   -5.37,    -3279.97
  246,   3.955,   117696.,   123515.13,   -7.45,    -5819.13
  247,   3.975,   137856.,   143996.55,  -11.07,    -6140.55
  248,   3.995,   150080.,   157419.31,  -14.64,    -7339.31
  249,   4.015,   152768.,   160621.11,  -16.25,    -7853.11
  250,   4.035,   145280.,   152708.36,  -16.41,    -7428.36
  251,   4.055,   128928.,   135185.91,  -13.15,    -6257.91
  252,   4.076,   106176.,   111394.41,   -9.28,    -5218.41
  253,   4.096,    81792.,    85421.23,   -4.38,    -3629.23
  254,   4.116,    57920.,    60950.28,    0.48,    -3030.28
  255,   4.136,    39088.,    40462.71,    4.49,    -1374.71
  256,   4.156,    24408.,    24991.14,    7.86,     -583.14
  257,   4.176,    14668.,    14360.39,   10.38,      307.61
  258,   4.196,     7940.,     7677.45,   11.60,      262.55
  259,   4.216,     4420.,     3819.71,   12.97,      600.29
  260,   4.236,     2302.,     1770.37,   13.11,      531.63
  261,   4.256,     1284.,      768.43,   12.39,      515.57
  262,   4.276,      750.,      321.17,   10.39,      428.83
  263,   4.296,      601.,      147.45,    7.52,      453.55
  264,   4.316,      479.,      106.12,    4.03,      372.88
  265,   4.336,      498.,      137.11,    1.29,      360.89
  266,   4.357,      555.,      221.59,    0.37,      333.41
  267,   4.377,      703.,      357.65,   -1.47,      345.35
  268,   4.397,      874.,      545.70,   -1.26,      328.30
  269,   4.417,     1172.,      778.56,   -1.00,      393.44
  270,   4.437,     1383.,     1036.42,   -0.24,      346.58
  271,   4.457,     1535.,     1286.81,    0.07,      248.19
  272,   4.477,     1782.,     1489.94,    0.99,      292.06
  273,   4.497,     1828.,     1608.94,    0.64,      219.06
  274,   4.517,     1868.,     1620.70,   -0.58,      247.30
  275,   4.537,     1765.,     1523.39,   -1.16,      241.61
  276,   4.557,     1578.,     1336.97,   -1.46,      241.03
  277,   4.577,     1291.,     1096.70,   -1.90,      194.30
  278,   4.597,     1031.,      842.33,   -1.38,      188.67
  279,   4.618,      819.,      607.58,   -1.43,      211.42
  280,   4.638,      540.,      413.64,   -2.15,      126.36
  281,   4.658,      438.,      268.07,   -2.76,      169.93
  282,   4.678,      313.,      167.80,   -2.59,      145.20
  283,   4.698,      264.,      104.23,   -1.87,      159.77
  284,   4.718,      223.,       67.56,   -2.08,      155.44
  285,   4.738,      205.,       49.77,    0.32,      155.23
  286,   4.758,      225.,       45.67,    0.24,      179.33
  287,   4.778,      235.,       52.67,    0.89,      182.33
  288,   4.798,      239.,       69.75,    2.00,      169.25
  289,   4.818,      285.,       96.12,    1.09,      188.88
  290,   4.838,      282.,      130.16,    2.22,      151.84
  291,   4.858,      308.,      168.65,    1.09,      139.35
  292,   4.878,      374.,      206.76,    0.50,      167.24
  293,   4.899,      369.,      238.27,    0.48,      130.73
  294,   4.919,      426.,      257.60,   -0.96,      168.40
  295,   4.939,      390.,      260.84,   -0.88,      129.16
  296,   4.959,      394.,      247.37,   -0.08,      146.63
  297,   4.979,      368.,      219.49,   -0.79,      148.51
  298,   4.999,      299.,      182.37,    0.00,      116.63
  299,   5.019,      273.,      141.83,   -0.44,      131.17
  300,   5.039,      237.,      103.42,   -0.24,      133.58
  301,   5.059,      189.,       70.86,    0.04,      118.14
  302,   5.079,      163.,       45.84,   -0.73,      117.16
  303,   5.099,      163.,       28.28,    0.16,      134.72
  304,   5.119,      134.,       16.98,   -0.27,      117.02
  305,   5.139,      134.,       10.31,   -0.87,      123.69
  306,   5.160,      117.,        6.73,   -0.86,      110.27
  307,   5.180,      122.,        5.08,   -0.81,      116.92
  308,   5.200,      108.,        4.66,   -1.94,      103.34
  309,   5.220,      111.,        4.82,   -1.30,      106.18
  310,   5.240,      110.,        5.28,   -1.19,      104.72
  311,   5.260,      122.,        5.92,   -1.08,      116.08
  312,   5.280,      107.,        6.65,   -1.45,      100.35
  313,   5.300,      133.,        7.42,   -0.93,      125.58
  314,   5.320,      129.,        8.04,   -0.60,      120.96
  315,   5.340,      119.,        8.56,    0.24,      110.44
  316,   5.360,      120.,        8.94,   -0.09,      111.06
  317,   5.380,      124.,        9.22,    0.91,      114.78
  318,   5.400,      121.,        9.47,    1.21,      111.53
  319,   5.421,      130.,        9.69,    1.19,      120.31
  320,   5.441,      122.,       10.10,    1.11,      111.90
  321,   5.461,      135.,       10.93,    1.30,      124.07
  322,   5.481,      144.,       12.45,    0.65,      131.55
  323,   5.501,      126.,       14.97,    0.81,      111.03
  324,   5.521,      132.,       18.67,    0.09,      113.33
  325,   5.541,      142.,       23.57,    0.62,      118.43
  326,   5.561,      144.,       29.47,    0.46,      114.53
  327,   5.581,      136.,       35.93,    1.21,      100.07
  328,   5.601,      129.,       42.68,    0.63,       86.32
  329,   5.621,      164.,       49.69,    0.37,      114.31
  330,   5.641,      179.,       58.55,   -0.49,      120.45
  331,   5.661,      207.,       72.52,    0.42,      134.48
  332,   5.681,      190.,       98.14,    0.08,       91.86
  333,   5.702,      234.,      144.92,   -0.05,       89.08
  334,   5.722,      310.,      225.17,   -0.24,       84.83
  335,   5.742,      463.,      352.09,   -0.04,      110.91
  336,   5.762,      606.,      536.18,   -1.29,       69.82
  337,   5.782,      886.,      780.32,   -0.61,      105.68
  338,   5.802,     1160.,     1074.84,    0.68,       85.16
  339,   5.822,     1508.,     1394.91,    0.45,      113.09
  340,   5.842,     1734.,     1701.67,    0.23,       32.33
  341,   5.862,     2049.,     1949.50,    0.89,       99.50
  342,   5.882,     2264.,     2096.50,   -0.02,      167.50
  343,   5.902,     2193.,     2116.04,   -0.36,       76.96
  344,   5.922,     2081.,     2004.68,   -0.06,       76.32
  345,   5.942,     1867.,     1782.82,    0.88,       84.18
  346,   5.963,     1509.,     1489.17,    0.26,       19.83
  347,   5.983,     1218.,     1169.27,   -0.86,       48.73
  348,   6.003,      998.,      864.49,   -0.89,      133.51
  349,   6.023,      686.,      603.84,   -0.70,       82.16
  350,   6.043,      454.,      401.28,   -1.25,       52.72
  351,   6.063,      323.,      257.75,   -0.66,       65.25
  352,   6.083,      236.,      165.77,    0.46,       70.23
  353,   6.103,      192.,      115.32,   -0.09,       76.68
  354,   6.123,      156.,       98.63,   -0.78,       57.37
  355,   6.143,      190.,      113.86,   -0.98,       76.14
  356,   6.163,      239.,      168.09,   -0.75,       70.91
  357,   6.183,      351.,      279.62,   -1.60,       71.38
  358,   6.203,      560.,      478.78,   -1.97,       81.22
  359,   6.223,      859.,      806.26,   -0.47,       52.74
  360,   6.244,     1437.,     1306.95,   -0.14,      130.05
  361,   6.264,     2072.,     2017.82,    0.18,       54.18
  362,   6.284,     2974.,     2950.48,    1.44,       23.52
  363,   6.304,     4254.,     4074.21,    2.35,      179.79
  364,   6.324,     5432.,     5304.13,    2.60,      127.87
  365,   6.344,     6638.,     6504.73,    2.42,      133.27
  366,   6.364,     7716.,     7511.04,    2.91,      204.96
  367,   6.384,     8304.,     8164.99,    2.77,      139.01
  368,   6.404,     8368.,     8356.31,    1.13,       11.69
  369,   6.424,     8136.,     8053.37,   -0.50,       82.63
  370,   6.444,     7420.,     7311.53,   -0.96,      108.47
  371,   6.464,     6226.,     6256.94,   -2.28,      -30.94
  372,   6.484,     4946.,     5050.95,   -3.42,     -104.95
  373,   6.505,     3720.,     3850.20,   -2.98,     -130.20
  374,   6.525,     2791.,     2774.95,   -3.10,       16.05
  375,   6.545,     1902.,     1894.25,   -3.60,        7.75
  376,   6.565,     1224.,     1227.06,   -2.52,       -3.06
  377,   6.585,      789.,      756.31,   -0.88,       32.69
  378,   6.605,      503.,      445.01,    0.53,       57.99
  379,   6.625,      288.,      251.16,    1.29,       36.84
  380,   6.645,      202.,      137.03,    2.51,       64.97
  381,   6.665,      145.,       73.41,    3.05,       71.59
  382,   6.685,       89.,       39.90,    2.71,       49.10
  383,   6.705,       94.,       23.58,    1.74,       70.42
  384,   6.725,       89.,       17.01,    1.88,       71.99
  385,   6.745,       72.,       16.18,    1.89,       55.82
  386,   6.766,       86.,       19.54,    1.11,       66.46
  387,   6.786,       95.,       27.02,    2.22,       67.98
  388,   6.806,      106.,       39.64,    1.73,       66.36
  389,   6.826,      138.,       59.80,    2.56,       78.20
  390,   6.846,      167.,       90.71,    2.49,       76.29
  391,   6.866,      209.,      137.04,    2.79,       71.96
  392,   6.886,      242.,      203.96,    1.95,       38.04
  393,   6.906,      388.,      296.43,    1.75,       91.57
  394,   6.926,      471.,      417.62,    1.33,       53.38
  395,   6.946,      637.,      566.54,    1.29,       70.46
  396,   6.966,      738.,      735.90,    1.45,        2.10
  397,   6.986,      930.,      911.30,    0.89,       18.70
  398,   7.006,     1074.,     1072.57,   -0.58,        1.43
  399,   7.026,     1245.,     1197.15,   -1.62,       47.85
  400,   7.047,     1298.,     1265.11,   -2.22,       32.89
  401,   7.067,     1242.,     1265.07,   -2.11,      -23.07
  402,   7.087,     1176.,     1197.23,   -1.87,      -21.23
  403,   7.107,     1023.,     1074.48,   -0.54,      -51.48
  404,   7.127,      914.,      919.78,   -0.81,       -5.78
  405,   7.147,      720.,      761.70,   -0.77,      -41.70
  406,   7.167,      635.,      629.62,   -0.32,        5.38
  407,   7.187,      565.,      549.96,   -0.22,       15.04
  408,   7.207,      537.,      543.60,   -0.43,       -6.60
  409,   7.227,      623.,      624.25,   -0.59,       -1.25
  410,   7.247,      767.,      797.08,   -0.95,      -30.08
  411,   7.267,     1038.,     1055.97,   -2.48,      -17.97
  412,   7.287,     1321.,     1381.48,   -2.91,      -60.48
  413,   7.308,     1720.,     1740.13,   -3.06,      -20.13
  414,   7.328,     2082.,     2087.01,   -2.57,       -5.01
  415,   7.348,     2294.,     2372.54,   -0.76,      -78.54
  416,   7.368,     2565.,     2552.39,    0.12,       12.61
  417,   7.388,     2615.,     2597.70,    2.00,       17.30
  418,   7.408,     2550.,     2502.48,    2.65,       47.52
  419,   7.428,     2460.,     2284.25,    2.96,      175.75
  420,   7.448,     2055.,     1979.50,    4.69,       75.50
  421,   7.468,     1693.,     1634.30,    5.39,       58.70
  422,   7.488,     1328.,     1294.12,    4.10,       33.88
  423,   7.508,     1007.,      995.79,    3.88,       11.21
  424,   7.528,      822.,      763.42,    1.36,       58.58
  425,   7.548,      646.,      607.67,   -0.52,       38.33
  426,   7.568,      444.,      527.84,   -2.37,      -83.84
  427,   7.589,      501.,      514.55,   -3.28,      -13.55
  428,   7.609,      531.,      552.36,   -5.12,      -21.36
  429,   7.629,      567.,      621.56,   -4.82,      -54.56
  430,   7.649,      622.,      700.58,   -6.34,      -78.58
  431,   7.669,      742.,      768.44,   -4.92,      -26.44
  432,   7.689,      714.,      807.72,   -4.44,      -93.72
  433,   7.709,      832.,      807.62,   -3.21,       24.38
  434,   7.729,      726.,      765.24,   -1.28,      -39.24
  435,   7.749,      692.,      686.19,    1.97,        5.81
  436,   7.769,      588.,      581.84,    2.46,        6.16
  437,   7.789,      524.,      466.68,    4.46,       57.32
  438,   7.809,      377.,      354.77,    4.52,       22.23
  439,   7.829,      323.,      256.82,    5.27,       66.18
  440,   7.850,      220.,      179.16,    4.81,       40.84
  441,   7.870,      119.,      123.59,    5.14,       -4.59
  442,   7.890,      114.,       88.59,    2.49,       25.41
  443,   7.910,       76.,       70.60,    2.23,        5.40
  444,   7.930,       75.,       65.12,   -0.74,        9.88
  445,   7.950,       82.,       67.60,   -2.42,       14.40
  446,   7.970,       64.,       74.08,   -2.60,      -10.08
  447,   7.990,       72.,       81.15,   -3.20,       -9.15
  448,   8.010,       75.,       86.32,   -3.22,      -11.32
  449,   8.030,       79.,       88.06,   -2.28,       -9.06
  450,   8.050,       74.,       85.87,   -2.04,      -11.87
  451,   8.070,       69.,       80.17,   -1.92,      -11.17
  452,   8.090,       63.,       72.11,   -0.56,       -9.11
  453,   8.110,       61.,       63.20,   -0.62,       -2.20
  454,   8.131,       48.,       54.86,    0.21,       -6.86
  455,   8.151,       36.,       48.12,    0.55,      -12.12
  456,   8.171,       39.,       43.44,   -0.08,       -4.44
  457,   8.191,       20.,       40.68,   -0.71,      -20.68
  458,   8.211,       31.,       39.20,   -1.88,       -8.20
  459,   8.231,       19.,       38.28,   -3.30,      -19.28
  460,   8.251,       21.,       37.06,   -4.24,      -16.06
  461,   8.271,       21.,       34.99,   -3.98,      -13.99
  462,   8.291,       19.,       31.85,   -4.74,      -12.85
  463,   8.311,       12.,       27.73,   -3.31,      -15.73
  464,   8.331,       12.,       23.09,   -2.71,      -11.09
  465,   8.351,       17.,       18.26,   -1.49,       -1.26
  466,   8.371,       12.,       13.86,   -0.49,       -1.86
  467,   8.392,        7.,       10.14,    0.32,       -3.14
  468,   8.412,       13.,        7.36,    0.95,        5.64
  469,   8.432,       14.,        5.61,    3.53,        8.39
  470,   8.452,        8.,        4.91,    4.77,        3.09
  471,   8.472,        9.,        5.17,    4.22,        3.83
  472,   8.492,        9.,        6.39,    4.68,        2.61
  473,   8.512,       15.,        8.37,    4.90,        6.63
  474,   8.532,       26.,       10.89,    3.67,       15.11
  475,   8.552,       25.,       13.66,    1.90,       11.34
  476,   8.572,       23.,       16.40,    2.23,        6.60
  477,   8.592,       31.,       18.72,    2.38,       12.28
  478,   8.612,       25.,       20.23,    1.64,        4.77
  479,   8.632,       24.,       20.72,    1.01,        3.28
  480,   8.653,       21.,       20.09,    0.55,        0.91
  481,   8.673,       27.,       18.54,   -0.38,        8.46
  482,   8.693,       21.,       16.20,   -1.18,        4.80
  483,   8.713,       13.,       13.49,   -2.04,       -0.49
  484,   8.733,       13.,       10.76,   -1.45,        2.24
  485,   8.753,       15.,        8.31,   -1.27,        6.69
  486,   8.773,       10.,        6.34,   -0.29,        3.66
  487,   8.793,        3.,        4.93,   -0.96,       -1.93
  488,   8.813,        8.,        4.06,   -0.89,        3.94
  489,   8.833,       12.,        3.62,   -0.22,        8.38
  490,   8.853,        4.,        3.47,    0.39,        0.53
  491,   8.873,        8.,        3.45,   -0.46,        4.55
  492,   8.893,        5.,        3.41,   -0.03,        1.59
  493,   8.913,        5.,        3.34,    1.31,        1.66
  494,   8.934,        6.,        3.10,    0.52,        2.90
  495,   8.954,        9.,        2.80,   -0.82,        6.20
  496,   8.974,        4.,        2.39,   -0.22,        1.61
  497,   8.994,        6.,        1.93,   -0.81,        4.07
  498,   9.014,        6.,        1.48,   -1.25,        4.52
  499,   9.034,        2.,        1.07,   -1.13,        0.93
  500,   9.054,        3.,        0.74,   -0.69,        2.26
  501,   9.074,        3.,        0.48,   -1.65,        2.52
  502,   9.094,        4.,        0.29,   -0.78,        3.71
  503,   9.114,        2.,        0.17,   -1.01,        1.83
  504,   9.134,        3.,        0.06,   -1.33,        2.94
  505,   9.154,        5.,        0.00,    0.06,        5.00
  506,   9.174,        4.,        0.00,    0.97,        4.00
  507,   9.195,        8.,        0.00,    1.91,        8.00
  508,   9.215,        3.,        0.00,    1.89,        3.00
  509,   9.235,        5.,        0.00,    2.92,        5.00
  510,   9.255,        8.,        0.00,    2.10,        8.00
  511,   9.275,        6.,        0.00,    1.59,        6.00
  512,   9.295,        8.,        0.04,    1.15,        7.96
  513,   9.315,        2.,        0.09,    0.10,        1.91
  514,   9.335,        6.,        0.25,   -0.08,        5.75
  515,   9.355,        3.,        0.46,    0.52,        2.54
  516,   9.375,        5.,        0.82,    0.74,        4.18
  517,   9.395,        4.,        1.37,    0.56,        2.63
  518,   9.415,        3.,        2.17,   -0.07,        0.83
  519,   9.435,        5.,        3.27,    0.10,        1.73
  520,   9.455,       13.,        4.67,   -0.38,        8.33
  521,   9.476,       12.,        6.34,   -0.73,        5.66
  522,   9.496,       12.,        8.17,   -0.64,        3.83
  523,   9.516,       11.,        9.98,   -0.26,        1.02
  524,   9.536,       13.,       11.57,   -0.92,        1.43
  525,   9.556,       15.,       12.74,   -0.24,        2.26
  526,   9.576,       11.,       13.30,   -1.30,       -2.30
  527,   9.596,       15.,       13.18,   -1.92,        1.82
  528,   9.616,       15.,       12.40,   -2.04,        2.60
  529,   9.636,       11.,       11.06,   -0.85,       -0.06
  530,   9.656,       14.,        9.37,   -1.18,        4.63
  531,   9.676,       11.,        7.53,   -0.08,        3.47
  532,   9.696,        6.,        5.74,    0.59,        0.26
  533,   9.716,        7.,        4.15,    0.49,        2.85
  534,   9.737,       12.,        2.85,    0.45,        9.15
  535,   9.757,        4.,        1.89,    1.42,        2.11
  536,   9.777,        9.,        1.22,    1.51,        7.78
  537,   9.797,        3.,        0.80,    1.56,        2.20
  538,   9.817,        3.,        0.65,    2.16,        2.35
  539,   9.837,        1.,        0.83,    2.41,        0.17
  540,   9.857,        9.,        1.32,    1.91,        7.68
  541,   9.877,        6.,        2.19,    2.03,        3.81
  542,   9.897,        9.,        3.68,    1.20,        5.32
  543,   9.917,       12.,        5.90,    1.14,        6.10
  544,   9.937,        6.,        8.96,   -0.40,       -2.96
  545,   9.957,       16.,       12.94,   -0.83,        3.06
  546,   9.977,       17.,       17.75,   -1.88,       -0.75
  547,   9.997,       23.,       23.13,   -1.54,       -0.13
  548,  10.018,       32.,       28.63,   -2.32,        3.37
  549,  10.038,       21.,       33.67,   -3.01,      -12.67
  550,  10.058,       32.,       37.61,   -2.56,       -5.61
  551,  10.078,       36.,       39.91,   -2.62,       -3.91
  552,  10.098,       41.,       40.24,   -3.25,        0.76
  553,  10.118,       41.,       38.54,   -1.95,        2.46
  554,  10.138,       37.,       35.11,   -1.48,        1.89
  555,  10.158,       37.,       30.39,    0.17,        6.61
  556,  10.178,       26.,       25.05,    1.40,        0.95
  557,  10.198,       15.,       19.71,    2.29,       -4.71
  558,  10.218,       28.,       14.89,    2.59,       13.11
  559,  10.238,       20.,       10.93,    2.82,        9.07
  560,  10.258,       18.,        8.00,    2.29,       10.00
  561,  10.279,       11.,        6.07,    1.05,        4.93
  562,  10.299,       15.,        5.03,    1.24,        9.97
  563,  10.319,        8.,        4.66,    1.56,        3.34
  564,  10.339,       12.,        4.75,    1.25,        7.25
  565,  10.359,       11.,        5.06,    1.03,        5.94
  566,  10.379,        3.,        5.40,    0.53,       -2.40
  567,  10.399,       13.,        5.64,    0.53,        7.36
  568,  10.419,        5.,        5.61,   -0.95,       -0.61
  569,  10.439,       14.,        5.40,   -0.67,        8.60
  570,  10.459,       11.,        4.98,   -0.91,        6.02
  571,  10.479,        7.,        4.36,   -1.04,        2.64
  572,  10.499,        9.,        3.67,   -0.14,        5.33
  573,  10.519,        7.,        3.00,    0.02,        4.00
  574,  10.540,        3.,        2.44,    1.07,        0.56
  575,  10.560,        3.,        2.06,   -0.02,        0.94
  576,  10.580,        3.,        1.89,   -0.25,        1.11
  577,  10.600,        4.,        1.96,   -0.52,        2.04
  578,  10.620,        7.,        2.25,    0.02,        4.75
  579,  10.640,        6.,        2.73,   -1.43,        3.27
  580,  10.660,        3.,        3.34,   -0.26,       -0.34
  581,  10.680,        6.,        3.98,   -0.14,        2.02
  582,  10.700,        7.,        4.55,   -0.37,        2.45
  583,  10.720,        8.,        5.02,   -1.00,        2.98
  584,  10.740,        4.,        5.28,   -0.49,       -1.28
  585,  10.760,        8.,        5.31,   -0.95,        2.69
  586,  10.780,        6.,        5.10,    0.21,        0.90
  587,  10.800,        5.,        4.70,    1.05,        0.30
  588,  10.821,        1.,        4.20,    2.16,       -3.20
  589,  10.841,        9.,        3.73,    2.55,        5.27
  590,  10.861,        3.,        3.39,    3.06,       -0.39
  591,  10.881,        8.,        3.31,    2.95,        4.69
  592,  10.901,        7.,        3.57,    2.40,        3.43
  593,  10.921,        6.,        4.23,    0.75,        1.77
  594,  10.941,        5.,        5.28,    0.80,       -0.28
  595,  10.961,        5.,        6.68,   -0.40,       -1.68
  596,  10.981,        7.,        8.30,   -1.19,       -1.30
  597,  11.001,        5.,        9.97,   -2.38,       -4.97
  598,  11.021,        1.,       11.49,   -2.94,      -10.49
  599,  11.041,        7.,       12.62,   -3.64,       -5.62
  600,  11.061,       10.,       13.26,   -3.81,       -3.26
  601,  11.082,        6.,       13.27,   -3.65,       -7.27
  602,  11.102,        9.,       12.69,   -3.15,       -3.69
  603,  11.122,       11.,       11.56,   -1.89,       -0.56
  604,  11.142,        8.,       10.08,    0.35,       -2.08
  605,  11.162,        4.,        8.46,    1.20,       -4.46
  606,  11.182,        5.,        6.92,    1.63,       -1.92
  607,  11.202,        3.,        5.63,    2.74,       -2.63
  608,  11.222,        3.,        4.72,    3.10,       -1.72
  609,  11.242,        1.,        4.26,    1.33,       -3.26
  610,  11.262,        2.,        4.24,    1.09,       -2.24
  611,  11.282,        2.,        4.61,    0.90,       -2.61
  612,  11.302,        2.,        5.25,   -0.29,       -3.25
  613,  11.322,        3.,        6.03,   -1.67,       -3.03
  614,  11.342,        0.,        6.79,   -2.19,       -6.79
  615,  11.363,        5.,        7.40,   -2.37,       -2.40
  616,  11.383,        3.,        7.69,   -2.74,       -4.69
  617,  11.403,        3.,        7.70,   -2.72,       -4.70
  618,  11.423,        0.,        7.35,   -2.30,       -7.35
  619,  11.443,        2.,        6.68,   -2.07,       -4.68
  620,  11.463,        2.,        5.79,   -1.55,       -3.79
  621,  11.483,        3.,        4.78,   -1.30,       -1.78
  622,  11.503,        3.,        3.76,   -0.59,       -0.76
  623,  11.523,        4.,        2.82,    0.11,        1.18
  624,  11.543,        1.,        2.01,    1.17,       -1.01
  625,  11.563,        0.,        1.37,    1.75,       -1.37
  626,  11.583,        1.,        0.89,    2.13,        0.11
  627,  11.603,        2.,        0.55,    2.29,        1.45
  628,  11.624,        2.,        0.32,    2.14,        1.68
  629,  11.644,        0.,        0.18,    1.08,       -0.18
  630,  11.664,        2.,        0.10,    0.93,        1.90
  631,  11.684,        0.,        0.00,    0.87,        0.00
  632,  11.704,        2.,        0.00,    0.70,        2.00
  633,  11.724,        2.,        0.00,    0.57,        2.00
  634,  11.744,        0.,        0.00,    0.30,        0.00
  635,  11.764,        0.,        0.00,    0.61,        0.00
  636,  11.784,        1.,        0.00,    0.46,        1.00
  637,  11.804,        1.,        0.00,    0.52,        1.00
  638,  11.824,        2.,        0.00,    0.18,        2.00
  639,  11.844,        1.,        0.00,   -0.04,        1.00
  640,  11.864,        1.,        0.00,    0.27,        1.00
  641,  11.884,        2.,        0.00,    0.17,        2.00
  642,  11.905,        1.,        0.00,    0.25,        1.00
  643,  11.925,        0.,        0.00,   -0.01,        0.00
  644,  11.945,        1.,        0.00,   -0.19,        1.00
  645,  11.965,        1.,        0.00,    0.15,        1.00
  646,  11.985,        0.,        0.00,   -0.19,        0.00
  647,  12.005,        1.,        0.00,   -0.45,        1.00
  648,  12.025,        0.,        0.00,   -0.36,        0.00
  649,  12.045,        0.,        0.00,   -0.19,        0.00
  650,  12.065,        2.,        0.00,   -0.20,        2.00
  651,  12.085,        0.,        0.00,   -0.37,        0.00
  652,  12.105,        1.,        0.00,   -0.11,        1.00
  653,  12.125,        1.,        0.00,   -0.02,        1.00
  654,  12.145,        1.,        0.00,    0.06,        1.00
  655,  12.166,        0.,        0.00,    0.23,        0.00
  656,  12.186,        0.,        0.00,   -0.03,        0.00
  657,  12.206,        2.,        0.00,    0.23,        2.00
  658,  12.226,        1.,        0.00,    0.32,        1.00
  659,  12.246,        0.,        0.00,    0.40,        0.00
  660,  12.266,        1.,        0.00,    0.14,        1.00
  661,  12.286,        0.,        0.00,    0.14,        0.00
  662,  12.306,        1.,        0.00,    0.23,        1.00
  663,  12.326,        2.,        0.00,   -0.20,        2.00
  664,  12.346,        1.,        0.00,   -0.20,        1.00
  665,  12.366,        0.,        0.00,   -0.12,        0.00
  666,  12.386,        0.,        0.00,   -0.04,        0.00
  667,  12.406,        0.,        0.00,   -0.12,        0.00
  668,  12.427,        0.,        0.00,   -0.20,        0.00
  669,  12.447,        1.,        0.00,   -0.21,        1.00
  670,  12.467,        0.,        0.00,   -0.30,        0.00
  671,  12.487,        1.,        0.00,   -0.46,        1.00
  672,  12.507,        0.,        0.00,   -0.55,        0.00
  673,  12.527,        1.,        0.00,   -0.37,        1.00
  674,  12.547,        1.,        0.00,   -0.20,        1.00
  675,  12.567,        1.,        0.00,   -0.20,        1.00
  676,  12.587,        0.,        0.00,    0.23,        0.00
  677,  12.607,        0.,        0.00,    0.40,        0.00
  678,  12.627,        1.,        0.00,    0.67,        1.00
  679,  12.647,        1.,        0.00,    0.49,        1.00
  680,  12.667,        0.,        0.00,    0.33,        0.00
  681,  12.687,        2.,        0.00,    0.07,        2.00
  682,  12.708,        2.,        0.00,    0.07,        2.00
  683,  12.728,        2.,        0.00,    0.15,        2.00
  684,  12.748,        0.,        0.00,    0.07,        0.00
  685,  12.768,        1.,        0.00,   -0.11,        1.00
  686,  12.788,        0.,        0.00,    0.33,        0.00
  687,  12.808,        0.,        0.00,    0.33,        0.00
  688,  12.828,        0.,        0.00,   -0.02,        0.00
  689,  12.848,        1.,        0.00,   -0.37,        1.00
  690,  12.868,        0.,        0.00,   -0.11,        0.00
  691,  12.888,        2.,        0.00,   -0.03,        2.00
  692,  12.908,        2.,        0.00,   -0.03,        2.00
  693,  12.928,        0.,        0.00,    0.31,        0.00
  694,  12.948,        0.,        0.00,    0.48,        0.00
  695,  12.969,        1.,        0.00,    0.47,        1.00
  696,  12.989,        1.,        0.00,    0.39,        1.00
  697,  13.009,        0.,        0.00,   -0.13,        0.00
  698,  13.029,        1.,        0.00,   -0.48,        1.00
  699,  13.049,        0.,        0.00,   -0.56,        0.00
  700,  13.069,        0.,        0.00,   -0.64,        0.00
  701,  13.089,        0.,        0.00,   -0.73,        0.00
  702,  13.109,        0.,        0.00,   -0.90,        0.00
  703,  13.129,        0.,        0.00,   -0.30,        0.00
  704,  13.149,        0.,        0.00,   -0.39,        0.00
  705,  13.169,        0.,        0.00,   -0.38,        0.00
  706,  13.189,        0.,        0.00,   -0.29,        0.00
  707,  13.209,        1.,        0.00,   -0.29,        1.00
  708,  13.229,        3.,        0.00,    0.14,        3.00
  709,  13.250,        0.,        0.00,    0.15,        0.00
  710,  13.270,        1.,        0.00,    0.33,        1.00
  711,  13.290,        1.,        0.00,    0.67,        1.00
  712,  13.310,        0.,        0.00,    0.85,        0.00
  713,  13.330,        2.,        0.00,    0.85,        2.00
  714,  13.350,        1.,        0.00,    0.33,        1.00
  715,  13.370,        1.,        0.00,    0.67,        1.00
  716,  13.390,        2.,        0.00,    0.67,        2.00
  717,  13.410,        1.,        0.00,    0.50,        1.00
  718,  13.430,        1.,        0.00,    0.50,        1.00
  719,  13.450,        0.,        0.00,    0.23,        0.00
  720,  13.470,        2.,        0.00,    0.31,        2.00
  721,  13.490,        1.,        0.00,    0.14,        1.00
  722,  13.511,        0.,        0.00,   -0.21,        0.00
  723,  13.531,        0.,        0.00,   -0.39,        0.00
  724,  13.551,        0.,        0.00,   -0.56,        0.00
  725,  13.571,        0.,        0.00,   -0.39,        0.00
  726,  13.591,        0.,        0.00,   -0.65,        0.00
  727,  13.611,        0.,        0.00,   -0.73,        0.00
  728,  13.631,        0.,        0.00,   -0.45,        0.00
  729,  13.651,        0.,        0.00,   -0.31,        0.00
  730,  13.671,        0.,        0.00,   -0.25,        0.00
  731,  13.691,        0.,        0.00,   -0.23,        0.00
  732,  13.711,        0.,        0.00,   -0.25,        0.00
  733,  13.731,        1.,        0.00,   -0.20,        1.00
  734,  13.751,        1.,        0.00,   -0.16,        1.00
  735,  13.772,        0.,        0.00,    0.14,        0.00
  736,  13.792,        0.,        0.04,    0.34,       -0.04
  737,  13.812,        0.,        0.07,    0.62,       -0.07
  738,  13.832,        0.,        0.16,    0.46,       -0.16
  739,  13.852,        1.,        0.29,    0.77,        0.71
  740,  13.872,        2.,        0.49,    1.19,        1.51
  741,  13.892,        1.,        0.81,    0.72,        0.19
  742,  13.912,        1.,        1.28,    0.59,       -0.28
  743,  13.932,        4.,        1.95,   -0.34,        2.05
  744,  13.952,        3.,        2.85,    1.04,        0.15
  745,  13.972,        5.,        4.01,   -0.28,        0.99
  746,  13.992,        5.,        5.43,   -1.42,       -0.43
  747,  14.012,        5.,        7.09,   -0.82,       -2.09
  748,  14.032,        5.,        8.91,   -1.65,       -3.91
  749,  14.053,       17.,       10.77,   -1.45,        6.23
  750,  14.073,        7.,       12.55,   -2.14,       -5.55
  751,  14.093,        9.,       14.07,   -1.67,       -5.07
  752,  14.113,       20.,       15.19,   -1.07,        4.81
  753,  14.133,       13.,       15.79,   -0.47,       -2.79
  754,  14.153,       19.,       15.80,    1.08,        3.20
  755,  14.173,       12.,       15.21,    0.29,       -3.21
  756,  14.193,       18.,       14.08,    1.60,        3.92
  757,  14.213,       15.,       12.54,    2.28,        2.46
  758,  14.233,       13.,       10.74,    1.38,        2.26
  759,  14.253,       16.,        8.84,    1.69,        7.16
  760,  14.273,        7.,        6.99,    0.81,        0.01
  761,  14.293,        9.,        5.32,    2.00,        3.68
  762,  14.314,        4.,        3.88,    0.96,        0.12
  763,  14.334,        1.,        2.72,    0.48,       -1.72
  764,  14.354,        2.,        1.83,    0.50,        0.17
  765,  14.374,        0.,        1.18,   -1.07,       -1.18
  766,  14.394,        2.,        0.68,   -0.81,        1.32
  767,  14.414,        0.,        0.41,   -1.72,       -0.41
  768,  14.434,        2.,        0.23,   -1.58,        1.77
  769,  14.454,        0.,        0.13,   -1.16,       -0.13
  770,  14.474,        0.,        0.07,   -1.00,       -0.07
  771,  14.494,        0.,        0.00,   -0.11,        0.00
  772,  14.514,        0.,        0.00,   -0.42,        0.00
  773,  14.534,        0.,        0.00,   -0.29,        0.00
  774,  14.554,        0.,        0.00,   -0.24,        0.00
  775,  14.574,        0.,        0.00,   -0.27,        0.00
  776,  14.595,        1.,        0.00,   -0.24,        1.00
  777,  14.615,        0.,        0.00,   -0.25,        0.00
  778,  14.635,        0.,        0.00,   -0.05,        0.00
  779,  14.655,        2.,        0.00,    0.27,        2.00
  780,  14.675,        1.,        0.00,    0.33,        1.00
  781,  14.695,        0.,        0.00,    0.41,        0.00
  782,  14.715,        1.,        0.00,   -0.02,        1.00
  783,  14.735,        1.,        0.00,   -0.01,        1.00
  784,  14.755,        3.,        0.00,    0.00,        3.00
  785,  14.775,        0.,        0.00,   -0.33,        0.00
  786,  14.795,        1.,        0.00,   -0.33,        1.00
  787,  14.815,        0.,        0.00,   -0.16,        0.00
  788,  14.835,        1.,        0.00,    0.19,        1.00
  789,  14.856,        1.,        0.00,    0.11,        1.00
  790,  14.876,        2.,        0.00,   -0.06,        2.00
  791,  14.896,        1.,        0.00,    0.80,        1.00
  792,  14.916,        1.,        0.00,    0.63,        1.00
  793,  14.936,        3.,        0.00,    0.63,        3.00
  794,  14.956,        2.,        0.00,    0.71,        2.00
  795,  14.976,        2.,        0.00,    1.14,        2.00
  796,  14.996,        4.,        0.00,    1.05,        4.00
  797,  15.016,        0.,        0.00,    0.87,        0.00
  798,  15.036,        0.,        0.00,    0.95,        0.00
  799,  15.056,        1.,        0.00,    0.35,        1.00
  800,  15.076,        3.,        0.00,    0.08,        3.00
  801,  15.096,        0.,        0.00,   -0.18,        0.00
  802,  15.116,        0.,        0.00,   -0.71,        0.00
  803,  15.137,        1.,        0.00,   -0.63,        1.00
  804,  15.157,        0.,        0.00,   -0.55,        0.00
  805,  15.177,        0.,        0.00,   -0.30,        0.00
  806,  15.197,        0.,        0.00,   -0.65,        0.00
  807,  15.217,        0.,        0.00,   -0.48,        0.00
  808,  15.237,        0.,        0.00,   -0.15,        0.00
  809,  15.257,        0.,        0.00,   -0.33,        0.00
  810,  15.277,        1.,        0.00,   -0.33,        1.00
  811,  15.297,        0.,        0.00,   -0.24,        0.00
  812,  15.317,        0.,        0.00,    0.01,        0.00
  813,  15.337,        0.,        0.00,    0.01,        0.00
  814,  15.357,        0.,        0.00,    0.02,        0.00
  815,  15.377,        0.,        0.00,   -0.13,        0.00
  816,  15.398,        0.,        0.00,   -0.19,        0.00
  817,  15.418,        0.,        0.00,   -0.48,        0.00
  818,  15.438,        0.,        0.00,   -0.51,        0.00
  819,  15.458,        0.,        0.00,   -0.62,        0.00
  820,  15.478,        0.,        0.00,   -0.47,        0.00
  821,  15.498,        0.,        0.00,   -0.40,        0.00
  822,  15.518,        0.,        0.00,    0.01,        0.00
  823,  15.538,        0.,        0.00,    0.32,        0.00
  824,  15.558,        0.,        0.02,    0.21,       -0.02
  825,  15.578,        0.,        0.09,    0.32,       -0.09
  826,  15.598,        1.,        0.14,    0.22,        0.86
  827,  15.618,        1.,        0.22,    0.49,        0.78
  828,  15.638,        2.,        0.33,    0.14,        1.67
  829,  15.659,        2.,        0.48,    0.15,        1.52
  830,  15.679,        1.,        0.66,    0.42,        0.34
  831,  15.699,        2.,        0.88,    0.34,        1.12
  832,  15.719,        1.,        1.12,    0.58,       -0.12
  833,  15.739,        2.,        1.38,    0.10,        0.62
  834,  15.759,        0.,        1.62,    0.12,       -1.62
  835,  15.779,        2.,        1.84,   -0.31,        0.16
  836,  15.799,        4.,        2.00,   -0.53,        2.00
  837,  15.819,        3.,        2.10,   -0.28,        0.90
  838,  15.839,        3.,        2.12,   -0.61,        0.88
  839,  15.859,        0.,        2.05,   -0.47,       -2.05
  840,  15.879,        3.,        1.91,   -0.44,        1.09
  841,  15.899,        2.,        1.72,    0.37,        0.28
  842,  15.919,        2.,        1.49,    0.58,        0.51
  843,  15.940,        4.,        1.25,    0.57,        2.75
  844,  15.960,        0.,        1.02,    0.48,       -1.02
  845,  15.980,        1.,        0.81,    0.31,        0.19
  846,  16.000,        1.,        0.64,    0.67,        0.36
  847,  16.020,        3.,        0.51,    0.34,        2.49
  848,  16.040,        1.,        0.40,    0.29,        0.60
  849,  16.060,        2.,        0.33,    0.36,        1.67
  850,  16.080,        0.,        0.27,   -0.02,       -0.27
  851,  16.100,        0.,        0.17,    0.20,       -0.17
  852,  16.120,        0.,        0.16,   -0.01,       -0.16
  853,  16.140,        0.,        0.15,    0.02,       -0.15
  854,  16.160,        0.,        0.13,   -0.36,       -0.13
  855,  16.180,        0.,        0.11,   -0.42,       -0.11
  856,  16.201,        0.,        0.09,   -0.46,       -0.09
  857,  16.221,        0.,        0.07,   -0.50,       -0.07
  858,  16.241,        0.,        0.05,   -0.46,       -0.05
  859,  16.261,        0.,        0.04,   -0.40,       -0.04
  860,  16.281,        0.,        0.03,   -0.17,       -0.03
  861,  16.301,        0.,        0.02,   -0.10,       -0.02
  862,  16.321,        0.,        0.01,    0.06,       -0.01
  863,  16.341,        0.,        0.01,    0.05,       -0.01
  864,  16.361,        0.,        0.00,    0.05,        0.00
  865,  16.381,        0.,        0.00,    0.04,        0.00
  866,  16.401,        0.,        0.00,    0.04,        0.00
  867,  16.421,        0.,        0.00,    0.03,        0.00
  868,  16.441,        0.,        0.00,   -0.06,        0.00
  869,  16.461,        0.,        0.00,   -0.07,        0.00
  870,  16.482,        0.,        0.00,   -0.07,        0.00
  871,  16.502,        0.,        0.00,   -0.08,        0.00
  872,  16.522,        0.,        0.00,   -0.16,        0.00
  873,  16.542,        0.,        0.00,   -0.16,        0.00
  874,  16.562,        0.,        0.00,    0.00,        0.00
  875,  16.582,        0.,        0.00,   -0.09,        0.00
  876,  16.602,        0.,        0.00,   -0.09,        0.00
  877,  16.622,        0.,        0.00,   -0.09,        0.00
  878,  16.642,        0.,        0.00,    0.07,        0.00
  879,  16.662,        0.,        0.00,    0.07,        0.00
  880,  16.682,        1.,        0.00,    0.07,        1.00
  881,  16.702,        0.,        0.00,    0.23,        0.00
  882,  16.722,        0.,        0.00,    0.23,        0.00
  883,  16.743,        0.,        0.00,    0.23,        0.00
  884,  16.763,        1.,        0.00,    0.23,        1.00
  885,  16.783,        0.,        0.00,    0.23,        0.00
  886,  16.803,        0.,        0.00,    0.23,        0.00
  887,  16.823,        1.,        0.00,    0.07,        1.00
  888,  16.843,        0.,        0.00,    0.07,        0.00
  889,  16.863,        0.,        0.00,    0.07,        0.00
  890,  16.883,        0.,        0.00,    0.07,        0.00
  891,  16.903,        0.,        0.00,   -0.09,        0.00
  892,  16.923,        0.,        0.00,   -0.17,        0.00
  893,  16.943,        0.,        0.00,   -0.09,        0.00
  894,  16.963,        0.,        0.00,   -0.25,        0.00
  895,  16.983,        0.,        0.00,   -0.25,        0.00
  896,  17.003,        0.,        0.00,   -0.25,        0.00
  897,  17.024,        0.,        0.00,   -0.17,        0.00
  898,  17.044,        0.,        0.00,   -0.01,        0.00
  899,  17.064,        0.,        0.00,   -0.01,        0.00
  900,  17.084,        0.,        0.00,    0.08,        0.00
  901,  17.104,        0.,        0.00,    0.08,        0.00
  902,  17.124,        0.,        0.00,    0.08,        0.00
  903,  17.144,        0.,        0.00,    0.08,        0.00
  904,  17.164,        1.,        0.00,    0.08,        1.00
  905,  17.184,        0.,        0.00,    0.08,        0.00
  906,  17.204,        0.,        0.00,    0.08,        0.00
  907,  17.224,        0.,        0.00,    0.08,        0.00
  908,  17.244,        0.,        0.00,    0.08,        0.00
  909,  17.264,        0.,        0.00,    0.08,        0.00
  910,  17.285,        0.,        0.00,    0.08,        0.00
  911,  17.305,        0.,        0.00,   -0.08,        0.00
  912,  17.325,        0.,        0.00,   -0.08,        0.00
  913,  17.345,        0.,        0.00,   -0.08,        0.00
  914,  17.365,        0.,        0.00,   -0.08,        0.00
  915,  17.385,        0.,        0.00,   -0.08,        0.00
  916,  17.405,        0.,        0.00,   -0.08,        0.00
  917,  17.425,        0.,        0.00,    0.00,        0.00
  918,  17.445,        0.,        0.00,    0.00,        0.00
  919,  17.465,        0.,        0.00,    0.00,        0.00
  920,  17.485,        0.,        0.00,   -0.08,        0.00
  921,  17.505,        0.,        0.00,   -0.08,        0.00
  922,  17.525,        0.,        0.00,   -0.08,        0.00
  923,  17.546,        0.,        0.00,   -0.08,        0.00
  924,  17.566,        0.,        0.00,   -0.17,        0.00
  925,  17.586,        0.,        0.00,   -0.17,        0.00
  926,  17.606,        0.,        0.00,   -0.01,        0.00
  927,  17.626,        0.,        0.00,   -0.01,        0.00
  928,  17.646,        0.,        0.00,   -0.09,        0.00
  929,  17.666,        0.,        0.00,   -0.09,        0.00
  930,  17.686,        0.,        0.00,    0.07,        0.00
  931,  17.706,        0.,        0.00,    0.07,        0.00
  932,  17.726,        1.,        0.00,   -0.01,        1.00
  933,  17.746,        0.,        0.00,   -0.10,        0.00
  934,  17.766,        0.,        0.00,    0.06,        0.00
  935,  17.786,        0.,        0.00,    0.06,        0.00
  936,  17.806,        1.,        0.00,   -0.02,        1.00
  937,  17.827,        0.,        0.00,   -0.02,        0.00
  938,  17.847,        0.,        0.00,    0.14,        0.00
  939,  17.867,        0.,        0.00,    0.14,        0.00
  940,  17.887,        1.,        0.00,    0.14,        1.00
  941,  17.907,        0.,        0.00,    0.14,        0.00
  942,  17.927,        0.,        0.00,    0.30,        0.00
  943,  17.947,        0.,        0.00,    0.14,        0.00
  944,  17.967,        1.,        0.00,    0.14,        1.00
  945,  17.987,        1.,        0.00,    0.22,        1.00
  946,  18.007,        0.,        0.00,    0.22,        0.00
  947,  18.027,        0.,        0.00,    0.06,        0.00
  948,  18.047,        1.,        0.00,    0.06,        1.00
  949,  18.067,        0.,        0.00,    0.15,        0.00
  950,  18.088,        0.,        0.00,    0.15,        0.00
  951,  18.108,        0.,        0.00,   -0.01,        0.00
  952,  18.128,        0.,        0.00,   -0.17,        0.00
  953,  18.148,        0.,        0.00,   -0.09,        0.00
  954,  18.168,        0.,        0.00,   -0.09,        0.00
  955,  18.188,        0.,        0.00,   -0.25,        0.00
  956,  18.208,        0.,        0.00,   -0.25,        0.00
  957,  18.228,        0.,        0.00,   -0.17,        0.00
  958,  18.248,        0.,        0.00,   -0.08,        0.00
  959,  18.268,        0.,        0.00,   -0.08,        0.00
  960,  18.288,        0.,        0.00,   -0.17,        0.00
  961,  18.308,        0.,        0.00,   -0.08,        0.00
  962,  18.328,        0.,        0.00,   -0.08,        0.00
  963,  18.348,        0.,        0.00,   -0.08,        0.00
  964,  18.369,        0.,        0.00,   -0.08,        0.00
  965,  18.389,        0.,        0.00,   -0.08,        0.00
  966,  18.409,        0.,        0.00,    0.08,        0.00
  967,  18.429,        0.,        0.00,    0.08,        0.00
  968,  18.449,        0.,        0.00,    0.08,        0.00
  969,  18.469,        0.,        0.00,    0.08,        0.00
  970,  18.489,        0.,        0.00,    0.08,        0.00
  971,  18.509,        0.,        0.00,    0.08,        0.00
  972,  18.529,        1.,        0.00,    0.08,        1.00
  973,  18.549,        0.,        0.00,    0.08,        0.00
  974,  18.569,        0.,        0.00,    0.08,        0.00
  975,  18.589,        0.,        0.00,    0.08,        0.00
  976,  18.609,        0.,        0.00,    0.08,        0.00
  977,  18.630,        0.,        0.00,    0.08,        0.00
  978,  18.650,        0.,        0.00,    0.08,        0.00
  979,  18.670,        0.,        0.00,   -0.08,        0.00
  980,  18.690,        0.,        0.00,   -0.08,        0.00
  981,  18.710,        0.,        0.00,   -0.08,        0.00
  982,  18.730,        0.,        0.00,   -0.08,        0.00
  983,  18.750,        0.,        0.00,   -0.08,        0.00
  984,  18.770,        0.,        0.00,   -0.08,        0.00
  985,  18.790,        0.,        0.00,    0.00,        0.00
  986,  18.810,        0.,        0.00,    0.00,        0.00
  987,  18.830,        0.,        0.00,    0.00,        0.00
  988,  18.850,        0.,        0.00,    0.00,        0.00
  989,  18.870,        0.,        0.00,    0.00,        0.00
  990,  18.890,        0.,        0.00,    0.00,        0.00
  991,  18.911,        0.,        0.00,    0.00,        0.00
  992,  18.931,        0.,        0.00,    0.00,        0.00
  993,  18.951,        0.,        0.00,    0.00,        0.00
  994,  18.971,        0.,        0.00,    0.00,        0.00
  995,  18.991,        0.,        0.00,    0.00,        0.00
  996,  19.011,        0.,        0.00,    0.00,        0.00
  997,  19.031,        0.,        0.00,    0.00,        0.00
  998,  19.051,        0.,        0.00,    0.00,        0.00
  999,  19.071,        0.,        0.00,    0.00,        0.00
 1000,  19.091,        0.,        0.00,    0.00,        0.00
 1001,  19.111,        0.,        0.00,    0.00,        0.00
 1002,  19.131,        0.,        0.00,    0.00,        0.00
 1003,  19.151,        0.,        0.00,    0.00,        0.00
 1004,  19.172,        0.,        0.00,    0.00,        0.00
 1005,  19.192,        0.,        0.00,    0.00,        0.00
 1006,  19.212,        0.,        0.00,    0.00,        0.00
 1007,  19.232,        0.,        0.00,   -0.08,        0.00
 1008,  19.252,        0.,        0.00,   -0.08,        0.00
 1009,  19.272,        0.,        0.00,   -0.08,        0.00
 1010,  19.292,        0.,        0.00,   -0.17,        0.00
 1011,  19.312,        0.,        0.00,   -0.17,        0.00
 1012,  19.332,        0.,        0.00,   -0.25,        0.00
 1013,  19.352,        0.,        0.00,   -0.09,        0.00
 1014,  19.372,        0.,        0.00,   -0.09,        0.00
 1015,  19.392,        0.,        0.00,   -0.09,        0.00
 1016,  19.412,        0.,        0.00,    0.07,        0.00
 1017,  19.433,        0.,        0.00,    0.08,        0.00
 1018,  19.453,        0.,        0.00,    0.23,        0.00
 1019,  19.473,        1.,        0.00,    0.23,        1.00
 1020,  19.493,        0.,        0.00,    0.23,        0.00
 1021,  19.513,        0.,        0.00,    0.16,        0.00
 1022,  19.533,        1.,        0.00,    0.16,        1.00
 1023,  19.553,        0.,        0.00,    0.16,        0.00
 1024,  19.573,        1.,        0.00,    0.16,        1.00
 1025,  19.593,        0.,        0.00,    0.16,        0.00
 1026,  19.613,        0.,        0.00,    0.01,        0.00
 1027,  19.633,        0.,        0.00,    0.01,        0.00
 1028,  19.653,        0.,        0.00,    0.16,        0.00
 1029,  19.673,        0.,        0.00,    0.01,        0.00
 1030,  19.693,        0.,        0.00,    0.01,        0.00
 1031,  19.714,        0.,        0.00,   -0.14,        0.00
 1032,  19.734,        0.,        0.00,   -0.14,        0.00
 1033,  19.754,        0.,        0.00,   -0.07,        0.00
 1034,  19.774,        1.,        0.00,   -0.07,        1.00
 1035,  19.794,        0.,        0.00,   -0.07,        0.00
 1036,  19.814,        0.,        0.00,    0.01,        0.00
 1037,  19.834,        0.,        0.00,    0.01,        0.00
 1038,  19.854,        0.,        0.00,    0.08,        0.00
 1039,  19.874,        0.,        0.00,    0.08,        0.00
 1040,  19.894,        0.,        0.00,    0.08,        0.00
 1041,  19.914,        0.,        0.00,   -0.07,        0.00
 1042,  19.934,        0.,        0.00,   -0.07,        0.00
 1043,  19.954,        0.,        0.00,   -0.07,        0.00
 1044,  19.975,        0.,        0.00,   -0.07,        0.00
 1045,  19.995,        0.,        0.00,   -0.07,        0.00
 1046,  20.015,        0.,        0.00,   -0.07,        0.00
 1047,  20.035,        0.,        0.00,   -0.07,        0.00
 1048,  20.055,        0.,        0.00,    0.00,        0.00
 1049,  20.075,        0.,        0.00,    0.00,        0.00
 1050,  20.095,        0.,        0.00,    0.00,        0.00
 1051,  20.115,        0.,        0.00,    0.00,        0.00
 1052,  20.135,        0.,        0.00,    0.00,        0.00
 1053,  20.155,        0.,        0.00,    0.00,        0.00
 1054,  20.175,        0.,        0.00,    0.00,        0.00
 1055,  20.195,        0.,        0.00,    0.00,        0.00
 1056,  20.215,        0.,        0.00,    0.00,        0.00
 1057,  20.235,        0.,        0.00,    0.00,        0.00
 1058,  20.256,        0.,        0.00,    0.00,        0.00
 1059,  20.276,        0.,        0.00,    0.00,        0.00
 1060,  20.296,        0.,        0.00,    0.00,        0.00
 1061,  20.316,        0.,        0.00,    0.00,        0.00
 1062,  20.336,        0.,        0.00,    0.00,        0.00
 1063,  20.356,        0.,        0.00,    0.00,        0.00
 1064,  20.376,        0.,        0.00,    0.00,        0.00
 1065,  20.396,        0.,        0.00,    0.00,        0.00
 1066,  20.416,        0.,        0.00,    0.00,        0.00
 1067,  20.436,        0.,        0.00,    0.00,        0.00
 1068,  20.456,        0.,        0.00,    0.00,        0.00
 1069,  20.476,        0.,        0.00,    0.00,        0.00
 1070,  20.496,        0.,        0.00,    0.00,        0.00
 1071,  20.517,        0.,        0.00,    0.00,        0.00
 1072,  20.537,        0.,        0.00,   -0.07,        0.00
 1073,  20.557,        0.,        0.00,   -0.07,        0.00
 1074,  20.577,        0.,        0.00,   -0.07,        0.00
 1075,  20.597,        0.,        0.00,   -0.07,        0.00
 1076,  20.617,        0.,        0.00,   -0.07,        0.00
 1077,  20.637,        0.,        0.00,   -0.07,        0.00
 1078,  20.657,        0.,        0.00,   -0.07,        0.00
 1079,  20.677,        0.,        0.00,    0.08,        0.00
 1080,  20.697,        0.,        0.00,    0.08,        0.00
 1081,  20.717,        0.,        0.00,    0.08,        0.00
 1082,  20.737,        0.,        0.00,    0.08,        0.00
 1083,  20.757,        0.,        0.00,    0.08,        0.00
 1084,  20.778,        0.,        0.00,    0.08,        0.00
 1085,  20.798,        1.,        0.00,    0.08,        1.00
 1086,  20.818,        0.,        0.00,    0.08,        0.00
 1087,  20.838,        0.,        0.00,    0.08,        0.00
 1088,  20.858,        0.,        0.00,    0.08,        0.00
 1089,  20.878,        0.,        0.00,    0.08,        0.00
 1090,  20.898,        0.,        0.00,    0.08,        0.00
 1091,  20.918,        0.,        0.00,    0.08,        0.00
 1092,  20.938,        0.,        0.00,   -0.07,        0.00
 1093,  20.958,        0.,        0.00,   -0.07,        0.00
 1094,  20.978,        0.,        0.00,   -0.07,        0.00
 1095,  20.998,        0.,        0.00,   -0.07,        0.00
 1096,  21.018,        0.,        0.00,   -0.07,        0.00
 1097,  21.038,        0.,        0.00,   -0.07,        0.00
 1098,  21.059,        0.,        0.00,   -0.07,        0.00
 1099,  21.079,        0.,        0.00,    0.00,        0.00
 1100,  21.099,        0.,        0.00,    0.00,        0.00
 1101,  21.119,        0.,        0.00,    0.00,        0.00
 1102,  21.139,        0.,        0.00,    0.00,        0.00
 1103,  21.159,        0.,        0.00,    0.00,        0.00
 1104,  21.179,        0.,        0.00,    0.00,        0.00
 1105,  21.199,        0.,        0.00,    0.00,        0.00
 1106,  21.219,        0.,        0.00,    0.00,        0.00
 1107,  21.239,        0.,        0.00,    0.00,        0.00
 1108,  21.259,        0.,        0.00,    0.00,        0.00
 1109,  21.279,        0.,        0.00,    0.00,        0.00
 1110,  21.299,        0.,        0.00,    0.00,        0.00
 1111,  21.320,        0.,        0.00,    0.00,        0.00
 1112,  21.340,        0.,        0.00,    0.00,        0.00
 1113,  21.360,        0.,        0.00,    0.00,        0.00
 1114,  21.380,        0.,        0.00,    0.00,        0.00
 1115,  21.400,        0.,        0.00,    0.00,        0.00
 1116,  21.420,        0.,        0.00,    0.00,        0.00
 1117,  21.440,        0.,        0.00,    0.00,        0.00
 1118,  21.460,        0.,        0.00,    0.00,        0.00
 1119,  21.480,        0.,        0.00,    0.00,        0.00
 1120,  21.500,        0.,        0.00,    0.00,        0.00
 1121,  21.520,        0.,        0.00,    0.00,        0.00
 1122,  21.540,        0.,        0.00,    0.00,        0.00
 1123,  21.560,        0.,        0.00,    0.00,        0.00
 1124,  21.580,        0.,        0.00,    0.00,        0.00
 1125,  21.601,        0.,        0.00,    0.00,        0.00
 1126,  21.621,        0.,        0.00,    0.00,        0.00
 1127,  21.641,        0.,        0.00,    0.00,        0.00
 1128,  21.661,        0.,        0.00,    0.00,        0.00
 1129,  21.681,        0.,        0.00,    0.00,        0.00
 1130,  21.701,        0.,        0.00,    0.00,        0.00
 1131,  21.721,        0.,        0.00,    0.00,        0.00
 1132,  21.741,        0.,        0.00,    0.00,        0.00
 1133,  21.761,        0.,        0.00,    0.00,        0.00
 1134,  21.781,        0.,        0.00,    0.00,        0.00
 1135,  21.801,        0.,        0.00,    0.00,        0.00
 1136,  21.821,        0.,        0.00,    0.00,        0.00
 1137,  21.841,        0.,        0.00,    0.00,        0.00
 1138,  21.862,        0.,        0.00,    0.00,        0.00
 1139,  21.882,        0.,        0.00,    0.00,        0.00
 1140,  21.902,        0.,        0.00,    0.00,        0.00
 1141,  21.922,        0.,        0.00,    0.00,        0.00
 1142,  21.942,        0.,        0.00,    0.00,        0.00
 1143,  21.962,        0.,        0.00,    0.00,        0.00
 1144,  21.982,        0.,        0.00,    0.00,        0.00
 1145,  22.002,        0.,        0.00,    0.00,        0.00
 1146,  22.022,        0.,        0.00,    0.00,        0.00
 1147,  22.042,        0.,        0.00,    0.00,        0.00
 1148,  22.062,        0.,        0.00,    0.00,        0.00
 1149,  22.082,        0.,        0.00,    0.00,        0.00
 1150,  22.102,        0.,        0.00,    0.00,        0.00
 1151,  22.122,        0.,        0.00,    0.00,        0.00
 1152,  22.143,        0.,        0.00,    0.00,        0.00
 1153,  22.163,        0.,        0.00,    0.00,        0.00
 1154,  22.183,        0.,        0.00,    0.00,        0.00
 1155,  22.203,        0.,        0.00,    0.00,        0.00
 1156,  22.223,        0.,        0.00,    0.00,        0.00
 1157,  22.243,        0.,        0.00,    0.00,        0.00
 1158,  22.263,        0.,        0.00,    0.00,        0.00
 1159,  22.283,        0.,        0.00,    0.00,        0.00
 1160,  22.303,        0.,        0.00,    0.00,        0.00
 1161,  22.323,        0.,        0.00,    0.00,        0.00
 1162,  22.343,        0.,        0.00,    0.00,        0.00
 1163,  22.363,        0.,        0.00,    0.00,        0.00
 1164,  22.383,        0.,        0.00,    0.00,        0.00
 1165,  22.404,        0.,        0.00,    0.00,        0.00
 1166,  22.424,        0.,        0.00,    0.00,        0.00
 1167,  22.444,        0.,        0.00,    0.00,        0.00
 1168,  22.464,        0.,        0.00,    0.00,        0.00
 1169,  22.484,        0.,        0.00,    0.00,        0.00
 1170,  22.504,        0.,        0.00,    0.00,        0.00
 1171,  22.524,        0.,        0.00,    0.00,        0.00
 1172,  22.544,        0.,        0.00,    0.00,        0.00
 1173,  22.564,        0.,        0.00,    0.00,        0.00
 1174,  22.584,        0.,        0.00,    0.00,        0.00
 1175,  22.604,        0.,        0.00,    0.00,        0.00
 1176,  22.624,        0.,        0.00,    0.00,        0.00
 1177,  22.644,        0.,        0.00,    0.00,        0.00
 1178,  22.665,        0.,        0.00,    0.00,        0.00
 1179,  22.685,        0.,        0.00,    0.00,        0.00
 1180,  22.705,        0.,        0.00,    0.00,        0.00
 1181,  22.725,        0.,        0.00,    0.00,        0.00
 1182,  22.745,        0.,        0.00,    0.00,        0.00
 1183,  22.765,        0.,        0.00,    0.00,        0.00
 1184,  22.785,        0.,        0.00,    0.00,        0.00
 1185,  22.805,        0.,        0.00,    0.00,        0.00
 1186,  22.825,        0.,        0.00,    0.00,        0.00
 1187,  22.845,        0.,        0.00,    0.00,        0.00
 1188,  22.865,        0.,        0.00,    0.00,        0.00
 1189,  22.885,        0.,        0.00,    0.00,        0.00
 1190,  22.905,        0.,        0.00,    0.00,        0.00
 1191,  22.925,        0.,        0.00,    0.00,        0.00
 1192,  22.946,        0.,        0.00,    0.00,        0.00
 1193,  22.966,        0.,        0.00,    0.00,        0.00
 1194,  22.986,        0.,        0.00,    0.00,        0.00
 1195,  23.006,        0.,        0.00,    0.00,        0.00
 1196,  23.026,        0.,        0.00,    0.00,        0.00
 1197,  23.046,        0.,        0.00,    0.00,        0.00
 1198,  23.066,        0.,        0.00,    0.00,        0.00
 1199,  23.086,        0.,        0.00,    0.00,        0.00
 1200,  23.106,        0.,        0.00,    0.00,        0.00
 1201,  23.126,        0.,        0.00,    0.00,        0.00
 1202,  23.146,        0.,        0.00,    0.00,        0.00
 1203,  23.166,        0.,        0.00,    0.00,        0.00
 1204,  23.186,        0.,        0.00,    0.00,        0.00
 1205,  23.207,        0.,        0.00,    0.00,        0.00
 1206,  23.227,        0.,        0.00,    0.00,        0.00
 1207,  23.247,        0.,        0.00,    0.00,        0.00
 1208,  23.267,        0.,        0.00,    0.00,        0.00
 1209,  23.287,        0.,        0.00,    0.00,        0.00
 1210,  23.307,        0.,        0.00,    0.00,        0.00
 1211,  23.327,        0.,        0.00,    0.00,        0.00
 1212,  23.347,        0.,        0.00,    0.00,        0.00
 1213,  23.367,        0.,        0.00,    0.00,        0.00
 1214,  23.387,        0.,        0.00,    0.00,        0.00
 1215,  23.407,        0.,        0.00,    0.00,        0.00
 1216,  23.427,        0.,        0.00,    0.00,        0.00
 1217,  23.447,        0.,        0.00,    0.00,        0.00
 1218,  23.467,        0.,        0.00,    0.00,        0.00
 1219,  23.488,        0.,        0.00,    0.00,        0.00
 1220,  23.508,        0.,        0.00,    0.00,        0.00
 1221,  23.528,        0.,        0.00,    0.00,        0.00
 1222,  23.548,        0.,        0.00,    0.00,        0.00
 1223,  23.568,        0.,        0.00,    0.00,        0.00
 1224,  23.588,        0.,        0.00,    0.00,        0.00
 1225,  23.608,        0.,        0.00,    0.00,        0.00
 1226,  23.628,        0.,        0.00,    0.00,        0.00
 1227,  23.648,        0.,        0.00,    0.00,        0.00
 1228,  23.668,        0.,        0.00,    0.00,        0.00
 1229,  23.688,        0.,        0.00,    0.00,        0.00
 1230,  23.708,        0.,        0.00,    0.00,        0.00
 1231,  23.728,        0.,        0.00,    0.00,        0.00
 1232,  23.749,        0.,        0.00,    0.00,        0.00
 1233,  23.769,        0.,        0.00,    0.00,        0.00
 1234,  23.789,        0.,        0.00,    0.00,        0.00
 1235,  23.809,        0.,        0.00,    0.00,        0.00
 1236,  23.829,        0.,        0.00,    0.00,        0.00
 1237,  23.849,        0.,        0.00,    0.00,        0.00
 1238,  23.869,        0.,        0.00,    0.00,        0.00
 1239,  23.889,        0.,        0.00,    0.00,        0.00
 1240,  23.909,        0.,        0.00,    0.00,        0.00
 1241,  23.929,        0.,        0.00,    0.00,        0.00
 1242,  23.949,        0.,        0.00,    0.00,        0.00
 1243,  23.969,        0.,        0.00,    0.00,        0.00
 1244,  23.989,        0.,        0.00,    0.00,        0.00
 1245,  24.009,        0.,        0.00,    0.00,        0.00
 1246,  24.030,        0.,        0.00,    0.00,        0.00
 1247,  24.050,        0.,        0.00,    0.00,        0.00
 1248,  24.070,        0.,        0.00,    0.00,        0.00
 1249,  24.090,        0.,        0.00,    0.00,        0.00
 1250,  24.110,        0.,        0.00,    0.00,        0.00
 1251,  24.130,        0.,        0.00,    0.00,        0.00
 1252,  24.150,        0.,        0.00,    0.00,        0.00
 1253,  24.170,        0.,        0.00,    0.00,        0.00
 1254,  24.190,        0.,        0.00,    0.00,        0.00
 1255,  24.210,        0.,        0.00,    0.00,        0.00
 1256,  24.230,        0.,        0.00,    0.00,        0.00
 1257,  24.250,        0.,        0.00,    0.00,        0.00
 1258,  24.270,        0.,        0.00,    0.00,        0.00
 1259,  24.291,        0.,        0.00,    0.00,        0.00
 1260,  24.311,        0.,        0.00,    0.00,        0.00
 1261,  24.331,        0.,        0.00,    0.00,        0.00
 1262,  24.351,        0.,        0.00,    0.00,        0.00
 1263,  24.371,        0.,        0.00,   -0.07,        0.00
 1264,  24.391,        0.,        0.00,   -0.07,        0.00
 1265,  24.411,        0.,        0.00,   -0.07,        0.00
 1266,  24.431,        0.,        0.00,   -0.07,        0.00
 1267,  24.451,        0.,        0.00,   -0.07,        0.00
 1268,  24.471,        0.,        0.00,   -0.07,        0.00
 1269,  24.491,        0.,        0.00,   -0.07,        0.00
 1270,  24.511,        0.,        0.00,    0.07,        0.00
 1271,  24.531,        0.,        0.00,    0.07,        0.00
 1272,  24.552,        0.,        0.00,    0.07,        0.00
 1273,  24.572,        0.,        0.00,    0.07,        0.00
 1274,  24.592,        0.,        0.00,    0.07,        0.00
 1275,  24.612,        0.,        0.00,    0.07,        0.00
 1276,  24.632,        0.,        0.00,    0.07,        0.00
 1277,  24.652,        1.,        0.00,    0.07,        1.00
 1278,  24.672,        0.,        0.00,    0.07,        0.00
 1279,  24.692,        0.,        0.00,    0.07,        0.00
 1280,  24.712,        0.,        0.00,    0.07,        0.00
 1281,  24.732,        0.,        0.00,    0.07,        0.00
 1282,  24.752,        0.,        0.00,    0.07,        0.00
 1283,  24.772,        0.,        0.00,    0.07,        0.00
 1284,  24.792,        0.,        0.00,    0.07,        0.00
 1285,  24.812,        0.,        0.00,   -0.07,        0.00
 1286,  24.833,        0.,        0.00,   -0.07,        0.00
 1287,  24.853,        0.,        0.00,   -0.07,        0.00
 1288,  24.873,        0.,        0.00,   -0.07,        0.00
 1289,  24.893,        0.,        0.00,   -0.07,        0.00
 1290,  24.913,        0.,        0.00,   -0.07,        0.00
 1291,  24.933,        0.,        0.00,   -0.07,        0.00
 1292,  24.953,        0.,        0.00,    0.00,        0.00
 1293,  24.973,        0.,        0.00,    0.00,        0.00
 1294,  24.993,        0.,        0.00,    0.00,        0.00
 1295,  25.013,        0.,        0.00,    0.00,        0.00
 1296,  25.033,        0.,        0.00,    0.00,        0.00
 1297,  25.053,        0.,        0.00,    0.00,        0.00
 1298,  25.073,        0.,        0.00,    0.00,        0.00
 1299,  25.094,        0.,        0.00,    0.00,        0.00
 1300,  25.114,        0.,        0.00,    0.00,        0.00
