           1   146.8203    
           2   154.5695    
           3   162.1290    
           4   169.4447    
           5   176.4654    
           6   183.1431    
           7   189.4340    
           8   195.2996    
           9   200.7069    
          10   205.6289    
          11   210.0451    
          12   213.9416    
          13   217.3111    
          14   220.1532    
          15   222.4736    
          16   224.2843    
          17   225.6026    
          18   226.4509    
          19   226.8558    
          20   226.8478    
          21   226.4603    
          22   225.7286    
          23   224.6900    
          24   223.3818    
          25   221.8420    
          26   220.1077    
          27   218.2151    
          28   216.1988    
          29   214.0913    
          30   211.9226    
          31   209.7207    
          32   207.5105    
          33   205.3142    
          34   203.1510    
          35   201.0374    
          36   198.9872    
          37   197.0117    
          38   195.1194    
          39   193.3169    
          40   191.6085    
          41   189.9968    
          42   188.4826    
          43   187.0657    
          44   185.7440    
          45   184.5148    
          46   183.3748    
          47   182.3194    
          48   181.3440    
          49   180.4436    
          50   179.6128    
          51   178.8460    
          52   178.1380    
          53   177.4832    
          54   176.8761    
          55   176.3119    
          56   175.7853    
          57   175.2919    
          58   174.8271    
          59   174.3870    
          60   173.9675    
          61   173.5654    
          62   173.1774    
          63   172.8005    
          64   172.4323    
          65   172.0706    
          66   171.7133    
          67   171.3587    
          68   171.0053    
          69   170.6520    
          70   170.2977    
          71   169.9415    
          72   169.5827    
          73   169.2212    
          74   168.8563    
          75   168.4878    
          76   168.1158    
          77   167.7401    
          78   167.3605    
          79   166.9775    
          80   166.5910    
          81   166.2010    
          82   165.8081    
          83   165.4121    
          84   165.0133    
          85   164.6120    
          86   164.2084    
          87   163.8024    
          88   163.3946    
          89   162.9849    
          90   162.5734    
          91   162.1604    
          92   161.7457    
          93   161.3297    
          94   160.9121    
          95   160.4930    
          96   160.0725    
          97   159.6504    
          98   159.2266    
          99   158.8011    
         100   158.3736    
         101   157.9441    
         102   157.5123    
         103   157.0779    
         104   156.6409    
         105   156.2009    
         106   155.7577    
         107   155.3110    
         108   154.8608    
         109   154.4066    
         110   153.9482    
         111   153.4857    
         112   153.0186    
         113   152.5469    
         114   152.0704    
         115   151.5891    
         116   151.1029    
         117   150.6118    
         118   150.1158    
         119   149.6149    
         120   149.1093    
         121   148.5992    
         122   148.0845    
         123   147.5656    
         124   147.0426    
         125   146.5159    
         126   145.9856    
         127   145.4520    
         128   144.9155    
         129   144.3764    
         130   143.8351    
         131   143.2918    
         132   142.7471    
         133   142.2011    
         134   141.6544    
         135   141.1072    
         136   140.5598    
         137   140.0128    
         138   139.4662    
         139   138.9207    
         140   138.3764    
         141   137.8335    
         142   137.2925    
         143   136.7535    
         144   136.2169    
         145   135.6826    
         146   135.1509    
         147   134.6220    
         148   134.0961    
         149   133.5730    
         150   133.0529    
         151   132.5356    
         152   132.0213    
         153   131.5098    
         154   131.0010    
         155   130.4947    
         156   129.9908    
         157   129.4890    
         158   128.9892    
         159   128.4910    
         160   127.9942    
         161   127.4986    
         162   127.0039    
         163   126.5098    
         164   126.0161    
         165   125.5226    
         166   125.0291    
         167   124.5354    
         168   124.0413    
         169   123.5469    
         170   123.0519    
         171   122.5565    
         172   122.0606    
         173   121.5642    
         174   121.0675    
         175   120.5705    
         176   120.0734    
         177   119.5762    
         178   119.0794    
         179   118.5828    
         180   118.0868    
         181   117.5915    
         182   117.0970    
         183   116.6036    
         184   116.1112    
         185   115.6202    
         186   115.1305    
         187   114.6422    
         188   114.1553    
         189   113.6700    
         190   113.1862    
         191   112.7038    
         192   112.2229    
         193   111.7434    
         194   111.2652    
         195   110.7882    
         196   110.3123    
         197   109.8375    
         198   109.3636    
         199   108.8904    
         200   108.4179    
         201   107.9460    
         202   107.4745    
         203   107.0032    
         204   106.5322    
         205   106.0613    
         206   105.5904    
         207   105.1196    
         208   104.6486    
         209   104.1774    
         210   103.7061    
         211   103.2345    
         212   102.7627    
         213   102.2908    
         214   101.8187    
         215   101.3464    
         216   100.8740    
         217   100.4016    
         218   99.92903    
         219   99.45653    
         220   98.98410    
         221   98.51174    
         222   98.03954    
         223   97.56763    
         224   97.09596    
         225   96.62463    
         226   96.15367    
         227   95.68314    
         228   95.21320    
         229   94.74375    
         230   94.27492    
         231   93.80676    
         232   93.33936    
         233   92.87275    
         234   92.40697    
         235   91.94202    
         236   91.47806    
         237   91.01505    
         238   90.55304    
         239   90.09203    
         240   89.63203    
         241   89.17313    
         242   88.71520    
         243   88.25835    
         244   87.80253    
         245   87.34762    
         246   86.89368    
         247   86.44067    
         248   85.98860    
         249   85.53735    
         250   85.08694    
         251   84.63731    
         252   84.18848    
         253   83.74036    
         254   83.29290    
         255   82.84618    
         256   82.40009    
         257   81.95469    
         258   81.50986    
         259   81.06564    
         260   80.62208    
         261   80.17905    
         262   79.73663    
         263   79.29471    
         264   78.85334    
         265   78.41249    
         266   77.97217    
         267   77.53230    
         268   77.09286    
         269   76.65388    
         270   76.21530    
         271   75.77715    
         272   75.33937    
         273   74.90197    
         274   74.46489    
         275   74.02812    
         276   73.59167    
         277   73.15550    
         278   72.71958    
         279   72.28400    
         280   71.84864    
         281   71.41351    
         282   70.97866    
         283   70.54405    
         284   70.10974    
         285   69.67570    
         286   69.24194    
         287   68.80853    
         288   68.37547    
         289   67.94280    
         290   67.51051    
         291   67.07873    
         292   66.64745    
         293   66.21672    
         294   65.78649    
         295   65.35696    
         296   64.92812    
         297   64.49995    
         298   64.07253    
         299   63.64590    
         300   63.22009    
         301   62.79512    
         302   62.37103    
         303   61.94785    
         304   61.52557    
         305   61.10428    
         306   60.68393    
         307   60.26458    
         308   59.84624    
         309   59.42891    
         310   59.01263    
         311   58.59736    
         312   58.18312    
         313   57.76989    
         314   57.35767    
         315   56.94646    
         316   56.53620    
         317   56.12685    
         318   55.71838    
         319   55.31074    
         320   54.90387    
         321   54.49773    
         322   54.09223    
         323   53.68731    
         324   53.28293    
         325   52.87901    
         326   52.47546    
         327   52.07228    
         328   51.66940    
         329   51.26680    
         330   50.86444    
         331   50.46230    
         332   50.06037    
         333   49.65868    
         334   49.25726    
         335   48.85605    
         336   48.45519    
         337   48.05466    
         338   47.65453    
         339   47.25484    
         340   46.85565    
         341   46.45704    
         342   46.05904    
         343   45.66172    
         344   45.26518    
         345   44.86941    
         346   44.47452    
         347   44.08051    
         348   43.68744    
         349   43.29536    
         350   42.90427    
         351   42.51421    
         352   42.12522    
         353   41.73726    
         354   41.35035    
         355   40.96449    
         356   40.57967    
         357   40.19585    
         358   39.81306    
         359   39.43125    
         360   39.05038    
         361   38.67048    
         362   38.29145    
         363   37.91332    
         364   37.53604    
         365   37.15958    
         366   36.78394    
         367   36.40909    
         368   36.03503    
         369   35.66169    
         370   35.28910    
         371   34.91720    
         372   34.54601    
         373   34.17548    
         374   33.80560    
         375   33.43635    
         376   33.06770    
         377   32.69963    
         378   32.33206    
         379   31.96505    
         380   31.59851    
         381   31.23247    
         382   30.86685    
         383   30.50168    
         384   30.13694    
         385   29.77263    
         386   29.40877    
         387   29.04535    
         388   28.68243    
         389   28.32005    
         390   27.95823    
         391   27.59705    
         392   27.23655    
         393   26.87681    
         394   26.51791    
         395   26.15991    
         396   25.80286    
         397   25.44687    
         398   25.09195    
         399   24.73820    
         400   24.38561    
         401   24.03428    
         402   23.68420    
         403   23.33541    
         404   22.98792    
         405   22.64171    
         406   22.29681    
         407   21.95321    
         408   21.61087    
         409   21.26983    
         410   20.93005    
         411   20.59153    
         412   20.25429    
         413   19.91833    
         414   19.58365    
         415   19.25029    
         416   18.91824    
         417   18.58757    
         418   18.25831    
         419   17.93047    
         420   17.60412    
         421   17.27930    
         422   16.95604    
         423   16.63441    
         424   16.31443    
         425   15.99614    
         426   15.67956    
         427   15.36473    
         428   15.05167    
         429   14.74037    
         430   14.43084    
         431   14.12308    
         432   13.81707    
         433   13.51279    
         434   13.21021    
         435   12.90930    
         436   12.61002    
         437   12.31233    
         438   12.01619    
         439   11.72155    
         440   11.42840    
         441   11.13669    
         442   10.84640    
         443   10.55752    
         444   10.27004    
         445   9.983992    
         446   9.699386    
         447   9.416239    
         448   9.134613    
         449   8.854558    
         450   8.576134    
         451   8.299406    
         452   8.024460    
         453   7.751371    
         454   7.480226    
         455   7.211118    
         456   6.944143    
         457   6.679407    
         458   6.417019    
         459   6.157099    
         460   5.899781    
         461   5.645211    
         462   5.393551    
         463   5.144984    
         464   4.899705    
         465   4.657934    
         466   4.419906    
         467   4.185888    
         468   3.956147    
         469   3.730976    
         470   3.510682    
         471   3.295573    
         472   3.085973    
         473   2.882202    
         474   2.684579    
         475   2.493415    
         476   2.309010    
         477   2.131641    
         478   1.961572    
         479   1.799032    
         480   1.644223    
         481   1.497308    
         482   1.358412    
         483   1.227620    
         484   1.104965    
         485  0.9904372    
         486  0.8839781    
         487  0.7854785    
         488  0.6947803    
         489  0.6116866    
         490  0.5359489    
         491  0.4672815    
         492  0.4053632    
         493  0.3498426    
         494  0.3003433    
         495  0.2564701    
         496  0.2178157    
         497  0.1839661    
         498  0.1545070    
         499  0.1290298    
         500  0.1071358    
         501  8.8442199E-02
         502  7.2584413E-02
         503  5.9220202E-02
         504  4.8031513E-02
         505  3.8726036E-02
         506  3.1038079E-02
         507  2.4728619E-02
         508  1.9584801E-02
         509  1.5419038E-02
         510  1.2066335E-02
         511  9.3878340E-03
         512  7.2610518E-03
         513  5.5832951E-03
         514  4.2682691E-03
         515  3.2440957E-03
         516  2.4514874E-03
         517  1.8418889E-03
         518  1.3759491E-03
         519  1.0219956E-03
         520  7.5474987E-04
         521  5.5416918E-04
         522  4.0452700E-04
         523  2.9355494E-04
         524  2.1176448E-04
         525  1.5183944E-04
         526  1.0819527E-04
         527  7.6601988E-05
         528  5.3876662E-05
         529  3.7649785E-05
         530  2.6132037E-05
         531  1.7850913E-05
         532  1.2181262E-05
         533  8.2430188E-06
         534  5.5305836E-06
         535  3.6898507E-06
         536  2.4414376E-06
         537  1.6020741E-06
         538  1.0412897E-06
         539  6.7038746E-07
         540  4.2791979E-07
         541  2.7021326E-07
         542  1.6899160E-07
         543  1.0438569E-07
         544  6.3519877E-08
         545  3.8214203E-08
         546  2.2675650E-08
         547  1.3166863E-08
         548  7.4591426E-09
         549  4.0805723E-09
         550  2.1656732E-09
         551  1.0353574E-09
         552  4.3149712E-10
         553  4.4282737E-12
         554  0.0000000E+00
         555  0.0000000E+00
         556  0.0000000E+00
         557  0.0000000E+00
         558  0.0000000E+00
         559  0.0000000E+00
         560  0.0000000E+00
         561  0.0000000E+00
         562  0.0000000E+00
         563  0.0000000E+00
         564  0.0000000E+00
         565  0.0000000E+00
         566  0.0000000E+00
         567  0.0000000E+00
         568  0.0000000E+00
         569  0.0000000E+00
         570  0.0000000E+00
         571  0.0000000E+00
         572  0.0000000E+00
         573  0.0000000E+00
         574  0.0000000E+00
         575  0.0000000E+00
         576  0.0000000E+00
         577  0.0000000E+00
         578  0.0000000E+00
         579  0.0000000E+00
         580  0.0000000E+00
         581  0.0000000E+00
         582  0.0000000E+00
         583  0.0000000E+00
         584  0.0000000E+00
         585  0.0000000E+00
         586  0.0000000E+00
         587  0.0000000E+00
         588  0.0000000E+00
         589  0.0000000E+00
         590  0.0000000E+00
         591  0.0000000E+00
         592  0.0000000E+00
         593  0.0000000E+00
         594  0.0000000E+00
         595  0.0000000E+00
         596  0.0000000E+00
         597  0.0000000E+00
         598  0.0000000E+00
         599  0.0000000E+00
         600  0.0000000E+00
         601  0.0000000E+00
         602  0.0000000E+00
         603  0.0000000E+00
         604  0.0000000E+00
         605  0.0000000E+00
         606  0.0000000E+00
         607  0.0000000E+00
         608  0.0000000E+00
         609  0.0000000E+00
         610  0.0000000E+00
         611  0.0000000E+00
         612  0.0000000E+00
         613  0.0000000E+00
         614  0.0000000E+00
         615  0.0000000E+00
         616  0.0000000E+00
         617  0.0000000E+00
         618  0.0000000E+00
         619  0.0000000E+00
         620  0.0000000E+00
         621  0.0000000E+00
         622  0.0000000E+00
         623  0.0000000E+00
         624  0.0000000E+00
         625  0.0000000E+00
         626  0.0000000E+00
         627  0.0000000E+00
         628  0.0000000E+00
         629  0.0000000E+00
         630  0.0000000E+00
         631  0.0000000E+00
         632  0.0000000E+00
         633  0.0000000E+00
         634  0.0000000E+00
         635  0.0000000E+00
         636  0.0000000E+00
         637  0.0000000E+00
         638  0.0000000E+00
         639  0.0000000E+00
         640  0.0000000E+00
         641  0.0000000E+00
         642  0.0000000E+00
         643  0.0000000E+00
         644  0.0000000E+00
         645  0.0000000E+00
         646  0.0000000E+00
         647  0.0000000E+00
         648  0.0000000E+00
         649  0.0000000E+00
         650  0.0000000E+00
         651  0.0000000E+00
         652  0.0000000E+00
         653  0.0000000E+00
         654  0.0000000E+00
         655  0.0000000E+00
         656  0.0000000E+00
         657  0.0000000E+00
         658  0.0000000E+00
         659  0.0000000E+00
         660  0.0000000E+00
         661  0.0000000E+00
         662  0.0000000E+00
         663  0.0000000E+00
         664  0.0000000E+00
         665  0.0000000E+00
         666  0.0000000E+00
         667  0.0000000E+00
         668  0.0000000E+00
         669  0.0000000E+00
         670  0.0000000E+00
         671  0.0000000E+00
         672  0.0000000E+00
         673  0.0000000E+00
         674  0.0000000E+00
         675  0.0000000E+00
         676  0.0000000E+00
         677  0.0000000E+00
         678  0.0000000E+00
         679  0.0000000E+00
         680  0.0000000E+00
         681  0.0000000E+00
         682  0.0000000E+00
         683  0.0000000E+00
         684  0.0000000E+00
         685  0.0000000E+00
         686  0.0000000E+00
         687  0.0000000E+00
         688  0.0000000E+00
         689  0.0000000E+00
         690  0.0000000E+00
         691  0.0000000E+00
         692  0.0000000E+00
         693  0.0000000E+00
         694  0.0000000E+00
         695  0.0000000E+00
         696  0.0000000E+00
         697  0.0000000E+00
         698  0.0000000E+00
         699  0.0000000E+00
         700  0.0000000E+00
         701  0.0000000E+00
         702  0.0000000E+00
         703  0.0000000E+00
         704  0.0000000E+00
         705  0.0000000E+00
         706  0.0000000E+00
         707  0.0000000E+00
         708  0.0000000E+00
         709  0.0000000E+00
         710  0.0000000E+00
         711  0.0000000E+00
         712  0.0000000E+00
         713  0.0000000E+00
         714  0.0000000E+00
         715  0.0000000E+00
         716  0.0000000E+00
         717  0.0000000E+00
         718  0.0000000E+00
         719  0.0000000E+00
         720  0.0000000E+00
         721  0.0000000E+00
         722  0.0000000E+00
         723  0.0000000E+00
         724  0.0000000E+00
         725  0.0000000E+00
         726  0.0000000E+00
         727  0.0000000E+00
         728  0.0000000E+00
         729  0.0000000E+00
         730  0.0000000E+00
         731  0.0000000E+00
         732  0.0000000E+00
         733  0.0000000E+00
         734  0.0000000E+00
         735  0.0000000E+00
         736  0.0000000E+00
         737  0.0000000E+00
         738  0.0000000E+00
         739  0.0000000E+00
         740  0.0000000E+00
         741  0.0000000E+00
         742  0.0000000E+00
         743  0.0000000E+00
         744  0.0000000E+00
         745  0.0000000E+00
         746  0.0000000E+00
         747  0.0000000E+00
         748  0.0000000E+00
         749  0.0000000E+00
         750  0.0000000E+00
         751  0.0000000E+00
         752  0.0000000E+00
         753  0.0000000E+00
         754  0.0000000E+00
         755  0.0000000E+00
         756  0.0000000E+00
         757  0.0000000E+00
         758  0.0000000E+00
         759  0.0000000E+00
         760  0.0000000E+00
         761  0.0000000E+00
         762  0.0000000E+00
         763  0.0000000E+00
         764  0.0000000E+00
         765  0.0000000E+00
         766  0.0000000E+00
         767  0.0000000E+00
         768  0.0000000E+00
         769  0.0000000E+00
         770  0.0000000E+00
         771  0.0000000E+00
         772  0.0000000E+00
         773  0.0000000E+00
         774  0.0000000E+00
         775  0.0000000E+00
         776  0.0000000E+00
         777  0.0000000E+00
         778  0.0000000E+00
         779  0.0000000E+00
         780  0.0000000E+00
         781  0.0000000E+00
         782  0.0000000E+00
         783  0.0000000E+00
         784  0.0000000E+00
         785  0.0000000E+00
         786  0.0000000E+00
         787  0.0000000E+00
         788  0.0000000E+00
         789  0.0000000E+00
         790  0.0000000E+00
         791  0.0000000E+00
         792  0.0000000E+00
         793  0.0000000E+00
         794  0.0000000E+00
         795  0.0000000E+00
         796  0.0000000E+00
         797  0.0000000E+00
         798  0.0000000E+00
         799  0.0000000E+00
         800  0.0000000E+00
         801  0.0000000E+00
         802  0.0000000E+00
         803  0.0000000E+00
         804  0.0000000E+00
         805  0.0000000E+00
         806  0.0000000E+00
         807  0.0000000E+00
         808  0.0000000E+00
         809  0.0000000E+00
         810  0.0000000E+00
         811  0.0000000E+00
         812  0.0000000E+00
         813  0.0000000E+00
         814  0.0000000E+00
         815  0.0000000E+00
         816  0.0000000E+00
         817  0.0000000E+00
         818  0.0000000E+00
         819  0.0000000E+00
         820  0.0000000E+00
         821  0.0000000E+00
         822  0.0000000E+00
         823  0.0000000E+00
         824  0.0000000E+00
         825  0.0000000E+00
         826  0.0000000E+00
         827  0.0000000E+00
         828  0.0000000E+00
         829  0.0000000E+00
         830  0.0000000E+00
         831  0.0000000E+00
         832  0.0000000E+00
         833  0.0000000E+00
         834  0.0000000E+00
         835  0.0000000E+00
         836  0.0000000E+00
         837  0.0000000E+00
         838  0.0000000E+00
         839  0.0000000E+00
         840  0.0000000E+00
         841  0.0000000E+00
         842  0.0000000E+00
         843  0.0000000E+00
         844  0.0000000E+00
         845  0.0000000E+00
         846  0.0000000E+00
         847  0.0000000E+00
         848  0.0000000E+00
         849  0.0000000E+00
         850  0.0000000E+00
         851  0.0000000E+00
         852  0.0000000E+00
         853  0.0000000E+00
         854  0.0000000E+00
         855  0.0000000E+00
         856  0.0000000E+00
         857  0.0000000E+00
         858  0.0000000E+00
         859  0.0000000E+00
         860  0.0000000E+00
         861  0.0000000E+00
         862  0.0000000E+00
         863  0.0000000E+00
         864  0.0000000E+00
         865  0.0000000E+00
         866  0.0000000E+00
         867  0.0000000E+00
         868  0.0000000E+00
         869  0.0000000E+00
         870  0.0000000E+00
         871  0.0000000E+00
         872  0.0000000E+00
         873  0.0000000E+00
         874  0.0000000E+00
         875  0.0000000E+00
         876  0.0000000E+00
         877  0.0000000E+00
         878  0.0000000E+00
         879  0.0000000E+00
         880  0.0000000E+00
         881  0.0000000E+00
         882  0.0000000E+00
         883  0.0000000E+00
         884  0.0000000E+00
         885  0.0000000E+00
         886  0.0000000E+00
         887  0.0000000E+00
         888  0.0000000E+00
         889  0.0000000E+00
         890  0.0000000E+00
         891  0.0000000E+00
         892  0.0000000E+00
         893  0.0000000E+00
         894  0.0000000E+00
         895  0.0000000E+00
         896  0.0000000E+00
         897  0.0000000E+00
         898  0.0000000E+00
         899  0.0000000E+00
         900  0.0000000E+00
         901  0.0000000E+00
         902  0.0000000E+00
         903  0.0000000E+00
         904  0.0000000E+00
         905  0.0000000E+00
         906  0.0000000E+00
         907  0.0000000E+00
         908  0.0000000E+00
         909  0.0000000E+00
         910  0.0000000E+00
         911  0.0000000E+00
         912  0.0000000E+00
         913  0.0000000E+00
         914  0.0000000E+00
         915  0.0000000E+00
         916  0.0000000E+00
         917  0.0000000E+00
         918  0.0000000E+00
         919  0.0000000E+00
         920  0.0000000E+00
         921  0.0000000E+00
         922  0.0000000E+00
         923  0.0000000E+00
         924  0.0000000E+00
         925  0.0000000E+00
         926  0.0000000E+00
         927  0.0000000E+00
         928  0.0000000E+00
         929  0.0000000E+00
         930  0.0000000E+00
         931  0.0000000E+00
         932  0.0000000E+00
         933  0.0000000E+00
         934  0.0000000E+00
         935  0.0000000E+00
         936  0.0000000E+00
         937  0.0000000E+00
         938  0.0000000E+00
         939  0.0000000E+00
         940  0.0000000E+00
         941  0.0000000E+00
         942  0.0000000E+00
         943  0.0000000E+00
         944  0.0000000E+00
         945  0.0000000E+00
         946  0.0000000E+00
         947  0.0000000E+00
         948  0.0000000E+00
         949  0.0000000E+00
         950  0.0000000E+00
         951  0.0000000E+00
         952  0.0000000E+00
         953  0.0000000E+00
         954  0.0000000E+00
         955  0.0000000E+00
         956  0.0000000E+00
         957  0.0000000E+00
         958  0.0000000E+00
         959  0.0000000E+00
         960  0.0000000E+00
         961  0.0000000E+00
         962  0.0000000E+00
         963  0.0000000E+00
         964  0.0000000E+00
         965  0.0000000E+00
         966  0.0000000E+00
         967  0.0000000E+00
         968  0.0000000E+00
         969  0.0000000E+00
         970  0.0000000E+00
         971  0.0000000E+00
         972  0.0000000E+00
         973  0.0000000E+00
         974  0.0000000E+00
         975  0.0000000E+00
         976  0.0000000E+00
         977  0.0000000E+00
         978  0.0000000E+00
         979  0.0000000E+00
         980  0.0000000E+00
         981  0.0000000E+00
         982  0.0000000E+00
         983  0.0000000E+00
         984  0.0000000E+00
         985  0.0000000E+00
         986  0.0000000E+00
         987  0.0000000E+00
         988  0.0000000E+00
         989  0.0000000E+00
         990  0.0000000E+00
         991  0.0000000E+00
         992  0.0000000E+00
         993  0.0000000E+00
         994  0.0000000E+00
         995  0.0000000E+00
         996  0.0000000E+00
         997  0.0000000E+00
         998  0.0000000E+00
         999  0.0000000E+00
        1000  0.0000000E+00
        1001  0.0000000E+00
        1002  0.0000000E+00
        1003  0.0000000E+00
        1004  0.0000000E+00
        1005  0.0000000E+00
        1006  0.0000000E+00
        1007  0.0000000E+00
        1008  0.0000000E+00
        1009  0.0000000E+00
        1010  0.0000000E+00
        1011  0.0000000E+00
        1012  0.0000000E+00
        1013  0.0000000E+00
        1014  0.0000000E+00
        1015  0.0000000E+00
        1016  0.0000000E+00
        1017  0.0000000E+00
        1018  0.0000000E+00
        1019  0.0000000E+00
        1020  0.0000000E+00
        1021  0.0000000E+00
        1022  0.0000000E+00
        1023  0.0000000E+00
        1024  0.0000000E+00
