           0
 F
           0
 F
           4
  1.5000001E-06
  0.0000000E+00
   1.900000    
  0.2000000    
   1.200000    
           2
   1000.000    
  0.0000000E+00
 F
  0.0000000E+00
   184.0000    
        1024
  0.0000000E+00   3.517200       95.18100    
  0.0000000E+00  0.0000000E+00  0.0000000E+00  0.1840000E+03  0.1840000E+03
 -0.4479211E+00  0.0000000E+00 -0.4479211E+00  0.3844792E+02  0.3844792E+02
  0.0000000E+00  0.0000000E+00  0.0000000E+00  0.4100000E+02  0.4100000E+02
  0.0000000E+00  0.0000000E+00  0.0000000E+00  0.2600000E+02  0.2600000E+02
 -0.4479211E+00  0.0000000E+00 -0.4479211E+00  0.2744792E+02  0.2744792E+02
 -0.4479211E+00  0.0000000E+00 -0.4479211E+00  0.1344792E+02  0.1344792E+02
 -0.4572774E+00  0.0000000E+00 -0.4609210E+00  0.1545728E+02  0.1545728E+02
 -0.4759898E+00  0.0000000E+00 -0.4869207E+00  0.2047599E+02  0.2047599E+02
 -0.4947023E+00  0.2914917E-01 -0.5129205E+00  0.2649470E+02  0.2649470E+02
 -0.5134147E+00  0.2914917E-01 -0.5389202E+00  0.2251341E+02  0.2251341E+02
 -0.4886052E+00  0.3496879E-01 -0.5235740E+00  0.2348861E+02  0.2348861E+02
 -0.4202737E+00  0.4660803E-01 -0.4668817E+00  0.2142027E+02  0.2142027E+02
 -0.3519422E+00  0.5824726E-01 -0.4101894E+00  0.1235194E+02  0.1235194E+02
 -0.2836107E+00  0.6988650E-01 -0.3534972E+00  0.1728361E+02  0.1728361E+02
 -0.2857532E+00  0.7878345E-01 -0.3645367E+00  0.9285753E+01  0.9285753E+01
 -0.3583699E+00  0.8493810E-01 -0.4433080E+00  0.1635837E+02  0.1635837E+02
 -0.4309865E+00  0.9109276E-01 -0.5220792E+00  0.3543099E+02  0.3543099E+02
 -0.5036032E+00  0.9724741E-01 -0.6008505E+00  0.2050360E+02  0.2050360E+02
 -0.5761779E+00  0.1043879E+00 -0.6805658E+00  0.3857618E+02  0.3857618E+02
 -0.6487107E+00  0.1125144E+00 -0.7612251E+00  0.1364871E+02  0.1364871E+02
 -0.7212436E+00  0.1206408E+00 -0.8418843E+00  0.4872124E+02  0.4872124E+02
 -0.7937765E+00  0.1287672E+00 -0.9225436E+00  0.4979378E+02  0.4979378E+02
 -0.7507284E+00  0.1403408E+00 -0.8910694E+00  0.4375073E+02  0.4375073E+02
 -0.5920997E+00  0.1553618E+00 -0.7474615E+00  0.1959210E+02  0.1959210E+02
 -0.4334710E+00  0.1703828E+00 -0.6038538E+00  0.2143347E+02  0.2143347E+02
 -0.2748422E+00  0.1854037E+00 -0.4602460E+00  0.1527484E+02  0.1527484E+02
 -0.2207896E+00  0.1951139E+00 -0.4159035E+00  0.1522079E+02  0.1522079E+02
 -0.2713132E+00  0.1995133E+00 -0.4708265E+00  0.1327131E+02  0.1327131E+02
 -0.3218367E+00  0.2039127E+00 -0.5257494E+00  0.1732184E+02  0.1732184E+02
 -0.3723603E+00  0.2083121E+00 -0.5806724E+00  0.1137236E+02  0.1137236E+02
 -0.3894479E+00  0.2119617E+00 -0.6014096E+00  0.1638945E+02  0.1638945E+02
 -0.3730996E+00  0.2148613E+00 -0.5879608E+00  0.5637310E+02  0.5637310E+02
 -0.3567512E+00  0.2177610E+00 -0.5745122E+00  0.3235675E+02  0.3235675E+02
 -0.3404029E+00  0.2206606E+00 -0.5610635E+00  0.2434040E+02  0.2434040E+02
 -0.3106111E+00  0.2240033E+00 -0.5346144E+00  0.1931061E+02  0.1931061E+02
 -0.2673759E+00  0.2277889E+00 -0.4951649E+00  0.1626738E+02  0.1626738E+02
 -0.2241407E+00  0.2315746E+00 -0.4557154E+00  0.1822414E+02  0.1822414E+02
 -0.1809056E+00  0.2353603E+00 -0.4162659E+00  0.1218091E+02  0.1218091E+02
 -0.1524054E+00  0.2373299E+00 -0.3897353E+00  0.2115240E+02  0.2115240E+02
 -0.1386401E+00  0.2374834E+00 -0.3761235E+00  0.1413864E+02  0.1413864E+02
 -0.1248748E+00  0.2376369E+00 -0.3625117E+00  0.2112487E+02  0.2112487E+02
 -0.1111095E+00  0.2377905E+00 -0.3489000E+00  0.1611111E+02  0.1611111E+02
 -0.1020226E+00  0.2370634E+00 -0.3390859E+00  0.8102022E+01  0.8102022E+01
 -0.9761397E-01  0.2354556E+00 -0.3330696E+00  0.1109761E+02  0.1109761E+02
 -0.9320536E-01  0.2338479E+00 -0.3270533E+00  0.1609320E+02  0.1609320E+02
 -0.8879675E-01  0.2322402E+00 -0.3210369E+00  0.1908880E+02  0.1908880E+02
 -0.9578938E-01  0.2306987E+00 -0.3264880E+00  0.8095789E+01  0.8095789E+01
 -0.1141833E+00  0.2292233E+00 -0.3434066E+00  0.9114183E+01  0.9114183E+01
 -0.1325771E+00  0.2277480E+00 -0.3603252E+00  0.2313258E+02  0.2313258E+02
 -0.1509710E+00  0.2262727E+00 -0.3772437E+00  0.1315097E+02  0.1315097E+02
 -0.1775484E+00  0.2258179E+00 -0.4033664E+00  0.1617755E+02  0.1617755E+02
 -0.2123093E+00  0.2263838E+00 -0.4386931E+00  0.1121231E+02  0.1121231E+02
 -0.2470702E+00  0.2269497E+00 -0.4740199E+00  0.1824707E+02  0.1824707E+02
 -0.2818311E+00  0.2275155E+00 -0.5093467E+00  0.1028183E+02  0.1028183E+02
 -0.3472661E+01  0.2298424E+00 -0.3702503E+01  0.1847266E+02  0.1847266E+02
 -0.9819560E+01  0.2339303E+00 -0.1005349E+02  0.5281956E+02  0.5281956E+02
 -0.1616646E+02  0.2380183E+00 -0.1640448E+02  0.1051665E+03  0.1051665E+03
 -0.2251336E+02  0.2421062E+00 -0.2275546E+02  0.8445134E+03  0.8445134E+03
 -0.2656063E+02  0.5067822E+00 -0.2706742E+02  0.1711561E+04  0.1711561E+04
 -0.2830829E+02  0.1032046E+01 -0.2934033E+02  0.1660308E+04  0.1660308E+04
 -0.3005594E+02  0.1557311E+01 -0.3161325E+02  0.1565056E+04  0.1565056E+04
 -0.3180359E+02  0.2082575E+01 -0.3388617E+02  0.1471804E+04  0.1471804E+04
 -0.3204212E+02  0.2727173E+01 -0.3476929E+02  0.1436042E+04  0.1436042E+04
 -0.3077153E+02  0.3491106E+01 -0.3426264E+02  0.1357771E+04  0.1357771E+04
 -0.2950094E+02  0.4255039E+01 -0.3375598E+02  0.1473501E+04  0.1473501E+04
 -0.2823035E+02  0.5018971E+01 -0.3324932E+02  0.1350230E+04  0.1350230E+04
 -0.2685508E+02  0.5688682E+01 -0.3254376E+02  0.1333855E+04  0.1333855E+04
 -0.2537512E+02  0.6264172E+01 -0.3163929E+02  0.1324375E+04  0.1324375E+04
 -0.2389516E+02  0.6839661E+01 -0.3073482E+02  0.1390895E+04  0.1390895E+04
 -0.2241520E+02  0.7415151E+01 -0.2983035E+02  0.1290415E+04  0.1290415E+04
 -0.2093638E+02  0.7874212E+01 -0.2881059E+02  0.1159936E+04  0.1159936E+04
 -0.1945870E+02  0.8216846E+01 -0.2767555E+02  0.1025459E+04  0.1025459E+04
 -0.1798103E+02  0.8559479E+01 -0.2654051E+02  0.1012981E+04  0.1012981E+04
 -0.1650335E+02  0.8902112E+01 -0.2540546E+02  0.9945034E+03  0.9945034E+03
 -0.1574612E+02  0.9155009E+01 -0.2490113E+02  0.1036746E+04  0.1036746E+04
 -0.1570934E+02  0.9318168E+01 -0.2502751E+02  0.1060709E+04  0.1060709E+04
 -0.1567256E+02  0.9481328E+01 -0.2515389E+02  0.1078673E+04  0.1078673E+04
 -0.1563578E+02  0.9644486E+01 -0.2528027E+02  0.1044636E+04  0.1044636E+04
 -0.1525900E+02  0.9797437E+01 -0.2505644E+02  0.1055259E+04  0.1055259E+04
 -0.1454222E+02  0.9940177E+01 -0.2448240E+02  0.1001542E+04  0.1001542E+04
 -0.1382545E+02  0.1008292E+02 -0.2390837E+02  0.9628254E+03  0.9628254E+03
 -0.1310867E+02  0.1022566E+02 -0.2333433E+02  0.9191086E+03  0.9191086E+03
 -0.1288033E+02  0.1034688E+02 -0.2322721E+02  0.9408803E+03  0.9408803E+03
 -0.1314041E+02  0.1044659E+02 -0.2358700E+02  0.9741404E+03  0.9741404E+03
 -0.1340049E+02  0.1054630E+02 -0.2394679E+02  0.9634005E+03  0.9634005E+03
 -0.1366057E+02  0.1064601E+02 -0.2430658E+02  0.9826606E+03  0.9826606E+03
 -0.1375206E+02  0.1075800E+02 -0.2451005E+02  0.1028752E+04  0.1028752E+04
 -0.1367495E+02  0.1088227E+02 -0.2455721E+02  0.1055675E+04  0.1055675E+04
 -0.1359784E+02  0.1100654E+02 -0.2460438E+02  0.1008598E+04  0.1008598E+04
 -0.1352073E+02  0.1113081E+02 -0.2465154E+02  0.1016521E+04  0.1016521E+04
 -0.1344125E+02  0.1126124E+02 -0.2470249E+02  0.1057441E+04  0.1057441E+04
 -0.1335942E+02  0.1139781E+02 -0.2475723E+02  0.9763594E+03  0.9763594E+03
 -0.1327758E+02  0.1153439E+02 -0.2481197E+02  0.1067278E+04  0.1067278E+04
 -0.1319574E+02  0.1167096E+02 -0.2486670E+02  0.9581957E+03  0.9581957E+03
 -0.1300530E+02  0.1180529E+02 -0.2481059E+02  0.9950053E+03  0.9950053E+03
 -0.1270627E+02  0.1193735E+02 -0.2464362E+02  0.1070706E+04  0.1070706E+04
 -0.1240724E+02  0.1206942E+02 -0.2447665E+02  0.1014407E+04  0.1014407E+04
 -0.1210820E+02  0.1220148E+02 -0.2430968E+02  0.9631082E+03  0.9631082E+03
 -0.1179558E+02  0.1232135E+02 -0.2411693E+02  0.1037796E+04  0.1037796E+04
 -0.1146936E+02  0.1242904E+02 -0.2389840E+02  0.9614694E+03  0.9614694E+03
 -0.1114314E+02  0.1253672E+02 -0.2367986E+02  0.9371431E+03  0.9371431E+03
 -0.1081692E+02  0.1264441E+02 -0.2346133E+02  0.9288169E+03  0.9288169E+03
 -0.1079517E+02  0.1273700E+02 -0.2353217E+02  0.9767952E+03  0.9767952E+03
 -0.1107788E+02  0.1281451E+02 -0.2389239E+02  0.9780779E+03  0.9780779E+03
 -0.1136059E+02  0.1289202E+02 -0.2425261E+02  0.1027361E+04  0.1027361E+04
 -0.1164331E+02  0.1296953E+02 -0.2461284E+02  0.9836433E+03  0.9836433E+03
 -0.1178860E+02  0.1305901E+02 -0.2484761E+02  0.9647886E+03  0.9647886E+03
 -0.1179647E+02  0.1316046E+02 -0.2495693E+02  0.1024797E+04  0.1024797E+04
 -0.1180434E+02  0.1326191E+02 -0.2506625E+02  0.1007804E+04  0.1007804E+04
 -0.1181221E+02  0.1336335E+02 -0.2517557E+02  0.9638122E+03  0.9638122E+03
 -0.1185485E+02  0.1347091E+02 -0.2532576E+02  0.1048855E+04  0.1048855E+04
 -0.1193226E+02  0.1358456E+02 -0.2551682E+02  0.1043932E+04  0.1043932E+04
 -0.1200967E+02  0.1369822E+02 -0.2570788E+02  0.1053010E+04  0.1053010E+04
 -0.1208707E+02  0.1381187E+02 -0.2589894E+02  0.1038087E+04  0.1038087E+04
 -0.1207387E+02  0.1393058E+02 -0.2600444E+02  0.1104074E+04  0.1104074E+04
 -0.1197005E+02  0.1405433E+02 -0.2602438E+02  0.9919700E+03  0.9919700E+03
 -0.1186624E+02  0.1417808E+02 -0.2604432E+02  0.1035866E+04  0.1035866E+04
 -0.1176242E+02  0.1430184E+02 -0.2606426E+02  0.1052762E+04  0.1052762E+04
 -0.1161494E+02  0.1442226E+02 -0.2603720E+02  0.1082615E+04  0.1082615E+04
 -0.1142378E+02  0.1453936E+02 -0.2596314E+02  0.1027424E+04  0.1027424E+04
 -0.1123262E+02  0.1465646E+02 -0.2588908E+02  0.1027233E+04  0.1027233E+04
 -0.1104146E+02  0.1477356E+02 -0.2581503E+02  0.1055042E+04  0.1055042E+04
 -0.1092927E+02  0.1488176E+02 -0.2581103E+02  0.1054929E+04  0.1054929E+04
 -0.1089603E+02  0.1498105E+02 -0.2587708E+02  0.1011896E+04  0.1011896E+04
 -0.1086279E+02  0.1508034E+02 -0.2594313E+02  0.1038863E+04  0.1038863E+04
 -0.1082956E+02  0.1517963E+02 -0.2600919E+02  0.1055830E+04  0.1055830E+04
 -0.1100379E+02  0.1527787E+02 -0.2628166E+02  0.1029004E+04  0.1029004E+04
 -0.1138550E+02  0.1537506E+02 -0.2676056E+02  0.1057385E+04  0.1057385E+04
 -0.1176721E+02  0.1547225E+02 -0.2723946E+02  0.1066767E+04  0.1066767E+04
 -0.1214892E+02  0.1556944E+02 -0.2771836E+02  0.1101149E+04  0.1101149E+04
 -0.1218286E+02  0.1568432E+02 -0.2786718E+02  0.1170183E+04  0.1170183E+04
 -0.1186901E+02  0.1581690E+02 -0.2768591E+02  0.1097869E+04  0.1097869E+04
 -0.1155517E+02  0.1594948E+02 -0.2750465E+02  0.1081555E+04  0.1081555E+04
 -0.1124133E+02  0.1608205E+02 -0.2732339E+02  0.1073241E+04  0.1073241E+04
 -0.1111392E+02  0.1620295E+02 -0.2731687E+02  0.1100114E+04  0.1100114E+04
 -0.1117293E+02  0.1631217E+02 -0.2748511E+02  0.1064173E+04  0.1064173E+04
 -0.1123194E+02  0.1642139E+02 -0.2765334E+02  0.1168232E+04  0.1168232E+04
 -0.1129096E+02  0.1653062E+02 -0.2782158E+02  0.1091291E+04  0.1091291E+04
 -0.1127319E+02  0.1664258E+02 -0.2791577E+02  0.1071273E+04  0.1071273E+04
 -0.1117865E+02  0.1675727E+02 -0.2793592E+02  0.1095179E+04  0.1095179E+04
 -0.1108411E+02  0.1687197E+02 -0.2795608E+02  0.1109084E+04  0.1109084E+04
 -0.1098957E+02  0.1698666E+02 -0.2797623E+02  0.1039990E+04  0.1039990E+04
 -0.1099968E+02  0.1710026E+02 -0.2809994E+02  0.1175000E+04  0.1175000E+04
 -0.1111445E+02  0.1721275E+02 -0.2832721E+02  0.1115115E+04  0.1115115E+04
 -0.1122923E+02  0.1732525E+02 -0.2855448E+02  0.1160229E+04  0.1160229E+04
 -0.1134400E+02  0.1743774E+02 -0.2878174E+02  0.1171344E+04  0.1171344E+04
 -0.1138499E+02  0.1755600E+02 -0.2894100E+02  0.1115385E+04  0.1115385E+04
 -0.1135221E+02  0.1768002E+02 -0.2903223E+02  0.1137352E+04  0.1137352E+04
 -0.1131943E+02  0.1780404E+02 -0.2912347E+02  0.1163319E+04  0.1163319E+04
 -0.1128665E+02  0.1792806E+02 -0.2921471E+02  0.1189287E+04  0.1189287E+04
 -0.1119928E+02  0.1804997E+02 -0.2924925E+02  0.1119199E+04  0.1119199E+04
 -0.1105733E+02  0.1816977E+02 -0.2922710E+02  0.1155057E+04  0.1155057E+04
 -0.1091539E+02  0.1828956E+02 -0.2920495E+02  0.1165915E+04  0.1165915E+04
 -0.1077344E+02  0.1840936E+02 -0.2918280E+02  0.1115773E+04  0.1115773E+04
 -0.1073924E+02  0.1851778E+02 -0.2925702E+02  0.1128739E+04  0.1128739E+04
 -0.1081277E+02  0.1861482E+02 -0.2942759E+02  0.1160813E+04  0.1160813E+04
 -0.1088630E+02  0.1871186E+02 -0.2959816E+02  0.1144886E+04  0.1144886E+04
 -0.1095983E+02  0.1880890E+02 -0.2976874E+02  0.1154960E+04  0.1154960E+04
 -0.1104470E+02  0.1890987E+02 -0.2995458E+02  0.1152045E+04  0.1152045E+04
 -0.1114090E+02  0.1901478E+02 -0.3015568E+02  0.1226141E+04  0.1226141E+04
 -0.1123710E+02  0.1911969E+02 -0.3035679E+02  0.1196237E+04  0.1196237E+04
 -0.1133329E+02  0.1922459E+02 -0.3055789E+02  0.1206333E+04  0.1206333E+04
 -0.1152280E+02  0.1933678E+02 -0.3085958E+02  0.1208523E+04  0.1208523E+04
 -0.1180561E+02  0.1945624E+02 -0.3126186E+02  0.1195806E+04  0.1195806E+04
 -0.1208843E+02  0.1957570E+02 -0.3166413E+02  0.1244088E+04  0.1244088E+04
 -0.1237124E+02  0.1969517E+02 -0.3206641E+02  0.1259371E+04  0.1259371E+04
 -0.1240159E+02  0.1982979E+02 -0.3223138E+02  0.1263402E+04  0.1263402E+04
 -0.1217948E+02  0.1997956E+02 -0.3215904E+02  0.1295179E+04  0.1295179E+04
 -0.1195737E+02  0.2012934E+02 -0.3208671E+02  0.1270957E+04  0.1270957E+04
 -0.1173525E+02  0.2027912E+02 -0.3201438E+02  0.1198735E+04  0.1198735E+04
 -0.1170796E+02  0.2041764E+02 -0.3212560E+02  0.1281708E+04  0.1281708E+04
 -0.1187550E+02  0.2054488E+02 -0.3242038E+02  0.1265875E+04  0.1265875E+04
 -0.1204303E+02  0.2067213E+02 -0.3271516E+02  0.1283043E+04  0.1283043E+04
 -0.1221057E+02  0.2079938E+02 -0.3300994E+02  0.1274211E+04  0.1274211E+04
 -0.1235499E+02  0.2092948E+02 -0.3328447E+02  0.1289355E+04  0.1289355E+04
 -0.1247630E+02  0.2106243E+02 -0.3353873E+02  0.1323476E+04  0.1323476E+04
 -0.1259762E+02  0.2119538E+02 -0.3379299E+02  0.1332598E+04  0.1332598E+04
 -0.1271893E+02  0.2132833E+02 -0.3404725E+02  0.1263719E+04  0.1263719E+04
 -0.1302243E+02  0.2146650E+02 -0.3448893E+02  0.1384022E+04  0.1384022E+04
 -0.1350812E+02  0.2160989E+02 -0.3511800E+02  0.1329508E+04  0.1329508E+04
 -0.1399381E+02  0.2175328E+02 -0.3574709E+02  0.1412994E+04  0.1412994E+04
 -0.1447950E+02  0.2189667E+02 -0.3637616E+02  0.1390479E+04  0.1390479E+04
 -0.1468368E+02  0.2206351E+02 -0.3674720E+02  0.1465684E+04  0.1465684E+04
 -0.1460636E+02  0.2225381E+02 -0.3686018E+02  0.1434606E+04  0.1434606E+04
 -0.1452904E+02  0.2244412E+02 -0.3697316E+02  0.1445529E+04  0.1445529E+04
 -0.1445172E+02  0.2263442E+02 -0.3708614E+02  0.1435452E+04  0.1435452E+04
 -0.1453257E+02  0.2281959E+02 -0.3735216E+02  0.1529533E+04  0.1529533E+04
 -0.1477160E+02  0.2299961E+02 -0.3777121E+02  0.1365772E+04  0.1365772E+04
 -0.1501062E+02  0.2317964E+02 -0.3819027E+02  0.1501011E+04  0.1501011E+04
 -0.1524965E+02  0.2335967E+02 -0.3860932E+02  0.1443250E+04  0.1443250E+04
 -0.1567504E+02  0.2354647E+02 -0.3922151E+02  0.1517675E+04  0.1517675E+04
 -0.1628679E+02  0.2374004E+02 -0.4002683E+02  0.1579287E+04  0.1579287E+04
 -0.1689854E+02  0.2393361E+02 -0.4083215E+02  0.1661899E+04  0.1661899E+04
 -0.1751030E+02  0.2412718E+02 -0.4163748E+02  0.1539510E+04  0.1539510E+04
 -0.1802095E+02  0.2434990E+02 -0.4237085E+02  0.1655021E+04  0.1655021E+04
 -0.1843050E+02  0.2460177E+02 -0.4303227E+02  0.1692431E+04  0.1692431E+04
 -0.1884006E+02  0.2485364E+02 -0.4369370E+02  0.1712840E+04  0.1712840E+04
 -0.1924961E+02  0.2510551E+02 -0.4435512E+02  0.1628250E+04  0.1628250E+04
 -0.1965674E+02  0.2536896E+02 -0.4502570E+02  0.1749657E+04  0.1749657E+04
 -0.2006146E+02  0.2564398E+02 -0.4570544E+02  0.1814061E+04  0.1814061E+04
 -0.2046618E+02  0.2591901E+02 -0.4638519E+02  0.1739466E+04  0.1739466E+04
 -0.2087090E+02  0.2619403E+02 -0.4706493E+02  0.1854871E+04  0.1854871E+04
 -0.2113846E+02  0.2648028E+02 -0.4761874E+02  0.1930138E+04  0.1930138E+04
 -0.2126887E+02  0.2677774E+02 -0.4804662E+02  0.1801269E+04  0.1801269E+04
 -0.2139929E+02  0.2707521E+02 -0.4847450E+02  0.1891399E+04  0.1891399E+04
 -0.2152970E+02  0.2737268E+02 -0.4890238E+02  0.1851530E+04  0.1851530E+04
 -0.2172564E+02  0.2766821E+02 -0.4939385E+02  0.1852726E+04  0.1852726E+04
 -0.2198711E+02  0.2796179E+02 -0.4994891E+02  0.1994987E+04  0.1994987E+04
 -0.2224858E+02  0.2825538E+02 -0.5050396E+02  0.1997249E+04  0.1997249E+04
 -0.2251005E+02  0.2854897E+02 -0.5105902E+02  0.1966510E+04  0.1966510E+04
 -0.2247722E+02  0.2884682E+02 -0.5132404E+02  0.2009477E+04  0.2009477E+04
 -0.2215009E+02  0.2914894E+02 -0.5129903E+02  0.1961150E+04  0.1961150E+04
 -0.2182296E+02  0.2945106E+02 -0.5127402E+02  0.1879823E+04  0.1879823E+04
 -0.2149583E+02  0.2975318E+02 -0.5124901E+02  0.1967496E+04  0.1967496E+04
 -0.2130473E+02  0.3003145E+02 -0.5133618E+02  0.2045305E+04  0.2045305E+04
 -0.2124967E+02  0.3028586E+02 -0.5153553E+02  0.2025250E+04  0.2025250E+04
 -0.2119461E+02  0.3054028E+02 -0.5173489E+02  0.2025195E+04  0.2025195E+04
 -0.2113955E+02  0.3079470E+02 -0.5193424E+02  0.2047140E+04  0.2047140E+04
 -0.2110684E+02  0.3103950E+02 -0.5214634E+02  0.2061107E+04  0.2061107E+04
 -0.2109648E+02  0.3127468E+02 -0.5237116E+02  0.1906096E+04  0.1906096E+04
 -0.2108613E+02  0.3150986E+02 -0.5259599E+02  0.1995086E+04  0.1995086E+04
 -0.2107577E+02  0.3174504E+02 -0.5282081E+02  0.2039076E+04  0.2039076E+04
 -0.2072830E+02  0.3197360E+02 -0.5270190E+02  0.2045728E+04  0.2045728E+04
 -0.2004371E+02  0.3219554E+02 -0.5223925E+02  0.2034044E+04  0.2034044E+04
 -0.1935912E+02  0.3241748E+02 -0.5177661E+02  0.1927359E+04  0.1927359E+04
 -0.1867453E+02  0.3263942E+02 -0.5131396E+02  0.1956675E+04  0.1956675E+04
 -0.1839940E+02  0.3282532E+02 -0.5122472E+02  0.1975399E+04  0.1975399E+04
 -0.1853373E+02  0.3297517E+02 -0.5150890E+02  0.1964534E+04  0.1964534E+04
 -0.1866805E+02  0.3312503E+02 -0.5179308E+02  0.2045668E+04  0.2045668E+04
 -0.1880238E+02  0.3327488E+02 -0.5207725E+02  0.1972802E+04  0.1972802E+04
 -0.1852621E+02  0.3343311E+02 -0.5195932E+02  0.1966526E+04  0.1966526E+04
 -0.1783955E+02  0.3359972E+02 -0.5143927E+02  0.2011840E+04  0.2011840E+04
 -0.1715289E+02  0.3376633E+02 -0.5091922E+02  0.1989153E+04  0.1989153E+04
 -0.1646623E+02  0.3393294E+02 -0.5039917E+02  0.1955466E+04  0.1955466E+04
 -0.1587691E+02  0.3407127E+02 -0.4994818E+02  0.1907877E+04  0.1907877E+04
 -0.1538494E+02  0.3418131E+02 -0.4956625E+02  0.1821385E+04  0.1821385E+04
 -0.1489296E+02  0.3429136E+02 -0.4918432E+02  0.1840893E+04  0.1840893E+04
 -0.1440099E+02  0.3440140E+02 -0.4880239E+02  0.1831401E+04  0.1831401E+04
 -0.1372819E+02  0.3448920E+02 -0.4821739E+02  0.1832728E+04  0.1832728E+04
 -0.1287456E+02  0.3455477E+02 -0.4742933E+02  0.1927875E+04  0.1927875E+04
 -0.1202093E+02  0.3462033E+02 -0.4664127E+02  0.1829021E+04  0.1829021E+04
 -0.1116731E+02  0.3468590E+02 -0.4585321E+02  0.1728167E+04  0.1728167E+04
 -0.1071376E+02  0.3471567E+02 -0.4542943E+02  0.1706714E+04  0.1706714E+04
 -0.1066028E+02  0.3470965E+02 -0.4536993E+02  0.1663660E+04  0.1663660E+04
 -0.1060681E+02  0.3470363E+02 -0.4531044E+02  0.1705607E+04  0.1705607E+04
 -0.1055333E+02  0.3469761E+02 -0.4525095E+02  0.1676553E+04  0.1676553E+04
 -0.1015351E+02  0.3469814E+02 -0.4485165E+02  0.1659154E+04  0.1659154E+04
 -0.9407331E+01  0.3470520E+02 -0.4411254E+02  0.1815407E+04  0.1815407E+04
 -0.8661156E+01  0.3471227E+02 -0.4337343E+02  0.1580661E+04  0.1580661E+04
 -0.7914980E+01  0.3471934E+02 -0.4263432E+02  0.1606915E+04  0.1606915E+04
 -0.7494132E+01  0.3470362E+02 -0.4219776E+02  0.1612494E+04  0.1612494E+04
 -0.7398611E+01  0.3466513E+02 -0.4206374E+02  0.1601399E+04  0.1601399E+04
 -0.7303089E+01  0.3462663E+02 -0.4192973E+02  0.1551303E+04  0.1551303E+04
 -0.7207568E+01  0.3458814E+02 -0.4179571E+02  0.1562208E+04  0.1562208E+04
 -0.6979694E+01  0.3455642E+02 -0.4153611E+02  0.1583980E+04  0.1583980E+04
 -0.6619467E+01  0.3453147E+02 -0.4115094E+02  0.1620620E+04  0.1620620E+04
 -0.6259241E+01  0.3450652E+02 -0.4076577E+02  0.1522259E+04  0.1522259E+04
 -0.5899014E+01  0.3448158E+02 -0.4038059E+02  0.1571899E+04  0.1571899E+04
 -0.5697930E+01  0.3445338E+02 -0.4015132E+02  0.1482698E+04  0.1482698E+04
 -0.5655988E+01  0.3442195E+02 -0.4007794E+02  0.1505656E+04  0.1505656E+04
 -0.5614046E+01  0.3439051E+02 -0.4000455E+02  0.1547614E+04  0.1547614E+04
 -0.5572104E+01  0.3435907E+02 -0.3993118E+02  0.1493572E+04  0.1493572E+04
 -0.5537933E+01  0.3433658E+02 -0.3987452E+02  0.1442538E+04  0.1442538E+04
 -0.5511535E+01  0.3432304E+02 -0.3983458E+02  0.1553511E+04  0.1553511E+04
 -0.5485137E+01  0.3430951E+02 -0.3979464E+02  0.1453485E+04  0.1453485E+04
 -0.5458739E+01  0.3429597E+02 -0.3975471E+02  0.1474459E+04  0.1474459E+04
 -0.5393761E+01  0.3428930E+02 -0.3968306E+02  0.1525394E+04  0.1525394E+04
 -0.5290205E+01  0.3428949E+02 -0.3957970E+02  0.1525290E+04  0.1525290E+04
 -0.5186648E+01  0.3428968E+02 -0.3947633E+02  0.1467187E+04  0.1467187E+04
 -0.5083092E+01  0.3428988E+02 -0.3937297E+02  0.1450083E+04  0.1450083E+04
 -0.4895377E+01  0.3429242E+02 -0.3918781E+02  0.1465895E+04  0.1465895E+04
 -0.4623505E+01  0.3429732E+02 -0.3892083E+02  0.1528624E+04  0.1528624E+04
 -0.4351632E+01  0.3430221E+02 -0.3865385E+02  0.1487352E+04  0.1487352E+04
 -0.4079760E+01  0.3430711E+02 -0.3838687E+02  0.1424080E+04  0.1424080E+04
 -0.3966609E+01  0.3430485E+02 -0.3827146E+02  0.1439967E+04  0.1439967E+04
 -0.4012179E+01  0.3429545E+02 -0.3830763E+02  0.1397012E+04  0.1397012E+04
 -0.4057749E+01  0.3428604E+02 -0.3834379E+02  0.1388058E+04  0.1388058E+04
 -0.4103319E+01  0.3427664E+02 -0.3837996E+02  0.1423103E+04  0.1423103E+04
 -0.4136168E+01  0.3427627E+02 -0.3841244E+02  0.1454136E+04  0.1454136E+04
 -0.4156296E+01  0.3428494E+02 -0.3844124E+02  0.1505156E+04  0.1505156E+04
 -0.4176424E+01  0.3429361E+02 -0.3847004E+02  0.1441176E+04  0.1441176E+04
 -0.4196551E+01  0.3430228E+02 -0.3849884E+02  0.1446197E+04  0.1446197E+04
 -0.4312811E+01  0.3431942E+02 -0.3863223E+02  0.1455313E+04  0.1455313E+04
 -0.4525204E+01  0.3434501E+02 -0.3887021E+02  0.1446525E+04  0.1446525E+04
 -0.4737597E+01  0.3437060E+02 -0.3910820E+02  0.1504738E+04  0.1504738E+04
 -0.4949989E+01  0.3439619E+02 -0.3934618E+02  0.1477950E+04  0.1477950E+04
 -0.5006037E+01  0.3443713E+02 -0.3944316E+02  0.1401006E+04  0.1401006E+04
 -0.4905740E+01  0.3449340E+02 -0.3939914E+02  0.1550906E+04  0.1550906E+04
 -0.4805444E+01  0.3454967E+02 -0.3935511E+02  0.1459805E+04  0.1459805E+04
 -0.4705147E+01  0.3460594E+02 -0.3931108E+02  0.1443705E+04  0.1443705E+04
 -0.4491772E+01  0.3465678E+02 -0.3914856E+02  0.1490492E+04  0.1490492E+04
 -0.4165319E+01  0.3470220E+02 -0.3886752E+02  0.1481165E+04  0.1481165E+04
 -0.3838866E+01  0.3474762E+02 -0.3858648E+02  0.1370839E+04  0.1370839E+04
 -0.3512413E+01  0.3479303E+02 -0.3830545E+02  0.1421512E+04  0.1421512E+04
 -0.3556683E+01  0.3482127E+02 -0.3837795E+02  0.1466557E+04  0.1466557E+04
 -0.3971676E+01  0.3483232E+02 -0.3880400E+02  0.1442972E+04  0.1442972E+04
 -0.4386668E+01  0.3484338E+02 -0.3923005E+02  0.1423387E+04  0.1423387E+04
 -0.4801661E+01  0.3485444E+02 -0.3965610E+02  0.1547802E+04  0.1547802E+04
 -0.5051475E+01  0.3489005E+02 -0.3994152E+02  0.1560052E+04  0.1560052E+04
 -0.5136108E+01  0.3495020E+02 -0.4008631E+02  0.1429136E+04  0.1429136E+04
 -0.5220742E+01  0.3501036E+02 -0.4023110E+02  0.1538221E+04  0.1538221E+04
 -0.5305375E+01  0.3507051E+02 -0.4037589E+02  0.1492305E+04  0.1492305E+04
 -0.5238258E+01  0.3513943E+02 -0.4037769E+02  0.1421238E+04  0.1421238E+04
 -0.5019392E+01  0.3521710E+02 -0.4023649E+02  0.1596019E+04  0.1596019E+04
 -0.4800525E+01  0.3529477E+02 -0.4009530E+02  0.1489801E+04  0.1489801E+04
 -0.4581658E+01  0.3537245E+02 -0.3995411E+02  0.1508582E+04  0.1508582E+04
 -0.4495159E+01  0.3543670E+02 -0.3993186E+02  0.1464495E+04  0.1464495E+04
 -0.4541028E+01  0.3548754E+02 -0.4002857E+02  0.1499541E+04  0.1499541E+04
 -0.4586898E+01  0.3553838E+02 -0.4012527E+02  0.1507587E+04  0.1507587E+04
 -0.4632768E+01  0.3558921E+02 -0.4022198E+02  0.1455633E+04  0.1455633E+04
 -0.4752292E+01  0.3564149E+02 -0.4039379E+02  0.1525752E+04  0.1525752E+04
 -0.4945471E+01  0.3569522E+02 -0.4064069E+02  0.1529945E+04  0.1529945E+04
 -0.5138650E+01  0.3574895E+02 -0.4088760E+02  0.1561139E+04  0.1561139E+04
 -0.5331829E+01  0.3580268E+02 -0.4113451E+02  0.1563332E+04  0.1563332E+04
 -0.5302854E+01  0.3586567E+02 -0.4116852E+02  0.1550303E+04  0.1550303E+04
 -0.5051723E+01  0.3593792E+02 -0.4098964E+02  0.1464052E+04  0.1464052E+04
 -0.4800593E+01  0.3601016E+02 -0.4081075E+02  0.1467801E+04  0.1467801E+04
 -0.4549463E+01  0.3608241E+02 -0.4063187E+02  0.1463549E+04  0.1463549E+04
 -0.4556933E+01  0.3614161E+02 -0.4069854E+02  0.1511557E+04  0.1511557E+04
 -0.4823004E+01  0.3618777E+02 -0.4101077E+02  0.1587823E+04  0.1587823E+04
 -0.5089074E+01  0.3623393E+02 -0.4132301E+02  0.1584089E+04  0.1584089E+04
 -0.5355145E+01  0.3628009E+02 -0.4163524E+02  0.1525355E+04  0.1525355E+04
 -0.5444307E+01  0.3633913E+02 -0.4178344E+02  0.1543444E+04  0.1543444E+04
 -0.5356561E+01  0.3641102E+02 -0.4176759E+02  0.1564357E+04  0.1564357E+04
 -0.5268814E+01  0.3648292E+02 -0.4175174E+02  0.1496269E+04  0.1496269E+04
 -0.5181068E+01  0.3655482E+02 -0.4173589E+02  0.1484181E+04  0.1484181E+04
 -0.5015442E+01  0.3662410E+02 -0.4163955E+02  0.1630016E+04  0.1630016E+04
 -0.4771938E+01  0.3669077E+02 -0.4146271E+02  0.1596772E+04  0.1596772E+04
 -0.4528434E+01  0.3675745E+02 -0.4128588E+02  0.1567528E+04  0.1567528E+04
 -0.4284930E+01  0.3682412E+02 -0.4110905E+02  0.1514285E+04  0.1514285E+04
 -0.4310772E+01  0.3687651E+02 -0.4118728E+02  0.1511311E+04  0.1511311E+04
 -0.4605961E+01  0.3691463E+02 -0.4152060E+02  0.1507606E+04  0.1507606E+04
 -0.4901149E+01  0.3695275E+02 -0.4185390E+02  0.1587901E+04  0.1587901E+04
 -0.5196338E+01  0.3699087E+02 -0.4218721E+02  0.1491196E+04  0.1491196E+04
 -0.5339378E+01  0.3704333E+02 -0.4238271E+02  0.1560339E+04  0.1560339E+04
 -0.5330269E+01  0.3711012E+02 -0.4244039E+02  0.1638330E+04  0.1638330E+04
 -0.5321161E+01  0.3717691E+02 -0.4249808E+02  0.1526321E+04  0.1526321E+04
 -0.5312052E+01  0.3724371E+02 -0.4255576E+02  0.1642312E+04  0.1642312E+04
 -0.5213128E+01  0.3731215E+02 -0.4252528E+02  0.1578213E+04  0.1578213E+04
 -0.5024389E+01  0.3738225E+02 -0.4240664E+02  0.1559024E+04  0.1559024E+04
 -0.4835649E+01  0.3745234E+02 -0.4228799E+02  0.1568836E+04  0.1568836E+04
 -0.4646910E+01  0.3752244E+02 -0.4216935E+02  0.1520647E+04  0.1520647E+04
 -0.4641708E+01  0.3758149E+02 -0.4222319E+02  0.1532642E+04  0.1532642E+04
 -0.4820043E+01  0.3762947E+02 -0.4244952E+02  0.1610820E+04  0.1610820E+04
 -0.4998378E+01  0.3767747E+02 -0.4267585E+02  0.1600998E+04  0.1600998E+04
 -0.5176713E+01  0.3772546E+02 -0.4290218E+02  0.1569177E+04  0.1569177E+04
 -0.5290700E+01  0.3778317E+02 -0.4307387E+02  0.1673291E+04  0.1673291E+04
 -0.5340339E+01  0.3785060E+02 -0.4319094E+02  0.1524340E+04  0.1524340E+04
 -0.5389977E+01  0.3791802E+02 -0.4330800E+02  0.1681390E+04  0.1681390E+04
 -0.5439616E+01  0.3798545E+02 -0.4342506E+02  0.1482440E+04  0.1482440E+04
 -0.5536788E+01  0.3805748E+02 -0.4359426E+02  0.1612537E+04  0.1612537E+04
 -0.5681493E+01  0.3813410E+02 -0.4381559E+02  0.1661682E+04  0.1661682E+04
 -0.5826198E+01  0.3821073E+02 -0.4403693E+02  0.1667826E+04  0.1667826E+04
 -0.5970904E+01  0.3828736E+02 -0.4425826E+02  0.1657971E+04  0.1657971E+04
 -0.5981766E+01  0.3837084E+02 -0.4435260E+02  0.1638982E+04  0.1638982E+04
 -0.5858787E+01  0.3846117E+02 -0.4431996E+02  0.1605859E+04  0.1605859E+04
 -0.5735807E+01  0.3855151E+02 -0.4428732E+02  0.1649736E+04  0.1649736E+04
 -0.5612828E+01  0.3864184E+02 -0.4425467E+02  0.1634613E+04  0.1634613E+04
 -0.5648804E+01  0.3872281E+02 -0.4437161E+02  0.1580649E+04  0.1580649E+04
 -0.5843738E+01  0.3879441E+02 -0.4463815E+02  0.1661844E+04  0.1661844E+04
 -0.6038671E+01  0.3886600E+02 -0.4490467E+02  0.1734039E+04  0.1734039E+04
 -0.6233605E+01  0.3893760E+02 -0.4517121E+02  0.1658234E+04  0.1658234E+04
 -0.6326396E+01  0.3901751E+02 -0.4534391E+02  0.1654326E+04  0.1654326E+04
 -0.6317044E+01  0.3910574E+02 -0.4542278E+02  0.1634317E+04  0.1634317E+04
 -0.6307692E+01  0.3919397E+02 -0.4550166E+02  0.1616308E+04  0.1616308E+04
 -0.6298340E+01  0.3928219E+02 -0.4558053E+02  0.1696298E+04  0.1696298E+04
 -0.6165609E+01  0.3937076E+02 -0.4553637E+02  0.1694166E+04  0.1694166E+04
 -0.5909499E+01  0.3945967E+02 -0.4536917E+02  0.1719910E+04  0.1719910E+04
 -0.5653389E+01  0.3954858E+02 -0.4520197E+02  0.1642653E+04  0.1642653E+04
 -0.5397279E+01  0.3963749E+02 -0.4503476E+02  0.1648397E+04  0.1648397E+04
 -0.5095914E+01  0.3971132E+02 -0.4480724E+02  0.1704096E+04  0.1704096E+04
 -0.4749296E+01  0.3977009E+02 -0.4451939E+02  0.1628749E+04  0.1628749E+04
 -0.4402678E+01  0.3982885E+02 -0.4423153E+02  0.1543403E+04  0.1543403E+04
 -0.4056059E+01  0.3988762E+02 -0.4394368E+02  0.1618056E+04  0.1618056E+04
 -0.3894094E+01  0.3992796E+02 -0.4382205E+02  0.1630894E+04  0.1630894E+04
 -0.3916781E+01  0.3994986E+02 -0.4386665E+02  0.1656917E+04  0.1656917E+04
 -0.3939468E+01  0.3997177E+02 -0.4391124E+02  0.1630939E+04  0.1630939E+04
 -0.3962155E+01  0.3999368E+02 -0.4395583E+02  0.1653962E+04  0.1653962E+04
 -0.4101737E+01  0.4002012E+02 -0.4412186E+02  0.1555102E+04  0.1555102E+04
 -0.4358216E+01  0.4005111E+02 -0.4440932E+02  0.1635358E+04  0.1635358E+04
 -0.4614694E+01  0.4008210E+02 -0.4469679E+02  0.1652615E+04  0.1652615E+04
 -0.4871171E+01  0.4011308E+02 -0.4498426E+02  0.1587871E+04  0.1587871E+04
 -0.4869999E+01  0.4016092E+02 -0.4503091E+02  0.1655870E+04  0.1655870E+04
 -0.4611175E+01  0.4022559E+02 -0.4483677E+02  0.1727611E+04  0.1727611E+04
 -0.4352352E+01  0.4029026E+02 -0.4464262E+02  0.1608352E+04  0.1608352E+04
 -0.4093528E+01  0.4035494E+02 -0.4444847E+02  0.1690094E+04  0.1690094E+04
 -0.3779985E+01  0.4040807E+02 -0.4418805E+02  0.1621780E+04  0.1621780E+04
 -0.3411722E+01  0.4044965E+02 -0.4386137E+02  0.1582412E+04  0.1582412E+04
 -0.3043460E+01  0.4049123E+02 -0.4353469E+02  0.1547043E+04  0.1547043E+04
 -0.2675197E+01  0.4053282E+02 -0.4320801E+02  0.1543675E+04  0.1543675E+04
 -0.2491066E+01  0.4055486E+02 -0.4268399E+02  0.1609491E+04  0.1609491E+04
 -0.2491066E+01  0.4055735E+02 -0.4196264E+02  0.1605491E+04  0.1605491E+04
  0.4043430E+00  0.4055985E+02 -0.4124128E+02  0.1453596E+04  0.1453596E+04
  0.4043430E+00  0.4056235E+02 -0.4051993E+02  0.1483596E+04  0.1483596E+04
  0.4278288E+00  0.4053088E+02 -0.4010305E+02  0.1473572E+04  0.1473572E+04
  0.4748005E+00  0.4046544E+02 -0.3999063E+02  0.1460525E+04  0.1460525E+04
  0.5217721E+00  0.4040000E+02 -0.3987823E+02  0.1433478E+04  0.1433478E+04
  0.5687438E+00  0.4033456E+02 -0.3976582E+02  0.1427431E+04  0.1427431E+04
  0.6121690E+00  0.4027359E+02 -0.3966142E+02  0.1487388E+04  0.1487388E+04
  0.6520478E+00  0.4021710E+02 -0.3956505E+02  0.1455348E+04  0.1455348E+04
  0.6919266E+00  0.4016060E+02 -0.3946868E+02  0.1484308E+04  0.1484308E+04
  0.7318054E+00  0.4010411E+02 -0.3937231E+02  0.1378268E+04  0.1378268E+04
  0.7517447E+00  0.4005643E+02 -0.3943143E+02  0.1443248E+04  0.1443248E+04
  0.7517447E+00  0.4001757E+02 -0.3964604E+02  0.1428248E+04  0.1428248E+04
 -0.2621696E+00  0.3997870E+02 -0.3986065E+02  0.1356262E+04  0.1356262E+04
 -0.2621696E+00  0.3993983E+02 -0.4007526E+02  0.1449262E+04  0.1449262E+04
 -0.2621696E+00  0.3992081E+02 -0.4010572E+02  0.1517262E+04  0.1517262E+04
 -0.2621696E+00  0.3992163E+02 -0.3995202E+02  0.1534262E+04  0.1534262E+04
  0.3559086E+00  0.3992244E+02 -0.3979831E+02  0.1473644E+04  0.1473644E+04
  0.3559086E+00  0.3992326E+02 -0.3964461E+02  0.1498644E+04  0.1498644E+04
  0.4724192E+00  0.3992085E+02 -0.3944843E+02  0.1422528E+04  0.1422528E+04
  0.7054405E+00  0.3991520E+02 -0.3920977E+02  0.1366295E+04  0.1366295E+04
  0.9384617E+00  0.3990956E+02 -0.3897110E+02  0.1448062E+04  0.1448062E+04
  0.1171483E+01  0.3990392E+02 -0.3873244E+02  0.1351828E+04  0.1351828E+04
  0.1798962E+01  0.3988721E+02 -0.3808825E+02  0.1386201E+04  0.1386201E+04
  0.2820899E+01  0.3985944E+02 -0.3703854E+02  0.1430179E+04  0.1430179E+04
  0.3842836E+01  0.3983167E+02 -0.3598884E+02  0.1366157E+04  0.1366157E+04
  0.4864772E+01  0.3980390E+02 -0.3493913E+02  0.1309135E+04  0.1309135E+04
  0.6219903E+01  0.3972648E+02 -0.3350658E+02  0.1176780E+04  0.1176780E+04
  0.7908226E+01  0.3959941E+02 -0.3169118E+02  0.1136092E+04  0.1136092E+04
  0.9596550E+01  0.3947234E+02 -0.2987579E+02  0.1143403E+04  0.1143403E+04
  0.1128487E+02  0.3934526E+02 -0.2806039E+02  0.9507151E+03  0.9507151E+03
  0.1298198E+02  0.3913645E+02 -0.2615447E+02  0.9740180E+03  0.9740180E+03
  0.1468787E+02  0.3884590E+02 -0.2415803E+02  0.8363121E+03  0.8363121E+03
  0.1639376E+02  0.3855535E+02 -0.2216159E+02  0.7566063E+03  0.7566063E+03
  0.1809965E+02  0.3826480E+02 -0.2016514E+02  0.7129003E+03  0.7129003E+03
  0.1913623E+02  0.3790199E+02 -0.1876575E+02  0.6828638E+03  0.6828638E+03
  0.1950351E+02  0.3746691E+02 -0.1796341E+02  0.5584965E+03  0.5584965E+03
  0.1987078E+02  0.3703184E+02 -0.1716106E+02  0.5901292E+03  0.5901292E+03
  0.2023805E+02  0.3659676E+02 -0.1635872E+02  0.5217620E+03  0.5217620E+03
  0.2027506E+02  0.3617241E+02 -0.1589734E+02  0.5447249E+03  0.5447249E+03
  0.1998183E+02  0.3575876E+02 -0.1577693E+02  0.5790182E+03  0.5790182E+03
  0.1968860E+02  0.3534511E+02 -0.1565651E+02  0.5943114E+03  0.5943114E+03
  0.1939536E+02  0.3493147E+02 -0.1553610E+02  0.5366046E+03  0.5366046E+03
  0.1918046E+02  0.3456905E+02 -0.1538859E+02  0.5148195E+03  0.5148195E+03
  0.1904390E+02  0.3425787E+02 -0.1521398E+02  0.5219561E+03  0.5219561E+03
  0.1890733E+02  0.3394670E+02 -0.1503936E+02  0.5330927E+03  0.5330927E+03
  0.1877077E+02  0.3363552E+02 -0.1486475E+02  0.4912292E+03  0.4912292E+03
  0.1852905E+02  0.3335583E+02 -0.1482678E+02  0.5134709E+03  0.5134709E+03
  0.1818218E+02  0.3310764E+02 -0.1492546E+02  0.5308178E+03  0.5308178E+03
  0.1783531E+02  0.3285945E+02 -0.1502414E+02  0.5211647E+03  0.5211647E+03
  0.1748844E+02  0.3261126E+02 -0.1512282E+02  0.5365115E+03  0.5365115E+03
  0.1729263E+02  0.3239349E+02 -0.1510086E+02  0.5457073E+03  0.5457073E+03
  0.1724789E+02  0.3220613E+02 -0.1495825E+02  0.5267521E+03  0.5267521E+03
  0.1720315E+02  0.3201879E+02 -0.1481563E+02  0.5267969E+03  0.5267969E+03
  0.1715841E+02  0.3183144E+02 -0.1467302E+02  0.5218416E+03  0.5218416E+03
  0.1700814E+02  0.3165400E+02 -0.1464585E+02  0.4859919E+03  0.4859919E+03
  0.1675234E+02  0.3148647E+02 -0.1473412E+02  0.5142477E+03  0.5142477E+03
  0.1649654E+02  0.3131894E+02 -0.1482239E+02  0.5295035E+03  0.5295035E+03
  0.1624074E+02  0.3115141E+02 -0.1491066E+02  0.5127593E+03  0.5127593E+03
  0.1594270E+02  0.3099879E+02 -0.1505609E+02  0.5330573E+03  0.5330573E+03
  0.1560242E+02  0.3086110E+02 -0.1525868E+02  0.5233976E+03  0.5233976E+03
  0.1526213E+02  0.3072340E+02 -0.1546127E+02  0.5607379E+03  0.5607379E+03
  0.1492185E+02  0.3058571E+02 -0.1566385E+02  0.5620781E+03  0.5620781E+03
  0.1473621E+02  0.3046754E+02 -0.1573133E+02  0.5592638E+03  0.5592638E+03
  0.1470519E+02  0.3036889E+02 -0.1566370E+02  0.5372948E+03  0.5372948E+03
  0.1467418E+02  0.3027025E+02 -0.1559607E+02  0.5623258E+03  0.5623258E+03
  0.1464317E+02  0.3017161E+02 -0.1552844E+02  0.5183568E+03  0.5183568E+03
  0.1464668E+02  0.3007363E+02 -0.1542695E+02  0.5413533E+03  0.5413533E+03
  0.1468470E+02  0.2997631E+02 -0.1529160E+02  0.5583153E+03  0.5583153E+03
  0.1472273E+02  0.2987899E+02 -0.1515626E+02  0.5212773E+03  0.5212773E+03
  0.1476076E+02  0.2978167E+02 -0.1502091E+02  0.4772392E+03  0.4772392E+03
  0.1482937E+02  0.2967897E+02 -0.1484960E+02  0.5551707E+03  0.5551707E+03
  0.1492855E+02  0.2957088E+02 -0.1464233E+02  0.5470715E+03  0.5470715E+03
  0.1502773E+02  0.2946279E+02 -0.1443507E+02  0.5049723E+03  0.5049723E+03
  0.1512691E+02  0.2935470E+02 -0.1422780E+02  0.4948731E+03  0.4948731E+03
  0.1516571E+02  0.2923981E+02 -0.1407410E+02  0.5138343E+03  0.5138343E+03
  0.1514413E+02  0.2911811E+02 -0.1397398E+02  0.4658559E+03  0.4658559E+03
  0.1512255E+02  0.2899640E+02 -0.1387386E+02  0.4348774E+03  0.4348774E+03
  0.1510096E+02  0.2887470E+02 -0.1377374E+02  0.5058990E+03  0.5058990E+03
  0.1510262E+02  0.2875343E+02 -0.1365081E+02  0.4988974E+03  0.4988974E+03
  0.1512752E+02  0.2863259E+02 -0.1350507E+02  0.4788725E+03  0.4788725E+03
  0.1515241E+02  0.2851175E+02 -0.1335934E+02  0.4548476E+03  0.4548476E+03
  0.1517731E+02  0.2839091E+02 -0.1321360E+02  0.4528227E+03  0.4528227E+03
  0.1522001E+02  0.2826946E+02 -0.1304945E+02  0.4917800E+03  0.4917800E+03
  0.1528051E+02  0.2814739E+02 -0.1286688E+02  0.4327195E+03  0.4327195E+03
  0.1534102E+02  0.2802533E+02 -0.1268431E+02  0.4346590E+03  0.4346590E+03
  0.1540152E+02  0.2790327E+02 -0.1250174E+02  0.4655985E+03  0.4655985E+03
  0.1561024E+02  0.2777834E+02 -0.1216810E+02  0.4143898E+03  0.4143898E+03
  0.1596716E+02  0.2765055E+02 -0.1168338E+02  0.4100328E+03  0.4100328E+03
  0.1632409E+02  0.2752276E+02 -0.1119867E+02  0.3916759E+03  0.3916759E+03
  0.1668102E+02  0.2739496E+02 -0.1071395E+02  0.3893190E+03  0.3893190E+03
  0.1720936E+02  0.2724953E+02 -0.1004017E+02  0.3447906E+03  0.3447906E+03
  0.1790913E+02  0.2708646E+02 -0.9177332E+01  0.3130909E+03  0.3130909E+03
  0.1860890E+02  0.2692339E+02 -0.8314494E+01  0.2763911E+03  0.2763911E+03
  0.1930866E+02  0.2676032E+02 -0.7451657E+01  0.2486913E+03  0.2486913E+03
  0.1986993E+02  0.2656271E+02 -0.6692779E+01  0.2051301E+03  0.2051301E+03
  0.2029269E+02  0.2633055E+02 -0.6037859E+01  0.2017073E+03  0.2017073E+03
  0.2071546E+02  0.2609840E+02 -0.5382940E+01  0.1702845E+03  0.1702845E+03
  0.2113822E+02  0.2586624E+02 -0.4728021E+01  0.1508618E+03  0.1508618E+03
  0.2126477E+02  0.2561746E+02 -0.4352695E+01  0.1127352E+03  0.1127352E+03
  0.2109510E+02  0.2535206E+02 -0.4256963E+01  0.1149049E+03  0.1149049E+03
  0.2092543E+02  0.2508666E+02 -0.4161231E+01  0.1230746E+03  0.1230746E+03
  0.2075576E+02  0.2482126E+02 -0.4065498E+01  0.1332442E+03  0.1332442E+03
  0.2067993E+02  0.2457517E+02 -0.3895234E+01  0.1283201E+03  0.1283201E+03
  0.2069794E+02  0.2434837E+02 -0.3650436E+01  0.1093021E+03  0.1093021E+03
  0.2071594E+02  0.2412158E+02 -0.3405638E+01  0.9628406E+02  0.9628406E+02
  0.2073394E+02  0.2389478E+02 -0.3160841E+01  0.9526606E+02  0.9526606E+02
  0.2077983E+02  0.2367725E+02 -0.2897420E+01  0.8922017E+02  0.8922017E+02
  0.2085360E+02  0.2346898E+02 -0.2615377E+01  0.7214639E+02  0.7214639E+02
  0.2092738E+02  0.2326071E+02 -0.2333333E+01  0.7407262E+02  0.7407262E+02
  0.2100115E+02  0.2305244E+02 -0.2051290E+01  0.3799885E+02  0.3799885E+02
  0.2105206E+02  0.2284387E+02 -0.1791804E+01  0.4194794E+02  0.4194794E+02
  0.2108012E+02  0.2263499E+02 -0.1554875E+01  0.3591988E+02  0.3591988E+02
  0.2110818E+02  0.2242612E+02 -0.1317946E+01  0.1989182E+02  0.1989182E+02
  0.2113623E+02  0.2221725E+02 -0.1081016E+01  0.1886377E+02  0.1886377E+02
  0.2108647E+02  0.2200982E+02 -0.9233503E+00  0.1091353E+02  0.1091353E+02
  0.2095888E+02  0.2180383E+02 -0.8449472E+00  0.4041121E+01  0.4041121E+01
  0.2083129E+02  0.2159784E+02 -0.7665440E+00  0.1168709E+01  0.1168709E+01
  0.2070370E+02  0.2139184E+02 -0.6881409E+00 -0.2703703E+01  0.0000000E+00
  0.2054690E+02  0.2119587E+02 -0.6489652E+00  0.2453096E+01  0.2453096E+01
  0.2036089E+02  0.2100991E+02 -0.6490168E+00  0.9639111E+01  0.9639111E+01
  0.2017488E+02  0.2082395E+02 -0.6490685E+00  0.1825123E+01  0.1825123E+01
  0.1998886E+02  0.2063799E+02 -0.6491202E+00 -0.1988863E+01  0.0000000E+00
  0.1980243E+02  0.2046481E+02 -0.6623755E+00  0.2197571E+01  0.2197571E+01
  0.1961558E+02  0.2030441E+02 -0.6888345E+00  0.1138442E+02  0.1138442E+02
  0.1942872E+02  0.2014401E+02 -0.7152934E+00 -0.4287205E+00  0.0000000E+00
  0.1924187E+02  0.1998362E+02 -0.7417524E+00  0.1675813E+02  0.1675813E+02
  0.1910582E+02  0.1983377E+02 -0.7279469E+00  0.6894178E+01  0.6894178E+01
  0.1902058E+02  0.1969446E+02 -0.6738768E+00  0.7979416E+01  0.7979416E+01
  0.1893535E+02  0.1955515E+02 -0.6198068E+00  0.6465149E-01  0.6465149E-01
  0.1885011E+02  0.1941585E+02 -0.5657367E+00  0.1149889E+01  0.1149889E+01
  0.1874734E+02  0.1927995E+02 -0.5326076E+00 -0.6747339E+01  0.0000000E+00
  0.1862703E+02  0.1914745E+02 -0.5204192E+00  0.7372972E+01  0.7372972E+01
  0.1850672E+02  0.1901495E+02 -0.5082309E+00 -0.1506720E+01  0.0000000E+00
  0.1838641E+02  0.1888245E+02 -0.4960426E+00 -0.4386408E+01  0.0000000E+00
  0.1825500E+02  0.1875373E+02 -0.4987276E+00  0.1745001E+01  0.1745001E+01
  0.1811249E+02  0.1862878E+02 -0.5162858E+00  0.8875103E+00  0.8875103E+00
  0.1796998E+02  0.1850382E+02 -0.5338440E+00  0.2030018E+01  0.2030018E+01
  0.1782747E+02  0.1837887E+02 -0.5514022E+00  0.1217253E+02  0.1217253E+02
  0.1769373E+02  0.1825919E+02 -0.5654670E+00 -0.6937256E+00  0.0000000E+00
  0.1756874E+02  0.1814478E+02 -0.5760384E+00 -0.4568743E+01  0.0000000E+00
  0.1744376E+02  0.1803037E+02 -0.5866097E+00  0.7556242E+01  0.7556242E+01
  0.1731878E+02  0.1791596E+02 -0.5971811E+00  0.4681225E+01  0.4681225E+01
  0.1721256E+02  0.1780545E+02 -0.5928853E+00  0.4787437E+01  0.4787437E+01
  0.1712512E+02  0.1769884E+02 -0.5737223E+00 -0.1251221E+00  0.0000000E+00
  0.1703768E+02  0.1759224E+02 -0.5545594E+00  0.9623184E+00  0.9623184E+00
  0.1695024E+02  0.1748564E+02 -0.5353964E+00  0.5049759E+01  0.5049759E+01
  0.1686055E+02  0.1738030E+02 -0.5197503E+00 -0.3860552E+01  0.0000000E+00
  0.1676861E+02  0.1727623E+02 -0.5076210E+00  0.5231390E+01  0.5231390E+01
  0.1667667E+02  0.1717216E+02 -0.4954919E+00 -0.7676672E+01  0.0000000E+00
  0.1658473E+02  0.1706809E+02 -0.4833626E+00 -0.5584730E+01  0.0000000E+00
  0.1648528E+02  0.1696526E+02 -0.4799775E+00  0.2514721E+01  0.2514721E+01
  0.1637832E+02  0.1686365E+02 -0.4853364E+00  0.1262168E+02  0.1262168E+02
  0.1627135E+02  0.1676205E+02 -0.4906952E+00  0.4728647E+01  0.4728647E+01
  0.1616439E+02  0.1666044E+02 -0.4960541E+00  0.6835609E+01  0.6835609E+01
  0.1606227E+02  0.1656102E+02 -0.4987571E+00 -0.6226540E-01  0.0000000E+00
  0.1596498E+02  0.1646379E+02 -0.4988042E+00 -0.4964982E+01  0.0000000E+00
  0.1586770E+02  0.1636655E+02 -0.4988513E+00 -0.8676968E+00  0.0000000E+00
  0.1577041E+02  0.1626931E+02 -0.4988984E+00 -0.4770411E+01  0.0000000E+00
  0.1568361E+02  0.1617376E+02 -0.4901572E+00  0.3316392E+01  0.3316392E+01
  0.1560729E+02  0.1607991E+02 -0.4726276E+00  0.1039271E+02  0.1039271E+02
  0.1553096E+02  0.1598606E+02 -0.4550979E+00 -0.5530962E+01  0.0000000E+00
  0.1545464E+02  0.1589221E+02 -0.4375683E+00  0.3545361E+01  0.3545361E+01
  0.1537081E+02  0.1579876E+02 -0.4279483E+00 -0.1370814E+01  0.0000000E+00
  0.1527949E+02  0.1570572E+02 -0.4262377E+00  0.2720513E+01  0.2720513E+01
  0.1518816E+02  0.1561269E+02 -0.4245272E+00  0.8118401E+00  0.8118401E+00
  0.1509683E+02  0.1551965E+02 -0.4228167E+00  0.5903168E+01  0.5903168E+01
  0.1500388E+02  0.1542765E+02 -0.4237739E+00 -0.3003878E+01  0.0000000E+00
  0.1490930E+02  0.1533670E+02 -0.4273990E+00 -0.3909297E+01  0.0000000E+00
  0.1481472E+02  0.1524574E+02 -0.4310241E+00  0.1852837E+00  0.1852837E+00
  0.1472014E+02  0.1515478E+02 -0.4346492E+00 -0.4720136E+01  0.0000000E+00
  0.1463566E+02  0.1506514E+02 -0.4294699E+00  0.2364335E+01  0.2364335E+01
  0.1456131E+02  0.1497679E+02 -0.4154860E+00  0.5438695E+01  0.5438695E+01
  0.1448695E+02  0.1488845E+02 -0.4015022E+00 -0.4869461E+00  0.0000000E+00
  0.1441259E+02  0.1480010E+02 -0.3875183E+00 -0.4125862E+00  0.0000000E+00
  0.1432076E+02  0.1471190E+02 -0.3911375E+00 -0.1320763E+01  0.0000000E+00
  0.1421148E+02  0.1462384E+02 -0.4123596E+00 -0.1211475E+01  0.0000000E+00
  0.1410219E+02  0.1453577E+02 -0.4335818E+00  0.3897811E+01  0.3897811E+01
  0.1399290E+02  0.1444771E+02 -0.4548039E+00 -0.2992902E+01  0.0000000E+00
  0.1389522E+02  0.1436153E+02 -0.4663159E+00  0.7104783E+01  0.7104783E+01
  0.1380913E+02  0.1427725E+02 -0.4681176E+00  0.2190866E+01  0.2190866E+01
  0.1372305E+02  0.1419297E+02 -0.4699194E+00  0.2276949E+01  0.2276949E+01
  0.1363697E+02  0.1410869E+02 -0.4717211E+00 -0.3636969E+01  0.0000000E+00
  0.1355916E+02  0.1402564E+02 -0.4664826E+00  0.3440842E+01  0.3440842E+01
  0.1348962E+02  0.1394382E+02 -0.4542039E+00  0.1051038E+02  0.1051038E+02
  0.1342008E+02  0.1386201E+02 -0.4419251E+00 -0.4200802E+00  0.0000000E+00
  0.1335054E+02  0.1378019E+02 -0.4296463E+00  0.2649459E+01  0.2649459E+01
  0.1326959E+02  0.1369841E+02 -0.4288232E+00  0.1730410E+01  0.1730410E+01
  0.1317723E+02  0.1361668E+02 -0.4394557E+00  0.2822773E+01  0.2822773E+01
  0.1308486E+02  0.1353495E+02 -0.4500881E+00  0.1915135E+01  0.1915135E+01
  0.1299250E+02  0.1345322E+02 -0.4607206E+00  0.8007499E+01  0.8007499E+01
  0.1291641E+02  0.1337279E+02 -0.4563785E+00  0.4083587E+01  0.4083587E+01
  0.1285660E+02  0.1329366E+02 -0.4370618E+00  0.1433973E+00  0.1433973E+00
  0.1279679E+02  0.1321454E+02 -0.4177451E+00  0.4203210E+01  0.4203210E+01
  0.1273698E+02  0.1313541E+02 -0.3984284E+00 -0.7369795E+00  0.0000000E+00
  0.1266648E+02  0.1305618E+02 -0.3896985E+00  0.4333515E+01  0.4333515E+01
  0.1258531E+02  0.1297686E+02 -0.3915554E+00 -0.3585307E+01  0.0000000E+00
  0.1250413E+02  0.1289754E+02 -0.3934122E+00  0.5495870E+01  0.5495870E+01
  0.1242295E+02  0.1281822E+02 -0.3952691E+00  0.2577047E+01  0.2577047E+01
  0.1234170E+02  0.1273971E+02 -0.3980027E+00 -0.1341703E+01  0.0000000E+00
  0.1226038E+02  0.1266199E+02 -0.4016130E+00 -0.2603827E+00  0.0000000E+00
  0.1217906E+02  0.1258428E+02 -0.4052233E+00  0.3820939E+01  0.3820939E+01
  0.1209774E+02  0.1250657E+02 -0.4088335E+00  0.1902260E+01  0.1902260E+01
  0.1202556E+02  0.1243003E+02 -0.4044691E+00 -0.2555943E-01  0.0000000E+00
  0.1196252E+02  0.1235465E+02 -0.3921299E+00  0.4037480E+01  0.4037480E+01
  0.1189948E+02  0.1227927E+02 -0.3797907E+00  0.2100519E+01  0.2100519E+01
  0.1183644E+02  0.1220389E+02 -0.3674515E+00 -0.1836441E+01  0.0000000E+00
  0.1176562E+02  0.1212870E+02 -0.3630726E+00  0.2234377E+01  0.2234377E+01
  0.1168703E+02  0.1205368E+02 -0.3666541E+00  0.1312973E+01  0.1312973E+01
  0.1160843E+02  0.1197867E+02 -0.3702356E+00 -0.6084309E+00  0.0000000E+00
  0.1152983E+02  0.1190365E+02 -0.3738171E+00  0.1470165E+01  0.1470165E+01
  0.1147063E+02  0.1182942E+02 -0.3587911E+00  0.4529366E+01  0.4529366E+01
  0.1143083E+02  0.1175598E+02 -0.3251574E+00  0.1569173E+01  0.1569173E+01
  0.1139102E+02  0.1168254E+02 -0.2915237E+00 -0.1391020E+01  0.0000000E+00
  0.1135121E+02  0.1160910E+02 -0.2578900E+00 -0.5351213E+01  0.0000000E+00
  0.1128296E+02  0.1153472E+02 -0.2517581E+00 -0.1282962E+01  0.0000000E+00
  0.1118626E+02  0.1145939E+02 -0.2731279E+00 -0.3186265E+01  0.0000000E+00
  0.1108957E+02  0.1138407E+02 -0.2944977E+00 -0.4089569E+01  0.0000000E+00
  0.1099287E+02  0.1130874E+02 -0.3158675E+00 -0.1992872E+01  0.0000000E+00
  0.1090057E+02  0.1123514E+02 -0.3345734E+00  0.3099435E+01  0.3099435E+01
  0.1081265E+02  0.1116326E+02 -0.3506153E+00  0.5187351E+01  0.5187351E+01
  0.1072473E+02  0.1109139E+02 -0.3666571E+00  0.5275268E+01  0.5275268E+01
  0.1063682E+02  0.1101952E+02 -0.3826990E+00  0.4363184E+01  0.4363184E+01
  0.1057024E+02  0.1094944E+02 -0.3792033E+00  0.5429765E+01  0.5429765E+01
  0.1052499E+02  0.1088116E+02 -0.3561699E+00 -0.2524991E+01  0.0000000E+00
  0.1047975E+02  0.1081288E+02 -0.3331366E+00  0.3520253E+01  0.3520253E+01
  0.1043450E+02  0.1074461E+02 -0.3101033E+00 -0.4434503E+01  0.0000000E+00
  0.1038932E+02  0.1067548E+02 -0.2861596E+00  0.1610684E+01  0.1610684E+01
  0.1034419E+02  0.1060549E+02 -0.2613056E+00 -0.3441868E+00  0.0000000E+00
  0.1029906E+02  0.1053551E+02 -0.2364516E+00 -0.2299058E+01  0.0000000E+00
  0.1025393E+02  0.1046553E+02 -0.2115976E+00 -0.1253929E+01  0.0000000E+00
  0.1017494E+02  0.1039458E+02 -0.2196431E+00 -0.5174936E+01  0.0000000E+00
  0.1006208E+02  0.1032267E+02 -0.2605879E+00 -0.4062080E+01  0.0000000E+00
  0.9949225E+01  0.1025076E+02 -0.3015328E+00  0.6050775E+01  0.6050775E+01
  0.9836370E+01  0.1017885E+02 -0.3424776E+00  0.1636305E+00  0.1636305E+00
  0.9752984E+01  0.1010974E+02 -0.3567565E+00  0.3247016E+01  0.3247016E+01
  0.9699068E+01  0.1004344E+02 -0.3443694E+00  0.2300932E+01  0.2300932E+01
  0.9645153E+01  0.9977135E+01 -0.3319822E+00 -0.6451530E+00  0.0000000E+00
  0.9591237E+01  0.9910832E+01 -0.3195951E+00  0.3408763E+01  0.3408763E+01
  0.9540236E+01  0.9844764E+01 -0.3045276E+00  0.2459764E+01  0.2459764E+01
  0.9492151E+01  0.9778931E+01 -0.2867799E+00  0.5078487E+00  0.5078487E+00
  0.9444065E+01  0.9713098E+01 -0.2690321E+00  0.2555935E+01  0.2555935E+01
  0.9395980E+01  0.9647264E+01 -0.2512844E+00 -0.3959799E+00  0.0000000E+00
  0.9335477E+01  0.9580582E+01 -0.2451049E+00 -0.4335477E+01  0.0000000E+00
  0.9262556E+01  0.9513050E+01 -0.2504936E+00 -0.1262556E+01  0.0000000E+00
  0.9189636E+01  0.9445518E+01 -0.2558824E+00 -0.3189636E+01  0.0000000E+00
  0.9116715E+01  0.9377987E+01 -0.2612711E+00  0.8832846E+00  0.8832846E+00
  0.9049918E+01  0.9311236E+01 -0.2613179E+00 -0.4991817E-01  0.0000000E+00
  0.8989244E+01  0.9245267E+01 -0.2560226E+00  0.3010756E+01  0.3010756E+01
  0.8928570E+01  0.9179297E+01 -0.2507274E+00 -0.2928570E+01  0.0000000E+00
  0.8867896E+01  0.9113328E+01 -0.2454321E+00  0.1132104E+01  0.1132104E+01
  0.8811296E+01  0.9047846E+01 -0.2365504E+00  0.2188704E+01  0.2188704E+01
  0.8758768E+01  0.8982851E+01 -0.2240823E+00 -0.1758768E+01  0.0000000E+00
  0.8706242E+01  0.8917855E+01 -0.2116142E+00 -0.1706242E+01  0.0000000E+00
  0.8653714E+01  0.8852860E+01 -0.1991460E+00 -0.1653714E+01  0.0000000E+00
  0.8591313E+01  0.8787809E+01 -0.1964955E+00  0.1408687E+01  0.1408687E+01
  0.8519039E+01  0.8722702E+01 -0.2036624E+00 -0.5519039E+01  0.0000000E+00
  0.8446765E+01  0.8657594E+01 -0.2108294E+00 -0.3446765E+01  0.0000000E+00
  0.8374491E+01  0.8592486E+01 -0.2179963E+00  0.6255093E+00  0.6255093E+00
  0.8297012E+01  0.8528446E+01 -0.2314343E+00 -0.3297012E+01  0.0000000E+00
  0.8214330E+01  0.8465473E+01 -0.2511432E+00  0.3785670E+01  0.3785670E+01
  0.8131648E+01  0.8402499E+01 -0.2708521E+00 -0.1316481E+00  0.0000000E+00
  0.8048965E+01  0.8339526E+01 -0.2905610E+00  0.1095103E+02  0.1095103E+02
  0.7991358E+01  0.8278389E+01 -0.2870310E+00 -0.9913583E+00  0.0000000E+00
  0.7958825E+01  0.8219087E+01 -0.2602623E+00  0.4117489E-01  0.4117489E-01
  0.7926291E+01  0.8159784E+01 -0.2334935E+00  0.7370853E-01  0.7370853E-01
  0.7893758E+01  0.8100482E+01 -0.2067247E+00  0.1106242E+01  0.1106242E+01
  0.7849789E+01  0.8040462E+01 -0.1906726E+00 -0.3849789E+01  0.0000000E+00
  0.7794384E+01  0.7979722E+01 -0.1853370E+00 -0.1794384E+01  0.0000000E+00
  0.7738980E+01  0.7918982E+01 -0.1800015E+00 -0.1738980E+01  0.0000000E+00
  0.7683576E+01  0.7858242E+01 -0.1746659E+00 -0.3683576E+01  0.0000000E+00
  0.7617590E+01  0.7797670E+01 -0.1800800E+00  0.1382410E+01  0.1382410E+01
  0.7541023E+01  0.7737267E+01 -0.1962435E+00 -0.2541023E+01  0.0000000E+00
  0.7464457E+01  0.7676864E+01 -0.2124071E+00  0.5535543E+01  0.5535543E+01
  0.7387890E+01  0.7616461E+01 -0.2285707E+00 -0.1387890E+01  0.0000000E+00
  0.7320323E+01  0.7557889E+01 -0.2375665E+00 -0.2320323E+01  0.0000000E+00
  0.7261754E+01  0.7501148E+01 -0.2393945E+00  0.1738246E+01  0.1738246E+01
  0.7203184E+01  0.7444407E+01 -0.2412225E+00 -0.1203184E+01  0.0000000E+00
  0.7144615E+01  0.7387666E+01 -0.2430505E+00 -0.2144615E+01  0.0000000E+00
  0.7086993E+01  0.7331874E+01 -0.2448818E+00  0.3913007E+01  0.3913007E+01
  0.7030317E+01  0.7277033E+01 -0.2467162E+00  0.4969683E+01  0.4969683E+01
  0.6973640E+01  0.7222191E+01 -0.2485506E+00  0.9026360E+01  0.9026360E+01
  0.6916965E+01  0.7167350E+01 -0.2503850E+00  0.8303547E-01  0.8303547E-01
  0.6868990E+01  0.7113130E+01 -0.2441396E+00 -0.8689899E+00  0.0000000E+00
  0.6829716E+01  0.7059531E+01 -0.2298143E+00 -0.8297162E+00  0.0000000E+00
  0.6790443E+01  0.7005932E+01 -0.2154890E+00 -0.1790443E+01  0.0000000E+00
  0.6751169E+01  0.6952333E+01 -0.2011636E+00  0.4248831E+01  0.4248831E+01
  0.6708182E+01  0.6898611E+01 -0.1904286E+00 -0.1708182E+01  0.0000000E+00
  0.6661480E+01  0.6844764E+01 -0.1832839E+00 -0.6614804E+00  0.0000000E+00
  0.6614779E+01  0.6790918E+01 -0.1761392E+00  0.4385221E+01  0.4385221E+01
  0.6568077E+01  0.6737072E+01 -0.1689945E+00 -0.3568077E+01  0.0000000E+00
  0.6506405E+01  0.6683537E+01 -0.1771323E+00  0.1493595E+01  0.1493595E+01
  0.6429763E+01  0.6630315E+01 -0.2005527E+00 -0.5429763E+01  0.0000000E+00
  0.6353120E+01  0.6577094E+01 -0.2239731E+00  0.4646880E+01  0.4646880E+01
  0.6276478E+01  0.6523871E+01 -0.2473935E+00  0.1723522E+01  0.1723522E+01
  0.6226144E+01  0.6472664E+01 -0.2465196E+00  0.3773856E+01  0.3773856E+01
  0.6202118E+01  0.6423470E+01 -0.2213513E+00  0.7978816E+00  0.7978816E+00
  0.6178093E+01  0.6374276E+01 -0.1961831E+00 -0.1780934E+00  0.0000000E+00
  0.6154068E+01  0.6325082E+01 -0.1710149E+00  0.8459325E+00  0.8459325E+00
  0.6112468E+01  0.6275420E+01 -0.1629521E+00 -0.2112468E+01  0.0000000E+00
  0.6053295E+01  0.6225290E+01 -0.1719948E+00 -0.1053295E+01  0.0000000E+00
  0.5994122E+01  0.6175159E+01 -0.1810375E+00  0.5877972E-02  0.5877972E-02
  0.5934949E+01  0.6125029E+01 -0.1900802E+00  0.2065051E+01  0.2065051E+01
  0.5873893E+01  0.6075718E+01 -0.2018250E+00  0.1126107E+01  0.1126107E+01
  0.5810956E+01  0.6027227E+01 -0.2162719E+00  0.1890445E+00  0.1890445E+00
  0.5748018E+01  0.5978737E+01 -0.2307188E+00  0.4251982E+01  0.4251982E+01
  0.5685081E+01  0.5930246E+01 -0.2451656E+00  0.3149195E+00  0.3149195E+00
  0.5643404E+01  0.5883187E+01 -0.2397821E+00  0.6356596E+01  0.6356596E+01
  0.5622991E+01  0.5837559E+01 -0.2145680E+00  0.1377009E+01  0.1377009E+01
  0.5602577E+01  0.5791931E+01 -0.1893540E+00 -0.2602577E+01  0.0000000E+00
  0.5582163E+01  0.5746303E+01 -0.1641400E+00 -0.2582163E+01  0.0000000E+00
  0.5551903E+01  0.5699843E+01 -0.1479398E+00  0.1448097E+01  0.1448097E+01
  0.5511797E+01  0.5652551E+01 -0.1407536E+00  0.2488203E+01  0.2488203E+01
  0.5471692E+01  0.5605259E+01 -0.1335673E+00  0.5283084E+00  0.5283084E+00
  0.5431586E+01  0.5557967E+01 -0.1263810E+00 -0.3431586E+01  0.0000000E+00
  0.5387784E+01  0.5510583E+01 -0.1227986E+00 -0.1387784E+01  0.0000000E+00
  0.5340288E+01  0.5463108E+01 -0.1228200E+00 -0.3402877E+00  0.0000000E+00
  0.5292791E+01  0.5415633E+01 -0.1228415E+00 -0.2927909E+00  0.0000000E+00
  0.5245294E+01  0.5368157E+01 -0.1228629E+00  0.7547059E+00  0.7547059E+00
  0.5197668E+01  0.5321455E+01 -0.1237868E+00 -0.1976676E+00  0.0000000E+00
  0.5149911E+01  0.5275525E+01 -0.1256132E+00 -0.4149911E+01  0.0000000E+00
  0.5102156E+01  0.5229595E+01 -0.1274396E+00 -0.2102156E+01  0.0000000E+00
  0.5054399E+01  0.5183666E+01 -0.1292660E+00 -0.5439949E-01  0.0000000E+00
  0.5010121E+01  0.5138502E+01 -0.1283814E+00 -0.1012087E-01  0.0000000E+00
  0.4969319E+01  0.5094105E+01 -0.1247860E+00  0.3068113E-01  0.3068113E-01
  0.4928518E+01  0.5049708E+01 -0.1211905E+00  0.1071482E+01  0.1071482E+01
  0.4887716E+01  0.5005311E+01 -0.1175950E+00 -0.3887716E+01  0.0000000E+00
  0.4846403E+01  0.4961304E+01 -0.1149009E+00  0.2153597E+01  0.2153597E+01
  0.4804578E+01  0.4917686E+01 -0.1131082E+00 -0.2804578E+01  0.0000000E+00
  0.4762753E+01  0.4874069E+01 -0.1113155E+00 -0.1762753E+01  0.0000000E+00
  0.4720929E+01  0.4830451E+01 -0.1095227E+00 -0.2720929E+01  0.0000000E+00
  0.4681336E+01  0.4787256E+01 -0.1059199E+00  0.1318664E+01  0.1318664E+01
  0.4643976E+01  0.4744483E+01 -0.1005070E+00 -0.6439762E+00  0.0000000E+00
  0.4606616E+01  0.4701710E+01 -0.9509410E-01 -0.6066160E+00  0.0000000E+00
  0.4569256E+01  0.4658937E+01 -0.8968119E-01 -0.2569256E+01  0.0000000E+00
  0.4524932E+01  0.4616448E+01 -0.9151623E-01 -0.2524932E+01  0.0000000E+00
  0.4473643E+01  0.4574242E+01 -0.1005992E+00 -0.4736428E+00  0.0000000E+00
  0.4422354E+01  0.4532036E+01 -0.1096822E+00  0.5776463E+00  0.5776463E+00
  0.4371065E+01  0.4489830E+01 -0.1187652E+00  0.6289353E+00  0.6289353E+00
  0.4321669E+01  0.4448616E+01 -0.1269469E+00 -0.3216691E+00  0.0000000E+00
  0.4274167E+01  0.4408394E+01 -0.1342272E+00 -0.1274167E+01  0.0000000E+00
  0.4226665E+01  0.4368172E+01 -0.1415076E+00 -0.2266645E+00  0.0000000E+00
  0.4179162E+01  0.4327950E+01 -0.1487880E+00 -0.1179162E+01  0.0000000E+00
  0.4141695E+01  0.4288686E+01 -0.1469920E+00  0.3858305E+01  0.3858305E+01
  0.4114262E+01  0.4250381E+01 -0.1361197E+00  0.1885738E+01  0.1885738E+01
  0.4086829E+01  0.4212077E+01 -0.1252474E+00 -0.8682919E-01  0.0000000E+00
  0.4059396E+01  0.4173772E+01 -0.1143751E+00 -0.2059396E+01  0.0000000E+00
  0.4024556E+01  0.4135322E+01 -0.1107657E+00  0.3975444E+01  0.3975444E+01
  0.3982307E+01  0.4096726E+01 -0.1144192E+00 -0.2982307E+01  0.0000000E+00
  0.3940058E+01  0.4058131E+01 -0.1180728E+00  0.1059942E+01  0.1059942E+01
  0.3897810E+01  0.4019536E+01 -0.1217263E+00  0.1102190E+01  0.1102190E+01
  0.3858804E+01  0.3981457E+01 -0.1226533E+00 -0.2858804E+01  0.0000000E+00
  0.3823041E+01  0.3943895E+01 -0.1208539E+00  0.2176959E+01  0.2176959E+01
  0.3787279E+01  0.3906333E+01 -0.1190545E+00 -0.7872791E+00  0.0000000E+00
  0.3751517E+01  0.3868772E+01 -0.1172550E+00  0.2484834E+00  0.2484834E+00
  0.3714435E+01  0.3831709E+01 -0.1172741E+00 -0.7144353E+00  0.0000000E+00
  0.3676035E+01  0.3795147E+01 -0.1191118E+00  0.2323965E+01  0.2323965E+01
  0.3637635E+01  0.3758585E+01 -0.1209495E+00  0.5362365E+01  0.5362365E+01
  0.3599235E+01  0.3722022E+01 -0.1227872E+00 -0.2599235E+01  0.0000000E+00
  0.3565932E+01  0.3686010E+01 -0.1200778E+00  0.4340682E+00  0.4340682E+00
  0.3537725E+01  0.3650547E+01 -0.1128215E+00 -0.5377254E+00  0.0000000E+00
  0.3509519E+01  0.3615084E+01 -0.1055651E+00 -0.1509519E+01  0.0000000E+00
  0.3481313E+01  0.3579622E+01 -0.9830879E-01  0.5186872E+00  0.5186872E+00
  0.3453246E+01  0.3544292E+01 -0.9104551E-01  0.2546754E+01  0.2546754E+01
  0.3425320E+01  0.3509095E+01 -0.8377531E-01 -0.2425320E+01  0.0000000E+00
  0.3397394E+01  0.3473899E+01 -0.7650510E-01 -0.1397394E+01  0.0000000E+00
  0.3369467E+01  0.3438702E+01 -0.6923490E-01 -0.3694675E+00  0.0000000E+00
  0.3337978E+01  0.3403582E+01 -0.6560384E-01 -0.3379776E+00  0.0000000E+00
  0.3302924E+01  0.3368536E+01 -0.6561194E-01 -0.2302924E+01  0.0000000E+00
  0.3267871E+01  0.3333491E+01 -0.6562003E-01 -0.1267871E+01  0.0000000E+00
  0.3232817E+01  0.3298445E+01 -0.6562812E-01  0.1767183E+01  0.1767183E+01
  0.3195576E+01  0.3263951E+01 -0.6837476E-01 -0.2195576E+01  0.0000000E+00
  0.3156148E+01  0.3230008E+01 -0.7385995E-01 -0.2156148E+01  0.0000000E+00
  0.3116719E+01  0.3196064E+01 -0.7934515E-01  0.1883281E+01  0.1883281E+01
  0.3077291E+01  0.3162121E+01 -0.8483034E-01 -0.1077291E+01  0.0000000E+00
  0.3046924E+01  0.3129027E+01 -0.8210308E-01  0.9530764E+00  0.9530764E+00
  0.3025618E+01  0.3096781E+01 -0.7116337E-01 -0.2025618E+01  0.0000000E+00
  0.3004312E+01  0.3064536E+01 -0.6022366E-01 -0.2004312E+01  0.0000000E+00
  0.2983007E+01  0.3032291E+01 -0.4928395E-01 -0.9830067E+00  0.0000000E+00
  0.2956179E+01  0.2999996E+01 -0.4381743E-01 -0.9561787E+00  0.0000000E+00
  0.2923828E+01  0.2967652E+01 -0.4382413E-01 -0.1923828E+01  0.0000000E+00
  0.2891477E+01  0.2935308E+01 -0.4383082E-01  0.1085227E+00  0.1085227E+00
  0.2859127E+01  0.2902964E+01 -0.4383751E-01 -0.2859127E+01  0.0000000E+00
  0.2817972E+01  0.2870959E+01 -0.5298663E-01 -0.8179724E+00  0.0000000E+00
  0.2768015E+01  0.2839293E+01 -0.7127819E-01 -0.1768015E+01  0.0000000E+00
  0.2718057E+01  0.2807627E+01 -0.8956975E-01  0.2819426E+00  0.2819426E+00
  0.2668100E+01  0.2775961E+01 -0.1078613E+00  0.3331900E+01  0.3331900E+01
  0.2634181E+01  0.2745710E+01 -0.1115290E+00  0.3658187E+00  0.3658187E+00
  0.2616302E+01  0.2716875E+01 -0.1005730E+00  0.1383698E+01  0.1383698E+01
  0.2598423E+01  0.2688040E+01 -0.8961687E-01 -0.2598423E+01  0.0000000E+00
  0.2580543E+01  0.2659204E+01 -0.7866079E-01 -0.1580543E+01  0.0000000E+00
  0.2557065E+01  0.2630252E+01 -0.7318756E-01  0.1442935E+01  0.1442935E+01
  0.2527987E+01  0.2601184E+01 -0.7319719E-01  0.2472013E+01  0.2472013E+01
  0.2498909E+01  0.2572116E+01 -0.7320682E-01 -0.4989088E+00  0.0000000E+00
  0.2469831E+01  0.2543047E+01 -0.7321645E-01  0.5301690E+00  0.5301690E+00
  0.2444511E+01  0.2514074E+01 -0.6956369E-01  0.1555489E+01  0.1555489E+01
  0.2422948E+01  0.2485196E+01 -0.6224858E-01 -0.1422948E+01  0.0000000E+00
  0.2401385E+01  0.2456319E+01 -0.5493345E-01 -0.1401385E+01  0.0000000E+00
  0.2379822E+01  0.2427441E+01 -0.4761833E-01 -0.2379822E+01  0.0000000E+00
  0.2356495E+01  0.2398626E+01 -0.4213143E-01 -0.3564949E+00  0.0000000E+00
  0.2331403E+01  0.2369875E+01 -0.3847273E-01  0.6685972E+00  0.6685972E+00
  0.2306310E+01  0.2341125E+01 -0.3481404E-01 -0.1306310E+01  0.0000000E+00
  0.2281218E+01  0.2312374E+01 -0.3115535E-01 -0.2812183E+00  0.0000000E+00
  0.2252650E+01  0.2283813E+01 -0.3116222E-01 -0.2252650E+01  0.0000000E+00
  0.2220607E+01  0.2255442E+01 -0.3483466E-01 -0.1220607E+01  0.0000000E+00
  0.2188564E+01  0.2227071E+01 -0.3850709E-01 -0.1188564E+01  0.0000000E+00
  0.2156521E+01  0.2198700E+01 -0.4217952E-01 -0.2156521E+01  0.0000000E+00
  0.2123299E+01  0.2170989E+01 -0.4769015E-01 -0.1232986E+00  0.0000000E+00
  0.2088898E+01  0.2143937E+01 -0.5503896E-01  0.9111021E+00  0.9111021E+00
  0.2054497E+01  0.2116885E+01 -0.6238778E-01 -0.2054497E+01  0.0000000E+00
  0.2020097E+01  0.2089833E+01 -0.6973659E-01  0.2979903E+01  0.2979903E+01
  0.1993859E+01  0.2063604E+01 -0.6974468E-01  0.6140828E-02  0.6140828E-02
  0.1975785E+01  0.2038197E+01 -0.6241205E-01  0.1024215E+01  0.1024215E+01
  0.1957711E+01  0.2012791E+01 -0.5507942E-01 -0.9577113E+00  0.0000000E+00
  0.1939638E+01  0.1987384E+01 -0.4774678E-01  0.6036246E-01  0.6036246E-01
  0.1918822E+01  0.1961987E+01 -0.4316474E-01  0.8117819E-01  0.8117819E-01
  0.1895264E+01  0.1936598E+01 -0.4133330E-01 -0.8952644E+00  0.0000000E+00
  0.1871707E+01  0.1911209E+01 -0.3950185E-01 -0.8717068E+00  0.0000000E+00
  0.1848149E+01  0.1885820E+01 -0.3767040E-01  0.1518506E+00  0.1518506E+00
  0.1824777E+01  0.1860615E+01 -0.3583810E-01 -0.8247765E+00  0.0000000E+00
  0.1801588E+01  0.1835593E+01 -0.3400495E-01 -0.8015882E+00  0.0000000E+00
  0.1778400E+01  0.1810572E+01 -0.3217180E-01 -0.7783999E+00  0.0000000E+00
  0.1755212E+01  0.1785550E+01 -0.3033865E-01  0.2447884E+00  0.2447884E+00
  0.1732418E+01  0.1760922E+01 -0.2850457E-01 -0.1732418E+01  0.0000000E+00
  0.1710018E+01  0.1736688E+01 -0.2666956E-01 -0.7100182E+00  0.0000000E+00
  0.1687619E+01  0.1712453E+01 -0.2483455E-01 -0.6876186E+00  0.0000000E+00
  0.1665219E+01  0.1688219E+01 -0.2299953E-01 -0.1665219E+01  0.0000000E+00
  0.1638594E+01  0.1664361E+01 -0.2576657E-01 -0.6385942E+00  0.0000000E+00
  0.1607744E+01  0.1640879E+01 -0.3313566E-01 -0.6077436E+00  0.0000000E+00
  0.1576893E+01  0.1617398E+01 -0.4050474E-01 -0.5768931E+00  0.0000000E+00
  0.1546043E+01  0.1593916E+01 -0.4787383E-01  0.4539574E+00  0.4539574E+00
  0.1523357E+01  0.1571235E+01 -0.4787769E-01  0.1476643E+01  0.1476643E+01
  0.1508837E+01  0.1549354E+01 -0.4051632E-01 -0.5088373E+00  0.0000000E+00
  0.1494317E+01  0.1527472E+01 -0.3315495E-01  0.5056828E+00  0.5056828E+00
  0.1479797E+01  0.1505591E+01 -0.2579358E-01 -0.1479797E+01  0.0000000E+00
  0.1459871E+01  0.1483829E+01 -0.2395852E-01 -0.4598711E+00  0.0000000E+00
  0.1434539E+01  0.1462189E+01 -0.2764978E-01 -0.1434539E+01  0.0000000E+00
  0.1409207E+01  0.1440548E+01 -0.3134104E-01  0.5907935E+00  0.5907935E+00
  0.1383874E+01  0.1418907E+01 -0.3503230E-01 -0.3838743E+00  0.0000000E+00
  0.1362719E+01  0.1397755E+01 -0.3503555E-01  0.6372811E+00  0.6372811E+00
  0.1345740E+01  0.1377091E+01 -0.3135080E-01 -0.1345740E+01  0.0000000E+00
  0.1328762E+01  0.1356428E+01 -0.2766604E-01 -0.3287621E+00  0.0000000E+00
  0.1311784E+01  0.1335765E+01 -0.2398129E-01  0.6882164E+00  0.6882164E+00
  0.1292392E+01  0.1315455E+01 -0.2306334E-01 -0.1292392E+01  0.0000000E+00
  0.1270586E+01  0.1295498E+01 -0.2491219E-01 -0.1270586E+01  0.0000000E+00
  0.1248781E+01  0.1275542E+01 -0.2676104E-01  0.7512190E+00  0.7512190E+00
  0.1226976E+01  0.1255586E+01 -0.2860990E-01 -0.2269756E+00  0.0000000E+00
  0.1207524E+01  0.1236137E+01 -0.2861330E-01 -0.1207524E+01  0.0000000E+00
  0.1190426E+01  0.1217197E+01 -0.2677125E-01 -0.1904262E+00  0.0000000E+00
  0.1173328E+01  0.1198258E+01 -0.2492919E-01 -0.1733283E+00  0.0000000E+00
  0.1156231E+01  0.1179318E+01 -0.2308714E-01 -0.1156231E+01  0.0000000E+00
  0.1137665E+01  0.1160758E+01 -0.2309268E-01  0.8623346E+00  0.8623346E+00
  0.1117633E+01  0.1142579E+01 -0.2494583E-01 -0.1117633E+01  0.0000000E+00
  0.1097601E+01  0.1124400E+01 -0.2679898E-01 -0.1097601E+01  0.0000000E+00
  0.1077568E+01  0.1106220E+01 -0.2865212E-01 -0.1077568E+01  0.0000000E+00
  0.1060771E+01  0.1088502E+01 -0.2773100E-01  0.2939229E+01  0.2939229E+01
  0.1047210E+01  0.1071246E+01 -0.2403560E-01 -0.1047210E+01  0.0000000E+00
  0.1033648E+01  0.1053989E+01 -0.2034021E-01 -0.1033648E+01  0.0000000E+00
  0.1020087E+01  0.1036732E+01 -0.1664481E-01 -0.1020087E+01  0.0000000E+00
  0.1003978E+01  0.1019702E+01 -0.1572404E-01 -0.3977656E-02  0.0000000E+00
  0.9853208E+00  0.1002899E+01 -0.1757790E-01  0.1467919E-01  0.1467919E-01
  0.9666639E+00  0.9860957E+00 -0.1943176E-01 -0.9666639E+00  0.0000000E+00
  0.9480070E+00  0.9692926E+00 -0.2128562E-01 -0.9480070E+00  0.0000000E+00
  0.9316633E+00  0.9529515E+00 -0.2128818E-01  0.1068337E+01  0.1068337E+01
  0.9176330E+00  0.9370725E+00 -0.1943945E-01  0.8236700E-01  0.8236700E-01
  0.9036026E+00  0.9211933E+00 -0.1759071E-01  0.9639740E-01  0.9639740E-01
  0.8895723E+00  0.9053143E+00 -0.1574198E-01  0.1104277E+00  0.1104277E+00
  0.8759372E+00  0.8898293E+00 -0.1389208E-01 -0.8759372E+00  0.0000000E+00
  0.8626975E+00  0.8747385E+00 -0.1204102E-01 -0.8626975E+00  0.0000000E+00
  0.8494578E+00  0.8596478E+00 -0.1018996E-01 -0.8494578E+00  0.0000000E+00
  0.8362181E+00  0.8445570E+00 -0.8338897E-02 -0.8362181E+00  0.0000000E+00
  0.8224090E+00  0.8298230E+00 -0.7413961E-02 -0.8224090E+00  0.0000000E+00
  0.8080308E+00  0.8154459E+00 -0.7415147E-02  0.1919692E+00  0.1919692E+00
  0.7936525E+00  0.8010688E+00 -0.7416333E-02 -0.7936525E+00  0.0000000E+00
  0.7792742E+00  0.7866917E+00 -0.7417519E-02  0.2207258E+00  0.2207258E+00
  0.7644624E+00  0.7728089E+00 -0.8346546E-02 -0.7644624E+00  0.0000000E+00
  0.7492170E+00  0.7594205E+00 -0.1020341E-01 -0.7492170E+00  0.0000000E+00
  0.7339717E+00  0.7460319E+00 -0.1206028E-01  0.2660283E+00  0.2660283E+00
  0.7187263E+00  0.7326435E+00 -0.1391715E-01 -0.7187263E+00  0.0000000E+00
  0.7068268E+00  0.7198167E+00 -0.1484559E-01  0.2931732E+00  0.2931732E+00
  0.6982732E+00  0.7075517E+00 -0.1484559E-01 -0.6982732E+00  0.0000000E+00
  0.6897196E+00  0.6952868E+00  0.0000000E+00 -0.6897196E+00  0.0000000E+00
  0.6811661E+00  0.6830217E+00  0.0000000E+00 -0.6811661E+00  0.0000000E+00
  0.6691192E+00  0.6709774E+00  0.0000000E+00 -0.6691192E+00  0.0000000E+00
  0.6535792E+00  0.6591538E+00  0.0000000E+00 -0.6535792E+00  0.0000000E+00
  0.6380392E+00  0.6473302E+00 -0.1486546E-01 -0.6380392E+00  0.0000000E+00
  0.6224992E+00  0.6355065E+00 -0.1486546E-01  0.3775008E+00  0.3775008E+00
  0.6111465E+00  0.6241538E+00 -0.1486546E-01 -0.6111465E+00  0.0000000E+00
  0.6039810E+00  0.6132719E+00 -0.1486546E-01  0.3960190E+00  0.3960190E+00
  0.5968155E+00  0.6023901E+00  0.0000000E+00 -0.5968155E+00  0.0000000E+00
  0.5896500E+00  0.5915082E+00  0.0000000E+00 -0.5896500E+00  0.0000000E+00
  0.5807819E+00  0.5807819E+00  0.0000000E+00 -0.5807819E+00  0.0000000E+00
  0.5702109E+00  0.5702109E+00  0.0000000E+00 -0.5702109E+00  0.0000000E+00
  0.5596400E+00  0.5596400E+00  0.0000000E+00 -0.5596400E+00  0.0000000E+00
  0.5490690E+00  0.5490690E+00  0.0000000E+00 -0.5490690E+00  0.0000000E+00
  0.5359112E+00  0.5387037E+00  0.0000000E+00 -0.5359112E+00  0.0000000E+00
  0.5201663E+00  0.5285441E+00  0.0000000E+00 -0.5201663E+00  0.0000000E+00
  0.5044215E+00  0.5183843E+00 -0.2234056E-01  0.2495579E+01  0.2495579E+01
  0.4886767E+00  0.5082247E+00 -0.2234056E-01 -0.4886767E+00  0.0000000E+00
  0.4790616E+00  0.4986096E+00 -0.2234056E-01 -0.4790616E+00  0.0000000E+00
  0.4755762E+00  0.4895391E+00 -0.2234056E-01 -0.4755762E+00  0.0000000E+00
  0.4720908E+00  0.4804685E+00  0.0000000E+00 -0.4720908E+00  0.0000000E+00
  0.4686055E+00  0.4713980E+00  0.0000000E+00 -0.4686055E+00  0.0000000E+00
  0.4614058E+00  0.4623377E+00  0.0000000E+00 -0.4614058E+00  0.0000000E+00
  0.4504918E+00  0.4532875E+00  0.0000000E+00 -0.4504918E+00  0.0000000E+00
  0.4395777E+00  0.4442374E+00 -0.7455402E-02 -0.4395777E+00  0.0000000E+00
  0.4286637E+00  0.4351872E+00 -0.7455402E-02 -0.4286637E+00  0.0000000E+00
  0.4189402E+00  0.4263964E+00 -0.7456134E-02 -0.4189402E+00  0.0000000E+00
  0.4104072E+00  0.4178649E+00 -0.7457599E-02  0.5895928E+00  0.5895928E+00
  0.4018743E+00  0.4093333E+00 -0.7459063E-02 -0.4018743E+00  0.0000000E+00
  0.3933413E+00  0.4008018E+00 -0.7460528E-02 -0.3933413E+00  0.0000000E+00
  0.3860698E+00  0.3925984E+00 -0.7461260E-02  0.6139302E+00  0.6139302E+00
  0.3800597E+00  0.3847230E+00 -0.7461260E-02 -0.3800597E+00  0.0000000E+00
  0.3740497E+00  0.3768477E+00  0.0000000E+00 -0.3740497E+00  0.0000000E+00
  0.3680397E+00  0.3689723E+00  0.0000000E+00 -0.3680397E+00  0.0000000E+00
  0.3603374E+00  0.3612712E+00  0.0000000E+00 -0.3603374E+00  0.0000000E+00
  0.3509428E+00  0.3537443E+00  0.0000000E+00 -0.3509428E+00  0.0000000E+00
  0.3415482E+00  0.3462174E+00 -0.7470658E-02 -0.3415482E+00  0.0000000E+00
  0.3321536E+00  0.3386904E+00 -0.7470658E-02 -0.3321536E+00  0.0000000E+00
  0.3231055E+00  0.3315113E+00 -0.8405790E-02  0.6768945E+00  0.6768945E+00
  0.3144039E+00  0.3246799E+00 -0.1027605E-01 -0.3144039E+00  0.0000000E+00
  0.3057023E+00  0.3178486E+00 -0.1214632E-01 -0.3057023E+00  0.0000000E+00
  0.2970007E+00  0.3110173E+00 -0.1401658E-01  0.1702999E+01  0.1702999E+01
  0.2914889E+00  0.3045716E+00 -0.1495171E-01 -0.2914889E+00  0.0000000E+00
  0.2891668E+00  0.2985117E+00 -0.1495171E-01 -0.2891668E+00  0.0000000E+00
  0.2868448E+00  0.2924517E+00  0.0000000E+00 -0.2868448E+00  0.0000000E+00
  0.2845227E+00  0.2863917E+00  0.0000000E+00 -0.2845227E+00  0.0000000E+00
  0.2804125E+00  0.2804125E+00  0.0000000E+00 -0.2804125E+00  0.0000000E+00
  0.2745139E+00  0.2745139E+00  0.0000000E+00 -0.2745139E+00  0.0000000E+00
  0.2686154E+00  0.2686154E+00  0.0000000E+00 -0.2686154E+00  0.0000000E+00
  0.2627169E+00  0.2627169E+00  0.0000000E+00 -0.2627169E+00  0.0000000E+00
  0.2561176E+00  0.2570537E+00  0.0000000E+00 -0.2561176E+00  0.0000000E+00
  0.2488175E+00  0.2516260E+00  0.0000000E+00 -0.2488175E+00  0.0000000E+00
  0.2415174E+00  0.2461983E+00 -0.7489470E-02 -0.2415174E+00  0.0000000E+00
  0.2342173E+00  0.2407706E+00 -0.7489470E-02  0.7657827E+00  0.7657827E+00
  0.2292049E+00  0.2357582E+00 -0.7489470E-02 -0.2292049E+00  0.0000000E+00
  0.2264801E+00  0.2311610E+00 -0.7489470E-02 -0.2264801E+00  0.0000000E+00
  0.2237553E+00  0.2265639E+00  0.0000000E+00 -0.2237553E+00  0.0000000E+00
  0.2210305E+00  0.2219667E+00  0.0000000E+00 -0.2210305E+00  0.0000000E+00
  0.2175814E+00  0.2175814E+00  0.0000000E+00 -0.2175814E+00  0.0000000E+00
  0.2134078E+00  0.2134078E+00  0.0000000E+00 -0.2134078E+00  0.0000000E+00
  0.2092343E+00  0.2092343E+00  0.0000000E+00 -0.2092343E+00  0.0000000E+00
  0.2050608E+00  0.2050608E+00  0.0000000E+00 -0.2050608E+00  0.0000000E+00
  0.2011073E+00  0.2011073E+00  0.0000000E+00 -0.2011073E+00  0.0000000E+00
  0.1973738E+00  0.1973738E+00  0.0000000E+00 -0.1973738E+00  0.0000000E+00
  0.1936403E+00  0.1936403E+00  0.0000000E+00 -0.1936403E+00  0.0000000E+00
  0.1899068E+00  0.1899068E+00  0.0000000E+00 -0.1899068E+00  0.0000000E+00
  0.1863871E+00  0.1863871E+00  0.0000000E+00 -0.1863871E+00  0.0000000E+00
  0.1830812E+00  0.1830812E+00  0.0000000E+00 -0.1830812E+00  0.0000000E+00
  0.1797754E+00  0.1797754E+00  0.0000000E+00 -0.1797754E+00  0.0000000E+00
  0.1764695E+00  0.1764695E+00  0.0000000E+00 -0.1764695E+00  0.0000000E+00
  0.1723795E+00  0.1733187E+00  0.0000000E+00 -0.1723795E+00  0.0000000E+00
  0.1675053E+00  0.1703229E+00  0.0000000E+00 -0.1675053E+00  0.0000000E+00
  0.1626311E+00  0.1673271E+00 -0.7513646E-02 -0.1626311E+00  0.0000000E+00
  0.1577569E+00  0.1643313E+00 -0.7513646E-02 -0.1577569E+00  0.0000000E+00
  0.1549831E+00  0.1615575E+00 -0.7513646E-02  0.8450169E+00  0.8450169E+00
  0.1543097E+00  0.1590058E+00 -0.7513646E-02 -0.1543097E+00  0.0000000E+00
  0.1536364E+00  0.1564540E+00  0.0000000E+00 -0.1536364E+00  0.0000000E+00
  0.1529630E+00  0.1539022E+00  0.0000000E+00 -0.1529630E+00  0.0000000E+00
  0.1513783E+00  0.1513783E+00  0.0000000E+00 -0.1513783E+00  0.0000000E+00
  0.1488825E+00  0.1488825E+00  0.0000000E+00 -0.1488825E+00  0.0000000E+00
  0.1463865E+00  0.1463865E+00  0.0000000E+00 -0.1463865E+00  0.0000000E+00
  0.1438907E+00  0.1438907E+00  0.0000000E+00 -0.1438907E+00  0.0000000E+00
  0.1414482E+00  0.1414482E+00  0.0000000E+00 -0.1414482E+00  0.0000000E+00
  0.1390593E+00  0.1390593E+00  0.0000000E+00 -0.1390593E+00  0.0000000E+00
  0.1366704E+00  0.1366704E+00  0.0000000E+00 -0.1366704E+00  0.0000000E+00
  0.1342814E+00  0.1342814E+00  0.0000000E+00 -0.1342814E+00  0.0000000E+00
  0.1319793E+00  0.1319793E+00  0.0000000E+00 -0.1319793E+00  0.0000000E+00
  0.1297641E+00  0.1297641E+00  0.0000000E+00 -0.1297641E+00  0.0000000E+00
  0.1275488E+00  0.1275488E+00  0.0000000E+00 -0.1275488E+00  0.0000000E+00
  0.1253336E+00  0.1253336E+00  0.0000000E+00 -0.1253336E+00  0.0000000E+00
  0.1231840E+00  0.1231840E+00  0.0000000E+00 -0.1231840E+00  0.0000000E+00
  0.1211000E+00  0.1211000E+00  0.0000000E+00 -0.1211000E+00  0.0000000E+00
  0.1190161E+00  0.1190161E+00  0.0000000E+00 -0.1190161E+00  0.0000000E+00
  0.1169321E+00  0.1169321E+00  0.0000000E+00 -0.1169321E+00  0.0000000E+00
  0.1139726E+00  0.1149153E+00  0.0000000E+00 -0.1139726E+00  0.0000000E+00
  0.1101374E+00  0.1129657E+00  0.0000000E+00 -0.1101374E+00  0.0000000E+00
  0.1063023E+00  0.1110161E+00 -0.7542186E-02 -0.1063023E+00  0.0000000E+00
  0.1024671E+00  0.1090665E+00 -0.7542186E-02  0.8975329E+00  0.8975329E+00
  0.9973203E-01  0.1072748E+00 -0.7542737E-02 -0.9973203E-01  0.0000000E+00
  0.9809703E-01  0.1056409E+00 -0.7543839E-02 -0.9809703E-01  0.0000000E+00
  0.9646205E-01  0.1040070E+00 -0.7544942E-02 -0.9646205E-01  0.0000000E+00
  0.9482706E-01  0.1023731E+00 -0.7546043E-02 -0.9482706E-01  0.0000000E+00
  0.9325904E-01  0.1008063E+00 -0.7547241E-02  0.9067410E+00  0.9067410E+00
  0.9175801E-01  0.9930654E-01 -0.7548534E-02 -0.9175801E-01  0.0000000E+00
  0.9025696E-01  0.9780679E-01 -0.7549827E-02  0.9097431E+00  0.9097431E+00
  0.8875592E-01  0.9630704E-01 -0.7551121E-02 -0.8875592E-01  0.0000000E+00
  0.8822925E-01  0.9483705E-01 -0.7551767E-02 -0.8822925E-01  0.0000000E+00
  0.8867695E-01  0.9339681E-01 -0.7551767E-02 -0.8867695E-01  0.0000000E+00
  0.8912466E-01  0.9195657E-01  0.0000000E+00 -0.8912466E-01  0.0000000E+00
  0.8957236E-01  0.9051633E-01  0.0000000E+00 -0.8957236E-01  0.0000000E+00
  0.8904119E-01  0.8904119E-01  0.0000000E+00 -0.8904119E-01  0.0000000E+00
  0.8753115E-01  0.8753115E-01  0.0000000E+00 -0.8753115E-01  0.0000000E+00
  0.8602110E-01  0.8602110E-01  0.0000000E+00 -0.8602110E-01  0.0000000E+00
  0.8451106E-01  0.8451106E-01  0.0000000E+00 -0.8451106E-01  0.0000000E+00
  0.8305844E-01  0.8305844E-01  0.0000000E+00 -0.8305844E-01  0.0000000E+00
  0.8166323E-01  0.8166323E-01  0.0000000E+00 -0.8166323E-01  0.0000000E+00
  0.8026803E-01  0.8026803E-01  0.0000000E+00 -0.8026803E-01  0.0000000E+00
  0.7887281E-01  0.7887281E-01  0.0000000E+00 -0.7887281E-01  0.0000000E+00
  0.7757353E-01  0.7757353E-01  0.0000000E+00 -0.7757353E-01  0.0000000E+00
  0.7637017E-01  0.7637017E-01  0.0000000E+00 -0.7637017E-01  0.0000000E+00
  0.7516682E-01  0.7516682E-01  0.0000000E+00 -0.7516682E-01  0.0000000E+00
  0.7396346E-01  0.7396346E-01  0.0000000E+00 -0.7396346E-01  0.0000000E+00
  0.7283698E-01  0.7283698E-01  0.0000000E+00 -0.7283698E-01  0.0000000E+00
  0.7178736E-01  0.7178736E-01  0.0000000E+00 -0.7178736E-01  0.0000000E+00
  0.7073775E-01  0.7073775E-01  0.0000000E+00 -0.7073775E-01  0.0000000E+00
  0.6968813E-01  0.6968813E-01  0.0000000E+00 -0.6968813E-01  0.0000000E+00
  0.6775135E-01  0.6869891E-01  0.0000000E+00 -0.6775135E-01  0.0000000E+00
  0.6492739E-01  0.6777009E-01  0.0000000E+00 -0.6492739E-01  0.0000000E+00
  0.6210343E-01  0.6684125E-01 -0.7580520E-02  0.9378965E+00  0.9378965E+00
  0.5927947E-01  0.6591243E-01 -0.7580520E-02 -0.5927947E-01  0.0000000E+00
  0.5753541E-01  0.6511658E-01 -0.7581170E-02 -0.5753541E-01  0.0000000E+00
  0.5687125E-01  0.6445373E-01 -0.7582470E-02 -0.5687125E-01  0.0000000E+00
  0.5620710E-01  0.6379087E-01 -0.7583770E-02  0.9437929E+00  0.9437929E+00
  0.5554294E-01  0.6312802E-01 -0.7585070E-02 -0.5554294E-01  0.0000000E+00
  0.5587118E-01  0.6250868E-01 -0.7585720E-02 -0.5587118E-01  0.0000000E+00
  0.5719180E-01  0.6193288E-01 -0.7585720E-02 -0.5719180E-01  0.0000000E+00
  0.5851243E-01  0.6135707E-01  0.0000000E+00 -0.5851243E-01  0.0000000E+00
  0.5983305E-01  0.6078127E-01  0.0000000E+00 -0.5983305E-01  0.0000000E+00
  0.6012312E-01  0.6012312E-01  0.0000000E+00 -0.6012312E-01  0.0000000E+00
  0.5938264E-01  0.5938264E-01  0.0000000E+00 -0.5938264E-01  0.0000000E+00
  0.5864215E-01  0.5864215E-01  0.0000000E+00 -0.5864215E-01  0.0000000E+00
  0.5790167E-01  0.5790167E-01  0.0000000E+00 -0.5790167E-01  0.0000000E+00
  0.5622229E-01  0.5717229E-01  0.0000000E+00 -0.5622229E-01  0.0000000E+00
  0.5360400E-01  0.5645402E-01  0.0000000E+00 -0.5360400E-01  0.0000000E+00
  0.5098571E-01  0.5573575E-01 -0.7600064E-02  0.9490143E+00  0.9490143E+00
  0.4836743E-01  0.5501749E-01 -0.7600064E-02 -0.4836743E-01  0.0000000E+00
  0.4705828E-01  0.5443055E-01 -0.2185956E-01 -0.4705828E-01  0.0000000E+00
  0.4705828E-01  0.5397495E-01 -0.5037856E-01 -0.4705828E-01  0.0000000E+00
 -0.6884013E-01  0.5351934E-01 -0.7889757E-01  0.6884013E-01  0.6884013E-01
 -0.6884013E-01  0.5306374E-01 -0.1074166E+00  0.6884013E-01  0.6884013E-01
 -0.6884013E-01  0.5283593E-01 -0.1216761E+00  0.6884013E-01  0.6884013E-01
 -0.6884013E-01  0.5283593E-01 -0.1216761E+00  0.1606884E+02  0.1606884E+02
