 File:672013.spo  Solution Type:Thick  fitting  891 channels ( 110-1000)
 Channel#, E(keV),   Data,        Fit, Residual,    Data-Fit
  110,   0.613,        3.,        0.59,   -0.08,        2.41
  111,   0.623,        4.,        0.53,    0.37,        3.47
  112,   0.633,       11.,        0.47,   -0.12,       10.53
  113,   0.643,        1.,        0.40,    0.21,        0.60
  114,   0.653,        5.,        0.34,   -0.36,        4.66
  115,   0.664,        4.,        0.28,   -0.31,        3.72
  116,   0.674,       13.,        0.23,   -0.23,       12.77
  117,   0.684,       12.,        0.18,    0.07,       11.82
  118,   0.694,       10.,        0.14,    0.11,        9.86
  119,   0.704,       12.,        0.13,   -0.19,       11.87
  120,   0.714,        5.,        0.12,    0.29,        4.88
  121,   0.724,       11.,        0.11,    0.14,       10.89
  122,   0.734,       11.,        0.12,    0.27,       10.88
  123,   0.744,       15.,        0.10,   -0.86,       14.90
  124,   0.754,       14.,        0.14,   -1.38,       13.86
  125,   0.764,       23.,        0.18,   -2.00,       22.82
  126,   0.774,       14.,        0.22,   -1.35,       13.78
  127,   0.784,       13.,        0.32,   -1.31,       12.68
  128,   0.794,       15.,        0.42,   -1.68,       14.58
  129,   0.804,       14.,        0.60,   -1.93,       13.40
  130,   0.814,       20.,        0.78,   -1.83,       19.22
  131,   0.824,       21.,        1.03,   -1.67,       19.97
  132,   0.834,       32.,        1.35,   -1.33,       30.65
  133,   0.844,       21.,        1.80,   -0.70,       19.20
  134,   0.854,       23.,        2.39,   -0.96,       20.61
  135,   0.864,       25.,        3.19,   -0.30,       21.81
  136,   0.874,       31.,        4.25,    0.28,       26.75
  137,   0.884,       35.,        5.63,    0.34,       29.37
  138,   0.894,       47.,        7.39,    0.69,       39.61
  139,   0.904,       46.,        9.61,    0.73,       36.39
  140,   0.914,       43.,       12.32,    0.94,       30.68
  141,   0.925,       51.,       15.57,    1.95,       35.43
  142,   0.935,       54.,       19.35,    1.28,       34.65
  143,   0.945,       60.,       23.64,    1.01,       36.36
  144,   0.955,       70.,       28.35,    1.57,       41.65
  145,   0.965,       70.,       33.36,    1.20,       36.64
  146,   0.975,       80.,       38.51,    0.88,       41.49
  147,   0.985,       95.,       43.58,    0.96,       51.42
  148,   0.995,       82.,       48.34,    0.19,       33.66
  149,   1.005,       88.,       52.54,    0.65,       35.46
  150,   1.015,      104.,       56.03,    0.37,       47.97
  151,   1.025,      104.,       58.56,   -0.30,       45.44
  152,   1.035,       93.,       59.96,   -0.18,       33.04
  153,   1.045,      111.,       60.19,   -0.59,       50.81
  154,   1.055,       94.,       59.25,   -0.55,       34.75
  155,   1.065,      122.,       57.23,    0.10,       64.77
  156,   1.075,       96.,       54.33,    0.95,       41.67
  157,   1.085,       83.,       50.73,    1.08,       32.27
  158,   1.095,       94.,       46.70,    1.20,       47.30
  159,   1.105,       80.,       42.51,    1.31,       37.49
  160,   1.115,       95.,       38.43,    1.36,       56.57
  161,   1.125,       89.,       34.71,    1.76,       54.29
  162,   1.135,       94.,       31.54,    2.61,       62.46
  163,   1.145,       80.,       29.06,    0.75,       50.94
  164,   1.155,       70.,       27.34,    0.91,       42.66
  165,   1.165,       82.,       26.41,    1.78,       55.59
  166,   1.175,       75.,       26.19,    1.63,       48.81
  167,   1.186,       66.,       26.58,    2.13,       39.42
  168,   1.196,       89.,       27.42,    1.67,       61.58
  169,   1.206,       80.,       28.53,    1.19,       51.47
  170,   1.216,       58.,       29.77,    1.56,       28.23
  171,   1.226,       73.,       30.94,    0.52,       42.06
  172,   1.236,       77.,       31.84,   -0.37,       45.16
  173,   1.246,       75.,       32.38,   -0.46,       42.62
  174,   1.256,       79.,       32.51,   -0.97,       46.49
  175,   1.266,       75.,       32.20,   -0.04,       42.80
  176,   1.276,       75.,       31.50,   -0.35,       43.50
  177,   1.286,       83.,       30.48,   -0.40,       52.52
  178,   1.296,       58.,       29.33,    1.17,       28.67
  179,   1.306,       60.,       28.33,    1.53,       31.67
  180,   1.316,       72.,       27.60,    1.81,       44.40
  181,   1.326,       55.,       27.40,    1.20,       27.60
  182,   1.336,       74.,       27.96,    0.91,       46.04
  183,   1.346,       66.,       29.51,    0.87,       36.49
  184,   1.356,       62.,       32.22,    0.75,       29.78
  185,   1.366,       82.,       36.22,   -0.94,       45.78
  186,   1.376,       93.,       41.61,   -0.14,       51.39
  187,   1.386,       78.,       48.27,   -0.26,       29.73
  188,   1.396,       76.,       56.10,    0.28,       19.90
  189,   1.406,       92.,       64.89,    0.82,       27.11
  190,   1.416,       94.,       74.27,    0.12,       19.73
  191,   1.426,      107.,       83.85,    0.09,       23.15
  192,   1.436,      106.,       93.16,    1.10,       12.84
  193,   1.447,      145.,      101.71,    0.97,       43.29
  194,   1.457,      121.,      109.06,   -0.18,       11.94
  195,   1.467,      147.,      114.76,   -0.77,       32.24
  196,   1.477,      134.,      118.44,   -1.12,       15.56
  197,   1.487,      138.,      119.88,   -0.63,       18.12
  198,   1.497,      137.,      119.05,    0.04,       17.95
  199,   1.507,      152.,      116.12,   -0.16,       35.88
  200,   1.517,      141.,      111.24,    0.00,       29.76
  201,   1.527,      118.,      104.81,   -0.09,       13.19
  202,   1.537,       89.,       97.33,    0.16,       -8.33
  203,   1.547,       85.,       89.36,   -0.66,       -4.36
  204,   1.557,      106.,       81.53,    0.00,       24.47
  205,   1.567,       84.,       74.44,   -1.07,        9.56
  206,   1.577,       81.,       68.67,   -0.68,       12.33
  207,   1.587,       69.,       64.72,   -1.44,        4.28
  208,   1.597,       80.,       63.02,   -1.26,       16.98
  209,   1.607,       65.,       63.88,   -1.75,        1.12
  210,   1.617,       66.,       67.50,   -1.23,       -1.50
  211,   1.627,       90.,       73.94,   -1.66,       16.06
  212,   1.637,       65.,       83.04,   -1.82,      -18.04
  213,   1.647,      114.,       94.58,   -1.83,       19.42
  214,   1.657,      129.,      108.05,   -0.81,       20.95
  215,   1.667,      128.,      122.89,   -1.04,        5.11
  216,   1.677,      134.,      138.40,   -1.18,       -4.40
  217,   1.687,      153.,      153.75,   -1.07,       -0.75
  218,   1.697,      160.,      168.10,   -0.35,       -8.10
  219,   1.708,      191.,      180.62,   -0.48,       10.38
  220,   1.718,      195.,      190.55,    0.43,        4.45
  221,   1.728,      226.,      197.27,    0.22,       28.73
  222,   1.738,      186.,      200.28,   -0.50,      -14.28
  223,   1.748,      207.,      199.56,   -0.56,        7.44
  224,   1.758,      212.,      195.09,    0.02,       16.91
  225,   1.768,      222.,      187.06,    0.60,       34.94
  226,   1.778,      177.,      176.02,    1.03,        0.98
  227,   1.788,      172.,      162.61,    0.37,        9.39
  228,   1.798,      153.,      147.50,    0.28,        5.50
  229,   1.808,      139.,      131.42,    0.31,        7.58
  230,   1.818,      118.,      115.13,    1.27,        2.87
  231,   1.828,      115.,       99.28,    0.94,       15.72
  232,   1.838,      107.,       84.41,    0.50,       22.59
  233,   1.848,       74.,       70.92,   -0.46,        3.08
  234,   1.858,       67.,       59.06,    0.04,        7.94
  235,   1.868,       47.,       48.97,    0.11,       -1.97
  236,   1.878,       62.,       40.66,    0.49,       21.34
  237,   1.888,       50.,       34.03,    0.16,       15.97
  238,   1.898,       35.,       28.95,    0.64,        6.05
  239,   1.908,       35.,       25.21,    0.59,        9.79
  240,   1.918,       35.,       22.57,    0.47,       12.43
  241,   1.928,       37.,       20.84,    0.83,       16.16
  242,   1.938,       32.,       19.78,    0.92,       12.22
  243,   1.948,       24.,       19.22,    1.80,        4.78
  244,   1.958,       29.,       18.95,    1.32,       10.05
  245,   1.969,       31.,       18.82,    0.69,       12.18
  246,   1.979,       29.,       18.71,    0.88,       10.29
  247,   1.989,       19.,       18.53,    0.48,        0.47
  248,   1.999,       31.,       18.21,    0.54,       12.79
  249,   2.009,       24.,       17.67,   -0.19,        6.33
  250,   2.019,       26.,       16.94,   -1.13,        9.06
  251,   2.029,       23.,       16.04,   -1.62,        6.96
  252,   2.039,       19.,       15.02,   -1.47,        3.98
  253,   2.049,       24.,       13.84,   -1.26,       10.16
  254,   2.059,       11.,       12.66,   -0.93,       -1.66
  255,   2.069,       18.,       11.42,   -0.12,        6.58
  256,   2.079,       15.,       10.21,    0.17,        4.79
  257,   2.089,        7.,        9.11,    0.57,       -2.11
  258,   2.099,        7.,        8.14,    0.10,       -1.14
  259,   2.109,        9.,        7.38,   -0.34,        1.62
  260,   2.119,       14.,        6.87,   -0.32,        7.13
  261,   2.129,       18.,        6.62,   -0.68,       11.38
  262,   2.139,       13.,        6.84,    0.12,        6.16
  263,   2.149,       17.,        7.46,   -0.97,        9.54
  264,   2.159,       10.,        8.48,   -1.00,        1.52
  265,   2.169,       15.,       10.08,   -0.99,        4.92
  266,   2.179,       11.,       12.18,    0.64,       -1.18
  267,   2.189,       13.,       14.80,    0.43,       -1.80
  268,   2.199,       17.,       17.94,   -0.46,       -0.94
  269,   2.209,       21.,       21.53,   -1.17,       -0.53
  270,   2.219,       26.,       25.46,   -2.17,        0.54
  271,   2.229,       28.,       29.73,   -1.40,       -1.73
  272,   2.240,       30.,       34.08,   -1.20,       -4.08
  273,   2.250,       54.,       38.44,   -1.50,       15.56
  274,   2.260,       42.,       42.52,   -1.74,       -0.52
  275,   2.270,       44.,       46.22,   -1.11,       -2.22
  276,   2.280,       48.,       49.29,   -0.20,       -1.29
  277,   2.290,       43.,       51.54,    0.48,       -8.54
  278,   2.300,       71.,       52.86,    0.36,       18.14
  279,   2.310,       54.,       53.21,    0.58,        0.79
  280,   2.320,       55.,       52.53,    0.65,        2.47
  281,   2.330,       47.,       50.93,   -0.25,       -3.93
  282,   2.340,       57.,       48.48,   -0.03,        8.52
  283,   2.350,       57.,       45.32,   -0.10,       11.68
  284,   2.360,       48.,       41.69,    0.08,        6.31
  285,   2.370,       38.,       37.75,    0.80,        0.25
  286,   2.380,       34.,       33.66,    0.43,        0.34
  287,   2.390,       27.,       29.65,    0.39,       -2.65
  288,   2.400,       29.,       25.87,   -0.29,        3.13
  289,   2.410,       24.,       22.46,    1.16,        1.54
  290,   2.420,       22.,       19.53,    0.47,        2.47
  291,   2.430,       20.,       17.16,    0.34,        2.84
  292,   2.440,       18.,       15.39,   -0.29,        2.61
  293,   2.450,       24.,       14.27,   -0.56,        9.73
  294,   2.460,       20.,       13.80,   -0.78,        6.20
  295,   2.470,       16.,       14.02,   -0.13,        1.98
  296,   2.480,       25.,       14.93,    1.02,       10.07
  297,   2.490,       12.,       16.51,    0.47,       -4.51
  298,   2.501,       29.,       18.75,    0.22,       10.25
  299,   2.511,       23.,       21.62,    0.17,        1.38
  300,   2.521,       23.,       25.07,    0.72,       -2.07
  301,   2.531,       25.,       28.99,    0.16,       -3.99
  302,   2.541,       44.,       33.30,    0.81,       10.70
  303,   2.551,       56.,       37.77,    1.02,       18.23
  304,   2.561,       37.,       42.34,    0.17,       -5.34
  305,   2.571,       43.,       46.69,    0.22,       -3.69
  306,   2.581,       50.,       50.70,    0.20,       -0.70
  307,   2.591,       64.,       54.10,    0.60,        9.90
  308,   2.601,       53.,       56.68,    0.94,       -3.68
  309,   2.611,       75.,       58.35,    0.94,       16.65
  310,   2.621,       65.,       58.94,    0.50,        6.06
  311,   2.631,       52.,       58.51,   -0.54,       -6.51
  312,   2.641,       58.,       56.96,   -0.10,        1.04
  313,   2.651,       59.,       54.41,    0.58,        4.59
  314,   2.661,       57.,       51.04,    0.32,        5.96
  315,   2.671,       49.,       47.09,   -0.60,        1.91
  316,   2.681,       35.,       42.71,   -0.58,       -7.71
  317,   2.691,       37.,       38.12,   -1.65,       -1.12
  318,   2.701,       32.,       33.51,   -2.09,       -1.51
  319,   2.711,       28.,       29.08,   -1.27,       -1.08
  320,   2.721,       36.,       24.96,   -1.32,       11.04
  321,   2.731,       13.,       21.27,   -1.72,       -8.27
  322,   2.741,       16.,       18.05,   -1.97,       -2.05
  323,   2.751,       14.,       15.33,   -1.35,       -1.33
  324,   2.762,       15.,       13.10,   -0.92,        1.90
  325,   2.772,        9.,       11.30,   -0.27,       -2.30
  326,   2.782,        8.,        9.88,    0.42,       -1.88
  327,   2.792,       12.,        8.76,    0.19,        3.24
  328,   2.802,       10.,        7.88,   -0.82,        2.12
  329,   2.812,       11.,        7.17,    0.29,        3.83
  330,   2.822,       15.,        6.56,    0.77,        8.44
  331,   2.832,        8.,        6.02,    1.18,        1.98
  332,   2.842,        7.,        5.51,    0.62,        1.49
  333,   2.852,       12.,        5.01,    1.01,        6.99
  334,   2.862,        4.,        4.51,    1.51,       -0.51
  335,   2.872,        4.,        3.97,    0.86,        0.03
  336,   2.882,        6.,        3.44,    1.34,        2.56
  337,   2.892,        4.,        2.99,    0.19,        1.01
  338,   2.902,        6.,        2.55,   -0.83,        3.45
  339,   2.912,        5.,        2.14,   -0.69,        2.86
  340,   2.922,        5.,        1.75,   -0.21,        3.25
  341,   2.932,        7.,        1.41,   -0.80,        5.59
  342,   2.942,        2.,        1.12,   -0.51,        0.88
  343,   2.952,        3.,        0.87,    0.42,        2.13
  344,   2.962,        2.,        0.65,    0.81,        1.35
  345,   2.972,        3.,        0.48,    0.69,        2.52
  346,   2.982,        5.,        0.36,    1.02,        4.64
  347,   2.992,        6.,        0.26,    1.48,        5.74
  348,   3.002,        4.,        0.12,    1.33,        3.88
  349,   3.012,        6.,        0.08,    1.68,        5.92
  350,   3.023,        6.,        0.00,    1.16,        6.00
  351,   3.033,        4.,        0.00,    1.52,        4.00
  352,   3.043,        5.,        0.00,    1.39,        5.00
  353,   3.053,        2.,        0.00,    1.37,        2.00
  354,   3.063,        2.,        0.02,    1.04,        1.98
  355,   3.073,        3.,        0.08,    0.51,        2.92
  356,   3.083,        1.,        0.17,   -0.29,        0.83
  357,   3.093,        7.,        0.25,   -0.59,        6.75
  358,   3.103,        1.,        0.37,   -0.03,        0.63
  359,   3.113,        4.,        0.53,   -1.11,        3.47
  360,   3.123,        2.,        0.75,   -1.41,        1.25
  361,   3.133,        4.,        1.05,   -1.39,        2.95
  362,   3.143,        2.,        1.44,   -1.15,        0.56
  363,   3.153,        2.,        1.94,   -0.69,        0.06
  364,   3.163,        3.,        2.57,   -0.22,        0.43
  365,   3.173,        6.,        3.34,    0.26,        2.66
  366,   3.183,       10.,        4.27,   -0.96,        5.73
  367,   3.193,        4.,        5.36,   -0.34,       -1.36
  368,   3.203,        7.,        6.60,   -0.11,        0.40
  369,   3.213,       14.,        7.98,    0.07,        6.02
  370,   3.223,       12.,        9.49,   -0.27,        2.51
  371,   3.233,       14.,       11.07,   -0.13,        2.93
  372,   3.243,       18.,       12.67,    0.05,        5.33
  373,   3.253,       20.,       14.25,    0.53,        5.75
  374,   3.263,       12.,       15.73,    1.20,       -3.73
  375,   3.273,       21.,       17.05,    0.76,        3.95
  376,   3.284,       18.,       18.14,    0.23,       -0.14
  377,   3.294,       22.,       18.94,    0.72,        3.06
  378,   3.304,       19.,       19.41,    0.16,       -0.41
  379,   3.314,       19.,       19.53,   -0.37,       -0.53
  380,   3.324,       22.,       19.28,   -0.38,        2.72
  381,   3.334,       24.,       18.69,   -1.19,        5.31
  382,   3.344,       25.,       17.78,   -1.65,        7.22
  383,   3.354,       18.,       16.60,   -1.24,        1.40
  384,   3.364,        8.,       15.21,   -1.39,       -7.21
  385,   3.374,       19.,       13.72,   -0.82,        5.28
  386,   3.384,       14.,       12.18,   -0.34,        1.82
  387,   3.394,        8.,       10.65,    0.06,       -2.65
  388,   3.404,       14.,        9.31,    0.75,        4.69
  389,   3.414,        9.,        8.10,    0.64,        0.90
  390,   3.424,       10.,        7.16,    0.92,        2.84
  391,   3.434,        7.,        6.56,    0.42,        0.44
  392,   3.444,        9.,        6.47,    0.64,        2.53
  393,   3.454,        8.,        6.98,    0.40,        1.02
  394,   3.464,       14.,        8.33,    0.43,        5.67
  395,   3.474,       12.,       10.67,    0.69,        1.33
  396,   3.484,       18.,       14.32,    0.29,        3.68
  397,   3.494,       29.,       19.65,    0.52,        9.35
  398,   3.504,       35.,       27.08,    0.64,        7.92
  399,   3.514,       43.,       37.11,    0.33,        5.89
  400,   3.524,       51.,       50.28,   -0.75,        0.72
  401,   3.534,       57.,       67.09,   -0.34,      -10.09
  402,   3.545,       88.,       88.20,   -0.75,       -0.20
  403,   3.555,      109.,      113.92,   -1.82,       -4.92
  404,   3.565,      135.,      144.67,   -2.03,       -9.67
  405,   3.575,      200.,      180.46,   -1.04,       19.54
  406,   3.585,      220.,      221.05,   -0.90,       -1.05
  407,   3.595,      276.,      265.89,    0.18,       10.11
  408,   3.605,      306.,      314.04,    1.38,       -8.04
  409,   3.615,      367.,      364.17,    0.63,        2.83
  410,   3.625,      404.,      414.63,    1.15,      -10.63
  411,   3.635,      434.,      463.46,    1.62,      -29.46
  412,   3.645,      515.,      508.59,    2.27,        6.41
  413,   3.655,      564.,      547.89,    1.48,       16.11
  414,   3.665,      571.,      579.43,    0.35,       -8.43
  415,   3.675,      642.,      601.54,   -0.25,       40.46
  416,   3.685,      678.,      613.03,   -0.41,       64.97
  417,   3.695,      577.,      613.27,   -0.14,      -36.27
  418,   3.705,      620.,      602.25,   -0.25,       17.75
  419,   3.715,      608.,      580.54,    0.14,       27.46
  420,   3.725,      580.,      549.32,    0.70,       30.68
  421,   3.735,      454.,      510.33,    0.47,      -56.33
  422,   3.745,      421.,      465.39,    0.37,      -44.39
  423,   3.755,      382.,      416.63,    0.57,      -34.63
  424,   3.765,      367.,      366.20,   -0.08,        0.80
  425,   3.775,      317.,      315.97,   -1.57,        1.03
  426,   3.785,      272.,      267.90,   -0.74,        4.10
  427,   3.795,      235.,      223.22,   -1.13,       11.78
  428,   3.806,      188.,      182.96,   -1.79,        5.04
  429,   3.816,      138.,      147.75,   -2.64,       -9.75
  430,   3.826,      116.,      117.88,   -1.18,       -1.88
  431,   3.836,       96.,       93.32,   -0.10,        2.68
  432,   3.846,       78.,       73.95,    1.34,        4.05
  433,   3.856,       51.,       59.31,    2.09,       -8.31
  434,   3.866,       52.,       48.91,    1.51,        3.09
  435,   3.876,       46.,       42.25,    1.89,        3.75
  436,   3.886,       45.,       38.79,    1.61,        6.21
  437,   3.896,       20.,       38.01,    1.55,      -18.01
  438,   3.906,       35.,       39.41,    0.61,       -4.41
  439,   3.916,       43.,       42.53,   -0.75,        0.47
  440,   3.926,       51.,       46.93,   -1.39,        4.07
  441,   3.936,       46.,       52.19,   -1.79,       -6.19
  442,   3.946,       56.,       57.90,   -1.31,       -1.90
  443,   3.956,       61.,       63.67,   -2.01,       -2.67
  444,   3.966,       58.,       69.15,   -1.61,      -11.15
  445,   3.976,       58.,       73.99,   -1.82,      -15.99
  446,   3.986,       60.,       77.83,   -1.49,      -17.83
  447,   3.996,       64.,       80.59,   -0.91,      -16.59
  448,   4.006,       80.,       81.94,   -1.46,       -1.94
  449,   4.016,       79.,       81.92,   -1.37,       -2.92
  450,   4.026,       88.,       80.43,   -0.95,        7.57
  451,   4.036,       61.,       77.56,   -1.25,      -16.56
  452,   4.046,       82.,       73.46,   -1.10,        8.54
  453,   4.056,       68.,       68.32,   -0.55,       -0.32
  454,   4.067,       53.,       62.40,   -0.04,       -9.40
  455,   4.077,       64.,       55.97,    0.41,        8.03
  456,   4.087,       39.,       49.29,    0.90,      -10.29
  457,   4.097,       47.,       42.63,    0.94,        4.37
  458,   4.107,       39.,       36.21,    1.10,        2.79
  459,   4.117,       26.,       30.19,    0.76,       -4.19
  460,   4.127,       23.,       24.72,    1.62,       -1.72
  461,   4.137,       18.,       19.88,    0.95,       -1.88
  462,   4.147,        6.,       15.63,    0.71,       -9.63
  463,   4.157,       12.,       12.12,    0.79,       -0.12
  464,   4.167,        4.,        9.23,   -0.23,       -5.23
  465,   4.177,        5.,        6.90,   -0.03,       -1.90
  466,   4.187,        3.,        5.07,   -0.45,       -2.07
  467,   4.197,        8.,        3.65,   -0.74,        4.35
  468,   4.207,        1.,        2.59,   -0.16,       -1.59
  469,   4.217,        0.,        1.80,   -0.79,       -1.80
  470,   4.227,        2.,        1.19,   -0.26,        0.81
  471,   4.237,        0.,        0.79,    0.69,       -0.79
  472,   4.247,        2.,        0.52,    0.16,        1.48
  473,   4.257,        1.,        0.34,    1.15,        0.66
  474,   4.267,        0.,        0.21,    0.80,       -0.21
  475,   4.277,        1.,        0.09,    1.28,        0.91
  476,   4.287,        0.,        0.00,    0.88,        0.00
  477,   4.297,        0.,        0.00,    0.89,        0.00
  478,   4.307,        0.,        0.00,    1.11,        0.00
  479,   4.317,        0.,        0.00,    0.86,        0.00
  480,   4.328,        0.,        0.00,    0.53,        0.00
  481,   4.338,        0.,        0.00,    0.47,        0.00
  482,   4.348,        0.,        0.00,    0.22,        0.00
  483,   4.358,        0.,        0.00,    0.13,        0.00
  484,   4.368,        0.,        0.00,   -0.14,        0.00
  485,   4.378,        1.,        0.00,    0.22,        1.00
  486,   4.388,        1.,        0.00,    0.13,        1.00
  487,   4.398,        0.,        0.00,    0.03,        0.00
  488,   4.408,        1.,        0.00,    0.19,        1.00
  489,   4.418,        1.,        0.00,    0.15,        1.00
  490,   4.428,        1.,        0.00,    0.23,        1.00
  491,   4.438,        0.,        0.00,    0.21,        0.00
  492,   4.448,        0.,        0.00,    0.20,        0.00
  493,   4.458,        1.,        0.00,    0.36,        1.00
  494,   4.468,        1.,        0.00,    0.25,        1.00
  495,   4.478,        0.,        0.00,    0.36,        0.00
  496,   4.488,        1.,        0.00,    0.36,        1.00
  497,   4.498,        0.,        0.00,    0.25,        0.00
  498,   4.508,        0.,        0.00,    0.13,        0.00
  499,   4.518,        0.,        0.00,    0.02,        0.00
  500,   4.528,        0.,        0.00,    0.13,        0.00
  501,   4.538,        1.,        0.00,    0.13,        1.00
  502,   4.548,        0.,        0.00,   -0.04,        0.00
  503,   4.558,        2.,        0.00,   -0.09,        2.00
  504,   4.568,        0.,        0.00,   -0.04,        0.00
  505,   4.578,        0.,        0.00,   -0.15,        0.00
  506,   4.589,        0.,        0.00,   -0.10,        0.00
  507,   4.599,        0.,        0.00,   -0.04,        0.00
  508,   4.609,        1.,        0.00,    0.01,        1.00
  509,   4.619,        0.,        0.00,    0.01,        0.00
  510,   4.629,        0.,        0.00,   -0.10,        0.00
  511,   4.639,        0.,        0.00,    0.07,        0.00
  512,   4.649,        0.,        0.00,   -0.10,        0.00
  513,   4.659,        0.,        0.00,   -0.10,        0.00
  514,   4.669,        0.,        0.00,   -0.05,        0.00
  515,   4.679,        0.,        0.00,   -0.05,        0.00
  516,   4.689,        0.,        0.00,   -0.10,        0.00
  517,   4.699,        0.,        0.00,   -0.22,        0.00
  518,   4.709,        0.,        0.00,   -0.22,        0.00
  519,   4.719,        1.,        0.00,   -0.16,        1.00
  520,   4.729,        0.,        0.00,   -0.16,        0.00
  521,   4.739,        0.,        0.00,   -0.11,        0.00
  522,   4.749,        0.,        0.00,   -0.11,        0.00
  523,   4.759,        0.,        0.00,   -0.11,        0.00
  524,   4.769,        0.,        0.00,   -0.11,        0.00
  525,   4.779,        0.,        0.00,    0.01,        0.00
  526,   4.789,        0.,        0.00,    0.06,        0.00
  527,   4.799,        0.,        0.00,    0.06,        0.00
  528,   4.809,        0.,        0.00,   -0.05,        0.00
  529,   4.819,        0.,        0.00,   -0.05,        0.00
  530,   4.829,        0.,        0.00,    0.06,        0.00
  531,   4.839,        0.,        0.00,    0.06,        0.00
  532,   4.849,        0.,        0.00,    0.06,        0.00
  533,   4.860,        1.,        0.00,    0.06,        1.00
  534,   4.870,        0.,        0.00,    0.01,        0.00
  535,   4.880,        0.,        0.00,    0.01,        0.00
  536,   4.890,        0.,        0.00,    0.01,        0.00
  537,   4.900,        0.,        0.00,    0.06,        0.00
  538,   4.910,        1.,        0.00,    0.06,        1.00
  539,   4.920,        0.,        0.00,    0.06,        0.00
  540,   4.930,        0.,        0.00,    0.06,        0.00
  541,   4.940,        0.,        0.00,    0.06,        0.00
  542,   4.950,        0.,        0.00,   -0.05,        0.00
  543,   4.960,        0.,        0.00,    0.06,        0.00
  544,   4.970,        0.,        0.00,    0.06,        0.00
  545,   4.980,        0.,        0.00,    0.06,        0.00
  546,   4.990,        0.,        0.00,    0.06,        0.00
  547,   5.000,        0.,        0.00,   -0.05,        0.00
  548,   5.010,        0.,        0.00,   -0.05,        0.00
  549,   5.020,        0.,        0.00,   -0.05,        0.00
  550,   5.030,        0.,        0.00,   -0.05,        0.00
  551,   5.040,        1.,        0.00,    0.00,        1.00
  552,   5.050,        0.,        0.00,    0.00,        0.00
  553,   5.060,        0.,        0.00,    0.00,        0.00
  554,   5.070,        0.,        0.00,    0.00,        0.00
  555,   5.080,        0.,        0.00,    0.00,        0.00
  556,   5.090,        0.,        0.00,    0.06,        0.00
  557,   5.100,        0.,        0.00,    0.06,        0.00
  558,   5.110,        0.,        0.00,    0.05,        0.00
  559,   5.121,        0.,        0.00,    0.05,        0.00
  560,   5.131,        0.,        0.00,    0.05,        0.00
  561,   5.141,        0.,        0.00,   -0.06,        0.00
  562,   5.151,        0.,        0.00,   -0.06,        0.00
  563,   5.161,        0.,        0.00,   -0.06,        0.00
  564,   5.171,        0.,        0.00,   -0.06,        0.00
  565,   5.181,        0.,        0.00,   -0.06,        0.00
  566,   5.191,        0.,        0.00,   -0.06,        0.00
  567,   5.201,        0.,        0.00,   -0.06,        0.00
  568,   5.211,        0.,        0.00,   -0.06,        0.00
  569,   5.221,        0.,        0.00,   -0.06,        0.00
  570,   5.231,        0.,        0.00,    0.00,        0.00
  571,   5.241,        0.,        0.00,    0.00,        0.00
  572,   5.251,        0.,        0.00,   -0.06,        0.00
  573,   5.261,        0.,        0.00,   -0.06,        0.00
  574,   5.271,        0.,        0.00,   -0.06,        0.00
  575,   5.281,        0.,        0.00,   -0.06,        0.00
  576,   5.291,        0.,        0.00,   -0.06,        0.00
  577,   5.301,        0.,        0.00,   -0.06,        0.00
  578,   5.311,        0.,        0.00,   -0.06,        0.00
  579,   5.321,        0.,        0.00,   -0.06,        0.00
  580,   5.331,        0.,        0.00,   -0.06,        0.00
  581,   5.341,        0.,        0.00,    0.05,        0.00
  582,   5.351,        0.,        0.00,    0.05,        0.00
  583,   5.361,        0.,        0.00,    0.05,        0.00
  584,   5.371,        0.,        0.00,    0.05,        0.00
  585,   5.382,        0.,        0.00,    0.00,        0.00
  586,   5.392,        0.,        0.00,    0.00,        0.00
  587,   5.402,        0.,        0.00,    0.00,        0.00
  588,   5.412,        0.,        0.00,    0.00,        0.00
  589,   5.422,        0.,        0.00,    0.00,        0.00
  590,   5.432,        1.,        0.00,    0.00,        1.00
  591,   5.442,        0.,        0.00,    0.00,        0.00
  592,   5.452,        0.,        0.00,    0.00,        0.00
  593,   5.462,        0.,        0.00,    0.00,        0.00
  594,   5.472,        0.,        0.00,    0.11,        0.00
  595,   5.482,        0.,        0.00,    0.11,        0.00
  596,   5.492,        0.,        0.00,    0.11,        0.00
  597,   5.502,        0.,        0.00,    0.11,        0.00
  598,   5.512,        0.,        0.00,    0.11,        0.00
  599,   5.522,        0.,        0.00,    0.11,        0.00
  600,   5.532,        0.,        0.00,    0.00,        0.00
  601,   5.542,        0.,        0.00,    0.00,        0.00
  602,   5.552,        0.,        0.00,    0.00,        0.00
  603,   5.562,        1.,        0.00,    0.00,        1.00
  604,   5.572,        0.,        0.00,    0.00,        0.00
  605,   5.582,        0.,        0.00,    0.00,        0.00
  606,   5.592,        0.,        0.00,    0.00,        0.00
  607,   5.602,        0.,        0.00,    0.00,        0.00
  608,   5.612,        0.,        0.00,    0.00,        0.00
  609,   5.622,        0.,        0.00,    0.05,        0.00
  610,   5.632,        0.,        0.00,    0.05,        0.00
  611,   5.643,        0.,        0.00,    0.05,        0.00
  612,   5.653,        0.,        0.00,    0.05,        0.00
  613,   5.663,        0.,        0.00,   -0.06,        0.00
  614,   5.673,        0.,        0.00,   -0.06,        0.00
  615,   5.683,        0.,        0.00,   -0.06,        0.00
  616,   5.693,        0.,        0.00,   -0.06,        0.00
  617,   5.703,        0.,        0.00,   -0.06,        0.00
  618,   5.713,        0.,        0.00,   -0.06,        0.00
  619,   5.723,        0.,        0.00,   -0.06,        0.00
  620,   5.733,        0.,        0.00,   -0.06,        0.00
  621,   5.743,        0.,        0.00,   -0.06,        0.00
  622,   5.753,        0.,        0.00,    0.00,        0.00
  623,   5.763,        0.,        0.00,    0.00,        0.00
  624,   5.773,        0.,        0.00,    0.00,        0.00
  625,   5.783,        0.,        0.00,    0.00,        0.00
  626,   5.793,        0.,        0.00,    0.00,        0.00
  627,   5.803,        0.,        0.00,    0.00,        0.00
  628,   5.813,        0.,        0.00,    0.00,        0.00
  629,   5.823,        0.,        0.00,    0.00,        0.00
  630,   5.833,        0.,        0.00,    0.00,        0.00
  631,   5.843,        0.,        0.00,    0.00,        0.00
  632,   5.853,        0.,        0.00,    0.00,        0.00
  633,   5.863,        0.,        0.00,    0.00,        0.00
  634,   5.873,        0.,        0.00,    0.00,        0.00
  635,   5.883,        0.,        0.00,   -0.06,        0.00
  636,   5.893,        0.,        0.00,   -0.06,        0.00
  637,   5.904,        0.,        0.00,   -0.06,        0.00
  638,   5.914,        0.,        0.00,   -0.06,        0.00
  639,   5.924,        0.,        0.00,   -0.06,        0.00
  640,   5.934,        0.,        0.00,   -0.06,        0.00
  641,   5.944,        0.,        0.00,   -0.06,        0.00
  642,   5.954,        0.,        0.00,   -0.06,        0.00
  643,   5.964,        0.,        0.00,   -0.06,        0.00
  644,   5.974,        0.,        0.00,    0.05,        0.00
  645,   5.984,        0.,        0.00,    0.05,        0.00
  646,   5.994,        0.,        0.00,    0.05,        0.00
  647,   6.004,        0.,        0.00,    0.05,        0.00
  648,   6.014,        0.,        0.00,    0.05,        0.00
  649,   6.024,        0.,        0.00,    0.05,        0.00
  650,   6.034,        0.,        0.00,    0.00,        0.00
  651,   6.044,        0.,        0.00,    0.00,        0.00
  652,   6.054,        0.,        0.00,    0.00,        0.00
  653,   6.064,        1.,        0.00,    0.00,        1.00
  654,   6.074,        0.,        0.00,    0.00,        0.00
  655,   6.084,        0.,        0.00,    0.00,        0.00
  656,   6.094,        0.,        0.00,    0.00,        0.00
  657,   6.104,        0.,        0.00,   -0.06,        0.00
  658,   6.114,        0.,        0.00,   -0.11,        0.00
  659,   6.124,        0.,        0.00,   -0.01,        0.00
  660,   6.134,        0.,        0.00,   -0.01,        0.00
  661,   6.144,        0.,        0.00,   -0.01,        0.00
  662,   6.154,        0.,        0.00,   -0.01,        0.00
  663,   6.165,        0.,        0.00,   -0.11,        0.00
  664,   6.175,        0.,        0.00,   -0.11,        0.00
  665,   6.185,        0.,        0.00,   -0.11,        0.00
  666,   6.195,        0.,        0.00,   -0.01,        0.00
  667,   6.205,        0.,        0.00,    0.05,        0.00
  668,   6.215,        1.,        0.00,    0.05,        1.00
  669,   6.225,        0.,        0.00,    0.05,        0.00
  670,   6.235,        0.,        0.00,    0.05,        0.00
  671,   6.245,        0.,        0.00,    0.05,        0.00
  672,   6.255,        0.,        0.00,    0.10,        0.00
  673,   6.265,        0.,        0.00,    0.05,        0.00
  674,   6.275,        0.,        0.00,    0.01,        0.00
  675,   6.285,        1.,        0.00,    0.01,        1.00
  676,   6.295,        1.,        0.00,    0.11,        1.00
  677,   6.305,        0.,        0.00,    0.11,        0.00
  678,   6.315,        0.,        0.00,    0.01,        0.00
  679,   6.325,        0.,        0.00,    0.01,        0.00
  680,   6.335,        0.,        0.00,    0.01,        0.00
  681,   6.345,        0.,        0.00,    0.01,        0.00
  682,   6.355,        0.,        0.00,    0.11,        0.00
  683,   6.365,        0.,        0.00,    0.11,        0.00
  684,   6.375,        0.,        0.00,    0.21,        0.00
  685,   6.385,        1.,        0.00,    0.11,        1.00
  686,   6.395,        0.,        0.00,    0.01,        0.00
  687,   6.405,        0.,        0.00,    0.01,        0.00
  688,   6.415,        0.,        0.00,    0.06,        0.00
  689,   6.426,        0.,        0.00,    0.06,        0.00
  690,   6.436,        0.,        0.00,    0.06,        0.00
  691,   6.446,        1.,        0.00,    0.06,        1.00
  692,   6.456,        0.,        0.00,    0.06,        0.00
  693,   6.466,        1.,        0.00,    0.06,        1.00
  694,   6.476,        0.,        0.00,    0.06,        0.00
  695,   6.486,        0.,        0.00,    0.01,        0.00
  696,   6.496,        0.,        0.00,    0.06,        0.00
  697,   6.506,        0.,        0.00,    0.06,        0.00
  698,   6.516,        0.,        0.00,    0.06,        0.00
  699,   6.526,        0.,        0.00,    0.06,        0.00
  700,   6.536,        0.,        0.00,    0.06,        0.00
  701,   6.546,        0.,        0.00,   -0.05,        0.00
  702,   6.556,        0.,        0.00,   -0.05,        0.00
  703,   6.566,        0.,        0.00,   -0.15,        0.00
  704,   6.576,        0.,        0.00,   -0.15,        0.00
  705,   6.586,        0.,        0.00,   -0.10,        0.00
  706,   6.596,        0.,        0.00,   -0.10,        0.00
  707,   6.606,        0.,        0.00,   -0.10,        0.00
  708,   6.616,        0.,        0.00,   -0.10,        0.00
  709,   6.626,        0.,        0.00,   -0.10,        0.00
  710,   6.636,        0.,        0.00,   -0.10,        0.00
  711,   6.646,        0.,        0.00,   -0.05,        0.00
  712,   6.656,        0.,        0.00,   -0.05,        0.00
  713,   6.666,        0.,        0.00,    0.00,        0.00
  714,   6.676,        0.,        0.00,    0.00,        0.00
  715,   6.687,        0.,        0.00,    0.00,        0.00
  716,   6.697,        0.,        0.00,    0.00,        0.00
  717,   6.707,        0.,        0.00,    0.00,        0.00
  718,   6.717,        0.,        0.00,    0.00,        0.00
  719,   6.727,        0.,        0.00,    0.00,        0.00
  720,   6.737,        0.,        0.00,    0.00,        0.00
  721,   6.747,        0.,        0.00,    0.00,        0.00
  722,   6.757,        0.,        0.00,    0.00,        0.00
  723,   6.767,        0.,        0.00,    0.00,        0.00
  724,   6.777,        0.,        0.00,    0.00,        0.00
  725,   6.787,        0.,        0.00,    0.00,        0.00
  726,   6.797,        0.,        0.00,    0.00,        0.00
  727,   6.807,        0.,        0.00,    0.00,        0.00
  728,   6.817,        0.,        0.00,    0.00,        0.00
  729,   6.827,        0.,        0.00,    0.00,        0.00
  730,   6.837,        0.,        0.00,    0.00,        0.00
  731,   6.847,        0.,        0.00,    0.00,        0.00
  732,   6.857,        0.,        0.00,    0.00,        0.00
  733,   6.867,        0.,        0.00,    0.00,        0.00
  734,   6.877,        0.,        0.00,    0.00,        0.00
  735,   6.887,        0.,        0.00,    0.00,        0.00
  736,   6.897,        0.,        0.00,    0.00,        0.00
  737,   6.907,        0.,        0.00,    0.00,        0.00
  738,   6.917,        0.,        0.00,    0.00,        0.00
  739,   6.927,        0.,        0.00,    0.00,        0.00
  740,   6.937,        0.,        0.00,   -0.05,        0.00
  741,   6.948,        0.,        0.00,   -0.05,        0.00
  742,   6.958,        0.,        0.00,   -0.05,        0.00
  743,   6.968,        0.,        0.00,   -0.05,        0.00
  744,   6.978,        0.,        0.00,   -0.05,        0.00
  745,   6.988,        0.,        0.00,   -0.05,        0.00
  746,   6.998,        0.,        0.00,   -0.05,        0.00
  747,   7.008,        0.,        0.00,   -0.10,        0.00
  748,   7.018,        0.,        0.00,   -0.10,        0.00
  749,   7.028,        0.,        0.00,   -0.10,        0.00
  750,   7.038,        0.,        0.00,    0.00,        0.00
  751,   7.048,        0.,        0.00,    0.00,        0.00
  752,   7.058,        0.,        0.00,    0.00,        0.00
  753,   7.068,        0.,        0.00,    0.00,        0.00
  754,   7.078,        0.,        0.00,   -0.05,        0.00
  755,   7.088,        0.,        0.00,   -0.05,        0.00
  756,   7.098,        0.,        0.00,   -0.05,        0.00
  757,   7.108,        0.,        0.00,    0.06,        0.00
  758,   7.118,        0.,        0.00,    0.06,        0.00
  759,   7.128,        1.,        0.00,    0.06,        1.00
  760,   7.138,        0.,        0.00,    0.06,        0.00
  761,   7.148,        0.,        0.00,    0.06,        0.00
  762,   7.158,        0.,        0.00,    0.06,        0.00
  763,   7.168,        0.,        0.00,    0.06,        0.00
  764,   7.178,        0.,        0.00,    0.16,        0.00
  765,   7.188,        0.,        0.00,    0.16,        0.00
  766,   7.198,        1.,        0.00,    0.16,        1.00
  767,   7.208,        0.,        0.00,    0.16,        0.00
  768,   7.219,        0.,        0.00,    0.16,        0.00
  769,   7.229,        0.,        0.00,    0.06,        0.00
  770,   7.239,        0.,        0.00,    0.06,        0.00
  771,   7.249,        0.,        0.00,    0.06,        0.00
  772,   7.259,        0.,        0.00,    0.01,        0.00
  773,   7.269,        1.,        0.00,   -0.04,        1.00
  774,   7.279,        0.,        0.00,   -0.04,        0.00
  775,   7.289,        0.,        0.00,   -0.04,        0.00
  776,   7.299,        0.,        0.00,   -0.15,        0.00
  777,   7.309,        0.,        0.00,   -0.15,        0.00
  778,   7.319,        0.,        0.00,   -0.20,        0.00
  779,   7.329,        0.,        0.00,   -0.15,        0.00
  780,   7.339,        0.,        0.00,   -0.15,        0.00
  781,   7.349,        0.,        0.00,   -0.15,        0.00
  782,   7.359,        0.,        0.00,   -0.04,        0.00
  783,   7.369,        0.,        0.00,   -0.04,        0.00
  784,   7.379,        0.,        0.00,   -0.04,        0.00
  785,   7.389,        0.,        0.00,   -0.04,        0.00
  786,   7.399,        0.,        0.00,    0.01,        0.00
  787,   7.409,        0.,        0.00,    0.01,        0.00
  788,   7.419,        0.,        0.00,    0.11,        0.00
  789,   7.429,        0.,        0.00,    0.11,        0.00
  790,   7.439,        0.,        0.00,    0.11,        0.00
  791,   7.449,        1.,        0.00,    0.11,        1.00
  792,   7.459,        1.,        0.00,    0.11,        1.00
  793,   7.469,        0.,        0.00,    0.16,        0.00
  794,   7.480,        0.,        0.00,    0.16,        0.00
  795,   7.490,        0.,        0.00,    0.16,        0.00
  796,   7.500,        0.,        0.00,    0.16,        0.00
  797,   7.510,        1.,        0.00,    0.14,        1.00
  798,   7.520,        0.,        0.00,    0.14,        0.00
  799,   7.530,        0.,        0.00,    0.14,        0.00
  800,   7.540,        0.,        0.00,    0.09,        0.00
  801,   7.550,        0.,        0.00,    0.09,        0.00
  802,   7.560,        0.,        0.00,    0.00,        0.00
  803,   7.570,        0.,        0.00,   -0.10,        0.00
  804,   7.580,        0.,        0.00,   -0.15,        0.00
  805,   7.590,        0.,        0.00,   -0.15,        0.00
  806,   7.600,        0.,        0.00,   -0.15,        0.00
  807,   7.610,        0.,        0.00,   -0.15,        0.00
  808,   7.620,        0.,        0.00,   -0.25,        0.00
  809,   7.630,        0.,        0.00,   -0.25,        0.00
  810,   7.640,        0.,        0.00,   -0.15,        0.00
  811,   7.650,        0.,        0.00,   -0.20,        0.00
  812,   7.660,        0.,        0.00,   -0.15,        0.00
  813,   7.670,        0.,        0.00,   -0.10,        0.00
  814,   7.680,        0.,        0.00,    0.00,        0.00
  815,   7.690,        0.,        0.00,    0.00,        0.00
  816,   7.700,        0.,        0.00,    0.00,        0.00
  817,   7.710,        0.,        0.00,    0.00,        0.00
  818,   7.720,        0.,        0.00,    0.05,        0.00
  819,   7.730,        0.,        0.00,    0.05,        0.00
  820,   7.741,        1.,        0.00,    0.05,        1.00
  821,   7.751,        0.,        0.00,    0.14,        0.00
  822,   7.761,        0.,        0.00,    0.14,        0.00
  823,   7.771,        0.,        0.00,    0.14,        0.00
  824,   7.781,        1.,        0.00,    0.14,        1.00
  825,   7.791,        0.,        0.00,    0.14,        0.00
  826,   7.801,        0.,        0.00,    0.14,        0.00
  827,   7.811,        0.,        0.00,    0.14,        0.00
  828,   7.821,        0.,        0.00,    0.14,        0.00
  829,   7.831,        0.,        0.00,    0.14,        0.00
  830,   7.841,        0.,        0.00,    0.14,        0.00
  831,   7.851,        1.,        0.00,    0.00,        1.00
  832,   7.861,        0.,        0.00,    0.00,        0.00
  833,   7.871,        0.,        0.00,    0.00,        0.00
  834,   7.881,        0.,        0.00,    0.00,        0.00
  835,   7.891,        0.,        0.00,   -0.10,        0.00
  836,   7.901,        0.,        0.00,   -0.10,        0.00
  837,   7.911,        0.,        0.00,   -0.10,        0.00
  838,   7.921,        0.,        0.00,   -0.10,        0.00
  839,   7.931,        0.,        0.00,   -0.10,        0.00
  840,   7.941,        0.,        0.00,   -0.10,        0.00
  841,   7.951,        0.,        0.00,    0.05,        0.00
  842,   7.961,        0.,        0.00,   -0.05,        0.00
  843,   7.971,        0.,        0.00,   -0.05,        0.00
  844,   7.981,        0.,        0.00,   -0.05,        0.00
  845,   7.991,        0.,        0.00,    0.00,        0.00
  846,   8.002,        0.,        0.00,    0.00,        0.00
  847,   8.012,        0.,        0.00,    0.00,        0.00
  848,   8.022,        0.,        0.00,    0.00,        0.00
  849,   8.032,        0.,        0.00,    0.00,        0.00
  850,   8.042,        0.,        0.00,    0.00,        0.00
  851,   8.052,        1.,        0.00,    0.00,        1.00
  852,   8.062,        0.,        0.00,    0.05,        0.00
  853,   8.072,        0.,        0.00,    0.05,        0.00
  854,   8.082,        0.,        0.00,    0.05,        0.00
  855,   8.092,        0.,        0.00,    0.05,        0.00
  856,   8.102,        0.,        0.00,    0.05,        0.00
  857,   8.112,        0.,        0.00,    0.05,        0.00
  858,   8.122,        0.,        0.00,    0.05,        0.00
  859,   8.132,        0.,        0.00,    0.05,        0.00
  860,   8.142,        0.,        0.00,    0.05,        0.00
  861,   8.152,        0.,        0.00,    0.05,        0.00
  862,   8.162,        0.,        0.00,   -0.05,        0.00
  863,   8.172,        0.,        0.00,   -0.05,        0.00
  864,   8.182,        0.,        0.00,   -0.05,        0.00
  865,   8.192,        0.,        0.00,   -0.05,        0.00
  866,   8.202,        0.,        0.00,   -0.05,        0.00
  867,   8.212,        0.,        0.00,   -0.05,        0.00
  868,   8.222,        0.,        0.00,   -0.05,        0.00
  869,   8.232,        0.,        0.00,   -0.05,        0.00
  870,   8.242,        0.,        0.00,   -0.05,        0.00
  871,   8.252,        0.,        0.00,   -0.05,        0.00
  872,   8.263,        0.,        0.00,    0.00,        0.00
  873,   8.273,        0.,        0.00,    0.00,        0.00
  874,   8.283,        0.,        0.00,    0.00,        0.00
  875,   8.293,        0.,        0.00,    0.00,        0.00
  876,   8.303,        0.,        0.00,    0.00,        0.00
  877,   8.313,        0.,        0.00,    0.00,        0.00
  878,   8.323,        0.,        0.00,    0.00,        0.00
  879,   8.333,        0.,        0.00,    0.00,        0.00
  880,   8.343,        0.,        0.00,    0.00,        0.00
  881,   8.353,        0.,        0.00,    0.00,        0.00
  882,   8.363,        0.,        0.00,    0.00,        0.00
  883,   8.373,        0.,        0.00,    0.00,        0.00
  884,   8.383,        0.,        0.00,    0.00,        0.00
  885,   8.393,        0.,        0.00,    0.00,        0.00
  886,   8.403,        0.,        0.00,    0.00,        0.00
  887,   8.413,        0.,        0.00,    0.00,        0.00
  888,   8.423,        0.,        0.00,    0.00,        0.00
  889,   8.433,        0.,        0.00,    0.00,        0.00
  890,   8.443,        0.,        0.00,    0.00,        0.00
  891,   8.453,        0.,        0.00,    0.00,        0.00
  892,   8.463,        0.,        0.00,    0.00,        0.00
  893,   8.473,        0.,        0.00,    0.00,        0.00
  894,   8.483,        0.,        0.00,    0.00,        0.00
  895,   8.493,        0.,        0.00,    0.00,        0.00
  896,   8.503,        0.,        0.00,    0.00,        0.00
  897,   8.513,        0.,        0.00,    0.00,        0.00
  898,   8.524,        0.,        0.00,    0.00,        0.00
  899,   8.534,        0.,        0.00,    0.00,        0.00
  900,   8.544,        0.,        0.00,    0.00,        0.00
  901,   8.554,        0.,        0.00,    0.00,        0.00
  902,   8.564,        0.,        0.00,    0.00,        0.00
  903,   8.574,        0.,        0.00,    0.00,        0.00
  904,   8.584,        0.,        0.00,    0.00,        0.00
  905,   8.594,        0.,        0.00,    0.00,        0.00
  906,   8.604,        0.,        0.00,    0.00,        0.00
  907,   8.614,        0.,        0.00,    0.00,        0.00
  908,   8.624,        0.,        0.00,    0.00,        0.00
  909,   8.634,        0.,        0.00,    0.00,        0.00
  910,   8.644,        0.,        0.00,    0.00,        0.00
  911,   8.654,        0.,        0.00,    0.00,        0.00
  912,   8.664,        0.,        0.00,    0.00,        0.00
  913,   8.674,        0.,        0.00,    0.00,        0.00
  914,   8.684,        0.,        0.00,    0.00,        0.00
  915,   8.694,        0.,        0.00,    0.00,        0.00
  916,   8.704,        0.,        0.00,    0.00,        0.00
  917,   8.714,        0.,        0.00,    0.00,        0.00
  918,   8.724,        0.,        0.00,    0.00,        0.00
  919,   8.734,        0.,        0.00,    0.00,        0.00
  920,   8.744,        0.,        0.00,    0.00,        0.00
  921,   8.754,        0.,        0.00,    0.00,        0.00
  922,   8.764,        0.,        0.00,    0.00,        0.00
  923,   8.774,        0.,        0.00,    0.00,        0.00
  924,   8.785,        0.,        0.00,    0.00,        0.00
  925,   8.795,        0.,        0.00,    0.00,        0.00
  926,   8.805,        0.,        0.00,    0.00,        0.00
  927,   8.815,        0.,        0.00,    0.00,        0.00
  928,   8.825,        0.,        0.00,    0.00,        0.00
  929,   8.835,        0.,        0.00,    0.00,        0.00
  930,   8.845,        0.,        0.00,    0.00,        0.00
  931,   8.855,        0.,        0.00,    0.00,        0.00
  932,   8.865,        0.,        0.00,    0.00,        0.00
  933,   8.875,        0.,        0.00,    0.00,        0.00
  934,   8.885,        0.,        0.00,    0.00,        0.00
  935,   8.895,        0.,        0.00,    0.00,        0.00
  936,   8.905,        0.,        0.00,    0.00,        0.00
  937,   8.915,        0.,        0.00,    0.00,        0.00
  938,   8.925,        0.,        0.00,    0.00,        0.00
  939,   8.935,        0.,        0.00,    0.00,        0.00
  940,   8.945,        0.,        0.00,    0.00,        0.00
  941,   8.955,        0.,        0.00,    0.00,        0.00
  942,   8.965,        0.,        0.00,    0.00,        0.00
  943,   8.975,        0.,        0.00,    0.00,        0.00
  944,   8.985,        0.,        0.00,    0.00,        0.00
  945,   8.995,        0.,        0.00,    0.00,        0.00
  946,   9.005,        0.,        0.00,    0.00,        0.00
  947,   9.015,        0.,        0.00,    0.00,        0.00
  948,   9.025,        0.,        0.00,    0.00,        0.00
  949,   9.035,        0.,        0.00,    0.00,        0.00
  950,   9.046,        0.,        0.00,    0.00,        0.00
  951,   9.056,        0.,        0.00,    0.00,        0.00
  952,   9.066,        0.,        0.00,    0.00,        0.00
  953,   9.076,        0.,        0.00,    0.00,        0.00
  954,   9.086,        0.,        0.00,    0.00,        0.00
  955,   9.096,        0.,        0.00,    0.00,        0.00
  956,   9.106,        0.,        0.00,    0.00,        0.00
  957,   9.116,        0.,        0.00,    0.00,        0.00
  958,   9.126,        0.,        0.00,    0.00,        0.00
  959,   9.136,        0.,        0.00,    0.00,        0.00
  960,   9.146,        0.,        0.00,    0.00,        0.00
  961,   9.156,        0.,        0.00,    0.00,        0.00
  962,   9.166,        0.,        0.00,    0.00,        0.00
  963,   9.176,        0.,        0.00,    0.00,        0.00
  964,   9.186,        0.,        0.00,    0.00,        0.00
  965,   9.196,        0.,        0.00,    0.00,        0.00
  966,   9.206,        0.,        0.00,    0.00,        0.00
  967,   9.216,        0.,        0.00,    0.00,        0.00
  968,   9.226,        0.,        0.00,    0.00,        0.00
  969,   9.236,        0.,        0.00,    0.00,        0.00
  970,   9.246,        0.,        0.00,    0.00,        0.00
  971,   9.256,        0.,        0.00,    0.00,        0.00
  972,   9.266,        0.,        0.00,    0.00,        0.00
  973,   9.276,        0.,        0.00,    0.00,        0.00
  974,   9.286,        0.,        0.00,    0.00,        0.00
  975,   9.296,        0.,        0.00,    0.00,        0.00
  976,   9.307,        0.,        0.00,    0.00,        0.00
  977,   9.317,        0.,        0.00,    0.00,        0.00
  978,   9.327,        0.,        0.00,    0.00,        0.00
  979,   9.337,        0.,        0.00,    0.00,        0.00
  980,   9.347,        0.,        0.00,    0.00,        0.00
  981,   9.357,        0.,        0.00,    0.00,        0.00
  982,   9.367,        0.,        0.00,    0.00,        0.00
  983,   9.377,        0.,        0.00,    0.00,        0.00
  984,   9.387,        0.,        0.00,    0.00,        0.00
  985,   9.397,        0.,        0.00,    0.00,        0.00
  986,   9.407,        0.,        0.00,    0.00,        0.00
  987,   9.417,        0.,        0.00,    0.00,        0.00
  988,   9.427,        0.,        0.00,    0.00,        0.00
  989,   9.437,        0.,        0.00,    0.00,        0.00
  990,   9.447,        0.,        0.00,    0.00,        0.00
  991,   9.457,        0.,        0.00,    0.00,        0.00
  992,   9.467,        0.,        0.00,    0.00,        0.00
  993,   9.477,        0.,        0.00,    0.00,        0.00
  994,   9.487,        0.,        0.00,    0.00,        0.00
  995,   9.497,        0.,        0.00,    0.00,        0.00
  996,   9.507,        0.,        0.00,    0.00,        0.00
  997,   9.517,        0.,        0.00,    0.00,        0.00
  998,   9.527,        0.,        0.00,    0.00,        0.00
  999,   9.537,        0.,        0.00,    0.00,        0.00
 1000,   9.547,        0.,        0.00,    0.00,        0.00
