           0
 F
           0
 F
           4
  7.5000003E-07
  0.0000000E+00
   1.900000    
  0.2000000    
   1.200000    
           2
   1000.000    
  0.0000000E+00
 F
  0.0000000E+00
   215.0000    
        1024
  0.0000000E+00   3.517200       95.18100    
  0.0000000E+00  0.0000000E+00  0.0000000E+00  0.2150000E+03  0.2150000E+03
 -0.7673767E+00  0.0000000E+00 -0.7673767E+00  0.6376738E+02  0.6376738E+02
  0.0000000E+00  0.0000000E+00  0.0000000E+00  0.6800000E+02  0.6800000E+02
  0.0000000E+00  0.0000000E+00  0.0000000E+00  0.2900000E+02  0.2900000E+02
 -0.7673767E+00  0.0000000E+00 -0.7673767E+00  0.5776738E+02  0.5776738E+02
 -0.7673767E+00  0.0000000E+00 -0.7673767E+00  0.2276738E+02  0.2276738E+02
 -0.7745978E+00  0.0000000E+00 -0.7805610E+00  0.3177460E+02  0.3177460E+02
 -0.7890399E+00  0.0000000E+00 -0.8069296E+00  0.2678904E+02  0.2678904E+02
 -0.8034819E+00  0.4770612E-01 -0.8332983E+00  0.4580348E+02  0.4580348E+02
 -0.8179240E+00  0.4770612E-01 -0.8596669E+00  0.3681792E+02  0.3681792E+02
 -0.7738919E+00  0.5670089E-01 -0.8305928E+00  0.4077389E+02  0.4077389E+02
 -0.6713855E+00  0.7469042E-01 -0.7460759E+00  0.3367139E+02  0.3367139E+02
 -0.5688790E+00  0.9267997E-01 -0.6615590E+00  0.2756888E+02  0.2756888E+02
 -0.4663726E+00  0.1106695E+00 -0.5770421E+00  0.1946637E+02  0.1946637E+02
 -0.4638682E+00  0.1246275E+00 -0.5884957E+00  0.2946387E+02  0.2946387E+02
 -0.5613658E+00  0.1345540E+00 -0.6959198E+00  0.1956137E+02  0.1956137E+02
 -0.6588634E+00  0.1444806E+00 -0.8033440E+00  0.5265886E+02  0.5265886E+02
 -0.7563610E+00  0.1544071E+00 -0.9107681E+00  0.3575636E+02  0.3575636E+02
 -0.7988362E+00  0.1652499E+00 -0.9640862E+00  0.4979884E+02  0.4979884E+02
 -0.7862890E+00  0.1770091E+00 -0.9632981E+00  0.3378629E+02  0.3378629E+02
 -0.7737418E+00  0.1887683E+00 -0.9625101E+00  0.5577374E+02  0.5577374E+02
 -0.7611946E+00  0.2005274E+00 -0.9617221E+00  0.4876120E+02  0.4876120E+02
 -0.7207217E+00  0.2129232E+00 -0.9336448E+00  0.4572072E+02  0.4572072E+02
 -0.6523228E+00  0.2259555E+00 -0.8782783E+00  0.2065232E+02  0.2065232E+02
 -0.5839241E+00  0.2389878E+00 -0.8229118E+00  0.3758392E+02  0.3758392E+02
 -0.5155252E+00  0.2520201E+00 -0.7675453E+00  0.3251553E+02  0.3251553E+02
 -0.4499419E+00  0.2620871E+00 -0.7120290E+00  0.3244994E+02  0.3244994E+02
 -0.3871740E+00  0.2691889E+00 -0.6563630E+00  0.2838717E+02  0.2838717E+02
 -0.3244061E+00  0.2762907E+00 -0.6006969E+00  0.1832441E+02  0.1832441E+02
 -0.2616383E+00  0.2833925E+00 -0.5450308E+00  0.1826164E+02  0.1826164E+02
 -0.2683233E+00  0.2871251E+00 -0.5554485E+00  0.1426832E+02  0.1426832E+02
 -0.3444614E+00  0.2874885E+00 -0.6319499E+00  0.4034446E+02  0.4034446E+02
 -0.4205994E+00  0.2878519E+00 -0.7084514E+00  0.6242060E+02  0.6242060E+02
 -0.4967375E+00  0.2882153E+00 -0.7849528E+00  0.2749674E+02  0.2749674E+02
 -0.4980395E+00  0.2907269E+00 -0.7887664E+00  0.3249804E+02  0.3249804E+02
 -0.4245055E+00  0.2953866E+00 -0.7198921E+00  0.2242451E+02  0.2242451E+02
 -0.3509715E+00  0.3000464E+00 -0.6510179E+00  0.2835097E+02  0.2835097E+02
 -0.2774375E+00  0.3047061E+00 -0.5821436E+00  0.2427744E+02  0.2427744E+02
 -0.2448455E+00  0.3080036E+00 -0.5528491E+00  0.2424485E+02  0.2424485E+02
 -0.2531955E+00  0.3099388E+00 -0.5631343E+00  0.1925319E+02  0.1925319E+02
 -0.2615455E+00  0.3118740E+00 -0.5734195E+00  0.3226155E+02  0.3226155E+02
 -0.2698955E+00  0.3138092E+00 -0.5837047E+00  0.2526990E+02  0.2526990E+02
 -0.2484797E+00  0.3151695E+00 -0.5636492E+00  0.1924848E+02  0.1924848E+02
 -0.1972982E+00  0.3159550E+00 -0.5132532E+00  0.2619730E+02  0.2619730E+02
 -0.1461167E+00  0.3167404E+00 -0.4628572E+00  0.1814612E+02  0.1814612E+02
 -0.9493526E-01  0.3175258E+00 -0.4124611E+00  0.2209493E+02  0.2209493E+02
 -0.1088347E+00  0.3168145E+00 -0.4256492E+00  0.1510883E+02  0.1510883E+02
 -0.1878152E+00  0.3146064E+00 -0.5024215E+00  0.1218781E+02  0.1218781E+02
 -0.2667956E+00  0.3123982E+00 -0.5791938E+00  0.4626680E+02  0.4626680E+02
 -0.3457761E+00  0.3101901E+00 -0.6559662E+00  0.1834578E+02  0.1834578E+02
 -0.3946138E+00  0.3106808E+00 -0.7052945E+00  0.3339462E+02  0.3339462E+02
 -0.4133089E+00  0.3138702E+00 -0.7271791E+00  0.2341331E+02  0.2341331E+02
 -0.4320039E+00  0.3170596E+00 -0.7490635E+00  0.3143200E+02  0.3143200E+02
 -0.4506989E+00  0.3202490E+00 -0.7709480E+00  0.1745070E+02  0.1745070E+02
 -0.7801860E+01  0.3251981E+00 -0.8127058E+01  0.3180186E+02  0.3180186E+02
 -0.2248549E+02  0.3319068E+00 -0.2281739E+02  0.8548549E+02  0.8548549E+02
 -0.3716911E+02  0.3386155E+00 -0.3750773E+02  0.1531691E+03  0.1531691E+03
 -0.5185274E+02  0.3453242E+00 -0.5219807E+02  0.2145853E+04  0.2145853E+04
 -0.6182813E+02  0.9205217E+00 -0.6274865E+02  0.4235828E+04  0.4235828E+04
 -0.6709528E+02  0.2064208E+01 -0.6915948E+02  0.3955095E+04  0.3955095E+04
 -0.7236243E+02  0.3207894E+01 -0.7557032E+02  0.3875362E+04  0.3875362E+04
 -0.7762958E+02  0.4351580E+01 -0.8198116E+02  0.3650630E+04  0.3650630E+04
 -0.7852856E+02  0.5821538E+01 -0.8435011E+02  0.3767529E+04  0.3767529E+04
 -0.7505939E+02  0.7617769E+01 -0.8267715E+02  0.3694059E+04  0.3694059E+04
 -0.7159021E+02  0.9413999E+01 -0.8100421E+02  0.3550590E+04  0.3550590E+04
 -0.6812103E+02  0.1121023E+02 -0.7933126E+02  0.3573121E+04  0.3573121E+04
 -0.6450366E+02  0.1279937E+02 -0.7730303E+02  0.3311504E+04  0.3311504E+04
 -0.6073810E+02  0.1418141E+02 -0.7491951E+02  0.3350738E+04  0.3350738E+04
 -0.5697254E+02  0.1556345E+02 -0.7253599E+02  0.3459973E+04  0.3459973E+04
 -0.5320697E+02  0.1694550E+02 -0.7015247E+02  0.3331207E+04  0.3331207E+04
 -0.4922181E+02  0.1804011E+02 -0.6726192E+02  0.2793222E+04  0.2793222E+04
 -0.4501706E+02  0.1884730E+02 -0.6386436E+02  0.2491017E+04  0.2491017E+04
 -0.4081231E+02  0.1965448E+02 -0.6046679E+02  0.2429812E+04  0.2429812E+04
 -0.3660755E+02  0.2046167E+02 -0.5706922E+02  0.2286608E+04  0.2286608E+04
 -0.3442525E+02  0.2102891E+02 -0.5545415E+02  0.2426425E+04  0.2426425E+04
 -0.3426539E+02  0.2135620E+02 -0.5562159E+02  0.2529265E+04  0.2529265E+04
 -0.3410554E+02  0.2168349E+02 -0.5578904E+02  0.2581105E+04  0.2581105E+04
 -0.3394568E+02  0.2201079E+02 -0.5595647E+02  0.2506946E+04  0.2506946E+04
 -0.3280983E+02  0.2230229E+02 -0.5511212E+02  0.2392810E+04  0.2392810E+04
 -0.3069796E+02  0.2255801E+02 -0.5325597E+02  0.2286698E+04  0.2286698E+04
 -0.2858609E+02  0.2281373E+02 -0.5139982E+02  0.2074586E+04  0.2074586E+04
 -0.2647423E+02  0.2306944E+02 -0.4954367E+02  0.2052474E+04  0.2052474E+04
 -0.2605353E+02  0.2326482E+02 -0.4931835E+02  0.2217053E+04  0.2217053E+04
 -0.2732400E+02  0.2339986E+02 -0.5072386E+02  0.2119324E+04  0.2119324E+04
 -0.2859448E+02  0.2353490E+02 -0.5212938E+02  0.2273594E+04  0.2273594E+04
 -0.2986495E+02  0.2366994E+02 -0.5353489E+02  0.2438865E+04  0.2438865E+04
 -0.3014225E+02  0.2385962E+02 -0.5400188E+02  0.2386142E+04  0.2386142E+04
 -0.2942638E+02  0.2410397E+02 -0.5353035E+02  0.2336426E+04  0.2336426E+04
 -0.2871052E+02  0.2434831E+02 -0.5305882E+02  0.2298710E+04  0.2298710E+04
 -0.2799465E+02  0.2459265E+02 -0.5258730E+02  0.2285995E+04  0.2285995E+04
 -0.2753395E+02  0.2483914E+02 -0.5237309E+02  0.2313534E+04  0.2313534E+04
 -0.2732843E+02  0.2508778E+02 -0.5241621E+02  0.2202328E+04  0.2202328E+04
 -0.2712291E+02  0.2533642E+02 -0.5245934E+02  0.2254123E+04  0.2254123E+04
 -0.2691739E+02  0.2558507E+02 -0.5250246E+02  0.2259917E+04  0.2259917E+04
 -0.2649650E+02  0.2582343E+02 -0.5231992E+02  0.2335497E+04  0.2335497E+04
 -0.2586023E+02  0.2605150E+02 -0.5191174E+02  0.2271860E+04  0.2271860E+04
 -0.2522397E+02  0.2627958E+02 -0.5150355E+02  0.2166224E+04  0.2166224E+04
 -0.2458770E+02  0.2650766E+02 -0.5109536E+02  0.2269588E+04  0.2269588E+04
 -0.2412971E+02  0.2671544E+02 -0.5084515E+02  0.2208130E+04  0.2208130E+04
 -0.2384999E+02  0.2690293E+02 -0.5075292E+02  0.2184850E+04  0.2184850E+04
 -0.2357027E+02  0.2709041E+02 -0.5066068E+02  0.2134570E+04  0.2134570E+04
 -0.2329055E+02  0.2727790E+02 -0.5056845E+02  0.2188291E+04  0.2188291E+04
 -0.2323428E+02  0.2745489E+02 -0.5068917E+02  0.2182234E+04  0.2182234E+04
 -0.2340144E+02  0.2762139E+02 -0.5102283E+02  0.2225401E+04  0.2225401E+04
 -0.2356861E+02  0.2778788E+02 -0.5135649E+02  0.2299569E+04  0.2299569E+04
 -0.2373578E+02  0.2795437E+02 -0.5169015E+02  0.2165736E+04  0.2165736E+04
 -0.2381642E+02  0.2812952E+02 -0.5194594E+02  0.2210816E+04  0.2210816E+04
 -0.2381053E+02  0.2831332E+02 -0.5212384E+02  0.2168811E+04  0.2168811E+04
 -0.2380464E+02  0.2849711E+02 -0.5230175E+02  0.2210805E+04  0.2210805E+04
 -0.2379875E+02  0.2868091E+02 -0.5247966E+02  0.2148799E+04  0.2148799E+04
 -0.2377052E+02  0.2887263E+02 -0.5264315E+02  0.2248771E+04  0.2248771E+04
 -0.2371993E+02  0.2907228E+02 -0.5279221E+02  0.2340720E+04  0.2340720E+04
 -0.2366935E+02  0.2927192E+02 -0.5294127E+02  0.2276669E+04  0.2276669E+04
 -0.2361877E+02  0.2947157E+02 -0.5309034E+02  0.2207619E+04  0.2207619E+04
 -0.2358789E+02  0.2967511E+02 -0.5326300E+02  0.2302588E+04  0.2302588E+04
 -0.2357673E+02  0.2988254E+02 -0.5345927E+02  0.2262577E+04  0.2262577E+04
 -0.2356556E+02  0.3008998E+02 -0.5365554E+02  0.2308566E+04  0.2308566E+04
 -0.2355440E+02  0.3029741E+02 -0.5385181E+02  0.2311554E+04  0.2311554E+04
 -0.2345275E+02  0.3050893E+02 -0.5396168E+02  0.2264453E+04  0.2264453E+04
 -0.2326061E+02  0.3072454E+02 -0.5398516E+02  0.2297260E+04  0.2297260E+04
 -0.2306848E+02  0.3094016E+02 -0.5400864E+02  0.2225068E+04  0.2225068E+04
 -0.2287635E+02  0.3115577E+02 -0.5403211E+02  0.2256876E+04  0.2256876E+04
 -0.2279118E+02  0.3136717E+02 -0.5415835E+02  0.2346791E+04  0.2346791E+04
 -0.2281299E+02  0.3157436E+02 -0.5438735E+02  0.2366813E+04  0.2366813E+04
 -0.2283479E+02  0.3178155E+02 -0.5461634E+02  0.2337835E+04  0.2337835E+04
 -0.2285660E+02  0.3198875E+02 -0.5484534E+02  0.2267857E+04  0.2267857E+04
 -0.2312492E+02  0.3219796E+02 -0.5532287E+02  0.2337125E+04  0.2337125E+04
 -0.2363975E+02  0.3240919E+02 -0.5604893E+02  0.2378640E+04  0.2378640E+04
 -0.2415458E+02  0.3262041E+02 -0.5677499E+02  0.2442155E+04  0.2442155E+04
 -0.2466941E+02  0.3283165E+02 -0.5750106E+02  0.2395669E+04  0.2395669E+04
 -0.2478180E+02  0.3306433E+02 -0.5784613E+02  0.2475782E+04  0.2475782E+04
 -0.2449174E+02  0.3331849E+02 -0.5781023E+02  0.2392492E+04  0.2392492E+04
 -0.2420168E+02  0.3357264E+02 -0.5777432E+02  0.2384202E+04  0.2384202E+04
 -0.2391162E+02  0.3382679E+02 -0.5773841E+02  0.2321912E+04  0.2321912E+04
 -0.2375045E+02  0.3407388E+02 -0.5782433E+02  0.2413750E+04  0.2413750E+04
 -0.2371817E+02  0.3431391E+02 -0.5803208E+02  0.2558718E+04  0.2558718E+04
 -0.2368588E+02  0.3455394E+02 -0.5823982E+02  0.2471686E+04  0.2471686E+04
 -0.2365360E+02  0.3479397E+02 -0.5844757E+02  0.2574654E+04  0.2574654E+04
 -0.2359222E+02  0.3503529E+02 -0.5862751E+02  0.2400592E+04  0.2400592E+04
 -0.2350175E+02  0.3527791E+02 -0.5877966E+02  0.2371502E+04  0.2371502E+04
 -0.2341127E+02  0.3552053E+02 -0.5893180E+02  0.2422411E+04  0.2422411E+04
 -0.2332080E+02  0.3576315E+02 -0.5908394E+02  0.2388321E+04  0.2388321E+04
 -0.2346463E+02  0.3600648E+02 -0.5947112E+02  0.2500465E+04  0.2500465E+04
 -0.2384278E+02  0.3625053E+02 -0.6009331E+02  0.2610843E+04  0.2610843E+04
 -0.2422092E+02  0.3649459E+02 -0.6071551E+02  0.2599221E+04  0.2599221E+04
 -0.2459907E+02  0.3673864E+02 -0.6133771E+02  0.2542599E+04  0.2542599E+04
 -0.2472086E+02  0.3699980E+02 -0.6172066E+02  0.2616721E+04  0.2616721E+04
 -0.2458630E+02  0.3727806E+02 -0.6186437E+02  0.2583586E+04  0.2583586E+04
 -0.2445174E+02  0.3755633E+02 -0.6200807E+02  0.2552452E+04  0.2552452E+04
 -0.2431718E+02  0.3783459E+02 -0.6215178E+02  0.2568317E+04  0.2568317E+04
 -0.2415310E+02  0.3810368E+02 -0.6225677E+02  0.2579153E+04  0.2579153E+04
 -0.2395949E+02  0.3836357E+02 -0.6232306E+02  0.2697959E+04  0.2697959E+04
 -0.2376587E+02  0.3862347E+02 -0.6238934E+02  0.2555766E+04  0.2555766E+04
 -0.2357227E+02  0.3888336E+02 -0.6245563E+02  0.2551572E+04  0.2551572E+04
 -0.2328468E+02  0.3912224E+02 -0.6240691E+02  0.2699285E+04  0.2699285E+04
 -0.2290310E+02  0.3934010E+02 -0.6224320E+02  0.2547903E+04  0.2547903E+04
 -0.2252154E+02  0.3955795E+02 -0.6207949E+02  0.2486521E+04  0.2486521E+04
 -0.2213997E+02  0.3977581E+02 -0.6191578E+02  0.2537140E+04  0.2537140E+04
 -0.2203334E+02  0.3997523E+02 -0.6200858E+02  0.2571033E+04  0.2571033E+04
 -0.2220166E+02  0.4015623E+02 -0.6235790E+02  0.2647202E+04  0.2647202E+04
 -0.2236999E+02  0.4033722E+02 -0.6270721E+02  0.2550370E+04  0.2550370E+04
 -0.2253831E+02  0.4051822E+02 -0.6305653E+02  0.2665538E+04  0.2665538E+04
 -0.2267339E+02  0.4070960E+02 -0.6338299E+02  0.2622673E+04  0.2622673E+04
 -0.2277522E+02  0.4091137E+02 -0.6368659E+02  0.2638775E+04  0.2638775E+04
 -0.2287706E+02  0.4111314E+02 -0.6399020E+02  0.2581877E+04  0.2581877E+04
 -0.2297889E+02  0.4131491E+02 -0.6429380E+02  0.2629979E+04  0.2629979E+04
 -0.2293520E+02  0.4152868E+02 -0.6446387E+02  0.2748935E+04  0.2748935E+04
 -0.2274598E+02  0.4175445E+02 -0.6450043E+02  0.2721746E+04  0.2721746E+04
 -0.2255677E+02  0.4198021E+02 -0.6453698E+02  0.2646557E+04  0.2646557E+04
 -0.2236755E+02  0.4220598E+02 -0.6457353E+02  0.2655367E+04  0.2655367E+04
 -0.2230077E+02  0.4242522E+02 -0.6472598E+02  0.2701301E+04  0.2701301E+04
 -0.2235643E+02  0.4263792E+02 -0.6499435E+02  0.2705356E+04  0.2705356E+04
 -0.2241208E+02  0.4285062E+02 -0.6526270E+02  0.2611412E+04  0.2611412E+04
 -0.2246774E+02  0.4306333E+02 -0.6553107E+02  0.2609468E+04  0.2609468E+04
 -0.2266245E+02  0.4327340E+02 -0.6593586E+02  0.2774662E+04  0.2774662E+04
 -0.2299622E+02  0.4348086E+02 -0.6647707E+02  0.2817996E+04  0.2817996E+04
 -0.2332999E+02  0.4368831E+02 -0.6701830E+02  0.2820330E+04  0.2820330E+04
 -0.2366376E+02  0.4389576E+02 -0.6755952E+02  0.2713664E+04  0.2713664E+04
 -0.2370234E+02  0.4411860E+02 -0.6782094E+02  0.2767702E+04  0.2767702E+04
 -0.2344574E+02  0.4435681E+02 -0.6780255E+02  0.2832446E+04  0.2832446E+04
 -0.2318914E+02  0.4459502E+02 -0.6778416E+02  0.2715189E+04  0.2715189E+04
 -0.2293254E+02  0.4483324E+02 -0.6776577E+02  0.2738933E+04  0.2738933E+04
 -0.2280951E+02  0.4506171E+02 -0.6787122E+02  0.2767810E+04  0.2767810E+04
 -0.2282008E+02  0.4528043E+02 -0.6810050E+02  0.2898820E+04  0.2898820E+04
 -0.2283064E+02  0.4549916E+02 -0.6832980E+02  0.2729831E+04  0.2729831E+04
 -0.2284120E+02  0.4571788E+02 -0.6855907E+02  0.2811841E+04  0.2811841E+04
 -0.2271205E+02  0.4593602E+02 -0.6864806E+02  0.2973712E+04  0.2973712E+04
 -0.2244319E+02  0.4615357E+02 -0.6859676E+02  0.2758443E+04  0.2758443E+04
 -0.2217433E+02  0.4637111E+02 -0.6854545E+02  0.2824174E+04  0.2824174E+04
 -0.2190548E+02  0.4658867E+02 -0.6849414E+02  0.2727906E+04  0.2727906E+04
 -0.2192536E+02  0.4679632E+02 -0.6872168E+02  0.2805925E+04  0.2805925E+04
 -0.2223400E+02  0.4699408E+02 -0.6922807E+02  0.2885234E+04  0.2885234E+04
 -0.2254263E+02  0.4719184E+02 -0.6973447E+02  0.2903543E+04  0.2903543E+04
 -0.2285126E+02  0.4738961E+02 -0.7024087E+02  0.2922851E+04  0.2922851E+04
 -0.2280763E+02  0.4760383E+02 -0.7041145E+02  0.2835808E+04  0.2835808E+04
 -0.2241172E+02  0.4783451E+02 -0.7024622E+02  0.2918412E+04  0.2918412E+04
 -0.2201582E+02  0.4806519E+02 -0.7008100E+02  0.2773016E+04  0.2773016E+04
 -0.2161991E+02  0.4829586E+02 -0.6991577E+02  0.2811620E+04  0.2811620E+04
 -0.2165335E+02  0.4850454E+02 -0.7015788E+02  0.2838653E+04  0.2838653E+04
 -0.2211613E+02  0.4869120E+02 -0.7080732E+02  0.2950116E+04  0.2950116E+04
 -0.2257891E+02  0.4887785E+02 -0.7145676E+02  0.2916579E+04  0.2916579E+04
 -0.2304169E+02  0.4906451E+02 -0.7210620E+02  0.3035042E+04  0.3035042E+04
 -0.2309545E+02  0.4927182E+02 -0.7236726E+02  0.2893095E+04  0.2893095E+04
 -0.2274018E+02  0.4949977E+02 -0.7223994E+02  0.2951740E+04  0.2951740E+04
 -0.2238491E+02  0.4972772E+02 -0.7211263E+02  0.2896385E+04  0.2896385E+04
 -0.2202964E+02  0.4995567E+02 -0.7198531E+02  0.2807030E+04  0.2807030E+04
 -0.2190349E+02  0.5017276E+02 -0.7207625E+02  0.2896904E+04  0.2896904E+04
 -0.2200644E+02  0.5037899E+02 -0.7238543E+02  0.3111006E+04  0.3111006E+04
 -0.2210940E+02  0.5058521E+02 -0.7269461E+02  0.3061109E+04  0.3061109E+04
 -0.2221236E+02  0.5079144E+02 -0.7300379E+02  0.2987212E+04  0.2987212E+04
 -0.2221002E+02  0.5100104E+02 -0.7321106E+02  0.2959210E+04  0.2959210E+04
 -0.2210238E+02  0.5121403E+02 -0.7331641E+02  0.2906102E+04  0.2906102E+04
 -0.2199474E+02  0.5142701E+02 -0.7342175E+02  0.2982995E+04  0.2982995E+04
 -0.2188710E+02  0.5164000E+02 -0.7352710E+02  0.2967887E+04  0.2967887E+04
 -0.2190595E+02  0.5185165E+02 -0.7375760E+02  0.2978906E+04  0.2978906E+04
 -0.2205129E+02  0.5206196E+02 -0.7411325E+02  0.3054051E+04  0.3054051E+04
 -0.2219663E+02  0.5227227E+02 -0.7446890E+02  0.3046197E+04  0.3046197E+04
 -0.2234197E+02  0.5248258E+02 -0.7482455E+02  0.3032342E+04  0.3032342E+04
 -0.2243895E+02  0.5270080E+02 -0.7513976E+02  0.3095439E+04  0.3095439E+04
 -0.2248757E+02  0.5292693E+02 -0.7541450E+02  0.3040488E+04  0.3040488E+04
 -0.2253618E+02  0.5315306E+02 -0.7568924E+02  0.2991536E+04  0.2991536E+04
 -0.2258480E+02  0.5337919E+02 -0.7596398E+02  0.3044585E+04  0.3044585E+04
 -0.2252040E+02  0.5360308E+02 -0.7612347E+02  0.3040521E+04  0.3040521E+04
 -0.2234299E+02  0.5382472E+02 -0.7616770E+02  0.3225343E+04  0.3225343E+04
 -0.2216557E+02  0.5404637E+02 -0.7621194E+02  0.3092166E+04  0.3092166E+04
 -0.2198816E+02  0.5426801E+02 -0.7625616E+02  0.3052988E+04  0.3052988E+04
 -0.2188483E+02  0.5448080E+02 -0.7636563E+02  0.3103885E+04  0.3103885E+04
 -0.2185559E+02  0.5468473E+02 -0.7654032E+02  0.3076855E+04  0.3076855E+04
 -0.2182635E+02  0.5488866E+02 -0.7671501E+02  0.2961826E+04  0.2961826E+04
 -0.2179711E+02  0.5509259E+02 -0.7688970E+02  0.3112797E+04  0.3112797E+04
 -0.2166094E+02  0.5529645E+02 -0.7695739E+02  0.3065661E+04  0.3065661E+04
 -0.2141785E+02  0.5550022E+02 -0.7691807E+02  0.3298418E+04  0.3298418E+04
 -0.2117476E+02  0.5570399E+02 -0.7687875E+02  0.3125175E+04  0.3125175E+04
 -0.2093167E+02  0.5590776E+02 -0.7683943E+02  0.3168932E+04  0.3168932E+04
 -0.2068018E+02  0.5610248E+02 -0.7678266E+02  0.3070680E+04  0.3070680E+04
 -0.2042028E+02  0.5628815E+02 -0.7670843E+02  0.3047420E+04  0.3047420E+04
 -0.2016038E+02  0.5647382E+02 -0.7663421E+02  0.3080160E+04  0.3080160E+04
 -0.1990049E+02  0.5665950E+02 -0.7655997E+02  0.3071900E+04  0.3071900E+04
 -0.1992448E+02  0.5683420E+02 -0.7675867E+02  0.3129925E+04  0.3129925E+04
 -0.2023235E+02  0.5699794E+02 -0.7723029E+02  0.3078232E+04  0.3078232E+04
 -0.2054023E+02  0.5716168E+02 -0.7770190E+02  0.3204540E+04  0.3204540E+04
 -0.2084810E+02  0.5732542E+02 -0.7817352E+02  0.3131848E+04  0.3131848E+04
 -0.2118391E+02  0.5750583E+02 -0.7868974E+02  0.3190184E+04  0.3190184E+04
 -0.2154765E+02  0.5770290E+02 -0.7925055E+02  0.3106548E+04  0.3106548E+04
 -0.2191139E+02  0.5789997E+02 -0.7981136E+02  0.3178911E+04  0.3178911E+04
 -0.2227513E+02  0.5809704E+02 -0.8037218E+02  0.3187275E+04  0.3187275E+04
 -0.2220207E+02  0.5831352E+02 -0.8051559E+02  0.3250202E+04  0.3250202E+04
 -0.2169220E+02  0.5854940E+02 -0.8024159E+02  0.3326692E+04  0.3326692E+04
 -0.2118233E+02  0.5878528E+02 -0.7996761E+02  0.3259182E+04  0.3259182E+04
 -0.2067246E+02  0.5902116E+02 -0.7969361E+02  0.3205672E+04  0.3205672E+04
 -0.2031841E+02  0.5923253E+02 -0.7955093E+02  0.3224318E+04  0.3224318E+04
 -0.2012018E+02  0.5941940E+02 -0.7953957E+02  0.3072120E+04  0.3072120E+04
 -0.1992195E+02  0.5960626E+02 -0.7952821E+02  0.3211922E+04  0.3211922E+04
 -0.1972372E+02  0.5979312E+02 -0.7951684E+02  0.3100724E+04  0.3100724E+04
 -0.1979845E+02  0.5996823E+02 -0.7976668E+02  0.3152798E+04  0.3152798E+04
 -0.2014614E+02  0.6013158E+02 -0.8027772E+02  0.3287146E+04  0.3287146E+04
 -0.2049384E+02  0.6029493E+02 -0.8078876E+02  0.3389494E+04  0.3389494E+04
 -0.2084153E+02  0.6045828E+02 -0.8129980E+02  0.3310842E+04  0.3310842E+04
 -0.2087707E+02  0.6064397E+02 -0.8152103E+02  0.3175877E+04  0.3175877E+04
 -0.2060044E+02  0.6085201E+02 -0.8145245E+02  0.3207600E+04  0.3207600E+04
 -0.2032381E+02  0.6106005E+02 -0.8138387E+02  0.3216324E+04  0.3216324E+04
 -0.2004719E+02  0.6126809E+02 -0.8131528E+02  0.3296047E+04  0.3296047E+04
 -0.1979935E+02  0.6146746E+02 -0.8126680E+02  0.3213799E+04  0.3213799E+04
 -0.1958029E+02  0.6165814E+02 -0.8123843E+02  0.3310580E+04  0.3310580E+04
 -0.1936124E+02  0.6184883E+02 -0.8121006E+02  0.3236361E+04  0.3236361E+04
 -0.1914218E+02  0.6203951E+02 -0.8118169E+02  0.3294142E+04  0.3294142E+04
 -0.1908336E+02  0.6221281E+02 -0.8129617E+02  0.3295083E+04  0.3295083E+04
 -0.1918476E+02  0.6236874E+02 -0.8155350E+02  0.3117185E+04  0.3117185E+04
 -0.1928617E+02  0.6252466E+02 -0.8181083E+02  0.3255286E+04  0.3255286E+04
 -0.1938758E+02  0.6268058E+02 -0.8206816E+02  0.3236388E+04  0.3236388E+04
 -0.1939240E+02  0.6284417E+02 -0.8223658E+02  0.3300392E+04  0.3300392E+04
 -0.1930065E+02  0.6301544E+02 -0.8231609E+02  0.3307301E+04  0.3307301E+04
 -0.1920889E+02  0.6318671E+02 -0.8239560E+02  0.3355209E+04  0.3355209E+04
 -0.1911713E+02  0.6335798E+02 -0.8247511E+02  0.3252117E+04  0.3252117E+04
 -0.1895484E+02  0.6353052E+02 -0.8248536E+02  0.3257955E+04  0.3257955E+04
 -0.1872202E+02  0.6370434E+02 -0.8242636E+02  0.3282722E+04  0.3282722E+04
 -0.1848920E+02  0.6387817E+02 -0.8236736E+02  0.3212489E+04  0.3212489E+04
 -0.1825638E+02  0.6405198E+02 -0.8230836E+02  0.3210256E+04  0.3210256E+04
 -0.1821749E+02  0.6421664E+02 -0.8243414E+02  0.3330218E+04  0.3330218E+04
 -0.1837254E+02  0.6437215E+02 -0.8274468E+02  0.3355373E+04  0.3355373E+04
 -0.1852758E+02  0.6452766E+02 -0.8305524E+02  0.3305528E+04  0.3305528E+04
 -0.1868262E+02  0.6468316E+02 -0.8336578E+02  0.3301683E+04  0.3301683E+04
 -0.1859406E+02  0.6484955E+02 -0.8344361E+02  0.3305594E+04  0.3305594E+04
 -0.1826190E+02  0.6502682E+02 -0.8328872E+02  0.3394262E+04  0.3394262E+04
 -0.1792973E+02  0.6520409E+02 -0.8313382E+02  0.3332930E+04  0.3332930E+04
 -0.1759757E+02  0.6538136E+02 -0.8297893E+02  0.3244598E+04  0.3244598E+04
 -0.1749499E+02  0.6554688E+02 -0.8304188E+02  0.3237495E+04  0.3237495E+04
 -0.1762199E+02  0.6570067E+02 -0.8332266E+02  0.3390622E+04  0.3390622E+04
 -0.1774900E+02  0.6585445E+02 -0.8360345E+02  0.3309749E+04  0.3309749E+04
 -0.1787600E+02  0.6600824E+02 -0.8388424E+02  0.3279876E+04  0.3279876E+04
 -0.1798396E+02  0.6616392E+02 -0.8414788E+02  0.3356984E+04  0.3356984E+04
 -0.1807288E+02  0.6632150E+02 -0.8439439E+02  0.3367073E+04  0.3367073E+04
 -0.1816179E+02  0.6647909E+02 -0.8464088E+02  0.3333162E+04  0.3333162E+04
 -0.1825071E+02  0.6663667E+02 -0.8488738E+02  0.3338251E+04  0.3338251E+04
 -0.1812512E+02  0.6680323E+02 -0.8492835E+02  0.3295125E+04  0.3295125E+04
 -0.1778504E+02  0.6697877E+02 -0.8476382E+02  0.3496785E+04  0.3496785E+04
 -0.1744496E+02  0.6715431E+02 -0.8459927E+02  0.3384445E+04  0.3384445E+04
 -0.1710488E+02  0.6732985E+02 -0.8443473E+02  0.3297105E+04  0.3297105E+04
 -0.1687123E+02  0.6749146E+02 -0.8436269E+02  0.3394871E+04  0.3394871E+04
 -0.1674403E+02  0.6763914E+02 -0.8438317E+02  0.3278744E+04  0.3278744E+04
 -0.1661683E+02  0.6778682E+02 -0.8440366E+02  0.3360617E+04  0.3360617E+04
 -0.1648963E+02  0.6793450E+02 -0.8442413E+02  0.3224490E+04  0.3224490E+04
 -0.1632384E+02  0.6807708E+02 -0.8440092E+02  0.3390324E+04  0.3390324E+04
 -0.1611945E+02  0.6821455E+02 -0.8433401E+02  0.3389119E+04  0.3389119E+04
 -0.1591507E+02  0.6835203E+02 -0.8426709E+02  0.3385915E+04  0.3385915E+04
 -0.1571068E+02  0.6848949E+02 -0.8420018E+02  0.3302711E+04  0.3302711E+04
 -0.1565997E+02  0.6862196E+02 -0.8428192E+02  0.3322660E+04  0.3322660E+04
 -0.1576292E+02  0.6874940E+02 -0.8451232E+02  0.3310763E+04  0.3310763E+04
 -0.1586588E+02  0.6887685E+02 -0.8474272E+02  0.3253866E+04  0.3253866E+04
 -0.1596883E+02  0.6900429E+02 -0.8497312E+02  0.3324969E+04  0.3324969E+04
 -0.1594668E+02  0.6914074E+02 -0.8508742E+02  0.3388947E+04  0.3388947E+04
 -0.1579942E+02  0.6928620E+02 -0.8508562E+02  0.3492799E+04  0.3492799E+04
 -0.1565216E+02  0.6943166E+02 -0.8508382E+02  0.3295652E+04  0.3295652E+04
 -0.1550490E+02  0.6957713E+02 -0.8508202E+02  0.3347505E+04  0.3347505E+04
 -0.1548568E+02  0.6971572E+02 -0.8520140E+02  0.3404486E+04  0.3404486E+04
 -0.1559451E+02  0.6984745E+02 -0.8544196E+02  0.3350594E+04  0.3350594E+04
 -0.1570335E+02  0.6997917E+02 -0.8568253E+02  0.3397703E+04  0.3397703E+04
 -0.1581218E+02  0.7011090E+02 -0.8592309E+02  0.3229812E+04  0.3229812E+04
 -0.1581793E+02  0.7025024E+02 -0.8606818E+02  0.3442818E+04  0.3442818E+04
 -0.1572060E+02  0.7039721E+02 -0.8611782E+02  0.3479721E+04  0.3479721E+04
 -0.1562328E+02  0.7054417E+02 -0.8616745E+02  0.3402623E+04  0.3402623E+04
 -0.1552595E+02  0.7069114E+02 -0.8621709E+02  0.3304526E+04  0.3304526E+04
 -0.1549451E+02  0.7083790E+02 -0.8633241E+02  0.3445495E+04  0.3445495E+04
 -0.1552895E+02  0.7098446E+02 -0.8651340E+02  0.3424529E+04  0.3424529E+04
 -0.1556339E+02  0.7113101E+02 -0.8669441E+02  0.3402563E+04  0.3402563E+04
 -0.1559783E+02  0.7127757E+02 -0.8687541E+02  0.3352598E+04  0.3352598E+04
 -0.1568916E+02  0.7142776E+02 -0.8711693E+02  0.3413689E+04  0.3413689E+04
 -0.1583736E+02  0.7158159E+02 -0.8741896E+02  0.3522837E+04  0.3522837E+04
 -0.1598557E+02  0.7173541E+02 -0.8772099E+02  0.3485986E+04  0.3485986E+04
 -0.1613378E+02  0.7188924E+02 -0.8802302E+02  0.3409134E+04  0.3409134E+04
 -0.1610764E+02  0.7205328E+02 -0.8816092E+02  0.3609108E+04  0.3609108E+04
 -0.1590715E+02  0.7222752E+02 -0.8813468E+02  0.3379907E+04  0.3379907E+04
 -0.1570666E+02  0.7240178E+02 -0.8810844E+02  0.3446707E+04  0.3446707E+04
 -0.1550618E+02  0.7257603E+02 -0.8808221E+02  0.3378506E+04  0.3378506E+04
 -0.1553286E+02  0.7273736E+02 -0.8827023E+02  0.3475533E+04  0.3475533E+04
 -0.1578671E+02  0.7288577E+02 -0.8867249E+02  0.3509787E+04  0.3509787E+04
 -0.1604057E+02  0.7303418E+02 -0.8907475E+02  0.3422041E+04  0.3422041E+04
 -0.1629442E+02  0.7318259E+02 -0.8947701E+02  0.3499294E+04  0.3499294E+04
 -0.1615565E+02  0.7334246E+02 -0.8949812E+02  0.3643156E+04  0.3643156E+04
 -0.1562427E+02  0.7351379E+02 -0.8913805E+02  0.3488624E+04  0.3488624E+04
 -0.1509288E+02  0.7368512E+02 -0.8877799E+02  0.3437093E+04  0.3437093E+04
 -0.1456149E+02  0.7385645E+02 -0.8841793E+02  0.3301562E+04  0.3301562E+04
 -0.1438016E+02  0.7400480E+02 -0.8838497E+02  0.3515380E+04  0.3515380E+04
 -0.1454891E+02  0.7413020E+02 -0.8867910E+02  0.3566549E+04  0.3566549E+04
 -0.1471766E+02  0.7425558E+02 -0.8897324E+02  0.3536718E+04  0.3536718E+04
 -0.1488641E+02  0.7438097E+02 -0.8926737E+02  0.3550886E+04  0.3550886E+04
 -0.1483222E+02  0.7451378E+02 -0.8934600E+02  0.3449832E+04  0.3449832E+04
 -0.1455510E+02  0.7465401E+02 -0.8920911E+02  0.3465555E+04  0.3465555E+04
 -0.1427798E+02  0.7479424E+02 -0.8907221E+02  0.3476278E+04  0.3476278E+04
 -0.1400086E+02  0.7493446E+02 -0.8893532E+02  0.3441001E+04  0.3441001E+04
 -0.1388016E+02  0.7506725E+02 -0.8894742E+02  0.3476880E+04  0.3476880E+04
 -0.1391589E+02  0.7519262E+02 -0.8910851E+02  0.3519916E+04  0.3519916E+04
 -0.1395162E+02  0.7531797E+02 -0.8926960E+02  0.3446952E+04  0.3446952E+04
 -0.1398735E+02  0.7544334E+02 -0.8943069E+02  0.3481987E+04  0.3481987E+04
 -0.1399296E+02  0.7557199E+02 -0.8956496E+02  0.3602993E+04  0.3602993E+04
 -0.1396845E+02  0.7570395E+02 -0.8967240E+02  0.3482969E+04  0.3482969E+04
 -0.1394395E+02  0.7583591E+02 -0.8977985E+02  0.3527944E+04  0.3527944E+04
 -0.1391944E+02  0.7596786E+02 -0.8988730E+02  0.3419919E+04  0.3419919E+04
 -0.1401831E+02  0.7609902E+02 -0.9011733E+02  0.3530018E+04  0.3530018E+04
 -0.1424057E+02  0.7622937E+02 -0.9046994E+02  0.3551240E+04  0.3551240E+04
 -0.1446283E+02  0.7635973E+02 -0.9082255E+02  0.3533463E+04  0.3533463E+04
 -0.1468508E+02  0.7649007E+02 -0.9117516E+02  0.3569685E+04  0.3569685E+04
 -0.1471492E+02  0.7663313E+02 -0.9134805E+02  0.3607715E+04  0.3607715E+04
 -0.1455233E+02  0.7678889E+02 -0.9134122E+02  0.3531552E+04  0.3531552E+04
 -0.1438974E+02  0.7694465E+02 -0.9133439E+02  0.3462390E+04  0.3462390E+04
 -0.1422715E+02  0.7710040E+02 -0.9132756E+02  0.3513227E+04  0.3513227E+04
 -0.1386191E+02  0.7725115E+02 -0.9111306E+02  0.3595862E+04  0.3595862E+04
 -0.1329400E+02  0.7739690E+02 -0.9069090E+02  0.3663294E+04  0.3663294E+04
 -0.1272608E+02  0.7754264E+02 -0.9026872E+02  0.3394726E+04  0.3394726E+04
 -0.1215818E+02  0.7768839E+02 -0.8984656E+02  0.3473158E+04  0.3473158E+04
 -0.1214020E+02  0.7780544E+02 -0.8994564E+02  0.3544140E+04  0.3544140E+04
 -0.1267216E+02  0.7789380E+02 -0.9056596E+02  0.3552672E+04  0.3552672E+04
 -0.1320413E+02  0.7798215E+02 -0.9118629E+02  0.3511204E+04  0.3511204E+04
 -0.1373609E+02  0.7807052E+02 -0.9180661E+02  0.3519736E+04  0.3519736E+04
 -0.1412521E+02  0.7818719E+02 -0.9231241E+02  0.3640125E+04  0.3640125E+04
 -0.1437150E+02  0.7833218E+02 -0.9270368E+02  0.3682372E+04  0.3682372E+04
 -0.1461778E+02  0.7847717E+02 -0.9309495E+02  0.3624618E+04  0.3624618E+04
 -0.1486406E+02  0.7862215E+02 -0.9348622E+02  0.3645864E+04  0.3645864E+04
 -0.1483766E+02  0.7878739E+02 -0.9362505E+02  0.3658838E+04  0.3658838E+04
 -0.1453857E+02  0.7897288E+02 -0.9351145E+02  0.3669539E+04  0.3669539E+04
 -0.1423948E+02  0.7915837E+02 -0.9339785E+02  0.3497240E+04  0.3497240E+04
 -0.1394039E+02  0.7934386E+02 -0.9328425E+02  0.3577940E+04  0.3577940E+04
 -0.1374453E+02  0.7950881E+02 -0.9325334E+02  0.3650745E+04  0.3650745E+04
 -0.1365189E+02  0.7965324E+02 -0.9330513E+02  0.3747652E+04  0.3747652E+04
 -0.1355924E+02  0.7979767E+02 -0.9335691E+02  0.3591559E+04  0.3591559E+04
 -0.1346660E+02  0.7994210E+02 -0.9340870E+02  0.3669467E+04  0.3669467E+04
 -0.1341610E+02  0.8007824E+02 -0.9349434E+02  0.3583416E+04  0.3583416E+04
 -0.1340773E+02  0.8020610E+02 -0.9361383E+02  0.3651408E+04  0.3651408E+04
 -0.1339936E+02  0.8033396E+02 -0.9373331E+02  0.3628399E+04  0.3628399E+04
 -0.1339099E+02  0.8046182E+02 -0.9385281E+02  0.3578391E+04  0.3578391E+04
 -0.1302599E+02  0.8059238E+02 -0.9361837E+02  0.3694026E+04  0.3694026E+04
 -0.1230436E+02  0.8072563E+02 -0.9302999E+02  0.3665304E+04  0.3665304E+04
 -0.1158274E+02  0.8085888E+02 -0.9244163E+02  0.3597583E+04  0.3597583E+04
 -0.1086111E+02  0.8099213E+02 -0.9185325E+02  0.3474861E+04  0.3474861E+04
 -0.1013330E+02  0.8109269E+02 -0.9122600E+02  0.3610133E+04  0.3610133E+04
 -0.9399302E+01  0.8116055E+02 -0.9055985E+02  0.3509399E+04  0.3509399E+04
 -0.8665302E+01  0.8122841E+02 -0.8989371E+02  0.3472665E+04  0.3472665E+04
 -0.7931303E+01  0.8129626E+02 -0.8922756E+02  0.3430931E+04  0.3430931E+04
 -0.7788057E+01  0.8132916E+02 -0.8911722E+02  0.3370788E+04  0.3370788E+04
 -0.8235566E+01  0.8132710E+02 -0.8956267E+02  0.3493236E+04  0.3493236E+04
 -0.8683074E+01  0.8132504E+02 -0.9000811E+02  0.3508683E+04  0.3508683E+04
 -0.9130584E+01  0.8132298E+02 -0.9045356E+02  0.3450131E+04  0.3450131E+04
 -0.9229511E+01  0.8134972E+02 -0.9057923E+02  0.3538229E+04  0.3538229E+04
 -0.8979857E+01  0.8140527E+02 -0.9038512E+02  0.3514980E+04  0.3514980E+04
 -0.8730205E+01  0.8146081E+02 -0.9019102E+02  0.3458730E+04  0.3458730E+04
 -0.8480551E+01  0.8151636E+02 -0.8999691E+02  0.3393480E+04  0.3393480E+04
 -0.8153722E+01  0.8157265E+02 -0.8972638E+02  0.3527154E+04  0.3527154E+04
 -0.7749716E+01  0.8162971E+02 -0.8937943E+02  0.3496750E+04  0.3496750E+04
 -0.7345710E+01  0.8168676E+02 -0.8903247E+02  0.3425346E+04  0.3425346E+04
 -0.6941704E+01  0.8174381E+02 -0.8868552E+02  0.3467942E+04  0.3467942E+04
 -0.6441857E+01  0.8178363E+02 -0.8822549E+02  0.3436442E+04  0.3436442E+04
 -0.5846168E+01  0.8180621E+02 -0.8765237E+02  0.3319846E+04  0.3319846E+04
 -0.5250479E+01  0.8182879E+02 -0.8707927E+02  0.3375250E+04  0.3375250E+04
 -0.4654789E+01  0.8185136E+02 -0.8650616E+02  0.3281655E+04  0.3281655E+04
 -0.4356945E+01  0.8185033E+02 -0.8528900E+02  0.3343357E+04  0.3343357E+04
 -0.4356945E+01  0.8182568E+02 -0.8342779E+02  0.3286357E+04  0.3286357E+04
  0.2989311E+01  0.8180104E+02 -0.8156657E+02  0.3147011E+04  0.3147011E+04
  0.2989311E+01  0.8177639E+02 -0.7970536E+02  0.3209011E+04  0.3209011E+04
  0.4612842E+01  0.8166946E+02 -0.7705662E+02  0.2979387E+04  0.2979387E+04
  0.7859906E+01  0.8148024E+02 -0.7362033E+02  0.2767140E+04  0.2767140E+04
  0.1110697E+02  0.8129102E+02 -0.7018405E+02  0.2649893E+04  0.2649893E+04
  0.1435403E+02  0.8110180E+02 -0.6674776E+02  0.2596646E+04  0.2596646E+04
  0.1728030E+02  0.8076328E+02 -0.6348298E+02  0.2409720E+04  0.2409720E+04
  0.1988579E+02  0.8027544E+02 -0.6038966E+02  0.2285114E+04  0.2285114E+04
  0.2249127E+02  0.7978761E+02 -0.5729635E+02  0.2115509E+04  0.2115509E+04
  0.2509675E+02  0.7929978E+02 -0.5420304E+02  0.1968903E+04  0.1968903E+04
  0.2640004E+02  0.7870814E+02 -0.5230809E+02  0.1983600E+04  0.1983600E+04
  0.2640115E+02  0.7801266E+02 -0.5161152E+02  0.1911599E+04  0.1911599E+04
  0.2640226E+02  0.7731719E+02 -0.5091494E+02  0.1923598E+04  0.1923598E+04
  0.2640336E+02  0.7662172E+02 -0.5021836E+02  0.1824597E+04  0.1824597E+04
  0.2632272E+02  0.7597743E+02 -0.4965471E+02  0.1796677E+04  0.1796677E+04
  0.2616034E+02  0.7538432E+02 -0.4922398E+02  0.1996840E+04  0.1996840E+04
  0.2599795E+02  0.7479120E+02 -0.4879325E+02  0.1859002E+04  0.1859002E+04
  0.2583556E+02  0.7419808E+02 -0.4836253E+02  0.1814164E+04  0.1814164E+04
  0.2551465E+02  0.7367340E+02 -0.4815876E+02  0.1812485E+04  0.1812485E+04
  0.2503522E+02  0.7321715E+02 -0.4818194E+02  0.1791965E+04  0.1791965E+04
  0.2455578E+02  0.7276090E+02 -0.4820512E+02  0.1811444E+04  0.1811444E+04
  0.2407635E+02  0.7230465E+02 -0.4822830E+02  0.1785924E+04  0.1785924E+04
  0.2362689E+02  0.7190741E+02 -0.4828052E+02  0.1797373E+04  0.1797373E+04
  0.2320740E+02  0.7156918E+02 -0.4836178E+02  0.1901793E+04  0.1901793E+04
  0.2278791E+02  0.7123095E+02 -0.4844304E+02  0.1877212E+04  0.1877212E+04
  0.2236843E+02  0.7089272E+02 -0.4852429E+02  0.1801632E+04  0.1801632E+04
  0.2192287E+02  0.7059808E+02 -0.4867521E+02  0.1806077E+04  0.1806077E+04
  0.2145125E+02  0.7034703E+02 -0.4889579E+02  0.1867549E+04  0.1867549E+04
  0.2097962E+02  0.7009599E+02 -0.4911636E+02  0.1864020E+04  0.1864020E+04
  0.2050800E+02  0.6984494E+02 -0.4933694E+02  0.1851492E+04  0.1851492E+04
  0.2031794E+02  0.6962850E+02 -0.4931057E+02  0.1855682E+04  0.1855682E+04
  0.2040945E+02  0.6944669E+02 -0.4903724E+02  0.1921591E+04  0.1921591E+04
  0.2050096E+02  0.6926487E+02 -0.4876391E+02  0.1837499E+04  0.1837499E+04
  0.2059247E+02  0.6908306E+02 -0.4849058E+02  0.1856407E+04  0.1856407E+04
  0.2065680E+02  0.6890051E+02 -0.4824371E+02  0.1807343E+04  0.1807343E+04
  0.2069394E+02  0.6871722E+02 -0.4802328E+02  0.1804306E+04  0.1804306E+04
  0.2073108E+02  0.6853394E+02 -0.4780285E+02  0.1805269E+04  0.1805269E+04
  0.2076822E+02  0.6835065E+02 -0.4758243E+02  0.1784232E+04  0.1784232E+04
  0.2066125E+02  0.6816550E+02 -0.4750426E+02  0.1748339E+04  0.1748339E+04
  0.2041015E+02  0.6797851E+02 -0.4756837E+02  0.1829590E+04  0.1829590E+04
  0.2015905E+02  0.6779152E+02 -0.4763247E+02  0.1843841E+04  0.1843841E+04
  0.1990796E+02  0.6760452E+02 -0.4769657E+02  0.1769092E+04  0.1769092E+04
  0.2002322E+02  0.6743346E+02 -0.4741024E+02  0.1813977E+04  0.1813977E+04
  0.2050484E+02  0.6727833E+02 -0.4677349E+02  0.1779495E+04  0.1779495E+04
  0.2098647E+02  0.6712319E+02 -0.4613673E+02  0.1709014E+04  0.1709014E+04
  0.2146809E+02  0.6696806E+02 -0.4549998E+02  0.1670532E+04  0.1670532E+04
  0.2161402E+02  0.6679310E+02 -0.4517908E+02  0.1668386E+04  0.1668386E+04
  0.2142426E+02  0.6659830E+02 -0.4517405E+02  0.1762576E+04  0.1762576E+04
  0.2123450E+02  0.6640351E+02 -0.4516901E+02  0.1716766E+04  0.1716766E+04
  0.2104474E+02  0.6620872E+02 -0.4516397E+02  0.1747955E+04  0.1747955E+04
  0.2101736E+02  0.6602248E+02 -0.4500511E+02  0.1701983E+04  0.1701983E+04
  0.2115236E+02  0.6584479E+02 -0.4469242E+02  0.1640848E+04  0.1640848E+04
  0.2128736E+02  0.6566710E+02 -0.4437973E+02  0.1638713E+04  0.1638713E+04
  0.2142236E+02  0.6548941E+02 -0.4406705E+02  0.1630578E+04  0.1630578E+04
  0.2141440E+02  0.6531102E+02 -0.4389662E+02  0.1631586E+04  0.1631586E+04
  0.2126348E+02  0.6513193E+02 -0.4386845E+02  0.1702737E+04  0.1702737E+04
  0.2111255E+02  0.6495284E+02 -0.4384029E+02  0.1683887E+04  0.1683887E+04
  0.2096163E+02  0.6477375E+02 -0.4381212E+02  0.1610038E+04  0.1610038E+04
  0.2105140E+02  0.6460262E+02 -0.4355122E+02  0.1708949E+04  0.1708949E+04
  0.2138188E+02  0.6443946E+02 -0.4305759E+02  0.1577618E+04  0.1577618E+04
  0.2171235E+02  0.6427631E+02 -0.4256395E+02  0.1569288E+04  0.1569288E+04
  0.2204283E+02  0.6411314E+02 -0.4207032E+02  0.1552957E+04  0.1552957E+04
  0.2234216E+02  0.6393695E+02 -0.4159479E+02  0.1594658E+04  0.1594658E+04
  0.2261036E+02  0.6374773E+02 -0.4113737E+02  0.1556390E+04  0.1556390E+04
  0.2287855E+02  0.6355851E+02 -0.4067995E+02  0.1521121E+04  0.1521121E+04
  0.2314675E+02  0.6336929E+02 -0.4022253E+02  0.1510853E+04  0.1510853E+04
  0.2338883E+02  0.6316692E+02 -0.3977808E+02  0.1466611E+04  0.1466611E+04
  0.2360479E+02  0.6295140E+02 -0.3934660E+02  0.1489395E+04  0.1489395E+04
  0.2382075E+02  0.6273588E+02 -0.3891513E+02  0.1413179E+04  0.1413179E+04
  0.2403671E+02  0.6252036E+02 -0.3848365E+02  0.1390963E+04  0.1390963E+04
  0.2441962E+02  0.6229842E+02 -0.3787880E+02  0.1438580E+04  0.1438580E+04
  0.2496946E+02  0.6207005E+02 -0.3710059E+02  0.1477031E+04  0.1477031E+04
  0.2551931E+02  0.6184169E+02 -0.3632237E+02  0.1369481E+04  0.1369481E+04
  0.2606916E+02  0.6161332E+02 -0.3554416E+02  0.1315931E+04  0.1315931E+04
  0.2683459E+02  0.6136304E+02 -0.3452844E+02  0.1343165E+04  0.1343165E+04
  0.2781562E+02  0.6109085E+02 -0.3327523E+02  0.1208184E+04  0.1208184E+04
  0.2879664E+02  0.6081866E+02 -0.3202201E+02  0.1163203E+04  0.1163203E+04
  0.2977767E+02  0.6054647E+02 -0.3076880E+02  0.1203222E+04  0.1203222E+04
  0.3161525E+02  0.6023025E+02 -0.2861500E+02  0.1069385E+04  0.1069385E+04
  0.3430939E+02  0.5986999E+02 -0.2556060E+02  0.1012691E+04  0.1012691E+04
  0.3700353E+02  0.5950973E+02 -0.2250620E+02  0.8109965E+03  0.8109965E+03
  0.3969767E+02  0.5914948E+02 -0.1945180E+02  0.6933023E+03  0.6933023E+03
  0.4209785E+02  0.5866541E+02 -0.1656755E+02  0.5919022E+03  0.5919022E+03
  0.4420407E+02  0.5805752E+02 -0.1385345E+02  0.4577959E+03  0.4577959E+03
  0.4631029E+02  0.5744964E+02 -0.1113935E+02  0.3326897E+03  0.3326897E+03
  0.4841650E+02  0.5684175E+02 -0.8425252E+01  0.2475835E+03  0.2475835E+03
  0.4957958E+02  0.5614306E+02 -0.6563481E+01  0.1574204E+03  0.1574204E+03
  0.4979952E+02  0.5535356E+02 -0.5554038E+01  0.1392005E+03  0.1392005E+03
  0.5001946E+02  0.5456406E+02 -0.4544594E+01  0.9598054E+02  0.9598054E+02
  0.5023940E+02  0.5377456E+02 -0.3535151E+01  0.6076060E+02  0.6076060E+02
  0.5007187E+02  0.5301162E+02 -0.2939745E+01  0.6392813E+02  0.6392813E+02
  0.4951686E+02  0.5227524E+02 -0.2758375E+01  0.3848314E+02  0.3848314E+02
  0.4896186E+02  0.5153886E+02 -0.2577005E+01  0.4503814E+02  0.4503814E+02
  0.4840686E+02  0.5080249E+02 -0.2395636E+01  0.3359314E+02  0.3359314E+02
  0.4788847E+02  0.5014065E+02 -0.2252176E+01  0.4611153E+02  0.4611153E+02
  0.4740672E+02  0.4955334E+02 -0.2146625E+01  0.3159328E+02  0.3159328E+02
  0.4692496E+02  0.4896603E+02 -0.2041075E+01  0.2607504E+02  0.2607504E+02
  0.4644320E+02  0.4837873E+02 -0.1935524E+01  0.2955680E+02  0.2955680E+02
  0.4597625E+02  0.4784699E+02 -0.1870745E+01  0.1602375E+02  0.1602375E+02
  0.4552409E+02  0.4737083E+02 -0.1846738E+01  0.2847591E+02  0.2847591E+02
  0.4507194E+02  0.4689467E+02 -0.1822730E+01  0.1592806E+02  0.1592806E+02
  0.4461979E+02  0.4641851E+02 -0.1798723E+01  0.2638021E+02  0.2638021E+02
  0.4423595E+02  0.4597980E+02 -0.1743849E+01  0.2876405E+02  0.2876405E+02
  0.4392045E+02  0.4557856E+02 -0.1658109E+01  0.2107955E+02  0.2107955E+02
  0.4360495E+02  0.4517732E+02 -0.1572369E+01  0.1539505E+02  0.1539505E+02
  0.4328944E+02  0.4477607E+02 -0.1486628E+01  0.9710556E+01  0.9710556E+01
  0.4298922E+02  0.4439744E+02 -0.1408223E+01  0.1101078E+02  0.1101078E+02
  0.4270427E+02  0.4404142E+02 -0.1337154E+01  0.9295734E+01  0.9295734E+01
  0.4241932E+02  0.4368540E+02 -0.1266085E+01  0.7580681E+01  0.7580681E+01
  0.4213437E+02  0.4332938E+02 -0.1195016E+01 -0.1134369E+01  0.0000000E+00
  0.4182937E+02  0.4298890E+02 -0.1159533E+01 -0.3829369E+01  0.0000000E+00
  0.4150432E+02  0.4266395E+02 -0.1159636E+01  0.4495682E+01  0.4495682E+01
  0.4117927E+02  0.4233901E+02 -0.1159739E+01  0.1820732E+01  0.1820732E+01
  0.4085422E+02  0.4201406E+02 -0.1159842E+01  0.1145782E+01  0.1145782E+01
  0.4054017E+02  0.4170427E+02 -0.1164094E+01  0.1245983E+02  0.1245983E+02
  0.4023713E+02  0.4140963E+02 -0.1172496E+01 -0.3237133E+01  0.0000000E+00
  0.3993410E+02  0.4111499E+02 -0.1180897E+01  0.2065903E+01  0.2065903E+01
  0.3963106E+02  0.4082036E+02 -0.1189298E+01  0.6368942E+01  0.6368942E+01
  0.3933390E+02  0.4053832E+02 -0.1204413E+01  0.8666096E+01  0.8666096E+01
  0.3904263E+02  0.4026887E+02 -0.1226241E+01  0.4957371E+01  0.4957371E+01
  0.3875136E+02  0.3999943E+02 -0.1248069E+01  0.1824864E+02  0.1824864E+02
  0.3846009E+02  0.3972998E+02 -0.1269897E+01 -0.4600868E+00  0.0000000E+00
  0.3821147E+02  0.3947087E+02 -0.1259408E+01  0.8788532E+01  0.8788532E+01
  0.3800550E+02  0.3922210E+02 -0.1216603E+01  0.1299450E+02  0.1299450E+02
  0.3779953E+02  0.3897332E+02 -0.1173798E+01  0.2004700E+00  0.2004700E+00
  0.3759356E+02  0.3872455E+02 -0.1130992E+01 -0.1593559E+01  0.0000000E+00
  0.3739430E+02  0.3848072E+02 -0.1086419E+01  0.3605698E+01  0.3605698E+01
  0.3720176E+02  0.3824183E+02 -0.1040076E+01  0.1479824E+02  0.1479824E+02
  0.3700921E+02  0.3800294E+02 -0.9937337E+00 -0.2009209E+01  0.0000000E+00
  0.3681666E+02  0.3776406E+02 -0.9473913E+00  0.4183338E+01  0.4183338E+01
  0.3659527E+02  0.3752868E+02 -0.9334055E+00 -0.7595272E+01  0.0000000E+00
  0.3634504E+02  0.3729681E+02 -0.9517763E+00 -0.2345039E+01  0.0000000E+00
  0.3609480E+02  0.3706495E+02 -0.9701473E+00 -0.1094803E+01  0.0000000E+00
  0.3584457E+02  0.3683309E+02 -0.9885181E+00 -0.1844570E+01  0.0000000E+00
  0.3561905E+02  0.3660764E+02 -0.9885932E+00 -0.6190491E+00  0.0000000E+00
  0.3541824E+02  0.3638862E+02 -0.9703725E+00  0.1058176E+02  0.1058176E+02
  0.3521744E+02  0.3616959E+02 -0.9521517E+00  0.1782558E+01  0.1782558E+01
  0.3501664E+02  0.3595057E+02 -0.9339311E+00 -0.3016636E+01  0.0000000E+00
  0.3482187E+02  0.3573592E+02 -0.9140517E+00  0.4178127E+01  0.4178127E+01
  0.3463315E+02  0.3552566E+02 -0.8925137E+00 -0.3633148E+01  0.0000000E+00
  0.3444443E+02  0.3531540E+02 -0.8709757E+00 -0.1444427E+01  0.0000000E+00
  0.3425570E+02  0.3510514E+02 -0.8494378E+00  0.7442970E+00  0.7442970E+00
  0.3405446E+02  0.3489741E+02 -0.8429492E+00 -0.9054459E+01  0.0000000E+00
  0.3384069E+02  0.3469220E+02 -0.8515099E+00 -0.8406906E+00  0.0000000E+00
  0.3362692E+02  0.3448699E+02 -0.8600707E+00  0.2373081E+01  0.2373081E+01
  0.3341315E+02  0.3428178E+02 -0.8686315E+00  0.2586849E+01  0.2586849E+01
  0.3318559E+02  0.3408027E+02 -0.8946880E+00 -0.1185585E+01  0.0000000E+00
  0.3294422E+02  0.3388246E+02 -0.9382402E+00 -0.5944221E+01  0.0000000E+00
  0.3270286E+02  0.3368465E+02 -0.9817925E+00  0.8297142E+01  0.8297142E+01
  0.3246149E+02  0.3348684E+02 -0.1025345E+01  0.1253851E+02  0.1253851E+02
  0.3227447E+02  0.3329414E+02 -0.1019678E+01 -0.4274467E+01  0.0000000E+00
  0.3214177E+02  0.3310657E+02 -0.9647934E+00  0.1085823E+02  0.1085823E+02
  0.3200908E+02  0.3291899E+02 -0.9099085E+00  0.3990917E+01  0.3990917E+01
  0.3187639E+02  0.3273141E+02 -0.8550236E+00 -0.1187639E+02  0.0000000E+00
  0.3168474E+02  0.3254323E+02 -0.8584870E+00  0.3152561E+00  0.3152561E+00
  0.3143414E+02  0.3235444E+02 -0.9202989E+00  0.4565859E+01  0.4565859E+01
  0.3118354E+02  0.3216565E+02 -0.9821108E+00  0.6816460E+01  0.6816460E+01
  0.3093294E+02  0.3197686E+02 -0.1043923E+01  0.1006706E+02  0.1006706E+02
  0.3074386E+02  0.3179204E+02 -0.1048183E+01  0.1625614E+02  0.1625614E+02
  0.3061631E+02  0.3161120E+02 -0.9948913E+00  0.4383692E+01  0.4383692E+01
  0.3048876E+02  0.3143036E+02 -0.9415998E+00  0.1051124E+02  0.1051124E+02
  0.3036121E+02  0.3124951E+02 -0.8883082E+00 -0.3612061E+00  0.0000000E+00
  0.3019333E+02  0.3106756E+02 -0.8742240E+00 -0.1193333E+01  0.0000000E+00
  0.2998514E+02  0.3088449E+02 -0.8993471E+00 -0.9851398E+00  0.0000000E+00
  0.2977695E+02  0.3070142E+02 -0.9244702E+00  0.5223053E+01  0.5223053E+01
  0.2956875E+02  0.3051835E+02 -0.9495933E+00  0.1431246E+01  0.1431246E+01
  0.2939408E+02  0.3033713E+02 -0.9430605E+00  0.6605925E+01  0.6605925E+01
  0.2925291E+02  0.3015778E+02 -0.9048716E+00  0.1274709E+02  0.1274709E+02
  0.2911175E+02  0.2997843E+02 -0.8666827E+00 -0.1117458E+00  0.0000000E+00
  0.2897058E+02  0.2979907E+02 -0.8284939E+00 -0.1970579E+01  0.0000000E+00
  0.2880556E+02  0.2962089E+02 -0.8153375E+00  0.4194445E+01  0.4194445E+01
  0.2861667E+02  0.2944389E+02 -0.8272136E+00  0.3383327E+01  0.3383327E+01
  0.2842779E+02  0.2926688E+02 -0.8390898E+00  0.9572210E+01  0.9572210E+01
  0.2823891E+02  0.2908987E+02 -0.8509660E+00  0.7610931E+00  0.7610931E+00
  0.2805602E+02  0.2891635E+02 -0.8603219E+00  0.4943977E+01  0.4943977E+01
  0.2787914E+02  0.2874630E+02 -0.8671576E+00  0.1208611E+00  0.1208611E+00
  0.2770226E+02  0.2857625E+02 -0.8739933E+00  0.4297745E+01  0.4297745E+01
  0.2752537E+02  0.2840620E+02 -0.8808291E+00  0.8474628E+01  0.8474628E+01
  0.2735342E+02  0.2824023E+02 -0.8868132E+00  0.1164658E+02  0.1164658E+02
  0.2718639E+02  0.2807833E+02 -0.8919457E+00 -0.2186388E+01  0.0000000E+00
  0.2701936E+02  0.2791644E+02 -0.8970782E+00  0.3980640E+01  0.3980640E+01
  0.2685233E+02  0.2775454E+02 -0.9022107E+00  0.1314767E+02  0.1314767E+02
  0.2671644E+02  0.2759528E+02 -0.8788363E+00 -0.2716444E+01  0.0000000E+00
  0.2661170E+02  0.2743865E+02 -0.8269551E+00  0.1338830E+02  0.1338830E+02
  0.2650695E+02  0.2728203E+02 -0.7750739E+00  0.2493048E+01  0.2493048E+01
  0.2640221E+02  0.2712540E+02 -0.7231928E+00 -0.1402206E+01  0.0000000E+00
  0.2628370E+02  0.2696842E+02 -0.6847174E+00  0.3716299E+01  0.3716299E+01
  0.2615144E+02  0.2681109E+02 -0.6596478E+00 -0.6151440E+01  0.0000000E+00
  0.2601918E+02  0.2665376E+02 -0.6345782E+00 -0.6019176E+01  0.0000000E+00
  0.2588692E+02  0.2649642E+02 -0.6095087E+00  0.1113085E+01  0.1113085E+01
  0.2571331E+02  0.2633974E+02 -0.6264385E+00 -0.2713306E+01  0.0000000E+00
  0.2549835E+02  0.2618372E+02 -0.6853678E+00 -0.6498354E+01  0.0000000E+00
  0.2528340E+02  0.2602770E+02 -0.7442970E+00 -0.2834015E+00  0.0000000E+00
  0.2506845E+02  0.2587168E+02 -0.8032263E+00  0.5931551E+01  0.5931551E+01
  0.2491347E+02  0.2572103E+02 -0.8075580E+00  0.1108653E+02  0.1108653E+02
  0.2481847E+02  0.2557577E+02 -0.7572923E+00  0.7181526E+01  0.7181526E+01
  0.2472348E+02  0.2543050E+02 -0.7070265E+00  0.3276524E+01  0.3276524E+01
  0.2462848E+02  0.2528524E+02 -0.6567608E+00 -0.8628477E+01  0.0000000E+00
  0.2448476E+02  0.2513997E+02 -0.6552099E+00 -0.4484762E+01  0.0000000E+00
  0.2429233E+02  0.2499470E+02 -0.7023740E+00  0.5707674E+01  0.5707674E+01
  0.2409989E+02  0.2484943E+02 -0.7495381E+00  0.2900106E+01  0.2900106E+01
  0.2390746E+02  0.2470416E+02 -0.7967023E+00  0.1409254E+02  0.1409254E+02
  0.2375025E+02  0.2456217E+02 -0.8119237E+00  0.1249750E+01  0.1249750E+01
  0.2362827E+02  0.2442347E+02 -0.7952026E+00  0.8371733E+01  0.8371733E+01
  0.2350628E+02  0.2428477E+02 -0.7784815E+00  0.6493715E+01  0.6493715E+01
  0.2338430E+02  0.2414606E+02 -0.7617604E+00 -0.1384302E+01  0.0000000E+00
  0.2326858E+02  0.2400856E+02 -0.7399773E+00  0.1731417E+01  0.1731417E+01
  0.2315913E+02  0.2387226E+02 -0.7131324E+00  0.1184087E+02  0.1184087E+02
  0.2304967E+02  0.2373596E+02 -0.6862875E+00  0.9503288E+00  0.9503288E+00
  0.2294022E+02  0.2359966E+02 -0.6594426E+00  0.6059784E+01  0.6059784E+01
  0.2281181E+02  0.2346294E+02 -0.6511360E+00 -0.1811806E+01  0.0000000E+00
  0.2266444E+02  0.2332581E+02 -0.6613679E+00 -0.6644382E+00  0.0000000E+00
  0.2251707E+02  0.2318867E+02 -0.6715997E+00  0.6482927E+01  0.6482927E+01
  0.2236971E+02  0.2305154E+02 -0.6818315E+00  0.3630295E+01  0.3630295E+01
  0.2224102E+02  0.2291625E+02 -0.6752297E+00  0.3758984E+01  0.3758984E+01
  0.2213100E+02  0.2278280E+02 -0.6517943E+00 -0.1131004E+01  0.0000000E+00
  0.2202099E+02  0.2264935E+02 -0.6283589E+00  0.3979008E+01  0.3979008E+01
  0.2191098E+02  0.2251590E+02 -0.6049235E+00 -0.7910980E+01  0.0000000E+00
  0.2177799E+02  0.2238304E+02 -0.6050482E+00 -0.1777987E+01  0.0000000E+00
  0.2162201E+02  0.2225074E+02 -0.6287332E+00  0.6377991E+01  0.6377991E+01
  0.2146603E+02  0.2211845E+02 -0.6524181E+00  0.2533968E+01  0.2533968E+01
  0.2131005E+02  0.2198616E+02 -0.6761030E+00  0.1689945E+01  0.1689945E+01
  0.2116651E+02  0.2185620E+02 -0.6896973E+00  0.4833494E+01  0.4833494E+01
  0.2103539E+02  0.2172859E+02 -0.6932009E+00  0.7964613E+01  0.7964613E+01
  0.2090426E+02  0.2160097E+02 -0.6967046E+00  0.9573555E-01  0.9573555E-01
  0.2077315E+02  0.2147335E+02 -0.7002082E+00  0.4226854E+01  0.4226854E+01
  0.2066739E+02  0.2134745E+02 -0.6800538E+00  0.9332607E+01  0.9332607E+01
  0.2058701E+02  0.2122325E+02 -0.6362413E+00  0.7412991E+01  0.7412991E+01
  0.2050663E+02  0.2109906E+02 -0.5924287E+00  0.1493372E+01  0.1493372E+01
  0.2042624E+02  0.2097486E+02 -0.5486162E+00 -0.2426245E+01  0.0000000E+00
  0.2030249E+02  0.2084949E+02 -0.5469951E+00 -0.5302494E+01  0.0000000E+00
  0.2013537E+02  0.2072294E+02 -0.5875654E+00  0.2864626E+01  0.2864626E+01
  0.1996825E+02  0.2059639E+02 -0.6281357E+00  0.9031746E+01  0.9031746E+01
  0.1980113E+02  0.2046984E+02 -0.6687060E+00  0.1198866E+01  0.1198866E+01
  0.1967566E+02  0.2034612E+02 -0.6704638E+00  0.3243427E+00  0.3243427E+00
  0.1959183E+02  0.2022523E+02 -0.6334090E+00  0.1240817E+02  0.1240817E+02
  0.1950799E+02  0.2010435E+02 -0.5963542E+00 -0.2507990E+01  0.0000000E+00
  0.1942416E+02  0.1998346E+02 -0.5592994E+00  0.5758419E+00  0.5758419E+00
  0.1932334E+02  0.1986249E+02 -0.5391465E+00  0.3676661E+01  0.3676661E+01
  0.1920554E+02  0.1974143E+02 -0.5358954E+00  0.7944603E+00  0.7944603E+00
  0.1908774E+02  0.1962038E+02 -0.5326443E+00 -0.8773994E-01  0.0000000E+00
  0.1896994E+02  0.1949933E+02 -0.5293933E+00 -0.9699402E+00  0.0000000E+00
  0.1885517E+02  0.1937875E+02 -0.5235791E+00  0.3144833E+01  0.3144833E+01
  0.1874342E+02  0.1925863E+02 -0.5152019E+00  0.2565765E+00  0.2565765E+00
  0.1863168E+02  0.1913850E+02 -0.5068247E+00  0.4368322E+01  0.4368322E+01
  0.1851993E+02  0.1901838E+02 -0.4984475E+00 -0.1519934E+01  0.0000000E+00
  0.1840075E+02  0.1889928E+02 -0.4985271E+00 -0.1400753E+01  0.0000000E+00
  0.1827414E+02  0.1878120E+02 -0.5070634E+00 -0.2274137E+01  0.0000000E+00
  0.1814752E+02  0.1866312E+02 -0.5155998E+00 -0.1475201E+00  0.0000000E+00
  0.1802090E+02  0.1854504E+02 -0.5241362E+00 -0.7020905E+01  0.0000000E+00
  0.1789338E+02  0.1842859E+02 -0.5352120E+00  0.6106623E+01  0.6106623E+01
  0.1776494E+02  0.1831376E+02 -0.5488272E+00  0.7235064E+01  0.7235064E+01
  0.1763650E+02  0.1819894E+02 -0.5624424E+00  0.1136350E+02  0.1136350E+02
  0.1750806E+02  0.1808412E+02 -0.5760576E+00 -0.2508059E+01  0.0000000E+00
  0.1739414E+02  0.1797111E+02 -0.5769694E+00  0.5605860E+01  0.5605860E+01
  0.1729474E+02  0.1785992E+02 -0.5651779E+00  0.1705257E+01  0.1705257E+01
  0.1719534E+02  0.1774873E+02 -0.5533864E+00 -0.1953449E+00  0.0000000E+00
  0.1709595E+02  0.1763754E+02 -0.5415948E+00  0.2904053E+01  0.2904053E+01
  0.1699525E+02  0.1752675E+02 -0.5315059E+00  0.2004753E+01  0.2004753E+01
  0.1689325E+02  0.1741637E+02 -0.5231195E+00  0.6106752E+01  0.6106752E+01
  0.1679125E+02  0.1730598E+02 -0.5147331E+00 -0.2791248E+01  0.0000000E+00
  0.1668925E+02  0.1719559E+02 -0.5063467E+00 -0.3689249E+01  0.0000000E+00
  0.1659011E+02  0.1708553E+02 -0.4954156E+00  0.5409887E+01  0.5409887E+01
  0.1649384E+02  0.1697578E+02 -0.4819396E+00  0.8506159E+01  0.8506159E+01
  0.1639757E+02  0.1686603E+02 -0.4684636E+00  0.3602430E+01  0.3602430E+01
  0.1630130E+02  0.1675629E+02 -0.4549877E+00 -0.1301298E+01  0.0000000E+00
  0.1620370E+02  0.1664689E+02 -0.4431870E+00  0.7962990E+00  0.7962990E+00
  0.1610478E+02  0.1653784E+02 -0.4330617E+00 -0.2104776E+01  0.0000000E+00
  0.1600585E+02  0.1642879E+02 -0.4229364E+00 -0.4005852E+01  0.0000000E+00
  0.1590693E+02  0.1631974E+02 -0.4128111E+00 -0.2906930E+01  0.0000000E+00
  0.1579153E+02  0.1621120E+02 -0.4196670E+00  0.2084665E+00  0.2084665E+00
  0.1565967E+02  0.1610317E+02 -0.4435041E+00  0.3340334E+01  0.3340334E+01
  0.1552780E+02  0.1599514E+02 -0.4673412E+00  0.3472201E+01  0.3472201E+01
  0.1539593E+02  0.1588711E+02 -0.4911782E+00  0.4604069E+01  0.4604069E+01
  0.1526716E+02  0.1578136E+02 -0.5141975E+00  0.4732838E+01  0.4732838E+01
  0.1514149E+02  0.1567789E+02 -0.5363989E+00 -0.1414919E+00  0.0000000E+00
  0.1501582E+02  0.1557442E+02 -0.5586004E+00  0.1098418E+02  0.1098418E+02
  0.1489015E+02  0.1547095E+02 -0.5808019E+00  0.5109848E+01  0.5109848E+01
  0.1479985E+02  0.1536966E+02 -0.5698140E+00  0.7200154E+01  0.7200154E+01
  0.1474490E+02  0.1527054E+02 -0.5256369E+00  0.4255098E+01  0.4255098E+01
  0.1468996E+02  0.1517142E+02 -0.4814598E+00 -0.2689958E+01  0.0000000E+00
  0.1463501E+02  0.1507230E+02 -0.4372827E+00  0.2364986E+01  0.2364986E+01
  0.1455477E+02  0.1497170E+02 -0.4169306E+00  0.1445233E+01  0.1445233E+01
  0.1444921E+02  0.1486962E+02 -0.4204035E+00  0.1550785E+01  0.1550785E+01
  0.1434366E+02  0.1476754E+02 -0.4238764E+00 -0.2343663E+01  0.0000000E+00
  0.1423811E+02  0.1466546E+02 -0.4273493E+00  0.3761889E+01  0.3761889E+01
  0.1413731E+02  0.1456388E+02 -0.4265759E+00 -0.1373072E+00  0.0000000E+00
  0.1404125E+02  0.1446281E+02 -0.4215564E+00  0.4958751E+01  0.4958751E+01
  0.1394519E+02  0.1436173E+02 -0.4165368E+00  0.3054808E+01  0.3054808E+01
  0.1384913E+02  0.1426065E+02 -0.4115172E+00 -0.2849134E+01  0.0000000E+00
  0.1376108E+02  0.1416073E+02 -0.3996583E+00  0.2389240E+00  0.2389240E+00
  0.1368102E+02  0.1406198E+02 -0.3809600E+00  0.4318983E+01  0.4318983E+01
  0.1360096E+02  0.1396322E+02 -0.3622617E+00 -0.6009588E+00  0.0000000E+00
  0.1352090E+02  0.1386446E+02 -0.3435634E+00 -0.3520900E+01  0.0000000E+00
  0.1341880E+02  0.1376583E+02 -0.3470313E+00  0.1581198E+01  0.1581198E+01
  0.1329467E+02  0.1366733E+02 -0.3726654E+00 -0.2294665E+01  0.0000000E+00
  0.1317053E+02  0.1356883E+02 -0.3982995E+00  0.4829472E+01  0.4829472E+01
  0.1304639E+02  0.1347033E+02 -0.4239335E+00 -0.4639149E-01  0.0000000E+00
  0.1294730E+02  0.1337384E+02 -0.4265408E+00  0.4052697E+01  0.4052697E+01
  0.1287326E+02  0.1327938E+02 -0.4061211E+00  0.3126740E+01  0.3126740E+01
  0.1279922E+02  0.1318492E+02 -0.3857014E+00  0.5200782E+01  0.5200782E+01
  0.1272518E+02  0.1309046E+02 -0.3652817E+00 -0.3725176E+01  0.0000000E+00
  0.1263262E+02  0.1299625E+02 -0.3636340E+00  0.1367384E+01  0.1367384E+01
  0.1252154E+02  0.1290230E+02 -0.3807581E+00 -0.1521539E+01  0.0000000E+00
  0.1241046E+02  0.1280834E+02 -0.3978822E+00  0.5589539E+01  0.5589539E+01
  0.1229938E+02  0.1271439E+02 -0.4150063E+00  0.2700616E+01  0.2700616E+01
  0.1220410E+02  0.1262173E+02 -0.4176307E+00  0.3795899E+01  0.3795899E+01
  0.1212461E+02  0.1253037E+02 -0.4057553E+00  0.8753862E+00  0.8753862E+00
  0.1204513E+02  0.1243901E+02 -0.3938798E+00  0.3954875E+01  0.3954875E+01
  0.1196564E+02  0.1234764E+02 -0.3820044E+00 -0.3965638E+01  0.0000000E+00
  0.1188576E+02  0.1225672E+02 -0.3709654E+00  0.7114243E+01  0.7114243E+01
  0.1180548E+02  0.1216625E+02 -0.3607628E+00  0.1945162E+00  0.1945162E+00
  0.1172521E+02  0.1207577E+02 -0.3505602E+00 -0.3725211E+01  0.0000000E+00
  0.1164494E+02  0.1198530E+02 -0.3403576E+00  0.4355062E+01  0.4355062E+01
  0.1156134E+02  0.1189491E+02 -0.3335705E+00  0.1438659E+01  0.1438659E+01
  0.1147442E+02  0.1180462E+02 -0.3301989E+00  0.5255785E+00  0.5255785E+00
  0.1138750E+02  0.1171433E+02 -0.3268273E+00 -0.3875008E+00  0.0000000E+00
  0.1130058E+02  0.1162404E+02 -0.3234557E+00 -0.3005810E+00  0.0000000E+00
  0.1121096E+02  0.1153446E+02 -0.3235022E+00  0.3789041E+01  0.3789041E+01
  0.1111864E+02  0.1144560E+02 -0.3269667E+00 -0.1118637E+01  0.0000000E+00
  0.1102631E+02  0.1135675E+02 -0.3304313E+00  0.3973686E+01  0.3973686E+01
  0.1093399E+02  0.1126789E+02 -0.3338959E+00  0.6600857E-01  0.6600857E-01
  0.1085219E+02  0.1118013E+02 -0.3279438E+00  0.3147814E+01  0.3147814E+01
  0.1078090E+02  0.1109347E+02 -0.3125751E+00 -0.1780898E+01  0.0000000E+00
  0.1070961E+02  0.1100682E+02 -0.2972064E+00  0.2290389E+01  0.2290389E+01
  0.1063832E+02  0.1092016E+02 -0.2818377E+00 -0.4638323E+01  0.0000000E+00
  0.1055953E+02  0.1083370E+02 -0.2741730E+00 -0.1559527E+01  0.0000000E+00
  0.1047322E+02  0.1074744E+02 -0.2742123E+00  0.1526775E+01  0.1526775E+01
  0.1038692E+02  0.1066117E+02 -0.2742516E+00 -0.6386922E+01  0.0000000E+00
  0.1030062E+02  0.1057491E+02 -0.2742909E+00  0.6699381E+01  0.6699381E+01
  0.1021252E+02  0.1048942E+02 -0.2769059E+00 -0.2125187E+00  0.0000000E+00
  0.1012262E+02  0.1040472E+02 -0.2820966E+00 -0.1122622E+01  0.0000000E+00
  0.1003273E+02  0.1032001E+02 -0.2872874E+00 -0.1032725E+01  0.0000000E+00
  0.9942829E+01  0.1023531E+02 -0.2924781E+00  0.2057171E+01  0.2057171E+01
  0.9855041E+01  0.1015186E+02 -0.2968187E+00  0.2144959E+01  0.2144959E+01
  0.9769361E+01  0.1006967E+02 -0.3003091E+00  0.2306395E+00  0.2306395E+00
  0.9683681E+01  0.9987481E+01 -0.3037995E+00 -0.1683681E+01  0.0000000E+00
  0.9598001E+01  0.9905292E+01 -0.3072899E+00  0.9401999E+01  0.9401999E+01
  0.9513310E+01  0.9824090E+01 -0.3107791E+00  0.4866896E+00  0.4866896E+00
  0.9429610E+01  0.9743876E+01 -0.3142670E+00 -0.1429610E+01  0.0000000E+00
  0.9345908E+01  0.9663664E+01 -0.3177550E+00 -0.3459082E+00  0.0000000E+00
  0.9262208E+01  0.9583450E+01 -0.3212430E+00  0.2737792E+01  0.2737792E+01
  0.9191413E+01  0.9504106E+01 -0.3126928E+00  0.3808587E+01  0.3808587E+01
  0.9133527E+01  0.9425631E+01 -0.2921044E+00  0.3866473E+01  0.3866473E+01
  0.9075639E+01  0.9347156E+01 -0.2715161E+00  0.3924361E+01  0.3924361E+01
  0.9017753E+01  0.9268681E+01 -0.2509277E+00 -0.3017753E+01  0.0000000E+00
  0.8940634E+01  0.9189885E+01 -0.2492507E+00 -0.1940634E+01  0.0000000E+00
  0.8844284E+01  0.9110768E+01 -0.2664849E+00  0.1557159E+00  0.1557159E+00
  0.8747933E+01  0.9031653E+01 -0.2837191E+00  0.2252067E+01  0.2252067E+01
  0.8651584E+01  0.8952537E+01 -0.3009534E+00 -0.6515837E+00  0.0000000E+00
  0.8578091E+01  0.8874779E+01 -0.2966877E+00  0.2421909E+01  0.2421909E+01
  0.8527455E+01  0.8798377E+01 -0.2709220E+00  0.6472545E+01  0.6472545E+01
  0.8476819E+01  0.8721975E+01 -0.2451564E+00  0.4523181E+01  0.4523181E+01
  0.8426184E+01  0.8645574E+01 -0.2193907E+00 -0.2426184E+01  0.0000000E+00
  0.8360788E+01  0.8569034E+01 -0.2082457E+00 -0.4360788E+01  0.0000000E+00
  0.8280634E+01  0.8492355E+01 -0.2117215E+00 -0.1280634E+01  0.0000000E+00
  0.8200479E+01  0.8415676E+01 -0.2151972E+00  0.1799521E+01  0.1799521E+01
  0.8120324E+01  0.8338998E+01 -0.2186730E+00  0.8796759E+00  0.8796759E+00
  0.8035692E+01  0.8263018E+01 -0.2273251E+00 -0.4035692E+01  0.0000000E+00
  0.7946582E+01  0.8187736E+01 -0.2411536E+00  0.1053418E+01  0.1053418E+01
  0.7857472E+01  0.8112453E+01 -0.2549821E+00  0.3142528E+01  0.3142528E+01
  0.7768362E+01  0.8037172E+01 -0.2688107E+00 -0.7683620E+00  0.0000000E+00
  0.7695590E+01  0.7963577E+01 -0.2679870E+00  0.2304410E+01  0.2304410E+01
  0.7639157E+01  0.7891668E+01 -0.2525111E+00  0.4360843E+01  0.4360843E+01
  0.7582725E+01  0.7819760E+01 -0.2370353E+00  0.4172754E+00  0.4172754E+00
  0.7526291E+01  0.7747851E+01 -0.2215595E+00 -0.5262914E+00  0.0000000E+00
  0.7453605E+01  0.7676066E+01 -0.2224609E+00  0.1546395E+01  0.1546395E+01
  0.7364666E+01  0.7604405E+01 -0.2397395E+00 -0.3646655E+00  0.0000000E+00
  0.7275725E+01  0.7532743E+01 -0.2570181E+00 -0.1275725E+01  0.0000000E+00
  0.7186786E+01  0.7461082E+01 -0.2742968E+00  0.2813214E+01  0.2813214E+01
  0.7117280E+01  0.7390743E+01 -0.2734623E+00  0.2882720E+01  0.2882720E+01
  0.7067210E+01  0.7321724E+01 -0.2545146E+00  0.7932790E+01  0.7932790E+01
  0.7017138E+01  0.7252706E+01 -0.2355669E+00 -0.4017138E+01  0.0000000E+00
  0.6967068E+01  0.7183687E+01 -0.2166192E+00  0.5032932E+01  0.5032932E+01
  0.6906772E+01  0.7114797E+01 -0.2080251E+00 -0.3906772E+01  0.0000000E+00
  0.6836250E+01  0.7046035E+01 -0.2097845E+00  0.5163750E+01  0.5163750E+01
  0.6765729E+01  0.6977273E+01 -0.2115440E+00 -0.7657294E+00  0.0000000E+00
  0.6695208E+01  0.6908512E+01 -0.2133034E+00  0.3304792E+01  0.3304792E+01
  0.6626908E+01  0.6840244E+01 -0.2133350E+00 -0.6269083E+00  0.0000000E+00
  0.6560830E+01  0.6772469E+01 -0.2116389E+00  0.2439170E+01  0.2439170E+01
  0.6494752E+01  0.6704695E+01 -0.2099427E+00  0.2505248E+01  0.2505248E+01
  0.6428674E+01  0.6636920E+01 -0.2082465E+00  0.3571326E+01  0.3571326E+01
  0.6375574E+01  0.6570018E+01 -0.1944446E+00 -0.1375574E+01  0.0000000E+00
  0.6335450E+01  0.6503987E+01 -0.1685370E+00 -0.3354497E+00  0.0000000E+00
  0.6295327E+01  0.6437956E+01 -0.1426294E+00 -0.1295327E+01  0.0000000E+00
  0.6255203E+01  0.6371925E+01 -0.1167218E+00 -0.3255203E+01  0.0000000E+00
  0.6193924E+01  0.6305489E+01 -0.1115644E+00 -0.2193924E+01  0.0000000E+00
  0.6111491E+01  0.6238648E+01 -0.1271571E+00 -0.3111491E+01  0.0000000E+00
  0.6029058E+01  0.6171808E+01 -0.1427498E+00 -0.1029058E+01  0.0000000E+00
  0.5946625E+01  0.6104967E+01 -0.1583426E+00  0.5053375E+01  0.5053375E+01
  0.5863897E+01  0.6039571E+01 -0.1756738E+00 -0.2863897E+01  0.0000000E+00
  0.5780876E+01  0.5975620E+01 -0.1947435E+00 -0.7808762E+00  0.0000000E+00
  0.5697855E+01  0.5911668E+01 -0.2138133E+00  0.1302145E+01  0.1302145E+01
  0.5614833E+01  0.5847716E+01 -0.2328830E+00  0.3385167E+01  0.3385167E+01
  0.5550324E+01  0.5785829E+01 -0.2355051E+00  0.4449676E+01  0.4449676E+01
  0.5504326E+01  0.5726006E+01 -0.2216796E+00  0.3495674E+01  0.3495674E+01
  0.5458328E+01  0.5666183E+01 -0.2078540E+00  0.1541672E+01  0.1541672E+01
  0.5412331E+01  0.5606359E+01 -0.1940285E+00  0.2587669E+01  0.2587669E+01
  0.5364686E+01  0.5546617E+01 -0.1819303E+00  0.1635314E+01  0.1635314E+01
  0.5315395E+01  0.5486954E+01 -0.1715595E+00 -0.3153949E+00  0.0000000E+00
  0.5266104E+01  0.5427292E+01 -0.1611886E+00 -0.2266104E+01  0.0000000E+00
  0.5216813E+01  0.5367630E+01 -0.1508178E+00 -0.2168126E+00  0.0000000E+00
  0.5160495E+01  0.5307874E+01 -0.1473785E+00  0.1839505E+01  0.1839505E+01
  0.5097152E+01  0.5248023E+01 -0.1508708E+00  0.9028478E+00  0.9028478E+00
  0.5033809E+01  0.5188172E+01 -0.1543630E+00 -0.2033809E+01  0.0000000E+00
  0.4970466E+01  0.5128322E+01 -0.1578553E+00  0.4029534E+01  0.4029534E+01
  0.4921095E+01  0.5069427E+01 -0.1483313E+00  0.1078905E+01  0.1078905E+01
  0.4885697E+01  0.5011488E+01 -0.1257911E+00  0.1143031E+00  0.1143031E+00
  0.4850298E+01  0.4953549E+01 -0.1032509E+00 -0.1850298E+01  0.0000000E+00
  0.4814899E+01  0.4895610E+01 -0.8071063E-01 -0.3814899E+01  0.0000000E+00
  0.4766457E+01  0.4837639E+01 -0.7118248E-01 -0.7664566E+00  0.0000000E+00
  0.4704969E+01  0.4779635E+01 -0.7466640E-01 -0.2704969E+01  0.0000000E+00
  0.4643481E+01  0.4721632E+01 -0.7815034E-01 -0.2643481E+01  0.0000000E+00
  0.4581994E+01  0.4663628E+01 -0.8163426E-01 -0.5819936E+00  0.0000000E+00
  0.4517959E+01  0.4606555E+01 -0.8859544E-01 -0.2517959E+01  0.0000000E+00
  0.4451376E+01  0.4550411E+01 -0.9903386E-01 -0.4513764E+00  0.0000000E+00
  0.4384795E+01  0.4494267E+01 -0.1094723E+00  0.6152053E+00  0.6152053E+00
  0.4318212E+01  0.4438123E+01 -0.1199107E+00  0.6817880E+00  0.6817880E+00
  0.4259379E+01  0.4383647E+01 -0.1242684E+00 -0.1259379E+01  0.0000000E+00
  0.4208296E+01  0.4330841E+01 -0.1225455E+00  0.7917042E+00  0.7917042E+00
  0.4157212E+01  0.4278035E+01 -0.1208226E+00 -0.2157212E+01  0.0000000E+00
  0.4106129E+01  0.4225228E+01 -0.1190997E+00 -0.1061287E+00  0.0000000E+00
  0.4053308E+01  0.4173295E+01 -0.1199878E+00  0.9466925E+00  0.9466925E+00
  0.3998749E+01  0.4122236E+01 -0.1234871E+00  0.2001251E+01  0.2001251E+01
  0.3944190E+01  0.4071176E+01 -0.1269863E+00  0.4055810E+01  0.4055810E+01
  0.3889631E+01  0.4020117E+01 -0.1304856E+00 -0.2889631E+01  0.0000000E+00
  0.3848107E+01  0.3969908E+01 -0.1218006E+00  0.2151893E+01  0.2151893E+01
  0.3819618E+01  0.3920550E+01 -0.1009314E+00  0.1803818E+00  0.1803818E+00
  0.3791129E+01  0.3871192E+01 -0.8006213E-01 -0.1791129E+01  0.0000000E+00
  0.3762640E+01  0.3821833E+01 -0.5919289E-01 -0.2762640E+01  0.0000000E+00
  0.3720080E+01  0.3772326E+01 -0.5224569E-01  0.2799196E+00  0.2799196E+00
  0.3663450E+01  0.3722670E+01 -0.5922051E-01 -0.3663450E+01  0.0000000E+00
  0.3606819E+01  0.3673014E+01 -0.6619533E-01 -0.2606819E+01  0.0000000E+00
  0.3550188E+01  0.3623358E+01 -0.7317015E-01 -0.2550188E+01  0.0000000E+00
  0.3498942E+01  0.3574734E+01 -0.7579249E-01  0.5010583E+00  0.5010583E+00
  0.3453080E+01  0.3527142E+01 -0.7406234E-01  0.1546920E+01  0.1546920E+01
  0.3407218E+01  0.3479550E+01 -0.7233219E-01 -0.2407218E+01  0.0000000E+00
  0.3361356E+01  0.3431958E+01 -0.7060204E-01 -0.1361356E+01  0.0000000E+00
  0.3313949E+01  0.3385435E+01 -0.7148648E-01  0.3686051E+01  0.3686051E+01
  0.3264996E+01  0.3339981E+01 -0.7498550E-01 -0.3264996E+01  0.0000000E+00
  0.3216043E+01  0.3294527E+01 -0.7848453E-01  0.7839575E+00  0.7839575E+00
  0.3167089E+01  0.3249073E+01 -0.8198355E-01 -0.1167089E+01  0.0000000E+00
  0.3125291E+01  0.3204667E+01 -0.7937553E-01  0.8747089E+00  0.8747089E+00
  0.3090647E+01  0.3161308E+01 -0.7066046E-01 -0.1090647E+01  0.0000000E+00
  0.3056003E+01  0.3117949E+01 -0.6194538E-01 -0.2056003E+01  0.0000000E+00
  0.3021359E+01  0.3074589E+01 -0.5323031E-01 -0.2021359E+01  0.0000000E+00
  0.2984668E+01  0.3031799E+01 -0.4713007E-01  0.1015332E+01  0.1015332E+01
  0.2945931E+01  0.2989576E+01 -0.4364467E-01 -0.1945931E+01  0.0000000E+00
  0.2907193E+01  0.2947353E+01 -0.4015926E-01  0.1092807E+01  0.1092807E+01
  0.2868456E+01  0.2905130E+01 -0.3667386E-01 -0.2868456E+01  0.0000000E+00
  0.2826924E+01  0.2863605E+01 -0.3668158E-01 -0.2826924E+01  0.0000000E+00
  0.2782598E+01  0.2822780E+01 -0.4018243E-01 -0.1782598E+01  0.0000000E+00
  0.2738271E+01  0.2781954E+01 -0.4368329E-01 -0.7382710E+00  0.0000000E+00
  0.2693944E+01  0.2741129E+01 -0.4718414E-01 -0.2693944E+01  0.0000000E+00
  0.2653349E+01  0.2701412E+01 -0.4806323E-01  0.3466513E+00  0.3466513E+00
  0.2616483E+01  0.2662804E+01 -0.4632054E-01 -0.6164834E+00  0.0000000E+00
  0.2579618E+01  0.2624196E+01 -0.4457784E-01  0.4203818E+00  0.4203818E+00
  0.2542753E+01  0.2585588E+01 -0.4283515E-01 -0.1542753E+01  0.0000000E+00
  0.2502275E+01  0.2547743E+01 -0.4546769E-01 -0.1502275E+01  0.0000000E+00
  0.2458184E+01  0.2510659E+01 -0.5247545E-01 -0.1458184E+01  0.0000000E+00
  0.2414093E+01  0.2473576E+01 -0.5948321E-01 -0.1414093E+01  0.0000000E+00
  0.2370001E+01  0.2436492E+01 -0.6649097E-01  0.1629999E+01  0.1629999E+01
  0.2334729E+01  0.2400352E+01 -0.6562292E-01 -0.1334729E+01  0.0000000E+00
  0.2308275E+01  0.2365155E+01 -0.5687906E-01  0.1691725E+01  0.1691725E+01
  0.2281822E+01  0.2329957E+01 -0.4813519E-01 -0.2818217E+00  0.0000000E+00
  0.2255368E+01  0.2294760E+01 -0.3939133E-01 -0.2553680E+00  0.0000000E+00
  0.2222166E+01  0.2259815E+01 -0.3764912E-01 -0.1222166E+01  0.0000000E+00
  0.2182214E+01  0.2225123E+01 -0.4290858E-01 -0.2182214E+01  0.0000000E+00
  0.2142263E+01  0.2190431E+01 -0.4816803E-01  0.8577368E+00  0.8577368E+00
  0.2102312E+01  0.2155739E+01 -0.5342749E-01 -0.1102312E+01  0.0000000E+00
  0.2069208E+01  0.2121764E+01 -0.5255605E-01 -0.6920838E-01  0.0000000E+00
  0.2042953E+01  0.2088507E+01 -0.4555371E-01 -0.4295301E-01  0.0000000E+00
  0.2016698E+01  0.2055249E+01 -0.3855137E-01 -0.1016698E+01  0.0000000E+00
  0.1990442E+01  0.2021991E+01 -0.3154904E-01 -0.9904422E+00  0.0000000E+00
  0.1961113E+01  0.1989164E+01 -0.2805012E-01  0.3888667E-01  0.3888667E-01
  0.1928711E+01  0.1956766E+01 -0.2805462E-01 -0.1928711E+01  0.0000000E+00
  0.1896309E+01  0.1924368E+01 -0.2805912E-01  0.1103691E+01  0.1103691E+01
  0.1863907E+01  0.1891971E+01 -0.2806363E-01 -0.1863907E+01  0.0000000E+00
  0.1832944E+01  0.1860134E+01 -0.2719004E-01 -0.8329436E+00  0.0000000E+00
  0.1803419E+01  0.1828857E+01 -0.2543837E-01 -0.1803419E+01  0.0000000E+00
  0.1773894E+01  0.1797581E+01 -0.2368670E-01 -0.7738943E+00  0.0000000E+00
  0.1744370E+01  0.1766305E+01 -0.2193502E-01 -0.7443697E+00  0.0000000E+00
  0.1712888E+01  0.1735705E+01 -0.2281749E-01 -0.1712888E+01  0.0000000E+00
  0.1679448E+01  0.1705782E+01 -0.2633409E-01 -0.6794484E+00  0.0000000E+00
  0.1646009E+01  0.1675860E+01 -0.2985070E-01 -0.1646009E+01  0.0000000E+00
  0.1612569E+01  0.1645937E+01 -0.3336730E-01  0.3874305E+00  0.3874305E+00
  0.1583493E+01  0.1616863E+01 -0.3337079E-01 -0.1583493E+01  0.0000000E+00
  0.1558779E+01  0.1588640E+01 -0.2986115E-01  0.1441221E+01  0.1441221E+01
  0.1534065E+01  0.1560416E+01 -0.2635151E-01 -0.1534065E+01  0.0000000E+00
  0.1509351E+01  0.1532193E+01 -0.2284187E-01 -0.5093507E+00  0.0000000E+00
  0.1481720E+01  0.1504567E+01 -0.2284698E-01  0.5182798E+00  0.5182798E+00
  0.1451173E+01  0.1477540E+01 -0.2636684E-01 -0.1451173E+01  0.0000000E+00
  0.1420626E+01  0.1450513E+01 -0.2988671E-01 -0.1420626E+01  0.0000000E+00
  0.1390079E+01  0.1423486E+01 -0.3340657E-01  0.6099207E+00  0.6099207E+00
  0.1358593E+01  0.1397282E+01 -0.3868842E-01 -0.3585931E+00  0.0000000E+00
  0.1326168E+01  0.1371900E+01 -0.4573227E-01  0.6738322E+00  0.6738322E+00
  0.1293743E+01  0.1346519E+01 -0.5277612E-01  0.3706257E+01  0.3706257E+01
  0.1261317E+01  0.1321137E+01 -0.5981997E-01  0.1738683E+01  0.1738683E+01
  0.1237898E+01  0.1296844E+01 -0.5894531E-01 -0.2378983E+00  0.0000000E+00
  0.1223486E+01  0.1273638E+01 -0.5015216E-01 -0.1223486E+01  0.0000000E+00
  0.1209073E+01  0.1250432E+01 -0.4135900E-01 -0.1209073E+01  0.0000000E+00
  0.1194661E+01  0.1227227E+01 -0.3256585E-01  0.8053390E+00  0.8053390E+00
  0.1177049E+01  0.1204339E+01 -0.2729041E-01 -0.1770486E+00  0.0000000E+00
  0.1156236E+01  0.1181769E+01 -0.2553267E-01 -0.1562361E+00  0.0000000E+00
  0.1135424E+01  0.1159198E+01 -0.2377494E-01 -0.1354235E+00  0.0000000E+00
  0.1114611E+01  0.1136628E+01 -0.2201721E-01 -0.1146110E+00  0.0000000E+00
  0.1092515E+01  0.1114537E+01 -0.2202130E-01 -0.1092515E+01  0.0000000E+00
  0.1069137E+01  0.1092924E+01 -0.2378723E-01 -0.6913686E-01  0.0000000E+00
  0.1045758E+01  0.1071311E+01 -0.2555315E-01 -0.1045758E+01  0.0000000E+00
  0.1022380E+01  0.1049699E+01 -0.2731908E-01 -0.2237952E-01  0.0000000E+00
  0.1001635E+01  0.1028957E+01 -0.2732243E-01 -0.1634717E-02  0.0000000E+00
  0.9835238E+00  0.1009087E+01 -0.2556320E-01  0.1016476E+01  0.1016476E+01
  0.9654129E+00  0.9892169E+00 -0.2380398E-01  0.1034587E+01  0.1034587E+01
  0.9473020E+00  0.9693467E+00 -0.2204475E-01  0.5269802E-01  0.5269802E-01
  0.9272768E+00  0.9502079E+00 -0.2293105E-01 -0.9272768E+00  0.0000000E+00
  0.9053376E+00  0.9318005E+00 -0.2646287E-01 -0.9053376E+00  0.0000000E+00
  0.8833984E+00  0.9133931E+00 -0.2999469E-01  0.2116601E+01  0.2116601E+01
  0.8614592E+00  0.8949857E+00 -0.3352651E-01 -0.8614592E+00  0.0000000E+00
  0.8430924E+00  0.8775047E+00 -0.3441224E-01  0.1569076E+00  0.1569076E+00
  0.8282983E+00  0.8609502E+00 -0.3265187E-01  0.1717017E+00  0.1717017E+00
  0.8135041E+00  0.8443956E+00 -0.3089150E-01  0.1186496E+01  0.1186496E+01
  0.7987099E+00  0.8278410E+00 -0.2913112E-01  0.2012901E+00  0.2012901E+00
  0.7855506E+00  0.8120371E+00 -0.2648648E-01  0.2144494E+00  0.2144494E+00
  0.7740262E+00  0.7969837E+00 -0.2295755E-01 -0.7740262E+00  0.0000000E+00
  0.7625017E+00  0.7819303E+00 -0.1942862E-01  0.2374983E+00  0.2374983E+00
  0.7509772E+00  0.7668769E+00 -0.1589970E-01  0.2490228E+00  0.2490228E+00
  0.7400297E+00  0.7523980E+00 -0.1413524E-01 -0.7400297E+00  0.0000000E+00
  0.7296590E+00  0.7384936E+00 -0.1413524E-01 -0.7296590E+00  0.0000000E+00
  0.7192883E+00  0.7245890E+00  0.0000000E+00 -0.7192883E+00  0.0000000E+00
  0.7089177E+00  0.7106846E+00  0.0000000E+00 -0.7089177E+00  0.0000000E+00
  0.6955321E+00  0.6973011E+00  0.0000000E+00 -0.6955321E+00  0.0000000E+00
  0.6791316E+00  0.6844387E+00  0.0000000E+00 -0.6791316E+00  0.0000000E+00
  0.6627311E+00  0.6715762E+00 -0.1415224E-01 -0.6627311E+00  0.0000000E+00
  0.6463305E+00  0.6587138E+00 -0.1415224E-01 -0.6463305E+00  0.0000000E+00
  0.6315190E+00  0.6465573E+00 -0.1503837E-01  0.1368481E+01  0.1368481E+01
  0.6182964E+00  0.6351070E+00 -0.1681062E-01 -0.6182964E+00  0.0000000E+00
  0.6050738E+00  0.6236566E+00 -0.1858287E-01 -0.6050738E+00  0.0000000E+00
  0.5918511E+00  0.6122063E+00 -0.2035512E-01  0.4081489E+00  0.4081489E+00
  0.5809229E+00  0.6012802E+00 -0.2035734E-01 -0.5809229E+00  0.0000000E+00
  0.5722889E+00  0.5908785E+00 -0.1858954E-01  0.1427711E+01  0.1427711E+01
  0.5636551E+00  0.5804768E+00 -0.1682173E-01 -0.5636551E+00  0.0000000E+00
  0.5550211E+00  0.5700751E+00 -0.1505393E-01  0.4449789E+00  0.4449789E+00
  0.5465779E+00  0.5598629E+00 -0.1328494E-01  0.4534221E+00  0.4534221E+00
  0.5383254E+00  0.5498401E+00 -0.1151476E-01 -0.5383254E+00  0.0000000E+00
  0.5300727E+00  0.5398174E+00 -0.9744578E-02 -0.5300727E+00  0.0000000E+00
  0.5218202E+00  0.5297946E+00 -0.7974398E-02 -0.5218202E+00  0.0000000E+00
  0.5110432E+00  0.5199064E+00 -0.8863202E-02 -0.5110432E+00  0.0000000E+00
  0.4977417E+00  0.5101527E+00 -0.1241099E-01  0.5022583E+00  0.5022583E+00
  0.4844402E+00  0.5003990E+00 -0.1595878E-01  0.5155598E+00  0.5155598E+00
  0.4711387E+00  0.4906453E+00 -0.1950657E-01  0.1528861E+01  0.1528861E+01
  0.4617982E+00  0.4813059E+00 -0.1950767E-01 -0.4617982E+00  0.0000000E+00
  0.4564186E+00  0.4723807E+00 -0.1596209E-01 -0.4564186E+00  0.0000000E+00
  0.4510390E+00  0.4634556E+00 -0.1241650E-01  0.5489609E+00  0.5489609E+00
  0.4456595E+00  0.4545304E+00 -0.8870922E-02 -0.4456595E+00  0.0000000E+00
  0.4386585E+00  0.4457572E+00 -0.7098652E-02 -0.4386585E+00  0.0000000E+00
  0.4300362E+00  0.4371360E+00 -0.7099695E-02 -0.4300362E+00  0.0000000E+00
  0.4214140E+00  0.4285147E+00 -0.7100737E-02 -0.4214140E+00  0.0000000E+00
  0.4127917E+00  0.4198935E+00 -0.7101779E-02  0.5872083E+00  0.5872083E+00
  0.4043793E+00  0.4114822E+00 -0.7102887E-02 -0.4043793E+00  0.0000000E+00
  0.3961769E+00  0.4032809E+00 -0.7104060E-02 -0.3961769E+00  0.0000000E+00
  0.3879744E+00  0.3950796E+00 -0.7105233E-02 -0.3879744E+00  0.0000000E+00
  0.3797720E+00  0.3868784E+00 -0.7106406E-02  0.6202281E+00  0.6202281E+00
  0.3718736E+00  0.3789811E+00 -0.7107494E-02 -0.3718736E+00  0.0000000E+00
  0.3642792E+00  0.3713877E+00 -0.7108499E-02 -0.3642792E+00  0.0000000E+00
  0.3566848E+00  0.3637943E+00 -0.7109504E-02  0.6433152E+00  0.6433152E+00
  0.3490904E+00  0.3562010E+00 -0.7110509E-02 -0.3490904E+00  0.0000000E+00
  0.3426708E+00  0.3488930E+00 -0.7111011E-02 -0.3426708E+00  0.0000000E+00
  0.3374259E+00  0.3418703E+00 -0.7111011E-02 -0.3374259E+00  0.0000000E+00
  0.3321810E+00  0.3348477E+00  0.0000000E+00 -0.3321810E+00  0.0000000E+00
  0.3269362E+00  0.3278250E+00  0.0000000E+00 -0.3269362E+00  0.0000000E+00
  0.3201079E+00  0.3209980E+00  0.0000000E+00 -0.3201079E+00  0.0000000E+00
  0.3116964E+00  0.3143666E+00  0.0000000E+00 -0.3116964E+00  0.0000000E+00
  0.3032849E+00  0.3077352E+00 -0.7120547E-02 -0.3032849E+00  0.0000000E+00
  0.2948733E+00  0.3011038E+00 -0.7120547E-02 -0.2948733E+00  0.0000000E+00
  0.2885782E+00  0.2948087E+00 -0.7120547E-02 -0.2885782E+00  0.0000000E+00
  0.2843997E+00  0.2888500E+00 -0.7120547E-02  0.7156004E+00  0.7156004E+00
  0.2802211E+00  0.2828913E+00  0.0000000E+00 -0.2802211E+00  0.0000000E+00
  0.2760425E+00  0.2769326E+00  0.0000000E+00 -0.2760425E+00  0.0000000E+00
  0.2694110E+00  0.2711931E+00  0.0000000E+00 -0.2694110E+00  0.0000000E+00
  0.2603265E+00  0.2656730E+00  0.0000000E+00 -0.2603265E+00  0.0000000E+00
  0.2512420E+00  0.2601528E+00 -0.1425738E-01 -0.2512420E+00  0.0000000E+00
  0.2421575E+00  0.2546327E+00 -0.1425738E-01 -0.2421575E+00  0.0000000E+00
  0.2370295E+00  0.2495047E+00 -0.1425738E-01  0.1762970E+01  0.1762970E+01
  0.2358582E+00  0.2447691E+00 -0.1425738E-01 -0.2358582E+00  0.0000000E+00
  0.2346869E+00  0.2400334E+00  0.0000000E+00 -0.2346869E+00  0.0000000E+00
  0.2335155E+00  0.2352977E+00  0.0000000E+00 -0.2335155E+00  0.0000000E+00
  0.2298155E+00  0.2307076E+00  0.0000000E+00 -0.2298155E+00  0.0000000E+00
  0.2235867E+00  0.2262633E+00  0.0000000E+00 -0.2235867E+00  0.0000000E+00
  0.2173579E+00  0.2218189E+00 -0.7137523E-02  0.7826421E+00  0.7826421E+00
  0.2111292E+00  0.2173745E+00 -0.7137523E-02 -0.2111292E+00  0.0000000E+00
  0.2069636E+00  0.2132089E+00 -0.7137523E-02 -0.2069636E+00  0.0000000E+00
  0.2048612E+00  0.2093222E+00 -0.7137523E-02 -0.2048612E+00  0.0000000E+00
  0.2027588E+00  0.2054354E+00  0.0000000E+00 -0.2027588E+00  0.0000000E+00
  0.2006565E+00  0.2015487E+00  0.0000000E+00 -0.2006565E+00  0.0000000E+00
  0.1978914E+00  0.1978914E+00  0.0000000E+00 -0.1978914E+00  0.0000000E+00
  0.1944637E+00  0.1944637E+00  0.0000000E+00 -0.1944637E+00  0.0000000E+00
  0.1910360E+00  0.1910360E+00  0.0000000E+00 -0.1910360E+00  0.0000000E+00
  0.1876082E+00  0.1876082E+00  0.0000000E+00 -0.1876082E+00  0.0000000E+00
  0.1844269E+00  0.1844269E+00  0.0000000E+00 -0.1844269E+00  0.0000000E+00
  0.1814919E+00  0.1814919E+00  0.0000000E+00 -0.1814919E+00  0.0000000E+00
  0.1785570E+00  0.1785570E+00  0.0000000E+00 -0.1785570E+00  0.0000000E+00
  0.1756220E+00  0.1756220E+00  0.0000000E+00 -0.1756220E+00  0.0000000E+00
  0.1741545E+00  0.1729727E+00  0.0000000E+00 -0.1741545E+00  0.0000000E+00
  0.1741545E+00  0.1706089E+00  0.0000000E+00 -0.1741545E+00  0.0000000E+00
 -0.7856590E-01  0.1682452E+00 -0.2432655E+00  0.7856590E-01  0.7856590E-01
 -0.7856590E-01  0.1658814E+00 -0.2432655E+00  0.2078566E+01  0.2078566E+01
 -0.7856590E-01  0.1646996E+00 -0.2432655E+00  0.7856590E-01  0.7856590E-01
 -0.7856590E-01  0.1646996E+00 -0.2432655E+00  0.3207857E+02  0.3207857E+02
