 File:671130.spo  Solution Type:Thick  fitting 1231 channels (  70-1300)
 Channel#, E(keV),   Data,        Fit, Residual,    Data-Fit
   70,   0.418,      750.,        0.06,   -0.01,      749.94
   71,   0.439,      692.,        0.12,   -0.01,      691.88
   72,   0.459,      681.,        0.19,   -0.03,      680.81
   73,   0.479,      650.,        0.30,   -0.02,      649.70
   74,   0.499,      665.,        0.42,   -0.04,      664.58
   75,   0.519,      613.,        0.53,   -0.02,      612.47
   76,   0.539,      625.,        0.63,   -0.06,      624.37
   77,   0.559,      623.,        0.68,   -0.07,      622.32
   78,   0.579,      611.,        0.68,   -0.11,      610.32
   79,   0.599,      545.,        0.62,   -0.11,      544.38
   80,   0.619,      556.,        0.51,   -0.15,      555.49
   81,   0.640,      550.,        0.39,   -0.18,      549.61
   82,   0.660,      562.,        0.28,   -0.15,      561.72
   83,   0.680,      536.,        0.19,   -0.04,      535.81
   84,   0.700,      554.,        0.16,    0.02,      553.84
   85,   0.720,      566.,        0.18,    0.11,      565.82
   86,   0.740,      589.,        0.26,    0.12,      588.74
   87,   0.760,      533.,        0.41,    0.18,      532.59
   88,   0.780,      551.,        0.66,    0.13,      550.34
   89,   0.800,      506.,        0.98,    0.06,      505.02
   90,   0.820,      536.,        1.32,   -0.09,      534.68
   91,   0.840,      489.,        1.65,   -0.20,      487.35
   92,   0.861,      515.,        1.88,   -0.26,      513.12
   93,   0.881,      496.,        1.98,   -0.32,      494.02
   94,   0.901,      486.,        1.91,   -0.17,      484.09
   95,   0.921,      485.,        1.69,   -0.18,      483.31
   96,   0.941,      511.,        1.39,    0.04,      509.61
   97,   0.961,      494.,        1.06,    0.05,      492.94
   98,   0.981,      515.,        0.76,    0.07,      514.24
   99,   1.001,      495.,        0.52,    0.32,      494.48
  100,   1.021,      512.,        0.36,    0.29,      511.64
  101,   1.041,      476.,        0.27,    0.28,      475.73
  102,   1.062,      468.,        0.21,    0.12,      467.79
  103,   1.082,      508.,        0.15,   -0.04,      507.85
  104,   1.102,      447.,        0.14,   -0.31,      446.86
  105,   1.122,      474.,        0.12,   -0.39,      473.88
  106,   1.142,      445.,        0.10,   -0.32,      444.90
  107,   1.162,      462.,        0.07,   -0.18,      461.93
  108,   1.182,      440.,        0.05,   -0.17,      439.95
  109,   1.202,      456.,        0.03,   -0.19,      455.97
  110,   1.222,      476.,        0.02,   -0.26,      475.98
  111,   1.242,      453.,        0.01,   -0.36,      452.99
  112,   1.262,      486.,        0.00,   -0.47,      486.00
  113,   1.283,      430.,        0.00,   -0.51,      430.00
  114,   1.303,      462.,        0.00,   -0.39,      462.00
  115,   1.323,      433.,        0.04,   -0.69,      432.96
  116,   1.343,      448.,        0.09,   -0.27,      447.91
  117,   1.363,      483.,        0.18,   -0.09,      482.82
  118,   1.383,      474.,        0.32,    0.12,      473.68
  119,   1.403,      471.,        0.52,    0.51,      470.48
  120,   1.423,      510.,        0.78,    0.58,      509.22
  121,   1.443,      536.,        1.09,    0.96,      534.91
  122,   1.463,      473.,        1.41,    0.89,      471.59
  123,   1.483,      512.,        1.70,    0.96,      510.30
  124,   1.504,      458.,        1.93,    1.00,      456.07
  125,   1.524,      489.,        2.07,    0.71,      486.93
  126,   1.544,      483.,        2.16,    0.00,      480.84
  127,   1.564,      479.,        2.31,    0.04,      476.69
  128,   1.584,      485.,        2.85,   -0.36,      482.15
  129,   1.604,      482.,        4.22,    0.29,      477.78
  130,   1.624,      454.,        7.35,    0.82,      446.65
  131,   1.644,      471.,       13.66,    0.80,      457.34
  132,   1.664,      475.,       25.28,    0.84,      449.72
  133,   1.684,      498.,       44.92,    0.10,      453.08
  134,   1.705,      540.,       76.17,   -0.73,      463.83
  135,   1.725,      561.,      123.22,   -1.09,      437.78
  136,   1.745,      629.,      191.61,   -1.69,      437.39
  137,   1.765,      663.,      289.40,   -2.13,      373.60
  138,   1.785,      814.,      427.92,   -1.84,      386.08
  139,   1.805,     1011.,      621.55,   -1.85,      389.45
  140,   1.825,     1304.,      883.99,   -0.96,      420.01
  141,   1.845,     1629.,     1220.71,    0.15,      408.29
  142,   1.865,     2143.,     1618.98,    1.28,      524.02
  143,   1.885,     2535.,     2040.57,    1.97,      494.43
  144,   1.905,     3060.,     2422.95,    2.36,      637.05
  145,   1.926,     3311.,     2692.70,    1.75,      618.30
  146,   1.946,     3352.,     2788.10,    1.02,      563.90
  147,   1.966,     3233.,     2681.58,    0.36,      551.42
  148,   1.986,     2878.,     2391.28,   -0.19,      486.72
  149,   2.006,     2294.,     1975.34,   -1.25,      318.66
  150,   2.026,     1836.,     1511.90,   -2.24,      324.10
  151,   2.046,     1554.,     1074.36,   -2.38,      479.64
  152,   2.066,     1170.,      713.38,   -2.68,      456.62
  153,   2.086,      962.,      450.86,   -1.96,      511.14
  154,   2.106,      812.,      284.77,   -0.26,      527.23
  155,   2.127,      786.,      199.52,    1.15,      586.48
  156,   2.147,      731.,      175.54,    1.55,      555.46
  157,   2.167,      831.,      194.50,    2.13,      636.50
  158,   2.187,      895.,      240.95,    1.83,      654.05
  159,   2.207,      906.,      300.66,    1.44,      605.34
  160,   2.227,      949.,      359.71,    1.84,      589.29
  161,   2.247,      989.,      405.13,    1.43,      583.87
  162,   2.267,     1023.,      426.22,    0.51,      596.78
  163,   2.287,     1062.,      417.62,   -0.45,      644.38
  164,   2.307,     1065.,      380.66,   -0.84,      684.34
  165,   2.327,      957.,      322.70,   -0.22,      634.30
  166,   2.348,      851.,      254.58,   -0.16,      596.42
  167,   2.368,      844.,      187.33,    0.94,      656.67
  168,   2.388,      734.,      129.33,    0.72,      604.67
  169,   2.408,      780.,       84.99,   -0.50,      695.01
  170,   2.428,      667.,       55.38,   -0.58,      611.62
  171,   2.448,      748.,       39.00,    0.00,      709.00
  172,   2.468,      688.,       33.98,   -0.24,      654.02
  173,   2.488,      682.,       38.44,    1.18,      643.56
  174,   2.508,      729.,       51.05,    0.41,      677.95
  175,   2.528,      743.,       70.43,   -0.14,      672.57
  176,   2.548,      758.,       94.02,   -0.50,      663.98
  177,   2.569,      840.,      118.35,   -1.24,      721.65
  178,   2.589,      817.,      138.94,   -0.61,      678.06
  179,   2.609,      795.,      151.65,   -0.36,      643.35
  180,   2.629,      851.,      153.55,   -0.21,      697.45
  181,   2.649,      825.,      144.34,    0.40,      680.66
  182,   2.669,      850.,      126.27,   -0.63,      723.73
  183,   2.689,      845.,      103.43,   -1.30,      741.57
  184,   2.709,      770.,       80.27,   -1.52,      689.73
  185,   2.729,      827.,       60.27,   -1.69,      766.73
  186,   2.749,      795.,       45.20,   -0.62,      749.80
  187,   2.770,      729.,       35.13,   -0.90,      693.87
  188,   2.790,      748.,       28.90,   -1.79,      719.10
  189,   2.810,      783.,       24.89,   -1.51,      758.11
  190,   2.830,      872.,       21.73,   -1.86,      850.27
  191,   2.850,      826.,       18.55,   -1.78,      807.45
  192,   2.870,      864.,       15.11,   -0.09,      848.89
  193,   2.890,      814.,       11.57,   -0.29,      802.43
  194,   2.910,      891.,        8.22,    0.37,      882.78
  195,   2.930,      883.,        5.47,   -0.53,      877.53
  196,   2.950,      982.,        3.40,   -0.59,      978.60
  197,   2.970,      870.,        1.99,   -1.28,      868.01
  198,   2.991,      953.,        1.26,   -0.96,      951.74
  199,   3.011,      954.,        1.14,   -0.46,      952.86
  200,   3.031,     1032.,        1.76,    0.11,     1030.24
  201,   3.051,     1004.,        3.44,   -1.23,     1000.56
  202,   3.071,     1041.,        6.91,   -1.04,     1034.09
  203,   3.091,     1091.,       13.10,   -1.87,     1077.90
  204,   3.111,     1148.,       23.01,   -2.61,     1124.99
  205,   3.131,     1150.,       37.48,   -2.96,     1112.52
  206,   3.151,     1205.,       56.57,   -3.48,     1148.43
  207,   3.171,     1221.,       79.15,   -3.71,     1141.85
  208,   3.192,     1287.,      102.64,   -3.90,     1184.36
  209,   3.212,     1442.,      123.39,   -3.26,     1318.61
  210,   3.232,     1442.,      137.49,   -3.54,     1304.51
  211,   3.252,     1524.,      142.00,   -3.61,     1382.00
  212,   3.272,     1583.,      135.98,   -3.61,     1447.02
  213,   3.292,     1712.,      120.78,   -3.43,     1591.22
  214,   3.312,     1643.,       99.78,   -4.39,     1543.22
  215,   3.332,     1737.,       77.73,   -2.38,     1659.27
  216,   3.352,     1757.,       60.86,   -0.71,     1696.15
  217,   3.372,     1865.,       59.66,    2.19,     1805.34
  218,   3.392,     1978.,       97.84,    3.83,     1880.16
  219,   3.413,     2262.,      233.47,    3.48,     2028.53
  220,   3.433,     2753.,      601.76,    2.40,     2151.24
  221,   3.453,     3792.,     1490.19,    0.21,     2301.81
  222,   3.473,     5930.,     3450.01,   -1.91,     2479.99
  223,   3.493,     9564.,     7425.78,   -3.98,     2138.22
  224,   3.513,    17032.,    14843.41,   -5.18,     2188.59
  225,   3.533,    29048.,    27549.45,   -5.59,     1498.55
  226,   3.553,    48928.,    47475.29,   -4.95,     1452.71
  227,   3.573,    77632.,    75961.59,   -3.23,     1670.41
  228,   3.593,   115360.,   112845.36,   -0.75,     2514.64
  229,   3.613,   159552.,   155642.47,    2.29,     3909.53
  230,   3.634,   205056.,   199307.34,    5.36,     5748.66
  231,   3.654,   245056.,   236957.56,    7.90,     8098.44
  232,   3.674,   270208.,   261558.83,    9.26,     8649.17
  233,   3.694,   276864.,   268050.13,    9.14,     8813.88
  234,   3.714,   262528.,   255050.81,    7.70,     7477.19
  235,   3.734,   231424.,   225335.11,    5.72,     6088.89
  236,   3.754,   188544.,   184898.13,    2.81,     3645.88
  237,   3.774,   142080.,   141011.83,    0.02,     1068.17
  238,   3.794,   100032.,   100180.13,   -2.41,     -148.13
  239,   3.814,    66752.,    66763.20,   -4.37,      -11.20
  240,   3.835,    42544.,    42613.22,   -5.27,      -69.22
  241,   3.855,    27568.,    27550.65,   -5.33,       17.35
  242,   3.875,    20320.,    20210.15,   -4.29,      109.85
  243,   3.895,    18088.,    18797.68,   -2.55,     -709.68
  244,   3.915,    20768.,    21521.23,   -1.62,     -753.23
  245,   3.935,    25480.,    26708.75,   -1.72,    -1228.75
  246,   3.955,    30960.,    32778.42,   -3.96,    -1818.42
  247,   3.975,    36432.,    38240.43,   -8.36,    -1808.43
  248,   3.995,    39328.,    41819.31,  -11.18,    -2491.31
  249,   4.015,    40304.,    42664.91,  -12.89,    -2360.91
  250,   4.035,    38208.,    40538.30,  -12.61,    -2330.30
  251,   4.056,    33472.,    35846.55,  -10.19,    -2374.55
  252,   4.076,    27688.,    29489.48,   -7.94,    -1801.48
  253,   4.096,    21376.,    22564.62,   -3.80,    -1188.62
  254,   4.116,    15256.,    16056.97,   -0.05,     -800.97
  255,   4.136,    10104.,    10625.02,    3.21,     -521.02
  256,   4.156,     6298.,     6537.28,    7.04,     -239.28
  257,   4.176,     3708.,     3739.75,    9.21,      -31.75
  258,   4.196,     2088.,     1989.04,   10.46,       98.96
  259,   4.216,     1082.,      983.51,   10.90,       98.49
  260,   4.236,      546.,      452.09,   10.25,       93.91
  261,   4.257,      275.,      193.20,    9.11,       81.80
  262,   4.277,      159.,       76.76,    7.78,       82.24
  263,   4.297,       95.,       28.35,    5.56,       66.65
  264,   4.317,       81.,        9.75,    2.86,       71.25
  265,   4.337,       55.,        3.12,    0.36,       51.88
  266,   4.357,       55.,        0.88,   -1.32,       54.12
  267,   4.377,       52.,        0.24,   -1.34,       51.76
  268,   4.397,       34.,        0.04,   -1.31,       33.96
  269,   4.417,       41.,        0.00,   -1.54,       41.00
  270,   4.437,       43.,        0.00,   -1.28,       43.00
  271,   4.457,       60.,        0.00,   -1.07,       60.00
  272,   4.478,       39.,        0.01,   -1.21,       38.99
  273,   4.498,       36.,        0.01,    0.27,       35.99
  274,   4.518,       32.,        0.02,    0.49,       31.98
  275,   4.538,       31.,        0.04,    0.75,       30.96
  276,   4.558,       27.,        0.06,   -1.34,       26.94
  277,   4.578,       25.,        0.08,   -2.82,       24.92
  278,   4.598,       30.,        0.11,   -2.35,       29.89
  279,   4.618,       30.,        0.13,   -1.93,       29.87
  280,   4.638,       22.,        0.15,   -0.39,       21.85
  281,   4.658,       17.,        0.16,    0.47,       16.84
  282,   4.678,       26.,        0.15,    0.00,       25.85
  283,   4.699,       24.,        0.14,   -0.33,       23.86
  284,   4.719,       27.,        0.15,   -0.66,       26.85
  285,   4.739,       25.,        0.19,   -0.66,       24.81
  286,   4.759,       10.,        0.25,   -0.27,        9.75
  287,   4.779,       18.,        0.39,   -0.47,       17.61
  288,   4.799,       20.,        0.63,   -0.22,       19.37
  289,   4.819,       19.,        0.99,   -0.39,       18.01
  290,   4.839,       18.,        1.49,   -0.99,       16.51
  291,   4.859,       17.,        2.10,    0.36,       14.90
  292,   4.879,       20.,        2.77,    0.29,       17.23
  293,   4.900,       23.,        3.42,    0.22,       19.58
  294,   4.920,       21.,        3.93,    0.70,       17.07
  295,   4.940,       17.,        4.22,   -0.39,       12.78
  296,   4.960,       17.,        4.22,   -0.08,       12.78
  297,   4.980,       15.,        3.93,    0.09,       11.07
  298,   5.000,       16.,        3.41,   -0.87,       12.59
  299,   5.020,       11.,        2.76,   -0.96,        8.24
  300,   5.040,       18.,        2.09,   -0.74,       15.91
  301,   5.060,       14.,        1.47,   -0.83,       12.53
  302,   5.080,        8.,        0.96,   -0.60,        7.04
  303,   5.100,       12.,        0.59,   -0.86,       11.41
  304,   5.121,       15.,        0.34,    0.20,       14.66
  305,   5.141,        8.,        0.18,   -0.62,        7.82
  306,   5.161,        9.,        0.06,   -0.76,        8.94
  307,   5.181,        7.,        0.00,   -0.43,        7.00
  308,   5.201,       15.,        0.00,   -0.46,       15.00
  309,   5.221,        9.,        0.02,   -0.38,        8.98
  310,   5.241,       12.,        0.03,    0.62,       11.97
  311,   5.261,       10.,        0.06,    0.98,        9.94
  312,   5.281,       11.,        0.10,    1.58,       10.90
  313,   5.301,       11.,        0.16,    0.71,       10.84
  314,   5.321,       12.,        0.24,    0.52,       11.76
  315,   5.342,       14.,        0.34,   -0.06,       13.66
  316,   5.362,        8.,        0.44,   -1.25,        7.56
  317,   5.382,        8.,        0.54,   -0.94,        7.46
  318,   5.402,        8.,        0.64,   -1.75,        7.36
  319,   5.422,       12.,        0.70,   -0.96,       11.30
  320,   5.442,        6.,        0.75,   -1.32,        5.25
  321,   5.462,       12.,        0.80,   -0.99,       11.20
  322,   5.482,        8.,        0.89,   -0.58,        7.11
  323,   5.502,       16.,        1.04,   -0.84,       14.96
  324,   5.522,       15.,        1.29,   -0.16,       13.71
  325,   5.543,       13.,        1.64,    0.48,       11.36
  326,   5.563,       15.,        2.06,    0.89,       12.94
  327,   5.583,       10.,        2.51,    1.59,        7.49
  328,   5.603,       18.,        2.91,    1.11,       15.09
  329,   5.623,       17.,        3.18,    0.80,       13.82
  330,   5.643,       19.,        3.24,    0.69,       15.76
  331,   5.663,       19.,        3.12,    0.68,       15.88
  332,   5.683,       14.,        2.80,    1.51,       11.20
  333,   5.703,       17.,        2.35,    1.39,       14.65
  334,   5.723,       12.,        1.84,    1.30,       10.16
  335,   5.743,       15.,        1.35,    0.53,       13.65
  336,   5.764,       12.,        0.94,   -0.64,       11.06
  337,   5.784,       12.,        0.62,   -0.08,       11.38
  338,   5.804,       11.,        0.42,   -1.15,       10.58
  339,   5.824,        9.,        0.31,   -0.60,        8.69
  340,   5.844,       10.,        0.28,   -0.43,        9.72
  341,   5.864,        9.,        0.25,   -1.04,        8.75
  342,   5.884,        7.,        0.34,   -0.25,        6.66
  343,   5.904,       11.,        0.43,   -0.68,       10.57
  344,   5.924,       13.,        0.51,   -0.11,       12.49
  345,   5.944,        3.,        0.56,    0.23,        2.44
  346,   5.965,       14.,        0.65,    0.18,       13.35
  347,   5.985,        5.,        0.64,    0.41,        4.36
  348,   6.005,       11.,        0.60,   -0.07,       10.40
  349,   6.025,       11.,        0.54,   -0.88,       10.46
  350,   6.045,        7.,        0.46,    0.27,        6.54
  351,   6.065,        4.,        0.47,   -0.77,        3.53
  352,   6.085,        8.,        0.43,   -1.12,        7.57
  353,   6.105,        6.,        0.47,   -0.91,        5.53
  354,   6.125,       11.,        0.57,   -0.89,       10.43
  355,   6.145,        8.,        0.81,   -0.57,        7.19
  356,   6.165,        3.,        1.30,    0.52,        1.70
  357,   6.186,       13.,        2.29,    0.09,       10.71
  358,   6.206,        9.,        4.05,    0.91,        4.95
  359,   6.226,       18.,        7.00,   -0.25,       11.00
  360,   6.246,       22.,       11.61,    0.02,       10.39
  361,   6.266,       25.,       18.25,    0.46,        6.75
  362,   6.286,       36.,       27.07,    0.77,        8.93
  363,   6.306,       39.,       37.77,    0.19,        1.23
  364,   6.326,       57.,       49.49,    0.78,        7.51
  365,   6.346,       68.,       60.82,    0.17,        7.18
  366,   6.366,       81.,       70.07,   -0.33,       10.93
  367,   6.386,       74.,       75.65,   -0.90,       -1.65
  368,   6.407,       95.,       76.52,   -0.42,       18.48
  369,   6.427,       73.,       72.51,   -0.09,        0.49
  370,   6.447,       67.,       64.35,   -0.04,        2.65
  371,   6.467,       52.,       53.49,   -0.31,       -1.49
  372,   6.487,       50.,       41.63,    0.30,        8.37
  373,   6.507,       38.,       30.35,   -0.95,        7.65
  374,   6.527,       26.,       20.72,   -0.85,        5.28
  375,   6.547,       22.,       13.24,   -0.68,        8.76
  376,   6.567,       15.,        7.92,    0.49,        7.08
  377,   6.587,        9.,        4.44,    0.20,        4.56
  378,   6.608,        3.,        2.33,    0.94,        0.67
  379,   6.628,        6.,        1.14,    0.51,        4.86
  380,   6.648,       11.,        0.53,   -0.18,       10.47
  381,   6.668,        9.,        0.23,   -0.76,        8.77
  382,   6.688,        9.,        0.07,   -0.22,        8.93
  383,   6.708,        4.,        0.08,    0.78,        3.92
  384,   6.728,        6.,        0.10,    1.17,        5.90
  385,   6.748,        6.,        0.12,    1.16,        5.88
  386,   6.768,        7.,        0.14,    0.19,        6.86
  387,   6.788,        6.,        0.18,   -0.84,        5.82
  388,   6.808,        8.,        0.29,   -1.11,        7.71
  389,   6.829,       10.,        0.43,   -1.26,        9.57
  390,   6.849,        6.,        0.65,   -0.38,        5.35
  391,   6.869,        5.,        1.00,    0.39,        4.00
  392,   6.889,        6.,        1.54,    0.01,        4.46
  393,   6.909,        9.,        2.34,   -0.47,        6.66
  394,   6.929,       11.,        3.44,   -0.53,        7.56
  395,   6.949,       17.,        4.84,   -1.09,       12.16
  396,   6.969,       14.,        6.49,   -0.32,        7.51
  397,   6.989,       14.,        8.24,    0.71,        5.76
  398,   7.009,       19.,        9.88,    0.72,        9.12
  399,   7.030,       13.,       11.18,    0.81,        1.82
  400,   7.050,       21.,       11.95,    0.43,        9.05
  401,   7.070,       30.,       12.08,    0.76,       17.92
  402,   7.090,       19.,       11.62,    1.47,        7.38
  403,   7.110,       17.,       10.82,    1.72,        6.18
  404,   7.130,       18.,       10.13,    1.92,        7.87
  405,   7.150,       15.,       10.19,    1.38,        4.81
  406,   7.170,       28.,       11.85,    0.02,       16.15
  407,   7.190,       25.,       16.21,   -0.08,        8.79
  408,   7.210,       29.,       24.43,   -0.62,        4.57
  409,   7.230,       41.,       37.90,   -1.12,        3.10
  410,   7.251,       48.,       57.14,   -0.95,       -9.14
  411,   7.271,       91.,       82.38,   -1.36,        8.62
  412,   7.291,      109.,      112.44,   -1.00,       -3.44
  413,   7.311,      148.,      144.86,   -0.67,        3.14
  414,   7.331,      186.,      175.74,   -0.33,       10.26
  415,   7.351,      193.,      200.80,    0.80,       -7.80
  416,   7.371,      228.,      216.08,    0.10,       11.92
  417,   7.391,      230.,      219.20,    0.13,       10.80
  418,   7.411,      225.,      209.87,    0.36,       15.13
  419,   7.431,      206.,      189.94,    0.77,       16.06
  420,   7.451,      151.,      162.92,    1.04,      -11.92
  421,   7.472,      132.,      133.01,    1.11,       -1.01
  422,   7.492,      108.,      104.11,    1.08,        3.89
  423,   7.512,       96.,       79.24,    0.32,       16.76
  424,   7.532,       59.,       60.21,   -0.15,       -1.21
  425,   7.552,       57.,       47.74,   -0.46,        9.26
  426,   7.572,       54.,       41.65,   -0.38,       12.35
  427,   7.592,       35.,       41.11,   -0.34,       -6.11
  428,   7.612,       40.,       44.80,   -1.11,       -4.80
  429,   7.632,       42.,       51.02,   -1.58,       -9.02
  430,   7.652,       58.,       57.91,   -2.03,        0.09
  431,   7.673,       66.,       63.59,   -2.63,        2.41
  432,   7.693,       64.,       66.57,   -2.17,       -2.57
  433,   7.713,       55.,       65.90,   -1.16,      -10.90
  434,   7.733,       74.,       61.54,    0.01,       12.46
  435,   7.753,       64.,       54.07,    0.93,        9.93
  436,   7.773,       50.,       44.76,    1.97,        5.24
  437,   7.793,       39.,       34.85,    2.75,        4.15
  438,   7.813,       36.,       25.55,    3.25,       10.45
  439,   7.833,       26.,       17.72,    2.35,        8.28
  440,   7.853,       23.,       11.75,    1.49,       11.25
  441,   7.873,       17.,        7.62,    1.36,        9.38
  442,   7.894,        6.,        5.16,    0.73,        0.84
  443,   7.914,        7.,        3.96,    0.22,        3.04
  444,   7.934,        3.,        3.63,   -0.44,       -0.63
  445,   7.954,        6.,        3.82,   -1.30,        2.18
  446,   7.974,        3.,        4.24,   -2.10,       -1.24
  447,   7.994,       13.,        4.66,   -1.81,        8.34
  448,   8.014,        3.,        4.87,   -2.32,       -1.87
  449,   8.034,        7.,        4.95,   -0.90,        2.05
  450,   8.054,        6.,        4.73,    0.78,        1.27
  451,   8.074,        6.,        4.31,    1.90,        1.69
  452,   8.095,        0.,        3.80,    0.39,       -3.80
  453,   8.115,        7.,        3.31,    1.41,        3.69
  454,   8.135,        7.,        2.95,    0.84,        4.05
  455,   8.155,        1.,        2.78,    0.09,       -1.78
  456,   8.175,        2.,        2.81,   -0.84,       -0.81
  457,   8.195,        3.,        2.99,    0.20,        0.01
  458,   8.215,        2.,        3.23,   -1.35,       -1.23
  459,   8.235,        0.,        3.45,   -2.43,       -3.45
  460,   8.255,        1.,        3.54,   -2.05,       -2.54
  461,   8.275,        0.,        3.43,   -1.86,       -3.43
  462,   8.295,        0.,        3.20,   -2.61,       -3.20
  463,   8.316,        1.,        2.81,   -2.27,       -1.81
  464,   8.336,        2.,        2.31,   -1.25,       -0.31
  465,   8.356,        1.,        1.79,   -0.86,       -0.79
  466,   8.376,        0.,        1.31,   -0.36,       -1.31
  467,   8.396,        0.,        0.90,    0.42,       -0.90
  468,   8.416,        1.,        0.58,    0.88,        0.42
  469,   8.436,        1.,        0.35,    0.83,        0.65
  470,   8.456,        0.,        0.20,    0.65,       -0.20
  471,   8.476,        1.,        0.07,    0.80,        0.93
  472,   8.496,        1.,        0.00,    0.68,        1.00
  473,   8.516,        2.,        0.00,    0.41,        2.00
  474,   8.537,        1.,        0.00,    0.66,        1.00
  475,   8.557,        1.,        0.00,    1.06,        1.00
  476,   8.577,        1.,        0.00,    0.73,        1.00
  477,   8.597,        0.,        0.00,    0.75,        0.00
  478,   8.617,        2.,        0.00,    0.27,        2.00
  479,   8.637,        3.,        0.00,    0.03,        3.00
  480,   8.657,        0.,        0.00,    0.22,        0.00
  481,   8.677,        2.,        0.00,    0.10,        2.00
  482,   8.697,        0.,        0.00,    0.11,        0.00
  483,   8.717,        0.,        0.00,    0.10,        0.00
  484,   8.738,        2.,        0.00,   -0.42,        2.00
  485,   8.758,        0.,        0.00,   -0.42,        0.00
  486,   8.778,        1.,        0.00,   -0.74,        1.00
  487,   8.798,        1.,        0.00,   -0.11,        1.00
  488,   8.818,        1.,        0.00,   -0.01,        1.00
  489,   8.838,        0.,        0.00,    0.29,        0.00
  490,   8.858,        0.,        0.00,    0.50,        0.00
  491,   8.878,        3.,        0.00,    0.39,        3.00
  492,   8.898,        0.,        0.00,   -0.02,        0.00
  493,   8.918,        2.,        0.00,   -0.02,        2.00
  494,   8.938,        1.,        0.00,    0.18,        1.00
  495,   8.959,        0.,        0.00,    0.08,        0.00
  496,   8.979,        0.,        0.00,   -0.24,        0.00
  497,   8.999,        1.,        0.00,    0.28,        1.00
  498,   9.019,        0.,        0.00,   -0.14,        0.00
  499,   9.039,        0.,        0.00,   -0.36,        0.00
  500,   9.059,        1.,        0.00,   -0.14,        1.00
  501,   9.079,        2.,        0.00,   -0.04,        2.00
  502,   9.099,        0.,        0.00,   -0.36,        0.00
  503,   9.119,        0.,        0.00,   -0.14,        0.00
  504,   9.139,        1.,        0.00,   -0.04,        1.00
  505,   9.160,        0.,        0.00,   -0.26,        0.00
  506,   9.180,        0.,        0.00,   -0.26,        0.00
  507,   9.200,        1.,        0.00,    0.06,        1.00
  508,   9.220,        0.,        0.00,    0.48,        0.00
  509,   9.240,        0.,        0.00,    0.27,        0.00
  510,   9.260,        2.,        0.00,    0.17,        2.00
  511,   9.280,        1.,        0.00,    0.37,        1.00
  512,   9.300,        2.,        0.00,   -0.04,        2.00
  513,   9.320,        0.,        0.00,   -0.04,        0.00
  514,   9.340,        0.,        0.00,   -0.04,        0.00
  515,   9.360,        0.,        0.00,   -0.04,        0.00
  516,   9.381,        0.,        0.00,   -0.36,        0.00
  517,   9.401,        0.,        0.00,   -0.26,        0.00
  518,   9.421,        0.,        0.00,   -0.36,        0.00
  519,   9.441,        2.,        0.00,   -0.24,        2.00
  520,   9.461,        0.,        0.00,   -0.14,        0.00
  521,   9.481,        2.,        0.00,    0.17,        2.00
  522,   9.501,        0.,        0.00,    0.27,        0.00
  523,   9.521,        1.,        0.00,    0.48,        1.00
  524,   9.541,        0.,        0.00,    0.17,        0.00
  525,   9.561,        1.,        0.00,    0.38,        1.00
  526,   9.581,        0.,        0.00,   -0.14,        0.00
  527,   9.602,        1.,        0.00,    0.07,        1.00
  528,   9.622,        1.,        0.00,   -0.14,        1.00
  529,   9.642,        1.,        0.00,    0.27,        1.00
  530,   9.662,        0.,        0.00,    0.06,        0.00
  531,   9.682,        1.,        0.00,    0.47,        1.00
  532,   9.702,        0.,        0.00,    0.06,        0.00
  533,   9.722,        1.,        0.00,   -0.06,        1.00
  534,   9.742,        0.,        0.00,   -0.27,        0.00
  535,   9.762,        1.,        0.00,   -0.27,        1.00
  536,   9.782,        0.,        0.00,   -0.58,        0.00
  537,   9.803,        0.,        0.00,   -0.16,        0.00
  538,   9.823,        0.,        0.00,   -0.27,        0.00
  539,   9.843,        0.,        0.00,   -0.27,        0.00
  540,   9.863,        0.,        0.00,   -0.37,        0.00
  541,   9.883,        2.,        0.00,   -0.06,        2.00
  542,   9.903,        0.,        0.00,    0.16,        0.00
  543,   9.923,        0.,        0.00,    0.26,        0.00
  544,   9.943,        1.,        0.00,    0.47,        1.00
  545,   9.963,        1.,        0.00,    0.78,        1.00
  546,   9.983,        1.,        0.00,    0.36,        1.00
  547,  10.003,        0.,        0.00,    0.26,        0.00
  548,  10.024,        1.,        0.00,    0.26,        1.00
  549,  10.044,        1.,        0.00,   -0.06,        1.00
  550,  10.064,        0.,        0.00,   -0.27,        0.00
  551,  10.084,        0.,        0.00,   -0.48,        0.00
  552,  10.104,        0.,        0.00,   -0.27,        0.00
  553,  10.124,        0.,        0.00,   -0.48,        0.00
  554,  10.144,        0.,        0.00,   -0.48,        0.00
  555,  10.164,        0.,        0.00,   -0.38,        0.00
  556,  10.184,        1.,        0.00,    0.14,        1.00
  557,  10.204,        0.,        0.00,    0.14,        0.00
  558,  10.225,        1.,        0.00,    0.24,        1.00
  559,  10.245,        0.,        0.00,    0.56,        0.00
  560,  10.265,        2.,        0.00,    0.46,        2.00
  561,  10.285,        0.,        0.00,    0.24,        0.00
  562,  10.305,        0.,        0.00,    0.24,        0.00
  563,  10.325,        1.,        0.00,    0.03,        1.00
  564,  10.345,        0.,        0.00,   -0.07,        0.00
  565,  10.365,        0.,        0.00,   -0.28,        0.00
  566,  10.385,        0.,        0.00,   -0.18,        0.00
  567,  10.405,        0.,        0.00,   -0.18,        0.00
  568,  10.425,        0.,        0.00,   -0.29,        0.00
  569,  10.446,        1.,        0.00,   -0.08,        1.00
  570,  10.466,        0.,        0.00,    0.12,        0.00
  571,  10.486,        0.,        0.00,    0.12,        0.00
  572,  10.506,        0.,        0.00,    0.12,        0.00
  573,  10.526,        1.,        0.00,    0.22,        1.00
  574,  10.546,        0.,        0.00,    0.01,        0.00
  575,  10.566,        0.,        0.00,    0.01,        0.00
  576,  10.586,        0.,        0.00,   -0.19,        0.00
  577,  10.606,        0.,        0.00,   -0.19,        0.00
  578,  10.626,        0.,        0.00,   -0.40,        0.00
  579,  10.646,        0.,        0.00,   -0.30,        0.00
  580,  10.667,        0.,        0.00,   -0.30,        0.00
  581,  10.687,        0.,        0.00,    0.02,        0.00
  582,  10.707,        0.,        0.00,    0.02,        0.00
  583,  10.727,        0.,        0.00,    0.02,        0.00
  584,  10.747,        0.,        0.00,    0.02,        0.00
  585,  10.767,        2.,        0.00,   -0.08,        2.00
  586,  10.787,        0.,        0.00,    0.13,        0.00
  587,  10.807,        0.,        0.00,    0.13,        0.00
  588,  10.827,        0.,        0.00,    0.34,        0.00
  589,  10.847,        0.,        0.00,    0.34,        0.00
  590,  10.868,        1.,        0.00,    0.13,        1.00
  591,  10.888,        0.,        0.00,    0.13,        0.00
  592,  10.908,        1.,        0.00,    0.13,        1.00
  593,  10.928,        0.,        0.00,    0.13,        0.00
  594,  10.948,        1.,        0.00,    0.13,        1.00
  595,  10.968,        0.,        0.00,    0.12,        0.00
  596,  10.988,        0.,        0.00,    0.12,        0.00
  597,  11.008,        0.,        0.00,   -0.09,        0.00
  598,  11.028,        0.,        0.00,   -0.09,        0.00
  599,  11.048,        0.,        0.00,   -0.30,        0.00
  600,  11.068,        0.,        0.00,   -0.40,        0.00
  601,  11.089,        0.,        0.00,   -0.40,        0.00
  602,  11.109,        0.,        0.00,   -0.30,        0.00
  603,  11.129,        0.,        0.00,   -0.30,        0.00
  604,  11.149,        0.,        0.00,   -0.20,        0.00
  605,  11.169,        0.,        0.00,    0.22,        0.00
  606,  11.189,        0.,        0.00,    0.22,        0.00
  607,  11.209,        0.,        0.00,    0.22,        0.00
  608,  11.229,        0.,        0.00,    0.22,        0.00
  609,  11.249,        2.,        0.00,    0.22,        2.00
  610,  11.269,        0.,        0.00,    0.22,        0.00
  611,  11.290,        0.,        0.00,    0.22,        0.00
  612,  11.310,        0.,        0.00,    0.22,        0.00
  613,  11.330,        0.,        0.00,    0.22,        0.00
  614,  11.350,        0.,        0.00,   -0.20,        0.00
  615,  11.370,        0.,        0.00,   -0.30,        0.00
  616,  11.390,        0.,        0.00,   -0.30,        0.00
  617,  11.410,        0.,        0.00,   -0.30,        0.00
  618,  11.430,        0.,        0.00,   -0.30,        0.00
  619,  11.450,        0.,        0.00,   -0.21,        0.00
  620,  11.470,        0.,        0.00,   -0.01,        0.00
  621,  11.490,        0.,        0.00,   -0.11,        0.00
  622,  11.511,        0.,        0.00,   -0.21,        0.00
  623,  11.531,        0.,        0.00,   -0.21,        0.00
  624,  11.551,        1.,        0.00,   -0.02,        1.00
  625,  11.571,        0.,        0.00,   -0.02,        0.00
  626,  11.591,        0.,        0.00,    0.17,        0.00
  627,  11.611,        0.,        0.00,    0.36,        0.00
  628,  11.631,        0.,        0.00,    0.26,        0.00
  629,  11.651,        1.,        0.00,    0.26,        1.00
  630,  11.671,        0.,        0.00,    0.07,        0.00
  631,  11.691,        1.,        0.00,    0.07,        1.00
  632,  11.711,        1.,        0.00,    0.07,        1.00
  633,  11.732,        0.,        0.00,    0.26,        0.00
  634,  11.752,        0.,        0.00,    0.26,        0.00
  635,  11.772,        0.,        0.00,    0.17,        0.00
  636,  11.792,        0.,        0.00,    0.17,        0.00
  637,  11.812,        0.,        0.00,   -0.02,        0.00
  638,  11.832,        1.,        0.00,   -0.21,        1.00
  639,  11.852,        0.,        0.00,   -0.21,        0.00
  640,  11.872,        0.,        0.00,   -0.11,        0.00
  641,  11.892,        0.,        0.00,   -0.11,        0.00
  642,  11.912,        0.,        0.00,   -0.01,        0.00
  643,  11.933,        0.,        0.00,    0.09,        0.00
  644,  11.953,        0.,        0.00,   -0.10,        0.00
  645,  11.973,        0.,        0.00,   -0.10,        0.00
  646,  11.993,        0.,        0.00,   -0.10,        0.00
  647,  12.013,        0.,        0.00,   -0.20,        0.00
  648,  12.033,        0.,        0.00,   -0.20,        0.00
  649,  12.053,        0.,        0.00,   -0.10,        0.00
  650,  12.073,        0.,        0.00,   -0.10,        0.00
  651,  12.093,        0.,        0.00,   -0.10,        0.00
  652,  12.113,        0.,        0.00,    0.09,        0.00
  653,  12.133,        0.,        0.00,    0.09,        0.00
  654,  12.154,        0.,        0.00,    0.09,        0.00
  655,  12.174,        0.,        0.00,    0.09,        0.00
  656,  12.194,        0.,        0.00,    0.09,        0.00
  657,  12.214,        1.,        0.00,    0.09,        1.00
  658,  12.234,        0.,        0.00,    0.09,        0.00
  659,  12.254,        0.,        0.00,    0.09,        0.00
  660,  12.274,        0.,        0.00,    0.09,        0.00
  661,  12.294,        0.,        0.00,    0.09,        0.00
  662,  12.314,        0.,        0.00,    0.09,        0.00
  663,  12.334,        0.,        0.00,   -0.10,        0.00
  664,  12.355,        0.,        0.00,   -0.10,        0.00
  665,  12.375,        0.,        0.00,   -0.10,        0.00
  666,  12.395,        0.,        0.00,   -0.20,        0.00
  667,  12.415,        0.,        0.00,   -0.20,        0.00
  668,  12.435,        0.,        0.00,   -0.10,        0.00
  669,  12.455,        0.,        0.00,   -0.10,        0.00
  670,  12.475,        0.,        0.00,   -0.10,        0.00
  671,  12.495,        0.,        0.00,    0.09,        0.00
  672,  12.515,        0.,        0.00,    0.09,        0.00
  673,  12.535,        0.,        0.00,    0.09,        0.00
  674,  12.555,        0.,        0.00,    0.09,        0.00
  675,  12.576,        0.,        0.00,    0.09,        0.00
  676,  12.596,        1.,        0.00,    0.09,        1.00
  677,  12.616,        0.,        0.00,    0.09,        0.00
  678,  12.636,        0.,        0.00,    0.09,        0.00
  679,  12.656,        0.,        0.00,    0.09,        0.00
  680,  12.676,        0.,        0.00,   -0.01,        0.00
  681,  12.696,        0.,        0.00,   -0.01,        0.00
  682,  12.716,        0.,        0.00,   -0.20,        0.00
  683,  12.736,        0.,        0.00,   -0.20,        0.00
  684,  12.756,        0.,        0.00,   -0.20,        0.00
  685,  12.776,        0.,        0.00,   -0.01,        0.00
  686,  12.797,        0.,        0.00,   -0.01,        0.00
  687,  12.817,        0.,        0.00,    0.09,        0.00
  688,  12.837,        0.,        0.00,    0.09,        0.00
  689,  12.857,        0.,        0.00,    0.09,        0.00
  690,  12.877,        1.,        0.00,   -0.01,        1.00
  691,  12.897,        0.,        0.00,   -0.01,        0.00
  692,  12.917,        0.,        0.00,   -0.01,        0.00
  693,  12.937,        0.,        0.00,   -0.01,        0.00
  694,  12.957,        0.,        0.00,   -0.01,        0.00
  695,  12.977,        0.,        0.00,    0.18,        0.00
  696,  12.998,        0.,        0.00,   -0.01,        0.00
  697,  13.018,        0.,        0.00,   -0.01,        0.00
  698,  13.038,        0.,        0.00,   -0.01,        0.00
  699,  13.058,        0.,        0.00,   -0.01,        0.00
  700,  13.078,        1.,        0.00,   -0.01,        1.00
  701,  13.098,        0.,        0.00,    0.09,        0.00
  702,  13.118,        0.,        0.00,    0.09,        0.00
  703,  13.138,        0.,        0.00,    0.09,        0.00
  704,  13.158,        0.,        0.00,   -0.11,        0.00
  705,  13.178,        0.,        0.00,   -0.11,        0.00
  706,  13.198,        0.,        0.00,   -0.40,        0.00
  707,  13.219,        0.,        0.00,   -0.40,        0.00
  708,  13.239,        0.,        0.00,   -0.40,        0.00
  709,  13.259,        0.,        0.00,   -0.02,        0.00
  710,  13.279,        0.,        0.00,   -0.02,        0.00
  711,  13.299,        0.,        0.00,    0.27,        0.00
  712,  13.319,        0.,        0.00,    0.27,        0.00
  713,  13.339,        0.,        0.00,    0.27,        0.00
  714,  13.359,        2.,        0.00,    0.27,        2.00
  715,  13.379,        0.,        0.00,    0.27,        0.00
  716,  13.399,        1.,        0.00,    0.27,        1.00
  717,  13.420,        0.,        0.00,    0.27,        0.00
  718,  13.440,        0.,        0.00,    0.27,        0.00
  719,  13.460,        0.,        0.00,    0.27,        0.00
  720,  13.480,        0.,        0.00,   -0.11,        0.00
  721,  13.500,        0.,        0.00,   -0.11,        0.00
  722,  13.520,        0.,        0.00,   -0.30,        0.00
  723,  13.540,        0.,        0.00,   -0.30,        0.00
  724,  13.560,        0.,        0.00,   -0.30,        0.00
  725,  13.580,        0.,        0.00,   -0.10,        0.00
  726,  13.600,        0.,        0.00,   -0.10,        0.00
  727,  13.620,        0.,        0.00,    0.00,        0.00
  728,  13.641,        0.,        0.00,    0.00,        0.00
  729,  13.661,        0.,        0.00,   -0.09,        0.00
  730,  13.681,        0.,        0.00,   -0.17,        0.00
  731,  13.701,        0.,        0.00,   -0.14,        0.00
  732,  13.721,        0.,        0.00,   -0.20,        0.00
  733,  13.741,        0.,        0.00,   -0.13,        0.00
  734,  13.761,        0.,        0.00,    0.06,        0.00
  735,  13.781,        0.,        0.00,    0.28,        0.00
  736,  13.801,        0.,        0.00,    0.36,        0.00
  737,  13.821,        0.,        0.00,    0.36,        0.00
  738,  13.841,        0.,        0.04,    0.50,       -0.04
  739,  13.862,        1.,        0.08,    0.74,        0.92
  740,  13.882,        1.,        0.16,    0.87,        0.84
  741,  13.902,        0.,        0.28,    0.83,       -0.28
  742,  13.922,        1.,        0.47,    1.07,        0.53
  743,  13.942,        0.,        0.75,    0.29,       -0.75
  744,  13.962,        1.,        1.13,   -0.06,       -0.13
  745,  13.982,        1.,        1.64,   -1.29,       -0.64
  746,  14.002,        1.,        2.28,   -1.70,       -1.28
  747,  14.022,        4.,        3.02,   -1.88,        0.98
  748,  14.042,        1.,        3.84,   -1.45,       -2.84
  749,  14.063,        2.,        4.68,   -1.80,       -2.68
  750,  14.083,        3.,        5.45,   -0.64,       -2.45
  751,  14.103,        4.,        6.09,   -0.85,       -2.09
  752,  14.123,        6.,        6.51,   -0.28,       -0.51
  753,  14.143,        9.,        6.66,   -0.60,        2.34
  754,  14.163,        5.,        6.52,    0.29,       -1.52
  755,  14.183,       12.,        6.11,    0.96,        5.89
  756,  14.203,        4.,        5.47,    1.65,       -1.47
  757,  14.223,        6.,        4.68,    1.62,        1.32
  758,  14.243,        3.,        3.82,    1.88,       -0.82
  759,  14.263,        5.,        2.98,    1.07,        2.02
  760,  14.284,        3.,        2.22,    1.05,        0.78
  761,  14.304,        3.,        1.58,   -0.35,        1.42
  762,  14.324,        0.,        1.07,   -0.10,       -1.07
  763,  14.344,        1.,        0.69,   -0.40,        0.31
  764,  14.364,        0.,        0.40,   -0.01,       -0.40
  765,  14.384,        0.,        0.24,   -0.55,       -0.24
  766,  14.404,        0.,        0.13,   -0.11,       -0.13
  767,  14.424,        1.,        0.07,   -0.53,        0.93
  768,  14.444,        0.,        0.00,   -0.19,        0.00
  769,  14.464,        0.,        0.00,   -0.33,        0.00
  770,  14.485,        0.,        0.00,   -0.05,        0.00
  771,  14.505,        0.,        0.00,    0.07,        0.00
  772,  14.525,        0.,        0.00,    0.24,        0.00
  773,  14.545,        0.,        0.00,   -0.05,        0.00
  774,  14.565,        0.,        0.00,   -0.02,        0.00
  775,  14.585,        0.,        0.00,   -0.06,        0.00
  776,  14.605,        0.,        0.00,   -0.08,        0.00
  777,  14.625,        0.,        0.00,   -0.09,        0.00
  778,  14.645,        0.,        0.00,    0.00,        0.00
  779,  14.665,        0.,        0.00,    0.00,        0.00
  780,  14.685,        0.,        0.00,    0.00,        0.00
  781,  14.706,        0.,        0.00,   -0.10,        0.00
  782,  14.726,        0.,        0.00,   -0.10,        0.00
  783,  14.746,        0.,        0.00,   -0.10,        0.00
  784,  14.766,        0.,        0.00,   -0.10,        0.00
  785,  14.786,        0.,        0.00,   -0.10,        0.00
  786,  14.806,        0.,        0.00,    0.09,        0.00
  787,  14.826,        0.,        0.00,    0.09,        0.00
  788,  14.846,        0.,        0.00,    0.09,        0.00
  789,  14.866,        0.,        0.00,    0.09,        0.00
  790,  14.886,        0.,        0.00,    0.09,        0.00
  791,  14.906,        1.,        0.00,    0.09,        1.00
  792,  14.927,        0.,        0.00,    0.09,        0.00
  793,  14.947,        0.,        0.00,    0.09,        0.00
  794,  14.967,        0.,        0.00,    0.09,        0.00
  795,  14.987,        0.,        0.00,    0.09,        0.00
  796,  15.007,        0.,        0.00,   -0.01,        0.00
  797,  15.027,        0.,        0.00,   -0.20,        0.00
  798,  15.047,        0.,        0.00,   -0.20,        0.00
  799,  15.067,        0.,        0.00,   -0.20,        0.00
  800,  15.087,        0.,        0.00,   -0.20,        0.00
  801,  15.107,        0.,        0.00,   -0.01,        0.00
  802,  15.128,        0.,        0.00,    0.09,        0.00
  803,  15.148,        0.,        0.00,    0.09,        0.00
  804,  15.168,        0.,        0.00,    0.09,        0.00
  805,  15.188,        0.,        0.00,    0.09,        0.00
  806,  15.208,        1.,        0.00,    0.09,        1.00
  807,  15.228,        0.,        0.00,    0.09,        0.00
  808,  15.248,        0.,        0.00,    0.09,        0.00
  809,  15.268,        0.,        0.00,    0.09,        0.00
  810,  15.288,        0.,        0.00,    0.09,        0.00
  811,  15.308,        0.,        0.00,    0.09,        0.00
  812,  15.328,        0.,        0.00,   -0.10,        0.00
  813,  15.349,        0.,        0.00,   -0.10,        0.00
  814,  15.369,        0.,        0.00,   -0.10,        0.00
  815,  15.389,        0.,        0.00,   -0.10,        0.00
  816,  15.409,        0.,        0.00,   -0.09,        0.00
  817,  15.429,        0.,        0.00,    0.02,        0.00
  818,  15.449,        0.,        0.00,   -0.07,        0.00
  819,  15.469,        0.,        0.00,   -0.05,        0.00
  820,  15.489,        0.,        0.00,   -0.03,        0.00
  821,  15.509,        0.,        0.00,   -0.10,        0.00
  822,  15.529,        0.,        0.00,   -0.07,        0.00
  823,  15.550,        0.,        0.00,    0.16,        0.00
  824,  15.570,        0.,        0.01,   -0.01,       -0.01
  825,  15.590,        0.,        0.03,    0.02,       -0.03
  826,  15.610,        0.,        0.05,   -0.17,       -0.05
  827,  15.630,        0.,        0.08,   -0.27,       -0.08
  828,  15.650,        1.,        0.13,   -0.40,        0.87
  829,  15.670,        0.,        0.19,   -0.28,       -0.19
  830,  15.690,        0.,        0.28,   -0.36,       -0.28
  831,  15.710,        1.,        0.38,    0.31,        0.62
  832,  15.730,        0.,        0.49,    0.29,       -0.49
  833,  15.750,        0.,        0.61,    0.36,       -0.61
  834,  15.771,        2.,        0.72,    0.45,        1.28
  835,  15.791,        0.,        0.82,    0.37,       -0.82
  836,  15.811,        4.,        0.88,    0.11,        3.12
  837,  15.831,        1.,        0.90,    0.09,        0.10
  838,  15.851,        1.,        0.88,    0.11,        0.12
  839,  15.871,        2.,        0.82,    0.25,        1.18
  840,  15.891,        0.,        0.73,   -0.05,       -0.73
  841,  15.911,        0.,        0.62,    0.44,       -0.62
  842,  15.931,        1.,        0.50,   -0.11,        0.50
  843,  15.951,        0.,        0.39,   -0.19,       -0.39
  844,  15.971,        0.,        0.29,   -0.27,       -0.29
  845,  15.992,        0.,        0.20,   -0.37,       -0.20
  846,  16.012,        2.,        0.13,   -0.31,        1.87
  847,  16.032,        0.,        0.09,    0.12,       -0.09
  848,  16.052,        0.,        0.05,    0.03,       -0.05
  849,  16.072,        0.,        0.00,    0.12,        0.00
  850,  16.092,        0.,        0.00,    0.29,        0.00
  851,  16.112,        0.,        0.00,    0.26,        0.00
  852,  16.132,        0.,        0.00,   -0.16,        0.00
  853,  16.152,        0.,        0.00,   -0.10,        0.00
  854,  16.172,        0.,        0.00,   -0.12,        0.00
  855,  16.193,        0.,        0.00,   -0.15,        0.00
  856,  16.213,        0.,        0.00,   -0.17,        0.00
  857,  16.233,        0.,        0.00,    0.01,        0.00
  858,  16.253,        0.,        0.00,    0.01,        0.00
  859,  16.273,        0.,        0.00,    0.00,        0.00
  860,  16.293,        0.,        0.00,    0.00,        0.00
  861,  16.313,        0.,        0.00,    0.00,        0.00
  862,  16.333,        0.,        0.00,    0.00,        0.00
  863,  16.353,        0.,        0.00,    0.00,        0.00
  864,  16.373,        0.,        0.00,    0.00,        0.00
  865,  16.393,        0.,        0.00,    0.00,        0.00
  866,  16.414,        0.,        0.00,    0.00,        0.00
  867,  16.434,        0.,        0.00,    0.00,        0.00
  868,  16.454,        0.,        0.00,    0.00,        0.00
  869,  16.474,        0.,        0.00,    0.00,        0.00
  870,  16.494,        0.,        0.00,    0.00,        0.00
  871,  16.514,        0.,        0.00,    0.00,        0.00
  872,  16.534,        0.,        0.00,    0.00,        0.00
  873,  16.554,        0.,        0.00,    0.00,        0.00
  874,  16.574,        0.,        0.00,    0.00,        0.00
  875,  16.594,        0.,        0.00,    0.00,        0.00
  876,  16.615,        0.,        0.00,    0.00,        0.00
  877,  16.635,        0.,        0.00,    0.00,        0.00
  878,  16.655,        0.,        0.00,    0.00,        0.00
  879,  16.675,        0.,        0.00,   -0.10,        0.00
  880,  16.695,        0.,        0.00,   -0.10,        0.00
  881,  16.715,        0.,        0.00,   -0.10,        0.00
  882,  16.735,        0.,        0.00,   -0.10,        0.00
  883,  16.755,        0.,        0.00,   -0.10,        0.00
  884,  16.775,        0.,        0.00,    0.09,        0.00
  885,  16.795,        0.,        0.00,    0.09,        0.00
  886,  16.815,        0.,        0.00,    0.09,        0.00
  887,  16.836,        0.,        0.00,    0.09,        0.00
  888,  16.856,        0.,        0.00,    0.09,        0.00
  889,  16.876,        1.,        0.00,    0.09,        1.00
  890,  16.896,        0.,        0.00,    0.09,        0.00
  891,  16.916,        0.,        0.00,    0.09,        0.00
  892,  16.936,        0.,        0.00,    0.09,        0.00
  893,  16.956,        0.,        0.00,    0.09,        0.00
  894,  16.976,        0.,        0.00,    0.09,        0.00
  895,  16.996,        0.,        0.00,   -0.10,        0.00
  896,  17.016,        0.,        0.00,   -0.10,        0.00
  897,  17.036,        0.,        0.00,   -0.20,        0.00
  898,  17.057,        0.,        0.00,   -0.20,        0.00
  899,  17.077,        0.,        0.00,   -0.20,        0.00
  900,  17.097,        0.,        0.00,   -0.10,        0.00
  901,  17.117,        0.,        0.00,   -0.10,        0.00
  902,  17.137,        0.,        0.00,    0.09,        0.00
  903,  17.157,        0.,        0.00,    0.09,        0.00
  904,  17.177,        0.,        0.00,    0.09,        0.00
  905,  17.197,        0.,        0.00,    0.09,        0.00
  906,  17.217,        0.,        0.00,    0.09,        0.00
  907,  17.237,        1.,        0.00,    0.09,        1.00
  908,  17.258,        0.,        0.00,    0.09,        0.00
  909,  17.278,        0.,        0.00,    0.09,        0.00
  910,  17.298,        0.,        0.00,    0.09,        0.00
  911,  17.318,        0.,        0.00,    0.09,        0.00
  912,  17.338,        0.,        0.00,    0.09,        0.00
  913,  17.358,        0.,        0.00,   -0.10,        0.00
  914,  17.378,        0.,        0.00,   -0.10,        0.00
  915,  17.398,        0.,        0.00,   -0.10,        0.00
  916,  17.418,        0.,        0.00,   -0.10,        0.00
  917,  17.438,        0.,        0.00,   -0.10,        0.00
  918,  17.458,        0.,        0.00,    0.00,        0.00
  919,  17.479,        0.,        0.00,    0.00,        0.00
  920,  17.499,        0.,        0.00,    0.00,        0.00
  921,  17.519,        0.,        0.00,    0.00,        0.00
  922,  17.539,        0.,        0.00,    0.00,        0.00
  923,  17.559,        0.,        0.00,    0.00,        0.00
  924,  17.579,        0.,        0.00,    0.00,        0.00
  925,  17.599,        0.,        0.00,    0.00,        0.00
  926,  17.619,        0.,        0.00,    0.00,        0.00
  927,  17.639,        0.,        0.00,   -0.08,        0.00
  928,  17.659,        0.,        0.00,   -0.08,        0.00
  929,  17.679,        0.,        0.00,   -0.08,        0.00
  930,  17.700,        0.,        0.00,   -0.08,        0.00
  931,  17.720,        0.,        0.00,   -0.08,        0.00
  932,  17.740,        0.,        0.00,   -0.08,        0.00
  933,  17.760,        0.,        0.00,    0.09,        0.00
  934,  17.780,        0.,        0.00,    0.09,        0.00
  935,  17.800,        0.,        0.00,    0.09,        0.00
  936,  17.820,        0.,        0.00,    0.09,        0.00
  937,  17.840,        0.,        0.00,    0.09,        0.00
  938,  17.860,        1.,        0.00,    0.09,        1.00
  939,  17.880,        0.,        0.00,    0.09,        0.00
  940,  17.901,        0.,        0.00,    0.09,        0.00
  941,  17.921,        0.,        0.00,    0.09,        0.00
  942,  17.941,        0.,        0.00,    0.09,        0.00
  943,  17.961,        0.,        0.00,    0.09,        0.00
  944,  17.981,        0.,        0.00,   -0.08,        0.00
  945,  18.001,        0.,        0.00,   -0.08,        0.00
  946,  18.021,        0.,        0.00,   -0.08,        0.00
  947,  18.041,        0.,        0.00,   -0.08,        0.00
  948,  18.061,        0.,        0.00,   -0.08,        0.00
  949,  18.081,        0.,        0.00,   -0.08,        0.00
  950,  18.101,        0.,        0.00,    0.00,        0.00
  951,  18.122,        0.,        0.00,    0.00,        0.00
  952,  18.142,        0.,        0.00,    0.00,        0.00
  953,  18.162,        0.,        0.00,    0.00,        0.00
  954,  18.182,        0.,        0.00,    0.00,        0.00
  955,  18.202,        0.,        0.00,    0.00,        0.00
  956,  18.222,        0.,        0.00,    0.00,        0.00
  957,  18.242,        0.,        0.00,    0.00,        0.00
  958,  18.262,        0.,        0.00,    0.00,        0.00
  959,  18.282,        0.,        0.00,    0.00,        0.00
  960,  18.302,        0.,        0.00,    0.00,        0.00
  961,  18.323,        0.,        0.00,    0.00,        0.00
  962,  18.343,        0.,        0.00,    0.00,        0.00
  963,  18.363,        0.,        0.00,    0.00,        0.00
  964,  18.383,        0.,        0.00,    0.00,        0.00
  965,  18.403,        0.,        0.00,    0.00,        0.00
  966,  18.423,        0.,        0.00,    0.00,        0.00
  967,  18.443,        0.,        0.00,    0.00,        0.00
  968,  18.463,        0.,        0.00,    0.00,        0.00
  969,  18.483,        0.,        0.00,    0.00,        0.00
  970,  18.503,        0.,        0.00,    0.00,        0.00
  971,  18.523,        0.,        0.00,    0.00,        0.00
  972,  18.544,        0.,        0.00,    0.00,        0.00
  973,  18.564,        0.,        0.00,    0.00,        0.00
  974,  18.584,        0.,        0.00,    0.00,        0.00
  975,  18.604,        0.,        0.00,    0.00,        0.00
  976,  18.624,        0.,        0.00,    0.00,        0.00
  977,  18.644,        0.,        0.00,    0.00,        0.00
  978,  18.664,        0.,        0.00,    0.00,        0.00
  979,  18.684,        0.,        0.00,    0.00,        0.00
  980,  18.704,        0.,        0.00,    0.00,        0.00
  981,  18.724,        0.,        0.00,    0.00,        0.00
  982,  18.744,        0.,        0.00,    0.00,        0.00
  983,  18.765,        0.,        0.00,    0.00,        0.00
  984,  18.785,        0.,        0.00,    0.00,        0.00
  985,  18.805,        0.,        0.00,    0.00,        0.00
  986,  18.825,        0.,        0.00,    0.00,        0.00
  987,  18.845,        0.,        0.00,    0.00,        0.00
  988,  18.865,        0.,        0.00,    0.00,        0.00
  989,  18.885,        0.,        0.00,    0.00,        0.00
  990,  18.905,        0.,        0.00,    0.00,        0.00
  991,  18.925,        0.,        0.00,    0.00,        0.00
  992,  18.945,        0.,        0.00,    0.00,        0.00
  993,  18.966,        0.,        0.00,    0.00,        0.00
  994,  18.986,        0.,        0.00,    0.00,        0.00
  995,  19.006,        0.,        0.00,    0.00,        0.00
  996,  19.026,        0.,        0.00,    0.00,        0.00
  997,  19.046,        0.,        0.00,    0.00,        0.00
  998,  19.066,        0.,        0.00,    0.00,        0.00
  999,  19.086,        0.,        0.00,    0.00,        0.00
 1000,  19.106,        0.,        0.00,    0.00,        0.00
 1001,  19.126,        0.,        0.00,    0.00,        0.00
 1002,  19.146,        0.,        0.00,    0.00,        0.00
 1003,  19.166,        0.,        0.00,    0.00,        0.00
 1004,  19.187,        0.,        0.00,    0.00,        0.00
 1005,  19.207,        0.,        0.00,    0.00,        0.00
 1006,  19.227,        0.,        0.00,    0.00,        0.00
 1007,  19.247,        0.,        0.00,    0.00,        0.00
 1008,  19.267,        0.,        0.00,    0.00,        0.00
 1009,  19.287,        0.,        0.00,    0.00,        0.00
 1010,  19.307,        0.,        0.00,    0.00,        0.00
 1011,  19.327,        0.,        0.00,    0.00,        0.00
 1012,  19.347,        0.,        0.00,    0.00,        0.00
 1013,  19.367,        0.,        0.00,    0.00,        0.00
 1014,  19.388,        0.,        0.00,    0.00,        0.00
 1015,  19.408,        0.,        0.00,    0.00,        0.00
 1016,  19.428,        0.,        0.00,    0.00,        0.00
 1017,  19.448,        0.,        0.00,    0.00,        0.00
 1018,  19.468,        0.,        0.00,    0.00,        0.00
 1019,  19.488,        0.,        0.00,    0.00,        0.00
 1020,  19.508,        0.,        0.00,    0.00,        0.00
 1021,  19.528,        0.,        0.00,    0.00,        0.00
 1022,  19.548,        0.,        0.00,    0.00,        0.00
 1023,  19.568,        0.,        0.00,    0.00,        0.00
 1024,  19.588,        0.,        0.00,    0.00,        0.00
 1025,  19.609,        0.,        0.00,    0.00,        0.00
 1026,  19.629,        0.,        0.00,    0.00,        0.00
 1027,  19.649,        0.,        0.00,    0.00,        0.00
 1028,  19.669,        0.,        0.00,    0.00,        0.00
 1029,  19.689,        0.,        0.00,    0.00,        0.00
 1030,  19.709,        0.,        0.00,    0.00,        0.00
 1031,  19.729,        0.,        0.00,    0.00,        0.00
 1032,  19.749,        0.,        0.00,    0.00,        0.00
 1033,  19.769,        0.,        0.00,    0.00,        0.00
 1034,  19.789,        0.,        0.00,    0.00,        0.00
 1035,  19.809,        0.,        0.00,    0.00,        0.00
 1036,  19.830,        0.,        0.00,    0.00,        0.00
 1037,  19.850,        0.,        0.00,    0.00,        0.00
 1038,  19.870,        0.,        0.00,    0.00,        0.00
 1039,  19.890,        0.,        0.00,    0.00,        0.00
 1040,  19.910,        0.,        0.00,    0.00,        0.00
 1041,  19.930,        0.,        0.00,    0.00,        0.00
 1042,  19.950,        0.,        0.00,    0.00,        0.00
 1043,  19.970,        0.,        0.00,    0.00,        0.00
 1044,  19.990,        0.,        0.00,    0.00,        0.00
 1045,  20.010,        0.,        0.00,    0.00,        0.00
 1046,  20.031,        0.,        0.00,    0.00,        0.00
 1047,  20.051,        0.,        0.00,    0.00,        0.00
 1048,  20.071,        0.,        0.00,    0.00,        0.00
 1049,  20.091,        0.,        0.00,    0.00,        0.00
 1050,  20.111,        0.,        0.00,    0.00,        0.00
 1051,  20.131,        0.,        0.00,    0.00,        0.00
 1052,  20.151,        0.,        0.00,    0.00,        0.00
 1053,  20.171,        0.,        0.00,    0.00,        0.00
 1054,  20.191,        0.,        0.00,    0.00,        0.00
 1055,  20.211,        0.,        0.00,    0.00,        0.00
 1056,  20.231,        0.,        0.00,    0.00,        0.00
 1057,  20.252,        0.,        0.00,    0.00,        0.00
 1058,  20.272,        0.,        0.00,    0.00,        0.00
 1059,  20.292,        0.,        0.00,    0.00,        0.00
 1060,  20.312,        0.,        0.00,    0.00,        0.00
 1061,  20.332,        0.,        0.00,    0.00,        0.00
 1062,  20.352,        0.,        0.00,    0.00,        0.00
 1063,  20.372,        0.,        0.00,    0.00,        0.00
 1064,  20.392,        0.,        0.00,    0.00,        0.00
 1065,  20.412,        0.,        0.00,    0.00,        0.00
 1066,  20.432,        0.,        0.00,    0.00,        0.00
 1067,  20.453,        0.,        0.00,    0.00,        0.00
 1068,  20.473,        0.,        0.00,    0.00,        0.00
 1069,  20.493,        0.,        0.00,    0.00,        0.00
 1070,  20.513,        0.,        0.00,    0.00,        0.00
 1071,  20.533,        0.,        0.00,    0.00,        0.00
 1072,  20.553,        0.,        0.00,    0.00,        0.00
 1073,  20.573,        0.,        0.00,    0.00,        0.00
 1074,  20.593,        0.,        0.00,    0.00,        0.00
 1075,  20.613,        0.,        0.00,    0.00,        0.00
 1076,  20.633,        0.,        0.00,    0.00,        0.00
 1077,  20.653,        0.,        0.00,    0.00,        0.00
 1078,  20.674,        0.,        0.00,    0.00,        0.00
 1079,  20.694,        0.,        0.00,    0.00,        0.00
 1080,  20.714,        0.,        0.00,    0.00,        0.00
 1081,  20.734,        0.,        0.00,    0.00,        0.00
 1082,  20.754,        0.,        0.00,    0.00,        0.00
 1083,  20.774,        0.,        0.00,    0.00,        0.00
 1084,  20.794,        0.,        0.00,    0.00,        0.00
 1085,  20.814,        0.,        0.00,    0.00,        0.00
 1086,  20.834,        0.,        0.00,    0.00,        0.00
 1087,  20.854,        0.,        0.00,    0.00,        0.00
 1088,  20.874,        0.,        0.00,    0.00,        0.00
 1089,  20.895,        0.,        0.00,    0.00,        0.00
 1090,  20.915,        0.,        0.00,    0.00,        0.00
 1091,  20.935,        0.,        0.00,    0.00,        0.00
 1092,  20.955,        0.,        0.00,    0.00,        0.00
 1093,  20.975,        0.,        0.00,    0.00,        0.00
 1094,  20.995,        0.,        0.00,    0.00,        0.00
 1095,  21.015,        0.,        0.00,    0.00,        0.00
 1096,  21.035,        0.,        0.00,    0.00,        0.00
 1097,  21.055,        0.,        0.00,    0.00,        0.00
 1098,  21.075,        0.,        0.00,    0.00,        0.00
 1099,  21.096,        0.,        0.00,    0.00,        0.00
 1100,  21.116,        0.,        0.00,    0.00,        0.00
 1101,  21.136,        0.,        0.00,    0.00,        0.00
 1102,  21.156,        0.,        0.00,    0.00,        0.00
 1103,  21.176,        0.,        0.00,    0.00,        0.00
 1104,  21.196,        0.,        0.00,    0.00,        0.00
 1105,  21.216,        0.,        0.00,    0.00,        0.00
 1106,  21.236,        0.,        0.00,    0.00,        0.00
 1107,  21.256,        0.,        0.00,    0.00,        0.00
 1108,  21.276,        0.,        0.00,    0.00,        0.00
 1109,  21.296,        0.,        0.00,    0.00,        0.00
 1110,  21.317,        0.,        0.00,    0.00,        0.00
 1111,  21.337,        0.,        0.00,    0.00,        0.00
 1112,  21.357,        0.,        0.00,    0.00,        0.00
 1113,  21.377,        0.,        0.00,    0.00,        0.00
 1114,  21.397,        0.,        0.00,    0.00,        0.00
 1115,  21.417,        0.,        0.00,    0.00,        0.00
 1116,  21.437,        0.,        0.00,    0.00,        0.00
 1117,  21.457,        0.,        0.00,    0.00,        0.00
 1118,  21.477,        0.,        0.00,    0.00,        0.00
 1119,  21.497,        0.,        0.00,    0.00,        0.00
 1120,  21.518,        0.,        0.00,    0.00,        0.00
 1121,  21.538,        0.,        0.00,    0.00,        0.00
 1122,  21.558,        0.,        0.00,    0.00,        0.00
 1123,  21.578,        0.,        0.00,    0.00,        0.00
 1124,  21.598,        0.,        0.00,    0.00,        0.00
 1125,  21.618,        0.,        0.00,    0.00,        0.00
 1126,  21.638,        0.,        0.00,    0.00,        0.00
 1127,  21.658,        0.,        0.00,    0.00,        0.00
 1128,  21.678,        0.,        0.00,    0.00,        0.00
 1129,  21.698,        0.,        0.00,    0.00,        0.00
 1130,  21.718,        0.,        0.00,    0.00,        0.00
 1131,  21.739,        0.,        0.00,    0.00,        0.00
 1132,  21.759,        0.,        0.00,    0.00,        0.00
 1133,  21.779,        0.,        0.00,    0.00,        0.00
 1134,  21.799,        0.,        0.00,    0.00,        0.00
 1135,  21.819,        0.,        0.00,    0.00,        0.00
 1136,  21.839,        0.,        0.00,    0.00,        0.00
 1137,  21.859,        0.,        0.00,    0.00,        0.00
 1138,  21.879,        0.,        0.00,    0.00,        0.00
 1139,  21.899,        0.,        0.00,    0.00,        0.00
 1140,  21.919,        0.,        0.00,    0.00,        0.00
 1141,  21.939,        0.,        0.00,    0.00,        0.00
 1142,  21.960,        0.,        0.00,    0.00,        0.00
 1143,  21.980,        0.,        0.00,    0.00,        0.00
 1144,  22.000,        0.,        0.00,    0.00,        0.00
 1145,  22.020,        0.,        0.00,    0.00,        0.00
 1146,  22.040,        0.,        0.00,    0.00,        0.00
 1147,  22.060,        0.,        0.00,    0.00,        0.00
 1148,  22.080,        0.,        0.00,    0.00,        0.00
 1149,  22.100,        0.,        0.00,    0.00,        0.00
 1150,  22.120,        0.,        0.00,    0.00,        0.00
 1151,  22.140,        0.,        0.00,    0.00,        0.00
 1152,  22.161,        0.,        0.00,    0.00,        0.00
 1153,  22.181,        0.,        0.00,    0.00,        0.00
 1154,  22.201,        0.,        0.00,    0.00,        0.00
 1155,  22.221,        0.,        0.00,    0.00,        0.00
 1156,  22.241,        0.,        0.00,    0.00,        0.00
 1157,  22.261,        0.,        0.00,    0.00,        0.00
 1158,  22.281,        0.,        0.00,    0.00,        0.00
 1159,  22.301,        0.,        0.00,    0.00,        0.00
 1160,  22.321,        0.,        0.00,    0.00,        0.00
 1161,  22.341,        0.,        0.00,    0.00,        0.00
 1162,  22.361,        0.,        0.00,    0.00,        0.00
 1163,  22.382,        0.,        0.00,    0.00,        0.00
 1164,  22.402,        0.,        0.00,    0.00,        0.00
 1165,  22.422,        0.,        0.00,    0.00,        0.00
 1166,  22.442,        0.,        0.00,    0.00,        0.00
 1167,  22.462,        0.,        0.00,    0.00,        0.00
 1168,  22.482,        0.,        0.00,    0.00,        0.00
 1169,  22.502,        0.,        0.00,    0.00,        0.00
 1170,  22.522,        0.,        0.00,    0.00,        0.00
 1171,  22.542,        0.,        0.00,    0.00,        0.00
 1172,  22.562,        0.,        0.00,    0.00,        0.00
 1173,  22.583,        0.,        0.00,    0.00,        0.00
 1174,  22.603,        0.,        0.00,    0.00,        0.00
 1175,  22.623,        0.,        0.00,    0.00,        0.00
 1176,  22.643,        0.,        0.00,    0.00,        0.00
 1177,  22.663,        0.,        0.00,    0.00,        0.00
 1178,  22.683,        0.,        0.00,    0.00,        0.00
 1179,  22.703,        0.,        0.00,    0.00,        0.00
 1180,  22.723,        0.,        0.00,    0.00,        0.00
 1181,  22.743,        0.,        0.00,    0.00,        0.00
 1182,  22.763,        0.,        0.00,    0.00,        0.00
 1183,  22.783,        0.,        0.00,    0.00,        0.00
 1184,  22.804,        0.,        0.00,    0.00,        0.00
 1185,  22.824,        0.,        0.00,    0.00,        0.00
 1186,  22.844,        0.,        0.00,    0.00,        0.00
 1187,  22.864,        0.,        0.00,    0.00,        0.00
 1188,  22.884,        0.,        0.00,    0.00,        0.00
 1189,  22.904,        0.,        0.00,    0.00,        0.00
 1190,  22.924,        0.,        0.00,    0.00,        0.00
 1191,  22.944,        0.,        0.00,    0.00,        0.00
 1192,  22.964,        0.,        0.00,    0.00,        0.00
 1193,  22.984,        0.,        0.00,    0.00,        0.00
 1194,  23.004,        0.,        0.00,    0.00,        0.00
 1195,  23.025,        0.,        0.00,    0.00,        0.00
 1196,  23.045,        0.,        0.00,    0.00,        0.00
 1197,  23.065,        0.,        0.00,    0.00,        0.00
 1198,  23.085,        0.,        0.00,    0.00,        0.00
 1199,  23.105,        0.,        0.00,    0.00,        0.00
 1200,  23.125,        0.,        0.00,    0.00,        0.00
 1201,  23.145,        0.,        0.00,    0.00,        0.00
 1202,  23.165,        0.,        0.00,    0.00,        0.00
 1203,  23.185,        0.,        0.00,    0.00,        0.00
 1204,  23.205,        0.,        0.00,    0.00,        0.00
 1205,  23.226,        0.,        0.00,    0.00,        0.00
 1206,  23.246,        0.,        0.00,    0.00,        0.00
 1207,  23.266,        0.,        0.00,    0.00,        0.00
 1208,  23.286,        0.,        0.00,    0.00,        0.00
 1209,  23.306,        0.,        0.00,    0.00,        0.00
 1210,  23.326,        0.,        0.00,    0.00,        0.00
 1211,  23.346,        0.,        0.00,    0.00,        0.00
 1212,  23.366,        0.,        0.00,    0.00,        0.00
 1213,  23.386,        0.,        0.00,    0.00,        0.00
 1214,  23.406,        0.,        0.00,    0.00,        0.00
 1215,  23.426,        0.,        0.00,    0.00,        0.00
 1216,  23.447,        0.,        0.00,    0.00,        0.00
 1217,  23.467,        0.,        0.00,    0.00,        0.00
 1218,  23.487,        0.,        0.00,    0.00,        0.00
 1219,  23.507,        0.,        0.00,    0.00,        0.00
 1220,  23.527,        0.,        0.00,    0.00,        0.00
 1221,  23.547,        0.,        0.00,    0.00,        0.00
 1222,  23.567,        0.,        0.00,    0.00,        0.00
 1223,  23.587,        0.,        0.00,    0.00,        0.00
 1224,  23.607,        0.,        0.00,    0.00,        0.00
 1225,  23.627,        0.,        0.00,    0.00,        0.00
 1226,  23.648,        0.,        0.00,    0.00,        0.00
 1227,  23.668,        0.,        0.00,    0.00,        0.00
 1228,  23.688,        0.,        0.00,    0.00,        0.00
 1229,  23.708,        0.,        0.00,    0.00,        0.00
 1230,  23.728,        0.,        0.00,    0.00,        0.00
 1231,  23.748,        0.,        0.00,    0.00,        0.00
 1232,  23.768,        0.,        0.00,    0.00,        0.00
 1233,  23.788,        0.,        0.00,    0.00,        0.00
 1234,  23.808,        0.,        0.00,    0.00,        0.00
 1235,  23.828,        0.,        0.00,    0.00,        0.00
 1236,  23.848,        0.,        0.00,    0.00,        0.00
 1237,  23.869,        0.,        0.00,    0.00,        0.00
 1238,  23.889,        0.,        0.00,    0.00,        0.00
 1239,  23.909,        0.,        0.00,    0.00,        0.00
 1240,  23.929,        0.,        0.00,    0.00,        0.00
 1241,  23.949,        0.,        0.00,    0.00,        0.00
 1242,  23.969,        0.,        0.00,    0.00,        0.00
 1243,  23.989,        0.,        0.00,    0.00,        0.00
 1244,  24.009,        0.,        0.00,    0.00,        0.00
 1245,  24.029,        0.,        0.00,    0.00,        0.00
 1246,  24.049,        0.,        0.00,    0.00,        0.00
 1247,  24.069,        0.,        0.00,    0.00,        0.00
 1248,  24.090,        0.,        0.00,    0.00,        0.00
 1249,  24.110,        0.,        0.00,    0.00,        0.00
 1250,  24.130,        0.,        0.00,    0.00,        0.00
 1251,  24.150,        0.,        0.00,    0.00,        0.00
 1252,  24.170,        0.,        0.00,    0.00,        0.00
 1253,  24.190,        0.,        0.00,    0.00,        0.00
 1254,  24.210,        0.,        0.00,    0.00,        0.00
 1255,  24.230,        0.,        0.00,    0.00,        0.00
 1256,  24.250,        0.,        0.00,    0.00,        0.00
 1257,  24.270,        0.,        0.00,    0.00,        0.00
 1258,  24.291,        0.,        0.00,    0.00,        0.00
 1259,  24.311,        0.,        0.00,    0.00,        0.00
 1260,  24.331,        0.,        0.00,    0.00,        0.00
 1261,  24.351,        0.,        0.00,    0.00,        0.00
 1262,  24.371,        0.,        0.00,    0.00,        0.00
 1263,  24.391,        0.,        0.00,    0.00,        0.00
 1264,  24.411,        0.,        0.00,    0.00,        0.00
 1265,  24.431,        0.,        0.00,    0.00,        0.00
 1266,  24.451,        0.,        0.00,    0.00,        0.00
 1267,  24.471,        0.,        0.00,    0.00,        0.00
 1268,  24.491,        0.,        0.00,    0.00,        0.00
 1269,  24.512,        0.,        0.00,    0.00,        0.00
 1270,  24.532,        0.,        0.00,    0.00,        0.00
 1271,  24.552,        0.,        0.00,    0.00,        0.00
 1272,  24.572,        0.,        0.00,    0.00,        0.00
 1273,  24.592,        0.,        0.00,    0.00,        0.00
 1274,  24.612,        0.,        0.00,    0.00,        0.00
 1275,  24.632,        0.,        0.00,    0.00,        0.00
 1276,  24.652,        0.,        0.00,    0.00,        0.00
 1277,  24.672,        0.,        0.00,    0.00,        0.00
 1278,  24.692,        0.,        0.00,    0.00,        0.00
 1279,  24.713,        0.,        0.00,    0.00,        0.00
 1280,  24.733,        0.,        0.00,    0.00,        0.00
 1281,  24.753,        0.,        0.00,    0.00,        0.00
 1282,  24.773,        0.,        0.00,    0.00,        0.00
 1283,  24.793,        0.,        0.00,    0.00,        0.00
 1284,  24.813,        0.,        0.00,    0.00,        0.00
 1285,  24.833,        0.,        0.00,    0.00,        0.00
 1286,  24.853,        0.,        0.00,    0.00,        0.00
 1287,  24.873,        0.,        0.00,    0.00,        0.00
 1288,  24.893,        0.,        0.00,    0.00,        0.00
 1289,  24.913,        0.,        0.00,    0.00,        0.00
 1290,  24.934,        0.,        0.00,    0.00,        0.00
 1291,  24.954,        0.,        0.00,    0.00,        0.00
 1292,  24.974,        0.,        0.00,    0.00,        0.00
 1293,  24.994,        0.,        0.00,    0.00,        0.00
 1294,  25.014,        0.,        0.00,    0.00,        0.00
 1295,  25.034,        0.,        0.00,    0.00,        0.00
 1296,  25.054,        0.,        0.00,    0.00,        0.00
 1297,  25.074,        0.,        0.00,    0.00,        0.00
 1298,  25.094,        0.,        0.00,    0.00,        0.00
 1299,  25.114,        0.,        0.00,    0.00,        0.00
 1300,  25.134,        0.,        0.00,    0.00,        0.00
