 File:671123.spo  Solution Type:Thick  fitting 1231 channels (  70-1300)
 Channel#, E(keV),   Data,        Fit, Residual,    Data-Fit
   70,   0.418,     2527.,        3.14,    0.02,     2523.86
   71,   0.438,     2568.,        4.63,    0.01,     2563.37
   72,   0.458,     2423.,        6.82,    0.00,     2416.18
   73,   0.478,     2279.,        9.69,   -0.03,     2269.31
   74,   0.499,     2270.,       12.96,   -0.04,     2257.04
   75,   0.519,     2234.,       16.21,   -0.06,     2217.79
   76,   0.539,     2095.,       18.82,   -0.08,     2076.18
   77,   0.559,     2108.,       20.15,   -0.08,     2087.85
   78,   0.579,     2126.,       19.94,   -0.11,     2106.06
   79,   0.599,     2052.,       18.29,   -0.12,     2033.71
   80,   0.619,     1963.,       15.68,   -0.08,     1947.32
   81,   0.639,     1904.,       12.84,   -0.06,     1891.16
   82,   0.659,     1887.,       10.66,   -0.07,     1876.34
   83,   0.679,     1943.,        9.93,   -0.05,     1933.07
   84,   0.700,     1920.,       11.33,   -0.06,     1908.67
   85,   0.720,     1885.,       15.74,   -0.05,     1869.26
   86,   0.740,     1921.,       24.08,    0.00,     1896.92
   87,   0.760,     1834.,       37.37,    0.00,     1796.63
   88,   0.780,     1828.,       55.86,    0.00,     1772.15
   89,   0.800,     1871.,       78.77,    0.00,     1792.23
   90,   0.820,     1910.,      103.63,   -0.06,     1806.37
   91,   0.840,     1922.,      126.37,   -0.03,     1795.63
   92,   0.860,     1907.,      142.37,    0.02,     1764.63
   93,   0.880,     1871.,      147.98,   -0.01,     1723.02
   94,   0.901,     1888.,      141.83,   -0.04,     1746.17
   95,   0.921,     1830.,      125.54,   -0.05,     1704.46
   96,   0.941,     1779.,      103.17,   -0.14,     1675.83
   97,   0.961,     1752.,       79.50,   -0.14,     1672.50
   98,   0.981,     1778.,       58.60,   -0.09,     1719.40
   99,   1.001,     1688.,       42.83,   -0.07,     1645.17
  100,   1.021,     1712.,       32.51,    0.06,     1679.49
  101,   1.041,     1725.,       26.49,    0.17,     1698.51
  102,   1.061,     1664.,       23.17,    0.12,     1640.83
  103,   1.081,     1708.,       21.20,    0.14,     1686.80
  104,   1.101,     1707.,       20.04,    0.00,     1686.96
  105,   1.122,     1623.,       19.98,   -0.03,     1603.02
  106,   1.142,     1637.,       22.03,    0.07,     1614.97
  107,   1.162,     1594.,       27.68,    0.09,     1566.32
  108,   1.182,     1635.,       38.13,    0.19,     1596.87
  109,   1.202,     1641.,       53.78,    0.27,     1587.22
  110,   1.222,     1685.,       73.79,    0.15,     1611.21
  111,   1.242,     1718.,       95.98,    0.18,     1622.02
  112,   1.262,     1617.,      117.19,    0.09,     1499.81
  113,   1.282,     1613.,      134.44,   -0.18,     1478.56
  114,   1.302,     1619.,      145.99,   -0.21,     1473.01
  115,   1.323,     1586.,      152.68,   -0.28,     1433.32
  116,   1.343,     1558.,      158.23,   -0.14,     1399.77
  117,   1.363,     1651.,      168.23,    0.20,     1482.77
  118,   1.383,     1653.,      188.75,    0.47,     1464.25
  119,   1.403,     1646.,      223.91,    0.51,     1422.09
  120,   1.423,     1721.,      274.24,    0.61,     1446.76
  121,   1.443,     1691.,      335.86,    0.38,     1355.14
  122,   1.463,     1689.,      401.54,   -0.03,     1287.46
  123,   1.483,     1767.,      463.17,    0.03,     1303.83
  124,   1.503,     1769.,      515.49,   -0.22,     1253.51
  125,   1.524,     1716.,      559.64,   -0.20,     1156.36
  126,   1.544,     1896.,      604.76,   -0.52,     1291.24
  127,   1.564,     1899.,      667.29,   -1.09,     1231.71
  128,   1.584,     1926.,      766.82,   -1.62,     1159.18
  129,   1.604,     2022.,      919.26,   -2.12,     1102.74
  130,   1.624,     2239.,     1129.42,   -2.38,     1109.58
  131,   1.644,     2494.,     1386.35,   -1.99,     1107.65
  132,   1.664,     2715.,     1663.80,   -1.11,     1051.20
  133,   1.684,     3221.,     1927.95,   -0.11,     1293.05
  134,   1.704,     3561.,     2148.18,    0.76,     1412.82
  135,   1.724,     3850.,     2309.44,    0.79,     1540.56
  136,   1.745,     3957.,     2420.81,    0.65,     1536.19
  137,   1.765,     4061.,     2518.67,   -0.47,     1542.33
  138,   1.785,     4093.,     2662.57,   -1.42,     1430.43
  139,   1.805,     4330.,     2926.05,   -1.94,     1403.95
  140,   1.825,     4652.,     3377.74,   -2.09,     1274.26
  141,   1.845,     5514.,     4056.08,   -1.69,     1457.92
  142,   1.865,     6804.,     4940.45,   -0.79,     1863.55
  143,   1.885,     7936.,     5931.77,    0.62,     2004.23
  144,   1.905,     9052.,     6858.80,    1.85,     2193.20
  145,   1.925,     9832.,     7516.72,    2.66,     2315.28
  146,   1.946,    10260.,     7730.27,    2.61,     2529.73
  147,   1.966,     9776.,     7416.82,    2.15,     2359.18
  148,   1.986,     8872.,     6618.08,    1.29,     2253.92
  149,   2.006,     7648.,     5485.43,    0.40,     2162.57
  150,   2.026,     6286.,     4225.49,   -0.66,     2060.51
  151,   2.046,     5208.,     3034.58,   -1.34,     2173.42
  152,   2.066,     4206.,     2048.81,   -1.28,     2157.19
  153,   2.086,     3499.,     1329.20,   -1.15,     2169.80
  154,   2.106,     3066.,      875.22,   -0.46,     2190.78
  155,   2.126,     3064.,      652.01,   -0.22,     2411.99
  156,   2.147,     2911.,      616.15,    0.02,     2294.85
  157,   2.167,     3108.,      728.69,    0.37,     2379.31
  158,   2.187,     3317.,      955.26,    0.81,     2361.74
  159,   2.207,     3626.,     1259.52,    0.93,     2366.48
  160,   2.227,     3956.,     1595.52,    1.23,     2360.48
  161,   2.247,     4408.,     1907.32,    0.89,     2500.68
  162,   2.267,     4674.,     2136.47,    0.92,     2537.53
  163,   2.287,     4756.,     2235.73,    0.98,     2520.27
  164,   2.307,     4528.,     2183.68,    0.95,     2344.32
  165,   2.327,     4448.,     1992.02,    0.06,     2455.98
  166,   2.348,     4092.,     1702.77,   -0.82,     2389.23
  167,   2.368,     3842.,     1375.96,   -1.53,     2466.04
  168,   2.388,     3381.,     1075.91,   -1.22,     2305.09
  169,   2.408,     3241.,      861.74,   -1.37,     2379.26
  170,   2.428,     3214.,      786.72,   -0.91,     2427.28
  171,   2.448,     3448.,      904.58,   -0.93,     2543.42
  172,   2.468,     3751.,     1275.53,   -0.19,     2475.47
  173,   2.488,     4486.,     1960.23,    0.57,     2525.77
  174,   2.508,     5574.,     2998.32,    2.06,     2575.68
  175,   2.528,     6992.,     4372.38,    2.90,     2619.62
  176,   2.548,     8628.,     5974.82,    2.90,     2653.18
  177,   2.569,    10176.,     7597.46,    2.60,     2578.54
  178,   2.589,    11768.,     8964.61,    1.63,     2803.39
  179,   2.609,    12520.,     9805.85,    0.89,     2714.15
  180,   2.629,    12336.,     9944.41,   -0.34,     2391.59
  181,   2.649,    11660.,     9361.70,   -1.75,     2298.30
  182,   2.669,    10332.,     8205.93,   -2.84,     2126.07
  183,   2.689,     9012.,     6739.64,   -4.10,     2272.36
  184,   2.709,     7428.,     5249.72,   -4.60,     2178.28
  185,   2.729,     6164.,     3961.94,   -4.07,     2202.06
  186,   2.749,     5356.,     2991.30,   -2.90,     2364.70
  187,   2.770,     4764.,     2340.53,   -1.21,     2423.47
  188,   2.790,     4578.,     1934.77,   -0.10,     2643.23
  189,   2.810,     4370.,     1670.90,    0.76,     2699.10
  190,   2.830,     4418.,     1459.21,    1.78,     2958.79
  191,   2.850,     4067.,     1246.00,    1.69,     2821.00
  192,   2.870,     3846.,     1015.81,    2.36,     2830.19
  193,   2.890,     3543.,      780.07,    1.56,     2762.93
  194,   2.910,     3442.,      560.47,    0.67,     2881.53
  195,   2.930,     3238.,      375.84,   -0.92,     2862.16
  196,   2.950,     3252.,      235.27,   -1.73,     3016.73
  197,   2.971,     3143.,      138.10,   -1.81,     3004.90
  198,   2.991,     3168.,       77.26,   -1.24,     3090.74
  199,   3.011,     3233.,       43.88,   -0.21,     3189.12
  200,   3.031,     3197.,       31.65,    0.43,     3165.35
  201,   3.051,     3291.,       39.92,    0.29,     3251.08
  202,   3.071,     3392.,       76.74,    0.65,     3315.26
  203,   3.091,     3574.,      163.14,   -0.15,     3410.86
  204,   3.111,     3706.,      337.63,   -1.30,     3368.37
  205,   3.131,     4118.,      659.78,   -1.92,     3458.22
  206,   3.151,     4740.,     1208.17,   -3.05,     3531.83
  207,   3.171,     5650.,     2067.35,   -2.88,     3582.65
  208,   3.192,     6842.,     3300.48,   -2.76,     3541.52
  209,   3.212,     8620.,     4910.59,   -1.99,     3709.41
  210,   3.232,    10404.,     6802.75,   -1.61,     3601.25
  211,   3.252,    12920.,     8768.22,   -1.02,     4151.78
  212,   3.272,    14612.,    10509.07,   -1.50,     4102.93
  213,   3.292,    16144.,    11707.19,   -1.92,     4436.81
  214,   3.312,    16512.,    12118.46,   -2.56,     4393.54
  215,   3.332,    16328.,    11656.66,   -1.44,     4671.34
  216,   3.352,    14924.,    10429.18,   -0.22,     4494.82
  217,   3.372,    13440.,     8715.95,    1.88,     4724.05
  218,   3.393,    11700.,     6913.03,    3.31,     4786.97
  219,   3.413,    10580.,     5496.86,    2.79,     5083.14
  220,   3.433,    10544.,     5071.59,    1.27,     5472.41
  221,   3.453,    12468.,     6547.03,   -1.43,     5920.97
  222,   3.473,    17472.,    11451.77,   -4.74,     6020.23
  223,   3.493,    27912.,    22309.25,   -6.99,     5602.75
  224,   3.513,    48032.,    42892.92,   -8.65,     5139.08
  225,   3.533,    82624.,    78062.34,   -8.66,     4561.66
  226,   3.553,   136448.,   132849.69,   -7.05,     3598.31
  227,   3.573,   215552.,   210643.94,   -4.33,     4908.06
  228,   3.594,   318080.,   310769.47,   -0.21,     7310.53
  229,   3.614,   440704.,   426354.44,    4.37,    14349.56
  230,   3.634,   566272.,   543757.00,    8.82,    22515.00
  231,   3.654,   670976.,   644549.69,   12.09,    26426.31
  232,   3.674,   741120.,   710016.00,   13.73,    31104.00
  233,   3.694,   757248.,   726772.81,   13.65,    30475.19
  234,   3.714,   718080.,   691256.50,   11.63,    26823.50
  235,   3.734,   629248.,   610945.25,    7.97,    18302.75
  236,   3.754,   512128.,   501872.75,    3.81,    10255.25
  237,   3.774,   387456.,   383480.97,   -0.62,     3975.03
  238,   3.794,   273536.,   273202.88,   -4.36,      333.13
  239,   3.815,   182144.,   182798.08,   -6.96,     -654.08
  240,   3.835,   116032.,   117352.20,   -8.22,    -1320.20
  241,   3.855,    76256.,    76502.94,   -7.80,     -246.94
  242,   3.875,    55744.,    56661.52,   -6.41,     -917.52
  243,   3.895,    51488.,    53020.04,   -4.48,    -1532.04
  244,   3.915,    57728.,    60709.80,   -3.06,    -2981.80
  245,   3.935,    70976.,    75138.98,   -3.51,    -4162.98
  246,   3.955,    86592.,    91941.88,   -6.24,    -5349.88
  247,   3.975,   100512.,   107010.75,  -10.67,    -6498.75
  248,   3.995,   110176.,   116843.95,  -15.50,    -6667.95
  249,   4.016,   111488.,   119121.85,  -17.61,    -7633.85
  250,   4.036,   106752.,   113205.02,  -16.83,    -6453.02
  251,   4.056,    94304.,   100219.80,  -14.02,    -5915.80
  252,   4.076,    77280.,    82636.22,   -9.48,    -5356.22
  253,   4.096,    60368.,    63463.61,   -4.59,    -3095.61
  254,   4.116,    43200.,    45407.12,    1.08,    -2207.12
  255,   4.136,    29016.,    30283.95,    5.41,    -1267.95
  256,   4.156,    18352.,    18846.82,    9.14,     -494.82
  257,   4.176,    11288.,    10964.22,   12.91,      323.78
  258,   4.196,     6546.,     5980.87,   13.81,      565.13
  259,   4.217,     3804.,     3076.15,   14.74,      727.85
  260,   4.237,     2288.,     1509.19,   14.66,      778.81
  261,   4.257,     1459.,      728.24,   13.05,      730.76
  262,   4.277,     1071.,      379.95,   11.15,      691.05
  263,   4.297,      948.,      269.55,    8.28,      678.45
  264,   4.317,     1001.,      309.85,    5.29,      691.15
  265,   4.337,     1186.,      479.40,    1.94,      706.60
  266,   4.357,     1526.,      791.14,    1.82,      734.86
  267,   4.377,     2062.,     1267.84,    2.39,      794.16
  268,   4.397,     2758.,     1920.01,    3.21,      837.99
  269,   4.418,     3468.,     2724.97,    4.38,      743.03
  270,   4.438,     4406.,     3614.83,    4.13,      791.17
  271,   4.458,     5274.,     4477.67,    3.78,      796.33
  272,   4.478,     5826.,     5178.03,    2.45,      647.97
  273,   4.498,     6264.,     5592.01,    0.22,      671.99
  274,   4.518,     6158.,     5644.48,   -1.39,      513.52
  275,   4.538,     5958.,     5333.56,   -2.10,      624.44
  276,   4.558,     5180.,     4730.80,   -4.07,      449.20
  277,   4.578,     4378.,     3956.44,   -4.36,      421.56
  278,   4.598,     3564.,     3141.64,   -5.02,      422.36
  279,   4.618,     2964.,     2393.19,   -5.00,      570.81
  280,   4.639,     2160.,     1773.59,   -5.89,      386.41
  281,   4.659,     1816.,     1300.26,   -5.66,      515.74
  282,   4.679,     1505.,      958.74,   -4.97,      546.26
  283,   4.699,     1235.,      720.85,   -4.25,      514.15
  284,   4.719,     1121.,      559.81,   -3.20,      561.19
  285,   4.739,     1117.,      458.30,   -0.23,      658.70
  286,   4.759,     1080.,      410.07,    1.96,      669.93
  287,   4.779,     1173.,      417.19,    3.83,      755.81
  288,   4.799,     1346.,      484.85,    7.06,      861.15
  289,   4.819,     1540.,      616.27,    8.39,      923.73
  290,   4.840,     1714.,      806.32,    8.95,      907.68
  291,   4.860,     1961.,     1038.59,   10.03,      922.41
  292,   4.880,     2186.,     1283.73,    9.56,      902.27
  293,   4.900,     2353.,     1502.90,    7.43,      850.10
  294,   4.920,     2407.,     1656.18,    4.33,      750.82
  295,   4.940,     2514.,     1712.89,    1.19,      801.11
  296,   4.960,     2399.,     1660.47,   -2.16,      738.53
  297,   4.980,     2211.,     1508.21,   -3.81,      702.79
  298,   5.000,     1881.,     1284.00,   -4.87,      597.00
  299,   5.020,     1637.,     1026.18,   -4.22,      610.82
  300,   5.041,     1343.,      771.98,   -4.25,      571.02
  301,   5.061,     1190.,      549.66,   -3.84,      640.34
  302,   5.081,      963.,      374.27,   -3.93,      588.73
  303,   5.101,      906.,      248.59,   -3.21,      657.41
  304,   5.121,      838.,      166.46,   -1.07,      671.54
  305,   5.141,      765.,      117.91,    0.72,      647.09
  306,   5.161,      695.,       92.79,    1.27,      602.21
  307,   5.181,      692.,       82.77,    1.56,      609.23
  308,   5.201,      751.,       82.10,   -0.12,      668.90
  309,   5.221,      734.,       87.27,   -1.41,      646.73
  310,   5.241,      751.,       96.48,   -2.28,      654.52
  311,   5.262,      751.,      108.39,   -1.91,      642.61
  312,   5.282,      709.,      122.39,   -2.32,      586.61
  313,   5.302,      771.,      137.87,   -2.41,      633.13
  314,   5.322,      817.,      154.09,   -2.37,      662.91
  315,   5.342,      840.,      170.07,   -2.33,      669.93
  316,   5.362,      836.,      184.56,   -2.60,      651.44
  317,   5.382,      893.,      195.74,   -2.08,      697.26
  318,   5.402,      912.,      202.05,   -1.81,      709.95
  319,   5.422,      923.,      202.04,   -1.12,      720.96
  320,   5.442,      926.,      195.29,   -1.80,      730.71
  321,   5.463,      916.,      182.47,   -1.49,      733.53
  322,   5.483,      895.,      165.35,   -2.14,      729.65
  323,   5.503,      948.,      146.60,   -2.92,      801.40
  324,   5.523,      912.,      129.03,   -2.80,      782.97
  325,   5.543,      945.,      116.00,   -0.84,      829.00
  326,   5.563,      960.,      111.37,    0.02,      848.63
  327,   5.583,      960.,      122.85,    2.27,      837.15
  328,   5.603,     1011.,      167.52,    3.26,      843.48
  329,   5.623,     1275.,      282.70,    3.71,      992.30
  330,   5.643,     1522.,      543.44,    4.34,      978.56
  331,   5.664,     2100.,     1087.62,    4.61,     1012.38
  332,   5.684,     3191.,     2143.57,    3.80,     1047.43
  333,   5.704,     4994.,     4048.93,    3.36,      945.07
  334,   5.724,     8136.,     7239.71,    1.74,      896.29
  335,   5.744,    13180.,    12186.87,   -0.41,      993.13
  336,   5.764,    19904.,    19262.59,   -1.99,      641.41
  337,   5.784,    29280.,    28551.80,   -3.47,      728.20
  338,   5.804,    40272.,    39660.72,   -4.79,      611.28
  339,   5.824,    51824.,    51610.77,   -4.91,      213.23
  340,   5.844,    63360.,    62905.59,   -4.93,      454.41
  341,   5.865,    72256.,    71806.13,   -4.10,      449.88
  342,   5.885,    77312.,    76759.30,   -3.03,      552.70
  343,   5.905,    77984.,    76841.00,   -1.23,     1143.00
  344,   5.925,    73216.,    72038.09,    1.53,     1177.91
  345,   5.945,    64592.,    63252.63,    3.57,     1339.38
  346,   5.965,    53328.,    52027.74,    5.53,     1300.26
  347,   5.985,    41760.,    40105.54,    6.54,     1654.46
  348,   6.005,    30800.,    28996.07,    6.28,     1803.93
  349,   6.025,    21192.,    19696.40,    5.57,     1495.60
  350,   6.045,    14172.,    12618.04,    4.05,     1553.96
  351,   6.065,     8692.,     7691.31,    2.22,     1000.69
  352,   6.086,     5524.,     4560.88,   -0.84,      963.12
  353,   6.106,     3721.,     2784.72,   -4.56,      936.28
  354,   6.126,     2775.,     1986.63,   -7.68,      788.37
  355,   6.146,     2698.,     1948.95,  -10.70,      749.05
  356,   6.166,     3361.,     2662.96,  -10.61,      698.04
  357,   6.186,     5124.,     4353.36,  -10.01,      770.64
  358,   6.206,     8228.,     7480.12,   -8.04,      747.88
  359,   6.226,    13812.,    12700.44,   -6.34,     1111.56
  360,   6.246,    22000.,    20756.43,   -3.37,     1243.57
  361,   6.266,    33616.,    32266.37,   -1.97,     1349.63
  362,   6.287,    49472.,    47432.34,   -0.25,     2039.66
  363,   6.307,    67840.,    65738.38,    1.70,     2101.63
  364,   6.327,    88896.,    85765.87,    2.88,     3130.13
  365,   6.347,   107616.,   105257.42,    4.81,     2358.58
  366,   6.367,   124288.,   121492.23,    5.88,     2795.77
  367,   6.387,   134912.,   131907.95,    6.35,     3004.05
  368,   6.407,   137856.,   134778.08,    6.81,     3077.92
  369,   6.427,   133056.,   129694.20,    6.69,     3361.80
  370,   6.447,   120512.,   117658.67,    6.50,     2853.33
  371,   6.467,   103648.,   100767.67,    5.89,     2880.33
  372,   6.488,    84352.,    81609.48,    5.14,     2742.52
  373,   6.508,    65632.,    62625.72,    3.87,     3006.28
  374,   6.528,    47664.,    45640.48,    2.55,     2023.52
  375,   6.548,    33680.,    31667.46,    1.21,     2012.54
  376,   6.568,    22664.,    20972.01,   -0.09,     1691.99
  377,   6.588,    14612.,    13288.53,   -1.52,     1323.47
  378,   6.608,     9160.,     8073.96,   -3.90,     1086.04
  379,   6.628,     5650.,     4714.74,   -4.40,      935.26
  380,   6.648,     3507.,     2655.65,   -5.85,      851.35
  381,   6.668,     2112.,     1455.56,   -6.91,      656.44
  382,   6.688,     1373.,      796.74,   -7.12,      576.26
  383,   6.709,      960.,      467.79,   -5.33,      492.21
  384,   6.729,      692.,      339.91,   -4.31,      352.09
  385,   6.749,      614.,      342.73,   -3.22,      271.27
  386,   6.769,      694.,      445.77,   -1.24,      248.23
  387,   6.789,      857.,      643.42,    0.37,      213.58
  388,   6.809,     1035.,      946.06,    1.87,       88.94
  389,   6.829,     1293.,     1374.82,    2.88,      -81.82
  390,   6.849,     1822.,     1960.80,    4.07,     -138.80
  391,   6.869,     2568.,     2746.43,    4.12,     -178.43
  392,   6.889,     3461.,     3784.95,    3.88,     -323.95
  393,   6.910,     4580.,     5132.45,    2.12,     -552.45
  394,   6.930,     6284.,     6828.06,   -0.31,     -544.06
  395,   6.950,     8208.,     8863.25,   -3.28,     -655.25
  396,   6.970,    10424.,    11147.08,   -7.23,     -723.08
  397,   6.990,    12424.,    13487.71,  -10.90,    -1063.71
  398,   7.010,    14288.,    15602.99,  -14.03,    -1314.99
  399,   7.030,    15836.,    17171.19,  -17.71,    -1335.19
  400,   7.050,    16528.,    17909.10,  -19.85,    -1381.10
  401,   7.070,    16232.,    17654.95,  -20.09,    -1422.95
  402,   7.090,    15100.,    16420.01,  -18.88,    -1320.01
  403,   7.111,    13136.,    14390.06,  -15.90,    -1254.06
  404,   7.131,    10956.,    11874.76,  -12.05,     -918.76
  405,   7.151,     8808.,     9224.58,   -8.25,     -416.58
  406,   7.171,     6450.,     6747.94,   -3.21,     -297.94
  407,   7.191,     4708.,     4655.73,    1.09,       52.27
  408,   7.211,     3302.,     3043.54,    5.44,      258.46
  409,   7.231,     2276.,     1908.23,    9.12,      367.77
  410,   7.251,     1738.,     1183.04,   12.25,      554.96
  411,   7.271,     1403.,      774.35,   15.23,      628.65
  412,   7.291,     1391.,      589.51,   18.07,      801.49
  413,   7.311,     1431.,      551.20,   21.49,      879.80
  414,   7.332,     1774.,      601.54,   25.40,     1172.46
  415,   7.352,     1828.,      699.21,   29.59,     1128.79
  416,   7.372,     2012.,      814.92,   32.64,     1197.08
  417,   7.392,     2260.,      926.72,   32.59,     1333.28
  418,   7.412,     2252.,     1017.60,   31.18,     1234.40
  419,   7.432,     2214.,     1074.70,   25.04,     1139.30
  420,   7.452,     2076.,     1089.83,   18.53,      986.17
  421,   7.472,     1753.,     1061.05,    9.74,      691.95
  422,   7.492,     1560.,      992.95,   -0.86,      567.05
  423,   7.512,     1336.,      896.32,  -11.24,      439.68
  424,   7.533,     1137.,      786.13,  -19.49,      350.87
  425,   7.553,      910.,      677.88,  -25.50,      232.12
  426,   7.573,      756.,      584.16,  -27.26,      171.84
  427,   7.593,      619.,      511.67,  -26.34,      107.33
  428,   7.613,      584.,      460.74,  -23.21,      123.26
  429,   7.633,      620.,      426.22,  -17.43,      193.78
  430,   7.653,      626.,      400.02,  -10.27,      225.98
  431,   7.673,      623.,      374.16,   -3.11,      248.84
  432,   7.693,      631.,      342.90,    4.90,      288.10
  433,   7.713,      664.,      304.05,   11.54,      359.95
  434,   7.734,      595.,      258.64,   14.85,      336.36
  435,   7.754,      553.,      210.16,   15.95,      342.84
  436,   7.774,      499.,      162.91,   14.87,      336.09
  437,   7.794,      396.,      120.83,   12.18,      275.17
  438,   7.814,      283.,       86.77,    6.47,      196.23
  439,   7.834,      222.,       62.30,    1.80,      159.70
  440,   7.854,      168.,       47.89,   -3.33,      120.11
  441,   7.874,      160.,       43.22,   -8.16,      116.78
  442,   7.894,      119.,       47.46,  -12.33,       71.54
  443,   7.914,      136.,       59.61,  -12.64,       76.39
  444,   7.935,      130.,       78.03,  -11.96,       51.97
  445,   7.955,      162.,      100.67,  -10.75,       61.33
  446,   7.975,      163.,      124.52,   -9.01,       38.48
  447,   7.995,      201.,      146.33,   -5.19,       54.67
  448,   8.015,      227.,      162.93,   -3.47,       64.07
  449,   8.035,      211.,      171.91,   -1.21,       39.09
  450,   8.055,      214.,      172.50,    0.79,       41.50
  451,   8.075,      248.,      165.57,    2.43,       82.43
  452,   8.095,      196.,      153.74,    3.03,       42.26
  453,   8.115,      190.,      140.52,    2.47,       49.48
  454,   8.135,      188.,      129.36,    2.10,       58.64
  455,   8.156,      160.,      122.71,    1.37,       37.29
  456,   8.176,      164.,      121.43,   -0.64,       42.57
  457,   8.196,      136.,      124.64,   -1.04,       11.36
  458,   8.216,      144.,      129.99,   -1.99,       14.01
  459,   8.236,      126.,      134.48,   -3.34,       -8.48
  460,   8.256,      149.,      135.36,   -4.71,       13.64
  461,   8.276,      140.,      130.84,   -5.98,        9.16
  462,   8.296,      121.,      120.55,   -6.23,        0.45
  463,   8.316,      127.,      105.50,   -5.42,       21.50
  464,   8.336,       89.,       87.51,   -4.05,        1.49
  465,   8.357,       82.,       68.95,   -1.75,       13.05
  466,   8.377,       59.,       51.93,   -1.35,        7.07
  467,   8.397,       50.,       38.13,   -0.36,       11.87
  468,   8.417,       60.,       28.44,    0.73,       31.56
  469,   8.437,       56.,       23.32,    0.42,       32.68
  470,   8.457,       52.,       22.81,    0.64,       29.19
  471,   8.477,       58.,       26.90,    2.13,       31.10
  472,   8.497,       60.,       35.16,    2.31,       24.84
  473,   8.517,       84.,       47.01,    2.31,       36.99
  474,   8.537,       79.,       61.42,    1.93,       17.58
  475,   8.558,      103.,       76.84,    1.58,       26.16
  476,   8.578,      144.,       91.37,    1.42,       52.63
  477,   8.598,      132.,      102.98,    1.64,       29.02
  478,   8.618,      143.,      109.80,    2.24,       33.20
  479,   8.638,      131.,      110.69,    1.88,       20.31
  480,   8.658,      134.,      105.48,    1.88,       28.52
  481,   8.678,      120.,       95.10,    1.82,       24.90
  482,   8.698,      125.,       81.29,    0.65,       43.71
  483,   8.718,      108.,       66.17,    0.16,       41.83
  484,   8.738,       70.,       51.78,   -0.29,       18.22
  485,   8.758,       49.,       39.66,   -0.45,        9.34
  486,   8.779,       43.,       30.78,   -1.45,       12.22
  487,   8.799,       48.,       25.24,   -0.78,       22.76
  488,   8.819,       43.,       22.63,   -1.64,       20.37
  489,   8.839,       33.,       22.16,   -2.89,       10.84
  490,   8.859,       40.,       22.86,   -3.14,       17.14
  491,   8.879,       29.,       23.89,   -2.59,        5.11
  492,   8.899,       45.,       24.45,   -2.20,       20.55
  493,   8.919,       52.,       24.10,   -0.85,       27.90
  494,   8.939,       35.,       22.68,   -0.11,       12.32
  495,   8.959,       38.,       20.34,    1.04,       17.66
  496,   8.980,       37.,       17.53,    1.31,       19.47
  497,   9.000,       32.,       14.48,    2.62,       17.52
  498,   9.020,       41.,       11.60,    2.95,       29.40
  499,   9.040,       27.,        9.23,    2.98,       17.77
  500,   9.060,       31.,        7.54,    3.10,       23.46
  501,   9.080,       32.,        6.63,    3.64,       25.37
  502,   9.100,       26.,        6.52,    2.82,       19.48
  503,   9.120,       21.,        7.12,    2.24,       13.88
  504,   9.140,       24.,        8.30,    0.43,       15.70
  505,   9.160,       22.,        9.83,    0.21,       12.17
  506,   9.181,       30.,       11.42,   -0.71,       18.58
  507,   9.201,       20.,       12.82,   -2.26,        7.18
  508,   9.221,       17.,       13.79,   -2.38,        3.21
  509,   9.241,       12.,       14.12,   -1.13,       -2.12
  510,   9.261,       22.,       13.68,   -1.35,        8.32
  511,   9.281,       20.,       12.69,   -0.24,        7.31
  512,   9.301,       13.,       11.31,    0.76,        1.69
  513,   9.321,       18.,        9.86,    2.61,        8.14
  514,   9.341,       18.,        8.79,    3.91,        9.21
  515,   9.361,        8.,        8.58,    5.79,       -0.58
  516,   9.381,       16.,        9.75,    5.53,        6.25
  517,   9.402,       19.,       12.86,    5.77,        6.14
  518,   9.422,       16.,       18.38,    3.82,       -2.38
  519,   9.442,       21.,       26.63,    1.50,       -5.63
  520,   9.462,       29.,       37.73,   -1.61,       -8.73
  521,   9.482,       41.,       51.10,   -2.61,      -10.10
  522,   9.502,       47.,       65.85,   -5.80,      -18.85
  523,   9.522,       42.,       80.32,   -8.07,      -38.32
  524,   9.542,       59.,       92.79,   -9.14,      -33.79
  525,   9.562,       59.,      101.38,  -10.06,      -42.38
  526,   9.582,       81.,      104.77,  -10.21,      -23.77
  527,   9.603,       62.,      102.45,   -9.12,      -40.45
  528,   9.623,       70.,       94.83,   -7.31,      -24.83
  529,   9.643,       64.,       83.16,   -4.61,      -19.16
  530,   9.663,       51.,       69.19,   -1.66,      -18.19
  531,   9.683,       46.,       54.77,    1.27,       -8.77
  532,   9.703,       48.,       41.46,    3.10,        6.54
  533,   9.723,       37.,       30.34,    5.80,        6.66
  534,   9.743,       28.,       21.95,    7.41,        6.05
  535,   9.763,       28.,       16.31,    8.16,       11.69
  536,   9.783,       18.,       13.16,    8.72,        4.84
  537,   9.804,       20.,       12.09,    9.98,        7.91
  538,   9.824,       17.,       12.65,    9.54,        4.35
  539,   9.844,       22.,       14.49,    8.75,        7.51
  540,   9.864,       16.,       17.50,    8.78,       -1.50
  541,   9.884,       21.,       21.82,    6.90,       -0.82
  542,   9.904,       27.,       27.71,    5.91,       -0.71
  543,   9.924,       28.,       35.72,    3.35,       -7.72
  544,   9.944,       26.,       46.51,    1.27,      -20.51
  545,   9.964,       41.,       60.38,   -2.25,      -19.38
  546,   9.984,       53.,       77.29,   -3.61,      -24.29
  547,  10.005,       57.,       96.34,   -6.53,      -39.34
  548,  10.025,       60.,      115.91,   -8.37,      -55.91
  549,  10.045,       77.,      133.68,  -10.45,      -56.68
  550,  10.065,       77.,      147.22,  -10.78,      -70.22
  551,  10.085,      112.,      154.45,  -11.32,      -42.45
  552,  10.105,       86.,      154.25,  -11.70,      -68.25
  553,  10.125,      103.,      146.54,  -10.25,      -43.54
  554,  10.145,       84.,      132.56,   -7.52,      -48.56
  555,  10.165,       81.,      114.36,   -5.25,      -33.36
  556,  10.185,       72.,       94.36,   -1.07,      -22.36
  557,  10.205,       45.,       74.87,    0.97,      -29.87
  558,  10.226,       44.,       57.74,    4.08,      -13.74
  559,  10.246,       39.,       44.01,    5.19,       -5.01
  560,  10.266,       27.,       34.21,    6.75,       -7.21
  561,  10.286,       42.,       28.19,    7.27,       13.81
  562,  10.306,       28.,       25.59,    7.25,        2.41
  563,  10.326,       27.,       25.80,    6.46,        1.20
  564,  10.346,       29.,       28.17,    5.25,        0.83
  565,  10.366,       33.,       32.07,    3.53,        0.93
  566,  10.386,       40.,       36.84,    1.81,        3.16
  567,  10.406,       36.,       41.98,   -0.60,       -5.98
  568,  10.427,       38.,       46.98,   -2.23,       -8.98
  569,  10.447,       44.,       51.44,   -2.21,       -7.44
  570,  10.467,       44.,       54.96,   -2.72,      -10.96
  571,  10.487,       43.,       57.07,   -2.66,      -14.07
  572,  10.507,       53.,       57.71,   -1.58,       -4.71
  573,  10.527,       56.,       56.62,   -0.21,       -0.62
  574,  10.547,       63.,       53.85,    0.47,        9.15
  575,  10.567,       44.,       49.70,    0.87,       -5.70
  576,  10.587,       50.,       44.75,    1.67,        5.25
  577,  10.607,       51.,       39.57,    2.49,       11.43
  578,  10.628,       45.,       34.78,    2.43,       10.22
  579,  10.648,       31.,       30.83,    1.76,        0.17
  580,  10.668,       24.,       27.93,    0.28,       -3.93
  581,  10.688,       25.,       26.01,   -0.29,       -1.01
  582,  10.708,       24.,       24.77,   -0.95,       -0.77
  583,  10.728,       20.,       23.77,   -2.71,       -3.77
  584,  10.748,       23.,       22.66,   -2.96,        0.34
  585,  10.768,       18.,       21.17,   -2.64,       -3.17
  586,  10.788,       18.,       19.14,   -2.04,       -1.14
  587,  10.808,       24.,       16.66,   -1.46,        7.34
  588,  10.828,       12.,       13.96,   -0.42,       -1.96
  589,  10.849,       22.,       11.26,    0.47,       10.74
  590,  10.869,       16.,        8.74,    1.30,        7.26
  591,  10.889,       19.,        6.71,    2.14,       12.29
  592,  10.909,       11.,        5.16,    2.21,        5.84
  593,  10.929,       15.,        4.11,    2.33,       10.89
  594,  10.949,        7.,        3.49,    2.90,        3.51
  595,  10.969,       16.,        3.23,    2.15,       12.77
  596,  10.989,       14.,        3.22,    1.99,       10.78
  597,  11.009,        8.,        3.37,    1.27,        4.63
  598,  11.029,       16.,        3.57,    1.85,       12.43
  599,  11.050,       11.,        3.74,    0.66,        7.26
  600,  11.070,       13.,        3.81,    2.06,        9.19
  601,  11.090,       12.,        3.79,    0.76,        8.21
  602,  11.110,       13.,        3.63,    0.73,        9.37
  603,  11.130,       11.,        3.33,    0.40,        7.67
  604,  11.150,        8.,        2.92,   -0.65,        5.08
  605,  11.170,       13.,        2.49,   -1.32,       10.51
  606,  11.190,        4.,        2.04,   -1.50,        1.96
  607,  11.210,        7.,        1.61,   -2.05,        5.39
  608,  11.230,        4.,        1.22,   -2.74,        2.78
  609,  11.251,        6.,        0.89,   -1.89,        5.11
  610,  11.271,        5.,        0.62,   -1.52,        4.38
  611,  11.291,        6.,        0.42,   -1.82,        5.58
  612,  11.311,        3.,        0.27,   -0.77,        2.73
  613,  11.331,        7.,        0.13,    0.15,        6.87
  614,  11.351,       11.,        0.08,    1.18,       10.92
  615,  11.371,        7.,        0.05,    1.19,        6.95
  616,  11.391,        8.,        0.00,    2.35,        8.00
  617,  11.411,        7.,        0.00,    1.72,        7.00
  618,  11.431,        9.,        0.00,    1.87,        9.00
  619,  11.451,        7.,        0.03,    0.23,        6.97
  620,  11.472,        6.,        0.10,   -0.48,        5.90
  621,  11.492,        8.,        0.19,   -2.13,        7.81
  622,  11.512,        5.,        0.36,   -3.57,        4.64
  623,  11.532,        6.,        0.63,   -4.74,        5.37
  624,  11.552,        5.,        1.02,   -4.88,        3.98
  625,  11.572,        8.,        1.59,   -5.48,        6.41
  626,  11.592,        7.,        2.36,   -4.71,        4.64
  627,  11.612,       10.,        3.38,   -3.78,        6.62
  628,  11.632,       13.,        4.62,   -2.51,        8.38
  629,  11.652,       22.,        6.02,   -1.51,       15.98
  630,  11.673,       13.,        7.52,   -0.95,        5.48
  631,  11.693,       32.,        9.04,    1.10,       22.96
  632,  11.713,       37.,       10.50,    3.05,       26.50
  633,  11.733,       40.,       11.83,    4.99,       28.17
  634,  11.753,       40.,       12.97,    6.43,       27.03
  635,  11.773,       36.,       13.92,    8.00,       22.08
  636,  11.793,       45.,       14.67,    9.39,       30.33
  637,  11.813,       45.,       15.24,    8.26,       29.76
  638,  11.833,       45.,       15.62,    6.87,       29.38
  639,  11.853,       47.,       15.77,    4.92,       31.23
  640,  11.874,       50.,       15.64,    3.44,       34.36
  641,  11.894,       39.,       15.17,    1.94,       23.83
  642,  11.914,       20.,       14.33,   -0.43,        5.67
  643,  11.934,       21.,       13.12,   -2.92,        7.88
  644,  11.954,       16.,       11.60,   -5.29,        4.40
  645,  11.974,       22.,        9.85,   -7.76,       12.15
  646,  11.994,        9.,        8.03,  -10.51,        0.97
  647,  12.014,       10.,        6.35,  -12.87,        3.65
  648,  12.034,        6.,        4.88,  -13.52,        1.12
  649,  12.054,        7.,        3.72,  -13.75,        3.28
  650,  12.075,       12.,        2.95,  -13.16,        9.05
  651,  12.095,       19.,        2.67,  -12.84,       16.33
  652,  12.115,       15.,        2.89,   -9.68,       12.11
  653,  12.135,       16.,        3.60,   -7.03,       12.40
  654,  12.155,       33.,        4.82,   -4.28,       28.18
  655,  12.175,       40.,        6.51,   -0.91,       33.49
  656,  12.195,       56.,        8.53,    1.77,       47.47
  657,  12.215,       79.,       10.68,    5.62,       68.32
  658,  12.235,       84.,       12.82,    8.13,       71.18
  659,  12.255,       87.,       14.65,   11.32,       72.35
  660,  12.275,      111.,       15.93,   12.47,       95.07
  661,  12.296,      103.,       16.49,   14.40,       86.51
  662,  12.316,      130.,       16.26,   15.20,      113.74
  663,  12.336,       98.,       15.27,   15.06,       82.73
  664,  12.356,       99.,       13.68,   13.73,       85.32
  665,  12.376,       77.,       11.69,   10.96,       65.31
  666,  12.396,       92.,        9.54,    7.83,       82.46
  667,  12.416,       74.,        7.45,    4.66,       66.55
  668,  12.436,       72.,        5.56,    0.15,       66.44
  669,  12.456,       50.,        3.98,   -2.64,       46.02
  670,  12.476,       29.,        2.73,   -5.78,       26.27
  671,  12.497,       30.,        1.84,   -7.55,       28.16
  672,  12.517,       25.,        1.23,  -10.70,       23.77
  673,  12.537,       16.,        0.87,  -12.70,       15.13
  674,  12.557,       19.,        0.73,  -14.67,       18.27
  675,  12.577,       15.,        0.81,  -15.23,       14.19
  676,  12.597,       29.,        1.11,  -14.85,       27.89
  677,  12.617,       19.,        1.60,  -13.49,       17.40
  678,  12.637,       33.,        2.51,  -10.94,       30.49
  679,  12.657,       24.,        3.70,   -7.59,       20.30
  680,  12.677,       46.,        5.19,   -4.43,       40.81
  681,  12.698,       46.,        6.97,   -0.63,       39.03
  682,  12.718,       67.,        8.90,    2.33,       58.10
  683,  12.738,       81.,       10.83,    5.24,       70.17
  684,  12.758,       94.,       12.59,    7.80,       81.41
  685,  12.778,       94.,       13.99,   10.55,       80.01
  686,  12.798,      109.,       14.87,   12.21,       94.13
  687,  12.818,      118.,       15.16,   13.34,      102.84
  688,  12.838,       99.,       14.86,   13.97,       84.14
  689,  12.858,      103.,       14.02,   13.23,       88.98
  690,  12.878,       98.,       12.79,   11.74,       85.21
  691,  12.898,       90.,       11.30,    9.77,       78.70
  692,  12.919,       79.,        9.71,    7.26,       69.29
  693,  12.939,       75.,        8.13,    4.29,       66.87
  694,  12.959,       57.,        6.65,    2.41,       50.35
  695,  12.979,       46.,        5.32,   -0.15,       40.68
  696,  12.999,       39.,        4.15,   -2.31,       34.85
  697,  13.019,       30.,        3.16,   -4.36,       26.84
  698,  13.039,       30.,        2.36,   -5.62,       27.64
  699,  13.059,       23.,        1.80,   -6.87,       21.20
  700,  13.079,       10.,        1.38,   -7.81,        8.62
  701,  13.099,       12.,        1.20,   -7.97,       10.80
  702,  13.120,       10.,        1.18,   -7.98,        8.82
  703,  13.140,        8.,        1.39,   -7.53,        6.61
  704,  13.160,        5.,        1.93,   -7.77,        3.07
  705,  13.180,        5.,        2.77,   -8.04,        2.23
  706,  13.200,        3.,        3.86,   -7.48,       -0.86
  707,  13.220,        7.,        5.35,   -7.73,        1.65
  708,  13.240,        7.,        7.13,   -7.16,       -0.13
  709,  13.260,        5.,        9.16,   -7.11,       -4.16
  710,  13.280,        7.,       11.32,   -7.06,       -4.32
  711,  13.300,       12.,       13.46,   -5.47,       -1.46
  712,  13.321,        7.,       15.43,   -3.98,       -8.43
  713,  13.341,       20.,       17.02,   -4.43,        2.98
  714,  13.361,       17.,       18.09,   -3.19,       -1.09
  715,  13.381,       15.,       18.51,   -1.87,       -3.51
  716,  13.401,       28.,       18.24,   -0.42,        9.76
  717,  13.421,       30.,       17.31,    0.30,       12.69
  718,  13.441,       15.,       15.80,    1.96,       -0.80
  719,  13.461,       23.,       13.89,    3.39,        9.11
  720,  13.481,       20.,       11.75,    3.89,        8.25
  721,  13.501,       21.,        9.56,    4.81,       11.44
  722,  13.522,       15.,        7.46,    4.49,        7.54
  723,  13.542,       17.,        5.59,    3.72,       11.41
  724,  13.562,       19.,        4.05,    4.26,       14.95
  725,  13.582,        8.,        2.82,    3.29,        5.18
  726,  13.602,       10.,        1.88,    2.74,        8.12
  727,  13.622,       10.,        1.17,    1.56,        8.83
  728,  13.642,        8.,        0.72,    1.37,        7.28
  729,  13.662,        9.,        0.43,    1.12,        8.57
  730,  13.682,        0.,        0.24,   -0.75,       -0.24
  731,  13.702,        4.,        0.10,   -0.51,        3.90
  732,  13.722,        3.,        0.00,   -1.21,        3.00
  733,  13.743,        1.,        0.00,   -1.86,        1.00
  734,  13.763,        3.,        0.00,   -2.79,        3.00
  735,  13.783,        2.,        0.03,   -3.54,        1.97
  736,  13.803,        3.,        0.06,   -2.13,        2.94
  737,  13.823,        1.,        0.11,   -2.28,        0.89
  738,  13.843,        0.,        0.26,   -2.03,       -0.26
  739,  13.863,        1.,        0.47,   -1.23,        0.53
  740,  13.883,        1.,        0.83,   -1.18,        0.17
  741,  13.903,        0.,        1.41,   -0.42,       -1.41
  742,  13.923,        3.,        2.28,   -0.78,        0.72
  743,  13.944,        5.,        3.53,   -0.43,        1.47
  744,  13.964,        5.,        5.24,    0.20,       -0.24
  745,  13.984,       12.,        7.45,   -0.62,        4.55
  746,  14.004,       13.,       10.17,    1.12,        2.83
  747,  14.024,        9.,       13.31,    1.61,       -4.31
  748,  14.044,       17.,       16.70,    0.32,        0.30
  749,  14.064,       22.,       20.10,   -0.02,        1.90
  750,  14.084,       20.,       23.22,   -0.23,       -3.22
  751,  14.104,       37.,       25.72,    0.02,       11.28
  752,  14.124,       28.,       27.33,   -0.86,        0.67
  753,  14.145,       18.,       27.84,   -1.00,       -9.84
  754,  14.165,       25.,       27.18,   -0.47,       -2.18
  755,  14.185,       23.,       25.43,   -0.63,       -2.43
  756,  14.205,       30.,       22.79,   -0.52,        7.21
  757,  14.225,       15.,       19.56,   -1.38,       -4.56
  758,  14.245,       13.,       16.07,   -1.22,       -3.07
  759,  14.265,       17.,       12.63,    0.06,        4.37
  760,  14.285,        9.,        9.49,    0.20,       -0.49
  761,  14.305,        6.,        6.82,    0.49,       -0.82
  762,  14.325,        6.,        4.68,   -0.40,        1.32
  763,  14.345,        5.,        3.07,    0.94,        1.93
  764,  14.366,        6.,        1.93,    1.73,        4.07
  765,  14.386,        0.,        1.15,    0.47,       -1.15
  766,  14.406,        0.,        0.62,    0.41,       -0.62
  767,  14.426,        3.,        0.34,    0.36,        2.66
  768,  14.446,        0.,        0.18,    0.83,       -0.18
  769,  14.466,        2.,        0.09,    0.12,        1.91
  770,  14.486,        1.,        0.00,   -0.75,        1.00
  771,  14.506,        0.,        0.00,   -0.17,        0.00
  772,  14.526,        1.,        0.00,   -0.17,        1.00
  773,  14.546,        2.,        0.00,   -0.50,        2.00
  774,  14.567,        0.,        0.00,    0.11,        0.00
  775,  14.587,        1.,        0.00,   -0.27,        1.00
  776,  14.607,        1.,        0.00,    0.05,        1.00
  777,  14.627,        0.,        0.00,    0.12,        0.00
  778,  14.647,        2.,        0.00,   -0.11,        2.00
  779,  14.667,        3.,        0.00,    0.03,        3.00
  780,  14.687,        0.,        0.00,    0.19,        0.00
  781,  14.707,        1.,        0.05,    0.60,        0.95
  782,  14.727,        2.,        0.10,    0.39,        1.90
  783,  14.747,        1.,        0.16,    0.57,        0.84
  784,  14.768,        2.,        0.25,    0.43,        1.75
  785,  14.788,        1.,        0.38,    0.22,        0.62
  786,  14.808,        3.,        0.56,    0.05,        2.44
  787,  14.828,        1.,        0.77,    0.00,        0.23
  788,  14.848,        3.,        1.02,    0.10,        1.98
  789,  14.868,        3.,        1.29,    0.28,        1.71
  790,  14.888,        2.,        1.55,    0.55,        0.45
  791,  14.908,        1.,        1.78,    0.51,       -0.78
  792,  14.928,        2.,        1.96,    0.11,        0.04
  793,  14.948,        4.,        2.05,    0.03,        1.95
  794,  14.968,        4.,        2.06,   -0.15,        1.94
  795,  14.989,        4.,        1.97,   -0.42,        2.03
  796,  15.009,        1.,        1.80,   -0.46,       -0.80
  797,  15.029,        2.,        1.58,   -0.17,        0.42
  798,  15.049,        1.,        1.33,    0.05,       -0.33
  799,  15.069,        1.,        1.08,   -0.14,       -0.08
  800,  15.089,        1.,        0.85,   -0.35,        0.15
  801,  15.109,        0.,        0.66,   -0.57,       -0.66
  802,  15.129,        1.,        0.51,   -0.42,        0.49
  803,  15.149,        1.,        0.39,   -0.58,        0.61
  804,  15.169,        1.,        0.31,   -0.36,        0.69
  805,  15.190,        0.,        0.25,   -0.28,       -0.25
  806,  15.210,        1.,        0.15,   -0.15,        0.85
  807,  15.230,        0.,        0.14,    0.48,       -0.14
  808,  15.250,        0.,        0.12,    0.24,       -0.12
  809,  15.270,        1.,        0.10,    0.17,        0.90
  810,  15.290,        0.,        0.08,   -0.39,       -0.08
  811,  15.310,        0.,        0.06,   -0.33,       -0.06
  812,  15.330,        2.,        0.05,   -0.44,        1.95
  813,  15.350,        0.,        0.03,   -0.43,       -0.03
  814,  15.370,        0.,        0.02,   -0.31,       -0.02
  815,  15.391,        0.,        0.01,    0.26,       -0.01
  816,  15.411,        1.,        0.01,    0.53,        0.99
  817,  15.431,        0.,        0.02,   -0.01,       -0.02
  818,  15.451,        0.,        0.03,   -0.03,       -0.03
  819,  15.471,        1.,        0.05,   -0.12,        0.95
  820,  15.491,        0.,        0.07,   -0.14,       -0.07
  821,  15.511,        5.,        0.11,   -0.09,        4.89
  822,  15.531,        2.,        0.21,   -0.32,        1.79
  823,  15.551,        0.,        0.31,    0.52,       -0.31
  824,  15.571,        0.,        0.52,    0.32,       -0.52
  825,  15.592,        2.,        0.74,    0.42,        1.26
  826,  15.612,        2.,        1.03,    0.65,        0.97
  827,  15.632,        2.,        1.38,    0.61,        0.62
  828,  15.652,        1.,        1.81,   -0.02,       -0.81
  829,  15.672,        9.,        2.30,   -0.24,        6.70
  830,  15.692,        2.,        2.85,   -0.02,       -0.85
  831,  15.712,        4.,        3.42,    0.37,        0.58
  832,  15.732,        6.,        3.99,    0.00,        2.01
  833,  15.752,        5.,        4.50,    0.04,        0.50
  834,  15.772,        7.,        4.90,    0.53,        2.10
  835,  15.792,        6.,        5.16,    0.91,        0.84
  836,  15.813,        6.,        5.23,   -0.31,        0.77
  837,  15.833,        7.,        5.12,   -0.34,        1.88
  838,  15.853,        4.,        4.82,   -0.23,       -0.82
  839,  15.873,        6.,        4.37,   -0.40,        1.63
  840,  15.893,        6.,        3.81,   -0.08,        2.19
  841,  15.913,        5.,        3.21,   -0.10,        1.79
  842,  15.933,        2.,        2.59,    0.40,       -0.59
  843,  15.953,        2.,        2.06,    0.37,       -0.06
  844,  15.973,        3.,        1.62,    0.37,        1.38
  845,  15.993,        2.,        1.27,    0.77,        0.73
  846,  16.014,        3.,        1.01,    0.41,        1.99
  847,  16.034,        3.,        0.80,    0.18,        2.20
  848,  16.054,        1.,        0.69,   -0.08,        0.31
  849,  16.074,        2.,        0.57,    0.12,        1.43
  850,  16.094,        2.,        0.53,    0.25,        1.47
  851,  16.114,        1.,        0.45,   -0.06,        0.55
  852,  16.134,        0.,        0.41,    0.02,       -0.41
  853,  16.154,        0.,        0.36,   -0.12,       -0.36
  854,  16.174,        0.,        0.30,   -0.33,       -0.30
  855,  16.194,        1.,        0.24,   -0.28,        0.76
  856,  16.215,        0.,        0.18,   -0.51,       -0.18
  857,  16.235,        0.,        0.13,   -0.71,       -0.13
  858,  16.255,        1.,        0.09,   -0.66,        0.91
  859,  16.275,        0.,        0.06,   -0.52,       -0.06
  860,  16.295,        0.,        0.04,   -0.27,       -0.04
  861,  16.315,        1.,        0.02,   -0.20,        0.98
  862,  16.335,        0.,        0.00,   -0.20,        0.00
  863,  16.355,        0.,        0.00,    0.11,        0.00
  864,  16.375,        1.,        0.00,    0.34,        1.00
  865,  16.395,        0.,        0.00,    0.23,        0.00
  866,  16.415,        0.,        0.00,    0.13,        0.00
  867,  16.436,        0.,        0.00,    0.03,        0.00
  868,  16.456,        0.,        0.00,   -0.06,        0.00
  869,  16.476,        1.,        0.00,   -0.08,        1.00
  870,  16.496,        1.,        0.00,   -0.09,        1.00
  871,  16.516,        1.,        0.00,   -0.01,        1.00
  872,  16.536,        0.,        0.00,    0.06,        0.00
  873,  16.556,        0.,        0.00,    0.21,        0.00
  874,  16.576,        0.,        0.00,    0.29,        0.00
  875,  16.596,        0.,        0.00,    0.29,        0.00
  876,  16.616,        0.,        0.00,    0.13,        0.00
  877,  16.637,        1.,        0.00,    0.06,        1.00
  878,  16.657,        1.,        0.00,   -0.03,        1.00
  879,  16.677,        1.,        0.00,   -0.03,        1.00
  880,  16.697,        0.,        0.00,   -0.03,        0.00
  881,  16.717,        0.,        0.00,   -0.11,        0.00
  882,  16.737,        0.,        0.00,   -0.11,        0.00
  883,  16.757,        0.,        0.00,   -0.11,        0.00
  884,  16.777,        1.,        0.00,   -0.03,        1.00
  885,  16.797,        0.,        0.00,   -0.19,        0.00
  886,  16.817,        0.,        0.00,   -0.35,        0.00
  887,  16.838,        0.,        0.00,   -0.19,        0.00
  888,  16.858,        0.,        0.00,   -0.03,        0.00
  889,  16.878,        0.,        0.00,    0.13,        0.00
  890,  16.898,        1.,        0.00,    0.22,        1.00
  891,  16.918,        0.,        0.00,    0.14,        0.00
  892,  16.938,        0.,        0.00,    0.22,        0.00
  893,  16.958,        1.,        0.00,    0.22,        1.00
  894,  16.978,        1.,        0.00,    0.22,        1.00
  895,  16.998,        1.,        0.00,    0.22,        1.00
  896,  17.018,        0.,        0.00,    0.22,        0.00
  897,  17.038,        0.,        0.00,    0.15,        0.00
  898,  17.059,        0.,        0.00,    0.06,        0.00
  899,  17.079,        0.,        0.00,    0.06,        0.00
  900,  17.099,        0.,        0.00,   -0.10,        0.00
  901,  17.119,        0.,        0.00,   -0.26,        0.00
  902,  17.139,        0.,        0.00,   -0.50,        0.00
  903,  17.159,        0.,        0.00,   -0.50,        0.00
  904,  17.179,        0.,        0.00,   -0.51,        0.00
  905,  17.199,        0.,        0.00,   -0.59,        0.00
  906,  17.219,        0.,        0.00,   -0.59,        0.00
  907,  17.239,        0.,        0.00,   -0.58,        0.00
  908,  17.260,        0.,        0.00,   -0.42,        0.00
  909,  17.280,        0.,        0.00,   -0.42,        0.00
  910,  17.300,        1.,        0.00,   -0.18,        1.00
  911,  17.320,        0.,        0.00,   -0.02,        0.00
  912,  17.340,        0.,        0.00,    0.07,        0.00
  913,  17.360,        0.,        0.00,    0.15,        0.00
  914,  17.380,        1.,        0.00,    0.32,        1.00
  915,  17.400,        1.,        0.00,    0.56,        1.00
  916,  17.420,        2.,        0.01,    0.56,        1.99
  917,  17.440,        1.,        0.01,    0.31,        0.99
  918,  17.461,        1.,        0.02,    0.47,        0.98
  919,  17.481,        1.,        0.03,    0.54,        0.97
  920,  17.501,        1.,        0.04,    0.52,        0.96
  921,  17.521,        2.,        0.05,    0.50,        1.95
  922,  17.541,        1.,        0.07,    0.48,        0.93
  923,  17.561,        0.,        0.09,    0.38,       -0.09
  924,  17.581,        1.,        0.11,    0.12,        0.89
  925,  17.601,        1.,        0.13,    0.10,        0.87
  926,  17.621,        0.,        0.15,   -0.07,       -0.15
  927,  17.641,        1.,        0.16,   -0.16,        0.84
  928,  17.662,        2.,        0.17,   -0.16,        1.83
  929,  17.682,        1.,        0.17,   -0.16,        0.83
  930,  17.702,        0.,        0.16,    0.09,       -0.16
  931,  17.722,        1.,        0.14,    0.03,        0.86
  932,  17.742,        0.,        0.12,   -0.03,       -0.12
  933,  17.762,        0.,        0.10,   -0.02,       -0.10
  934,  17.782,        2.,        0.08,    0.17,        1.92
  935,  17.802,        0.,        0.06,   -0.04,       -0.06
  936,  17.822,        1.,        0.05,   -0.19,        0.95
  937,  17.842,        0.,        0.03,   -0.09,       -0.03
  938,  17.862,        0.,        0.02,   -0.15,       -0.02
  939,  17.883,        0.,        0.01,    0.02,       -0.01
  940,  17.903,        1.,        0.01,    0.10,        0.99
  941,  17.923,        0.,        0.00,   -0.05,        0.00
  942,  17.943,        0.,        0.00,    0.03,        0.00
  943,  17.963,        0.,        0.00,   -0.14,        0.00
  944,  17.983,        0.,        0.00,   -0.06,        0.00
  945,  18.003,        1.,        0.00,   -0.07,        1.00
  946,  18.023,        0.,        0.00,   -0.07,        0.00
  947,  18.043,        0.,        0.00,   -0.07,        0.00
  948,  18.063,        0.,        0.00,   -0.08,        0.00
  949,  18.084,        0.,        0.00,    0.00,        0.00
  950,  18.104,        0.,        0.00,    0.00,        0.00
  951,  18.124,        0.,        0.00,    0.00,        0.00
  952,  18.144,        0.,        0.00,   -0.17,        0.00
  953,  18.164,        0.,        0.00,   -0.08,        0.00
  954,  18.184,        0.,        0.00,   -0.08,        0.00
  955,  18.204,        0.,        0.00,   -0.17,        0.00
  956,  18.224,        0.,        0.00,   -0.17,        0.00
  957,  18.244,        0.,        0.00,   -0.17,        0.00
  958,  18.264,        0.,        0.00,   -0.08,        0.00
  959,  18.285,        0.,        0.00,   -0.08,        0.00
  960,  18.305,        0.,        0.00,   -0.08,        0.00
  961,  18.325,        0.,        0.00,   -0.01,        0.00
  962,  18.345,        0.,        0.00,   -0.01,        0.00
  963,  18.365,        0.,        0.00,   -0.01,        0.00
  964,  18.385,        0.,        0.00,   -0.09,        0.00
  965,  18.405,        0.,        0.00,   -0.09,        0.00
  966,  18.425,        0.,        0.00,   -0.09,        0.00
  967,  18.445,        1.,        0.00,    0.07,        1.00
  968,  18.465,        0.,        0.00,    0.07,        0.00
  969,  18.485,        0.,        0.00,    0.07,        0.00
  970,  18.506,        0.,        0.00,    0.23,        0.00
  971,  18.526,        0.,        0.00,    0.23,        0.00
  972,  18.546,        0.,        0.00,    0.23,        0.00
  973,  18.566,        1.,        0.00,    0.23,        1.00
  974,  18.586,        0.,        0.00,    0.07,        0.00
  975,  18.606,        0.,        0.00,   -0.01,        0.00
  976,  18.626,        1.,        0.00,   -0.01,        1.00
  977,  18.646,        0.,        0.00,   -0.01,        0.00
  978,  18.666,        0.,        0.00,   -0.01,        0.00
  979,  18.686,        0.,        0.00,   -0.01,        0.00
  980,  18.707,        0.,        0.00,   -0.09,        0.00
  981,  18.727,        0.,        0.00,    0.07,        0.00
  982,  18.747,        0.,        0.00,    0.07,        0.00
  983,  18.767,        0.,        0.00,   -0.09,        0.00
  984,  18.787,        0.,        0.00,   -0.09,        0.00
  985,  18.807,        0.,        0.00,   -0.09,        0.00
  986,  18.827,        0.,        0.00,   -0.01,        0.00
  987,  18.847,        1.,        0.00,   -0.01,        1.00
  988,  18.867,        0.,        0.00,   -0.01,        0.00
  989,  18.887,        0.,        0.00,    0.08,        0.00
  990,  18.908,        0.,        0.00,    0.08,        0.00
  991,  18.928,        0.,        0.00,    0.08,        0.00
  992,  18.948,        0.,        0.00,    0.08,        0.00
  993,  18.968,        0.,        0.00,    0.08,        0.00
  994,  18.988,        0.,        0.00,   -0.08,        0.00
  995,  19.008,        0.,        0.00,   -0.08,        0.00
  996,  19.028,        0.,        0.00,   -0.08,        0.00
  997,  19.048,        0.,        0.00,   -0.08,        0.00
  998,  19.068,        0.,        0.00,   -0.08,        0.00
  999,  19.088,        0.,        0.00,   -0.08,        0.00
 1000,  19.109,        0.,        0.00,    0.00,        0.00
 1001,  19.129,        0.,        0.00,    0.00,        0.00
 1002,  19.149,        0.,        0.00,    0.00,        0.00
 1003,  19.169,        0.,        0.00,    0.00,        0.00
 1004,  19.189,        0.,        0.00,    0.00,        0.00
 1005,  19.209,        0.,        0.00,    0.00,        0.00
 1006,  19.229,        0.,        0.00,    0.00,        0.00
 1007,  19.249,        0.,        0.00,    0.00,        0.00
 1008,  19.269,        0.,        0.00,    0.00,        0.00
 1009,  19.289,        0.,        0.00,    0.00,        0.00
 1010,  19.309,        0.,        0.00,    0.00,        0.00
 1011,  19.330,        0.,        0.00,    0.00,        0.00
 1012,  19.350,        0.,        0.00,    0.00,        0.00
 1013,  19.370,        0.,        0.00,    0.00,        0.00
 1014,  19.390,        0.,        0.00,    0.00,        0.00
 1015,  19.410,        0.,        0.00,    0.00,        0.00
 1016,  19.430,        0.,        0.00,   -0.08,        0.00
 1017,  19.450,        0.,        0.00,   -0.07,        0.00
 1018,  19.470,        0.,        0.00,   -0.07,        0.00
 1019,  19.490,        0.,        0.00,   -0.07,        0.00
 1020,  19.510,        0.,        0.00,   -0.07,        0.00
 1021,  19.531,        0.,        0.00,   -0.07,        0.00
 1022,  19.551,        0.,        0.00,    0.08,        0.00
 1023,  19.571,        0.,        0.00,    0.08,        0.00
 1024,  19.591,        0.,        0.00,    0.08,        0.00
 1025,  19.611,        0.,        0.00,    0.08,        0.00
 1026,  19.631,        0.,        0.00,    0.08,        0.00
 1027,  19.651,        0.,        0.00,    0.08,        0.00
 1028,  19.671,        1.,        0.00,    0.08,        1.00
 1029,  19.691,        0.,        0.00,    0.08,        0.00
 1030,  19.711,        0.,        0.00,    0.08,        0.00
 1031,  19.732,        0.,        0.00,    0.08,        0.00
 1032,  19.752,        0.,        0.00,    0.08,        0.00
 1033,  19.772,        0.,        0.00,    0.08,        0.00
 1034,  19.792,        0.,        0.00,    0.08,        0.00
 1035,  19.812,        0.,        0.00,   -0.07,        0.00
 1036,  19.832,        0.,        0.00,   -0.07,        0.00
 1037,  19.852,        0.,        0.00,   -0.07,        0.00
 1038,  19.872,        0.,        0.00,   -0.07,        0.00
 1039,  19.892,        0.,        0.00,   -0.07,        0.00
 1040,  19.912,        0.,        0.00,   -0.07,        0.00
 1041,  19.932,        0.,        0.00,   -0.07,        0.00
 1042,  19.953,        0.,        0.00,    0.00,        0.00
 1043,  19.973,        0.,        0.00,    0.00,        0.00
 1044,  19.993,        0.,        0.00,    0.00,        0.00
 1045,  20.013,        0.,        0.00,    0.00,        0.00
 1046,  20.033,        0.,        0.00,   -0.07,        0.00
 1047,  20.053,        0.,        0.00,   -0.07,        0.00
 1048,  20.073,        0.,        0.00,   -0.07,        0.00
 1049,  20.093,        0.,        0.00,   -0.07,        0.00
 1050,  20.113,        0.,        0.00,   -0.14,        0.00
 1051,  20.133,        0.,        0.00,   -0.14,        0.00
 1052,  20.154,        0.,        0.00,   -0.14,        0.00
 1053,  20.174,        0.,        0.00,    0.01,        0.00
 1054,  20.194,        0.,        0.00,    0.01,        0.00
 1055,  20.214,        0.,        0.00,    0.01,        0.00
 1056,  20.234,        0.,        0.00,    0.01,        0.00
 1057,  20.254,        0.,        0.00,    0.15,        0.00
 1058,  20.274,        0.,        0.00,    0.15,        0.00
 1059,  20.294,        1.,        0.00,    0.15,        1.00
 1060,  20.314,        0.,        0.00,    0.15,        0.00
 1061,  20.334,        0.,        0.00,    0.15,        0.00
 1062,  20.355,        0.,        0.00,    0.15,        0.00
 1063,  20.375,        1.,        0.00,    0.15,        1.00
 1064,  20.395,        0.,        0.00,    0.15,        0.00
 1065,  20.415,        0.,        0.00,    0.15,        0.00
 1066,  20.435,        0.,        0.00,    0.01,        0.00
 1067,  20.455,        0.,        0.00,    0.01,        0.00
 1068,  20.475,        0.,        0.00,    0.01,        0.00
 1069,  20.495,        0.,        0.00,    0.01,        0.00
 1070,  20.515,        0.,        0.00,   -0.14,        0.00
 1071,  20.535,        0.,        0.00,   -0.14,        0.00
 1072,  20.555,        0.,        0.00,   -0.14,        0.00
 1073,  20.576,        0.,        0.00,   -0.14,        0.00
 1074,  20.596,        0.,        0.00,   -0.14,        0.00
 1075,  20.616,        0.,        0.00,   -0.14,        0.00
 1076,  20.636,        0.,        0.00,   -0.14,        0.00
 1077,  20.656,        0.,        0.00,   -0.07,        0.00
 1078,  20.676,        0.,        0.00,   -0.07,        0.00
 1079,  20.696,        0.,        0.00,   -0.07,        0.00
 1080,  20.716,        0.,        0.00,    0.01,        0.00
 1081,  20.736,        0.,        0.00,    0.01,        0.00
 1082,  20.756,        0.,        0.00,    0.01,        0.00
 1083,  20.777,        0.,        0.00,    0.01,        0.00
 1084,  20.797,        0.,        0.00,    0.01,        0.00
 1085,  20.817,        0.,        0.00,    0.01,        0.00
 1086,  20.837,        1.,        0.00,    0.01,        1.00
 1087,  20.857,        0.,        0.00,    0.15,        0.00
 1088,  20.877,        0.,        0.00,    0.15,        0.00
 1089,  20.897,        0.,        0.00,    0.15,        0.00
 1090,  20.917,        0.,        0.00,    0.15,        0.00
 1091,  20.937,        0.,        0.00,    0.15,        0.00
 1092,  20.957,        0.,        0.00,    0.15,        0.00
 1093,  20.978,        1.,        0.00,    0.01,        1.00
 1094,  20.998,        0.,        0.00,    0.01,        0.00
 1095,  21.018,        0.,        0.00,    0.01,        0.00
 1096,  21.038,        0.,        0.00,    0.01,        0.00
 1097,  21.058,        0.,        0.00,    0.01,        0.00
 1098,  21.078,        0.,        0.00,    0.01,        0.00
 1099,  21.098,        0.,        0.00,    0.01,        0.00
 1100,  21.118,        0.,        0.00,   -0.07,        0.00
 1101,  21.138,        0.,        0.00,   -0.07,        0.00
 1102,  21.158,        0.,        0.00,   -0.07,        0.00
 1103,  21.179,        0.,        0.00,   -0.07,        0.00
 1104,  21.199,        0.,        0.00,   -0.07,        0.00
 1105,  21.219,        0.,        0.00,   -0.07,        0.00
 1106,  21.239,        0.,        0.00,   -0.07,        0.00
 1107,  21.259,        0.,        0.00,    0.00,        0.00
 1108,  21.279,        0.,        0.00,    0.00,        0.00
 1109,  21.299,        0.,        0.00,    0.00,        0.00
 1110,  21.319,        0.,        0.00,    0.00,        0.00
 1111,  21.339,        0.,        0.00,    0.00,        0.00
 1112,  21.359,        0.,        0.00,    0.00,        0.00
 1113,  21.379,        0.,        0.00,   -0.07,        0.00
 1114,  21.400,        0.,        0.00,   -0.07,        0.00
 1115,  21.420,        0.,        0.00,   -0.07,        0.00
 1116,  21.440,        0.,        0.00,   -0.07,        0.00
 1117,  21.460,        0.,        0.00,   -0.07,        0.00
 1118,  21.480,        0.,        0.00,   -0.07,        0.00
 1119,  21.500,        0.,        0.00,   -0.07,        0.00
 1120,  21.520,        0.,        0.00,    0.08,        0.00
 1121,  21.540,        0.,        0.00,    0.08,        0.00
 1122,  21.560,        0.,        0.00,    0.08,        0.00
 1123,  21.580,        0.,        0.00,    0.08,        0.00
 1124,  21.601,        0.,        0.00,    0.08,        0.00
 1125,  21.621,        0.,        0.00,    0.08,        0.00
 1126,  21.641,        1.,        0.00,    0.08,        1.00
 1127,  21.661,        0.,        0.00,    0.08,        0.00
 1128,  21.681,        0.,        0.00,    0.01,        0.00
 1129,  21.701,        0.,        0.00,    0.01,        0.00
 1130,  21.721,        0.,        0.00,    0.01,        0.00
 1131,  21.741,        0.,        0.00,    0.01,        0.00
 1132,  21.761,        0.,        0.00,    0.01,        0.00
 1133,  21.781,        0.,        0.00,   -0.14,        0.00
 1134,  21.802,        0.,        0.00,   -0.14,        0.00
 1135,  21.822,        0.,        0.00,    0.01,        0.00
 1136,  21.842,        0.,        0.00,    0.01,        0.00
 1137,  21.862,        0.,        0.00,    0.01,        0.00
 1138,  21.882,        0.,        0.00,    0.01,        0.00
 1139,  21.902,        0.,        0.00,    0.01,        0.00
 1140,  21.922,        0.,        0.00,    0.08,        0.00
 1141,  21.942,        1.,        0.00,    0.08,        1.00
 1142,  21.962,        0.,        0.00,    0.08,        0.00
 1143,  21.982,        0.,        0.00,    0.08,        0.00
 1144,  22.002,        0.,        0.00,    0.08,        0.00
 1145,  22.023,        0.,        0.00,    0.08,        0.00
 1146,  22.043,        0.,        0.00,    0.08,        0.00
 1147,  22.063,        0.,        0.00,    0.08,        0.00
 1148,  22.083,        0.,        0.00,   -0.07,        0.00
 1149,  22.103,        0.,        0.00,   -0.07,        0.00
 1150,  22.123,        0.,        0.00,   -0.07,        0.00
 1151,  22.143,        0.,        0.00,   -0.07,        0.00
 1152,  22.163,        0.,        0.00,   -0.07,        0.00
 1153,  22.183,        0.,        0.00,   -0.07,        0.00
 1154,  22.203,        0.,        0.00,   -0.07,        0.00
 1155,  22.224,        0.,        0.00,    0.00,        0.00
 1156,  22.244,        0.,        0.00,    0.00,        0.00
 1157,  22.264,        0.,        0.00,    0.00,        0.00
 1158,  22.284,        0.,        0.00,    0.00,        0.00
 1159,  22.304,        0.,        0.00,    0.00,        0.00
 1160,  22.324,        0.,        0.00,    0.00,        0.00
 1161,  22.344,        0.,        0.00,    0.00,        0.00
 1162,  22.364,        0.,        0.00,    0.00,        0.00
 1163,  22.384,        0.,        0.00,    0.00,        0.00
 1164,  22.404,        0.,        0.00,    0.00,        0.00
 1165,  22.425,        0.,        0.00,    0.00,        0.00
 1166,  22.445,        0.,        0.00,    0.00,        0.00
 1167,  22.465,        0.,        0.00,    0.00,        0.00
 1168,  22.485,        0.,        0.00,    0.00,        0.00
 1169,  22.505,        0.,        0.00,    0.00,        0.00
 1170,  22.525,        0.,        0.00,    0.00,        0.00
 1171,  22.545,        0.,        0.00,    0.00,        0.00
 1172,  22.565,        0.,        0.00,    0.00,        0.00
 1173,  22.585,        0.,        0.00,    0.00,        0.00
 1174,  22.605,        0.,        0.00,    0.00,        0.00
 1175,  22.625,        0.,        0.00,    0.00,        0.00
 1176,  22.646,        0.,        0.00,    0.00,        0.00
 1177,  22.666,        0.,        0.00,    0.00,        0.00
 1178,  22.686,        0.,        0.00,    0.00,        0.00
 1179,  22.706,        0.,        0.00,    0.00,        0.00
 1180,  22.726,        0.,        0.00,    0.00,        0.00
 1181,  22.746,        0.,        0.00,    0.00,        0.00
 1182,  22.766,        0.,        0.00,    0.00,        0.00
 1183,  22.786,        0.,        0.00,    0.00,        0.00
 1184,  22.806,        0.,        0.00,    0.00,        0.00
 1185,  22.826,        0.,        0.00,    0.00,        0.00
 1186,  22.847,        0.,        0.00,    0.00,        0.00
 1187,  22.867,        0.,        0.00,    0.00,        0.00
 1188,  22.887,        0.,        0.00,    0.00,        0.00
 1189,  22.907,        0.,        0.00,    0.00,        0.00
 1190,  22.927,        0.,        0.00,    0.00,        0.00
 1191,  22.947,        0.,        0.00,    0.00,        0.00
 1192,  22.967,        0.,        0.00,    0.00,        0.00
 1193,  22.987,        0.,        0.00,    0.00,        0.00
 1194,  23.007,        0.,        0.00,    0.00,        0.00
 1195,  23.027,        0.,        0.00,    0.00,        0.00
 1196,  23.048,        0.,        0.00,    0.00,        0.00
 1197,  23.068,        0.,        0.00,    0.00,        0.00
 1198,  23.088,        0.,        0.00,    0.00,        0.00
 1199,  23.108,        0.,        0.00,    0.00,        0.00
 1200,  23.128,        0.,        0.00,    0.00,        0.00
 1201,  23.148,        0.,        0.00,    0.00,        0.00
 1202,  23.168,        0.,        0.00,    0.00,        0.00
 1203,  23.188,        0.,        0.00,    0.00,        0.00
 1204,  23.208,        0.,        0.00,    0.00,        0.00
 1205,  23.228,        0.,        0.00,    0.00,        0.00
 1206,  23.249,        0.,        0.00,    0.00,        0.00
 1207,  23.269,        0.,        0.00,    0.00,        0.00
 1208,  23.289,        0.,        0.00,    0.00,        0.00
 1209,  23.309,        0.,        0.00,    0.00,        0.00
 1210,  23.329,        0.,        0.00,    0.00,        0.00
 1211,  23.349,        0.,        0.00,    0.00,        0.00
 1212,  23.369,        0.,        0.00,    0.00,        0.00
 1213,  23.389,        0.,        0.00,    0.00,        0.00
 1214,  23.409,        0.,        0.00,    0.00,        0.00
 1215,  23.429,        0.,        0.00,    0.00,        0.00
 1216,  23.449,        0.,        0.00,    0.00,        0.00
 1217,  23.470,        0.,        0.00,    0.00,        0.00
 1218,  23.490,        0.,        0.00,    0.00,        0.00
 1219,  23.510,        0.,        0.00,    0.00,        0.00
 1220,  23.530,        0.,        0.00,    0.00,        0.00
 1221,  23.550,        0.,        0.00,    0.00,        0.00
 1222,  23.570,        0.,        0.00,    0.00,        0.00
 1223,  23.590,        0.,        0.00,    0.00,        0.00
 1224,  23.610,        0.,        0.00,    0.00,        0.00
 1225,  23.630,        0.,        0.00,    0.00,        0.00
 1226,  23.650,        0.,        0.00,    0.00,        0.00
 1227,  23.671,        0.,        0.00,    0.00,        0.00
 1228,  23.691,        0.,        0.00,    0.00,        0.00
 1229,  23.711,        0.,        0.00,    0.00,        0.00
 1230,  23.731,        0.,        0.00,    0.00,        0.00
 1231,  23.751,        0.,        0.00,    0.00,        0.00
 1232,  23.771,        0.,        0.00,    0.00,        0.00
 1233,  23.791,        0.,        0.00,    0.00,        0.00
 1234,  23.811,        0.,        0.00,    0.00,        0.00
 1235,  23.831,        0.,        0.00,    0.00,        0.00
 1236,  23.851,        0.,        0.00,    0.00,        0.00
 1237,  23.872,        0.,        0.00,    0.00,        0.00
 1238,  23.892,        0.,        0.00,    0.00,        0.00
 1239,  23.912,        0.,        0.00,    0.00,        0.00
 1240,  23.932,        0.,        0.00,    0.00,        0.00
 1241,  23.952,        0.,        0.00,    0.00,        0.00
 1242,  23.972,        0.,        0.00,    0.00,        0.00
 1243,  23.992,        0.,        0.00,    0.00,        0.00
 1244,  24.012,        0.,        0.00,    0.00,        0.00
 1245,  24.032,        0.,        0.00,    0.00,        0.00
 1246,  24.052,        0.,        0.00,    0.00,        0.00
 1247,  24.072,        0.,        0.00,    0.00,        0.00
 1248,  24.093,        0.,        0.00,    0.00,        0.00
 1249,  24.113,        0.,        0.00,    0.00,        0.00
 1250,  24.133,        0.,        0.00,    0.00,        0.00
 1251,  24.153,        0.,        0.00,    0.00,        0.00
 1252,  24.173,        0.,        0.00,    0.00,        0.00
 1253,  24.193,        0.,        0.00,    0.00,        0.00
 1254,  24.213,        0.,        0.00,    0.00,        0.00
 1255,  24.233,        0.,        0.00,    0.00,        0.00
 1256,  24.253,        0.,        0.00,    0.00,        0.00
 1257,  24.273,        0.,        0.00,    0.00,        0.00
 1258,  24.294,        0.,        0.00,    0.00,        0.00
 1259,  24.314,        0.,        0.00,    0.00,        0.00
 1260,  24.334,        0.,        0.00,    0.00,        0.00
 1261,  24.354,        0.,        0.00,    0.00,        0.00
 1262,  24.374,        0.,        0.00,    0.00,        0.00
 1263,  24.394,        0.,        0.00,    0.00,        0.00
 1264,  24.414,        0.,        0.00,    0.00,        0.00
 1265,  24.434,        0.,        0.00,    0.00,        0.00
 1266,  24.454,        0.,        0.00,    0.00,        0.00
 1267,  24.474,        0.,        0.00,    0.00,        0.00
 1268,  24.495,        0.,        0.00,    0.00,        0.00
 1269,  24.515,        0.,        0.00,    0.00,        0.00
 1270,  24.535,        0.,        0.00,    0.00,        0.00
 1271,  24.555,        0.,        0.00,    0.00,        0.00
 1272,  24.575,        0.,        0.00,    0.00,        0.00
 1273,  24.595,        0.,        0.00,    0.00,        0.00
 1274,  24.615,        0.,        0.00,    0.00,        0.00
 1275,  24.635,        0.,        0.00,    0.00,        0.00
 1276,  24.655,        0.,        0.00,    0.00,        0.00
 1277,  24.675,        0.,        0.00,    0.00,        0.00
 1278,  24.695,        0.,        0.00,    0.00,        0.00
 1279,  24.716,        0.,        0.00,    0.00,        0.00
 1280,  24.736,        0.,        0.00,    0.00,        0.00
 1281,  24.756,        0.,        0.00,    0.00,        0.00
 1282,  24.776,        0.,        0.00,    0.00,        0.00
 1283,  24.796,        0.,        0.00,    0.00,        0.00
 1284,  24.816,        0.,        0.00,    0.00,        0.00
 1285,  24.836,        0.,        0.00,    0.00,        0.00
 1286,  24.856,        0.,        0.00,    0.00,        0.00
 1287,  24.876,        0.,        0.00,    0.00,        0.00
 1288,  24.896,        0.,        0.00,    0.00,        0.00
 1289,  24.917,        0.,        0.00,    0.00,        0.00
 1290,  24.937,        0.,        0.00,    0.00,        0.00
 1291,  24.957,        0.,        0.00,    0.00,        0.00
 1292,  24.977,        0.,        0.00,    0.00,        0.00
 1293,  24.997,        0.,        0.00,    0.00,        0.00
 1294,  25.017,        0.,        0.00,    0.00,        0.00
 1295,  25.037,        0.,        0.00,    0.00,        0.00
 1296,  25.057,        0.,        0.00,    0.00,        0.00
 1297,  25.077,        0.,        0.00,    0.00,        0.00
 1298,  25.097,        0.,        0.00,    0.00,        0.00
 1299,  25.118,        0.,        0.00,    0.00,        0.00
 1300,  25.138,        0.,        0.00,    0.00,        0.00
