 File:An·lise amostras  Solution Type:Thick  fitting 1231 channels (  70-1300)
 Channel#, E(keV),   Data,        Fit, Residual,    Data-Fit
   70,   0.421,     2533.,        6.71,    0.01,     2526.29
   71,   0.441,     2608.,       11.64,   -0.02,     2596.36
   72,   0.461,     2422.,       18.95,   -0.01,     2403.05
   73,   0.481,     2342.,       28.66,   -0.03,     2313.34
   74,   0.501,     2240.,       40.02,   -0.05,     2199.98
   75,   0.521,     2292.,       51.34,   -0.09,     2240.66
   76,   0.541,     2220.,       60.34,   -0.11,     2159.66
   77,   0.562,     2169.,       64.92,   -0.09,     2104.08
   78,   0.582,     2125.,       63.97,   -0.05,     2061.03
   79,   0.602,     2012.,       58.00,   -0.05,     1954.00
   80,   0.622,     2086.,       48.94,   -0.09,     2037.06
   81,   0.642,     2080.,       39.57,   -0.07,     2040.43
   82,   0.662,     1934.,       32.63,   -0.08,     1901.37
   83,   0.682,     1837.,       30.78,   -0.05,     1806.22
   84,   0.702,     1928.,       36.40,   -0.03,     1891.60
   85,   0.722,     1919.,       52.61,   -0.11,     1866.39
   86,   0.742,     1939.,       83.35,   -0.07,     1855.65
   87,   0.762,     1994.,      132.96,    0.01,     1861.04
   88,   0.782,     1954.,      203.60,    0.04,     1750.40
   89,   0.803,     2118.,      292.69,    0.14,     1825.31
   90,   0.823,     2230.,      390.35,    0.18,     1839.65
   91,   0.843,     2177.,      479.68,    0.12,     1697.32
   92,   0.863,     2333.,      541.48,    0.12,     1791.52
   93,   0.883,     2288.,      561.08,    0.01,     1726.92
   94,   0.903,     2210.,      534.49,   -0.13,     1675.51
   95,   0.923,     2020.,      470.91,   -0.05,     1549.09
   96,   0.943,     1937.,      388.66,   -0.26,     1548.34
   97,   0.963,     1839.,      307.86,   -0.26,     1531.14
   98,   0.983,     1846.,      243.46,   -0.30,     1602.54
   99,   1.003,     1695.,      201.37,   -0.34,     1493.63
  100,   1.023,     1758.,      179.08,   -0.20,     1578.92
  101,   1.044,     1697.,      168.91,   -0.17,     1528.09
  102,   1.064,     1620.,      162.39,   -0.17,     1457.61
  103,   1.084,     1736.,      152.96,   -0.09,     1583.04
  104,   1.104,     1599.,      137.55,   -0.07,     1461.45
  105,   1.124,     1683.,      116.52,   -0.07,     1566.48
  106,   1.144,     1640.,       92.38,    0.21,     1547.62
  107,   1.164,     1648.,       68.31,    0.14,     1579.69
  108,   1.184,     1557.,       47.14,    0.30,     1509.86
  109,   1.204,     1601.,       30.45,    0.15,     1570.55
  110,   1.224,     1567.,       18.47,    0.01,     1548.53
  111,   1.244,     1519.,       10.41,   -0.07,     1508.59
  112,   1.265,     1501.,        5.64,   -0.12,     1495.36
  113,   1.285,     1507.,        2.96,   -0.27,     1504.04
  114,   1.305,     1512.,        1.65,   -0.45,     1510.35
  115,   1.325,     1521.,        1.15,   -0.48,     1519.85
  116,   1.345,     1540.,        1.48,   -0.58,     1538.52
  117,   1.365,     1518.,        2.68,   -0.29,     1515.32
  118,   1.385,     1510.,        5.17,   -0.03,     1504.83
  119,   1.405,     1535.,        9.77,    0.14,     1525.23
  120,   1.425,     1640.,       17.52,    0.43,     1622.48
  121,   1.445,     1637.,       29.60,    0.74,     1607.40
  122,   1.465,     1635.,       46.94,    0.95,     1588.06
  123,   1.485,     1702.,       69.78,    0.90,     1632.22
  124,   1.506,     1697.,       97.46,    0.35,     1599.54
  125,   1.526,     1697.,      129.14,   -0.23,     1567.86
  126,   1.546,     1696.,      165.73,   -0.85,     1530.27
  127,   1.566,     1713.,      212.44,   -1.62,     1500.56
  128,   1.586,     1765.,      280.92,   -1.84,     1484.08
  129,   1.606,     1906.,      388.65,   -1.96,     1517.35
  130,   1.626,     2121.,      553.61,   -1.63,     1567.39
  131,   1.646,     2426.,      784.81,   -0.61,     1641.19
  132,   1.666,     2698.,     1071.97,    0.34,     1626.03
  133,   1.686,     3141.,     1380.37,    0.86,     1760.63
  134,   1.706,     3582.,     1655.96,    1.23,     1926.04
  135,   1.726,     3737.,     1841.79,    0.84,     1895.21
  136,   1.747,     3754.,     1899.45,    0.16,     1854.55
  137,   1.767,     3705.,     1826.44,   -0.85,     1878.56
  138,   1.787,     3462.,     1658.87,   -2.47,     1803.13
  139,   1.807,     3221.,     1459.30,   -3.83,     1761.70
  140,   1.827,     3177.,     1294.34,   -4.97,     1882.66
  141,   1.847,     3110.,     1212.82,   -5.70,     1897.18
  142,   1.867,     3379.,     1230.68,   -5.51,     2148.32
  143,   1.887,     3639.,     1327.84,   -3.88,     2311.16
  144,   1.907,     4052.,     1456.34,   -1.95,     2595.66
  145,   1.927,     4406.,     1556.67,    1.21,     2849.33
  146,   1.947,     4910.,     1578.04,    4.25,     3331.96
  147,   1.967,     5084.,     1494.90,    6.71,     3589.10
  148,   1.988,     5246.,     1313.81,    9.03,     3932.19
  149,   2.008,     5074.,     1068.21,   10.28,     4005.79
  150,   2.028,     4678.,      803.90,    9.84,     3874.10
  151,   2.048,     4442.,      563.43,    8.54,     3878.57
  152,   2.068,     3997.,      375.48,    5.65,     3621.52
  153,   2.088,     3559.,      254.48,    2.37,     3304.52
  154,   2.108,     3348.,      206.82,   -0.27,     3141.18
  155,   2.128,     3075.,      240.36,   -3.06,     2834.64
  156,   2.148,     3039.,      370.63,   -4.46,     2668.37
  157,   2.168,     3199.,      621.03,   -4.94,     2577.97
  158,   2.188,     3518.,     1014.00,   -5.05,     2504.00
  159,   2.208,     4092.,     1554.77,   -3.93,     2537.23
  160,   2.229,     4672.,     2213.85,   -2.52,     2458.15
  161,   2.249,     5378.,     2916.69,   -1.61,     2461.31
  162,   2.269,     6144.,     3551.59,   -0.71,     2592.41
  163,   2.289,     6550.,     3997.54,   -0.24,     2552.46
  164,   2.309,     6680.,     4163.40,   -0.40,     2516.60
  165,   2.329,     6538.,     4022.80,   -0.52,     2515.20
  166,   2.349,     6238.,     3627.16,   -1.19,     2610.84
  167,   2.369,     5494.,     3092.98,   -1.39,     2401.02
  168,   2.389,     5114.,     2574.14,   -1.60,     2539.86
  169,   2.409,     4768.,     2240.01,   -1.62,     2527.99
  170,   2.429,     4926.,     2273.89,   -1.74,     2652.11
  171,   2.450,     5562.,     2890.55,   -1.41,     2671.45
  172,   2.470,     7190.,     4348.18,   -0.01,     2841.82
  173,   2.490,     9816.,     6920.10,    1.35,     2895.90
  174,   2.510,    13776.,    10801.89,    2.94,     2974.11
  175,   2.530,    19056.,    15963.29,    3.48,     3092.71
  176,   2.550,    25384.,    22007.17,    3.77,     3376.83
  177,   2.570,    31736.,    28128.15,    3.35,     3607.85
  178,   2.590,    36896.,    33244.94,    2.36,     3651.06
  179,   2.610,    39184.,    36300.63,    1.50,     2883.38
  180,   2.630,    39184.,    36624.41,   -0.03,     2559.59
  181,   2.650,    36384.,    34188.61,   -1.36,     2195.39
  182,   2.670,    31360.,    29625.77,   -2.85,     1734.23
  183,   2.691,    26000.,    23997.14,   -4.08,     2002.86
  184,   2.711,    20080.,    18421.27,   -4.15,     1658.73
  185,   2.731,    15812.,    13736.49,   -3.64,     2075.51
  186,   2.751,    12448.,    10324.83,   -2.60,     2123.17
  187,   2.771,    10508.,     8131.30,   -0.86,     2376.70
  188,   2.791,     9532.,     6821.15,    0.22,     2710.85
  189,   2.811,     8788.,     5978.78,    1.98,     2809.22
  190,   2.831,     8078.,     5265.87,    3.04,     2812.13
  191,   2.851,     7322.,     4497.87,    3.85,     2824.13
  192,   2.871,     6472.,     3640.84,    4.87,     2831.16
  193,   2.891,     5522.,     2758.06,    3.77,     2763.94
  194,   2.911,     4662.,     1943.50,    2.84,     2718.50
  195,   2.932,     3932.,     1270.91,    1.09,     2661.09
  196,   2.952,     3579.,      771.41,   -0.25,     2807.59
  197,   2.972,     2990.,      436.13,   -1.22,     2553.87
  198,   2.992,     2907.,      232.31,   -1.27,     2674.69
  199,   3.012,     2656.,      120.96,   -0.90,     2535.04
  200,   3.032,     2653.,       69.27,   -0.19,     2583.73
  201,   3.052,     2599.,       57.07,   -0.43,     2541.93
  202,   3.072,     2694.,       79.31,   -0.28,     2614.69
  203,   3.092,     2795.,      148.16,   -0.75,     2646.84
  204,   3.112,     2906.,      296.57,   -0.82,     2609.43
  205,   3.132,     3168.,      581.51,   -0.71,     2586.49
  206,   3.152,     3597.,     1082.68,   -0.49,     2514.32
  207,   3.173,     4392.,     1890.69,   -0.72,     2501.31
  208,   3.193,     5522.,     3079.05,   -0.99,     2442.95
  209,   3.213,     7166.,     4662.05,   -1.34,     2503.95
  210,   3.233,     9188.,     6552.19,   -1.46,     2635.81
  211,   3.253,    11132.,     8539.54,   -0.91,     2592.46
  212,   3.273,    12860.,    10315.07,   -1.28,     2544.93
  213,   3.293,    14176.,    11543.91,   -0.48,     2632.09
  214,   3.313,    14608.,    11967.18,   -0.46,     2640.82
  215,   3.333,    14268.,    11492.01,   -0.42,     2775.99
  216,   3.353,    12740.,    10226.47,    0.41,     2513.53
  217,   3.373,    11292.,     8445.94,    1.25,     2846.06
  218,   3.393,     9236.,     6507.52,    2.19,     2728.48
  219,   3.414,     7546.,     4760.28,    2.98,     2785.72
  220,   3.434,     6388.,     3496.63,    2.14,     2891.37
  221,   3.454,     5860.,     2969.71,    1.66,     2890.29
  222,   3.474,     6476.,     3473.28,    0.43,     3002.72
  223,   3.494,     8232.,     5452.33,   -1.23,     2779.67
  224,   3.514,    12136.,     9590.55,   -1.99,     2545.45
  225,   3.534,    19312.,    16803.76,   -2.45,     2508.24
  226,   3.554,    30480.,    28068.10,   -2.40,     2411.90
  227,   3.574,    46000.,    44048.65,   -1.68,     1951.35
  228,   3.594,    67104.,    64591.36,   -0.56,     2512.64
  229,   3.614,    90912.,    88265.76,    0.33,     2646.24
  230,   3.635,   115488.,   112232.63,    1.46,     3255.38
  231,   3.655,   136768.,   132656.33,    2.32,     4111.67
  232,   3.675,   149888.,   145656.38,    3.14,     4231.63
  233,   3.695,   152128.,   148499.17,    3.38,     3628.83
  234,   3.715,   144384.,   140537.86,    3.45,     3846.14
  235,   3.735,   126656.,   123445.85,    3.04,     3210.15
  236,   3.755,   103200.,   100654.09,    1.72,     2545.91
  237,   3.775,    78720.,    76237.50,    0.83,     2482.50
  238,   3.795,    56080.,    53773.00,    0.45,     2307.00
  239,   3.815,    37744.,    35597.84,   -0.05,     2146.16
  240,   3.835,    24312.,    22645.56,   -0.14,     1666.44
  241,   3.855,    16584.,    14743.51,   -0.13,     1840.49
  242,   3.876,    12728.,    11097.04,   -0.87,     1630.96
  243,   3.896,    12136.,    10704.02,   -1.75,     1431.98
  244,   3.916,    13528.,    12577.10,   -3.41,      950.90
  245,   3.936,    16276.,    15790.87,   -5.37,      485.13
  246,   3.956,    19408.,    19457.33,   -8.62,      -49.33
  247,   3.976,    22784.,    22729.41,  -11.07,       54.59
  248,   3.996,    24928.,    24879.75,  -12.63,       48.25
  249,   4.016,    25712.,    25430.32,  -12.16,      281.68
  250,   4.036,    24520.,    24261.72,   -9.06,      258.28
  251,   4.056,    22424.,    21627.93,   -4.47,      796.07
  252,   4.076,    19128.,    18058.58,    0.11,     1069.42
  253,   4.096,    15572.,    14181.10,    3.65,     1390.90
  254,   4.117,    12228.,    10540.92,    5.86,     1687.08
  255,   4.137,     9244.,     7485.30,    7.78,     1758.70
  256,   4.157,     6986.,     5139.83,    7.99,     1846.17
  257,   4.177,     5114.,     3459.35,    6.90,     1654.65
  258,   4.197,     3948.,     2310.81,    5.27,     1637.19
  259,   4.217,     3256.,     1546.55,    1.37,     1709.45
  260,   4.237,     2651.,     1048.82,   -2.03,     1602.18
  261,   4.257,     2309.,      744.76,   -4.92,     1564.24
  262,   4.277,     2237.,      605.26,   -5.76,     1631.74
  263,   4.297,     2234.,      641.02,   -4.62,     1592.98
  264,   4.317,     2616.,      898.54,   -2.25,     1717.46
  265,   4.337,     3401.,     1458.02,    2.67,     1942.98
  266,   4.358,     4342.,     2420.89,    6.15,     1921.11
  267,   4.378,     6044.,     3880.83,    9.60,     2163.17
  268,   4.398,     8106.,     5877.83,   11.73,     2228.17
  269,   4.418,    10696.,     8346.44,   10.64,     2349.56
  270,   4.438,    13244.,    11077.76,    8.77,     2166.24
  271,   4.458,    15992.,    13727.96,    6.96,     2264.04
  272,   4.478,    17728.,    15879.91,    3.06,     1848.09
  273,   4.498,    18320.,    17153.14,   -0.63,     1166.86
  274,   4.518,    18448.,    17319.06,   -4.89,     1128.94
  275,   4.538,    17416.,    16376.25,   -9.00,     1039.75
  276,   4.558,    15524.,    14548.27,  -11.70,      975.73
  277,   4.578,    13184.,    12206.46,  -13.67,      977.54
  278,   4.599,    10664.,     9751.19,  -13.44,      912.81
  279,   4.619,     8380.,     7503.98,  -13.13,      876.02
  280,   4.639,     7016.,     5647.93,  -11.89,     1368.07
  281,   4.659,     5518.,     4227.91,  -10.54,     1290.09
  282,   4.679,     4672.,     3194.28,   -8.51,     1477.72
  283,   4.699,     4124.,     2459.78,   -5.88,     1664.22
  284,   4.719,     3844.,     1945.70,   -1.46,     1898.30
  285,   4.739,     3791.,     1604.87,    1.52,     2186.13
  286,   4.759,     4156.,     1425.01,    6.17,     2730.99
  287,   4.779,     4288.,     1417.73,   11.37,     2870.27
  288,   4.799,     4656.,     1603.49,   14.60,     3052.51
  289,   4.820,     5232.,     1993.73,   19.02,     3238.27
  290,   4.840,     5892.,     2574.21,   20.46,     3317.79
  291,   4.860,     6796.,     3293.20,   19.08,     3502.80
  292,   4.880,     7314.,     4058.00,   16.73,     3256.00
  293,   4.900,     8102.,     4746.61,   13.70,     3355.39
  294,   4.920,     8372.,     5232.05,    9.85,     3139.95
  295,   4.940,     8356.,     5416.10,    5.70,     2939.90
  296,   4.960,     8042.,     5257.40,    0.72,     2784.60
  297,   4.980,     7384.,     4783.32,   -3.36,     2600.68
  298,   5.000,     6674.,     4081.00,   -6.71,     2593.00
  299,   5.020,     5632.,     3269.98,   -8.74,     2362.02
  300,   5.040,     4804.,     2468.31,   -8.79,     2335.69
  301,   5.061,     3886.,     1765.63,   -9.23,     2120.37
  302,   5.081,     3530.,     1210.38,   -7.59,     2319.62
  303,   5.101,     3184.,      811.43,   -5.65,     2372.57
  304,   5.121,     2928.,      550.32,   -3.53,     2377.68
  305,   5.141,     2690.,      395.67,   -1.63,     2294.33
  306,   5.161,     2711.,      315.44,    1.72,     2395.56
  307,   5.181,     2791.,      283.17,    2.99,     2507.83
  308,   5.201,     2680.,      280.61,    1.90,     2399.39
  309,   5.221,     2693.,      296.63,    1.57,     2396.37
  310,   5.241,     2692.,      324.86,   -0.06,     2367.14
  311,   5.261,     2680.,      361.96,   -2.54,     2318.04
  312,   5.281,     2747.,      405.73,   -4.16,     2341.27
  313,   5.302,     2801.,      454.35,   -5.37,     2346.65
  314,   5.322,     2701.,      505.84,   -7.03,     2195.16
  315,   5.342,     2857.,      557.09,   -7.91,     2299.91
  316,   5.362,     3064.,      603.82,   -8.40,     2460.18
  317,   5.382,     3067.,      640.90,   -8.25,     2426.10
  318,   5.402,     3064.,      662.57,   -8.31,     2401.43
  319,   5.422,     3240.,      664.40,   -6.91,     2575.60
  320,   5.442,     3230.,      644.67,   -6.22,     2585.33
  321,   5.462,     3256.,      605.41,   -6.54,     2650.59
  322,   5.482,     3307.,      551.82,   -5.37,     2755.18
  323,   5.502,     3334.,      492.41,   -2.75,     2841.59
  324,   5.522,     3421.,      436.88,   -1.03,     2984.12
  325,   5.543,     3505.,      396.79,    2.28,     3108.21
  326,   5.563,     3525.,      389.00,    6.74,     3136.00
  327,   5.583,     3746.,      447.35,    7.93,     3298.65
  328,   5.603,     4041.,      647.11,    8.11,     3393.89
  329,   5.623,     4796.,     1149.24,    6.99,     3646.76
  330,   5.643,     6100.,     2273.68,    5.71,     3826.32
  331,   5.663,     8162.,     4599.65,    2.59,     3562.35
  332,   5.683,    12576.,     9076.13,    1.15,     3499.87
  333,   5.703,    20496.,    17093.68,   -0.53,     3402.32
  334,   5.723,    33632.,    30434.46,   -2.43,     3197.54
  335,   5.743,    53440.,    51005.11,   -4.11,     2434.89
  336,   5.763,    82784.,    80295.74,   -4.10,     2488.26
  337,   5.784,   120928.,   118620.64,   -4.95,     2307.36
  338,   5.804,   167296.,   164354.56,   -5.32,     2941.44
  339,   5.824,   216256.,   213514.39,   -3.64,     2741.61
  340,   5.844,   264448.,   260031.42,   -1.63,     4416.58
  341,   5.864,   299776.,   296851.63,    0.52,     2924.38
  342,   5.884,   321280.,   317646.28,    2.26,     3633.72
  343,   5.904,   324480.,   318590.84,    4.08,     5889.16
  344,   5.924,   304896.,   299516.56,    5.68,     5379.44
  345,   5.944,   269568.,   263960.34,    5.59,     5607.66
  346,   5.964,   223040.,   218104.36,    6.34,     4935.64
  347,   5.984,   174464.,   169021.91,    6.67,     5442.09
  348,   6.005,   127776.,   122933.63,    5.17,     4842.37
  349,   6.025,    88320.,    84036.84,    3.88,     4283.16
  350,   6.045,    57904.,    54164.19,    2.91,     3739.81
  351,   6.065,    36944.,    33160.86,    1.63,     3783.14
  352,   6.085,    22832.,    19651.43,   -0.07,     3180.57
  353,   6.105,    14744.,    11846.69,   -0.84,     2897.31
  354,   6.125,    10772.,     8170.39,   -1.13,     2601.61
  355,   6.145,     9984.,     7646.73,   -1.99,     2337.27
  356,   6.165,    12248.,    10098.30,   -3.00,     2149.70
  357,   6.185,    18208.,    16226.82,   -3.49,     1981.18
  358,   6.205,    29136.,    27597.81,   -2.97,     1538.19
  359,   6.225,    47536.,    46477.69,   -2.70,     1058.31
  360,   6.246,    76288.,    75421.37,   -1.68,      866.63
  361,   6.266,   117120.,   116537.68,   -0.51,      582.32
  362,   6.286,   171840.,   170485.11,    0.48,     1354.89
  363,   6.306,   235520.,   235449.38,    1.41,       70.63
  364,   6.326,   308096.,   306523.88,    1.02,     1572.13
  365,   6.346,   376960.,   375925.34,    1.00,     1034.66
  366,   6.366,   435840.,   434255.22,   -0.09,     1584.78
  367,   6.386,   473728.,   472587.66,   -1.21,     1140.34
  368,   6.406,   483712.,   484764.66,   -1.94,    -1052.66
  369,   6.426,   468864.,   469069.09,   -3.39,     -205.09
  370,   6.446,   426752.,   428611.94,   -4.29,    -1859.94
  371,   6.466,   369536.,   370353.81,   -5.11,     -817.81
  372,   6.487,   301952.,   303127.19,   -5.11,    -1175.19
  373,   6.507,   234816.,   235475.06,   -4.04,     -659.06
  374,   6.527,   174080.,   173994.52,   -2.98,       85.48
  375,   6.547,   123488.,   122578.32,   -0.56,      909.68
  376,   6.567,    84032.,    82523.95,    1.52,     1508.05
  377,   6.587,    54848.,    53204.11,    4.03,     1643.89
  378,   6.607,    34560.,    32906.76,    5.64,     1653.24
  379,   6.627,    21616.,    19557.33,    7.34,     2058.67
  380,   6.647,    13060.,    11195.12,    7.52,     1864.88
  381,   6.667,     7914.,     6208.02,    7.33,     1705.98
  382,   6.687,     4928.,     3394.22,    6.30,     1533.78
  383,   6.707,     3379.,     1926.83,    4.64,     1452.17
  384,   6.728,     2607.,     1279.97,    1.22,     1327.03
  385,   6.748,     2367.,     1149.85,   -2.84,     1217.15
  386,   6.768,     2504.,     1385.41,   -5.68,     1118.59
  387,   6.788,     2949.,     1935.78,   -9.95,     1013.22
  388,   6.808,     3761.,     2813.91,  -12.52,      947.09
  389,   6.828,     4956.,     4076.41,  -12.60,      879.59
  390,   6.848,     6776.,     5815.88,  -11.42,      960.12
  391,   6.868,     8964.,     8161.07,   -9.53,      802.93
  392,   6.888,    12220.,    11270.31,   -4.74,      949.69
  393,   6.908,    16520.,    15305.35,   -0.18,     1214.65
  394,   6.928,    22000.,    20373.01,    3.74,     1626.99
  395,   6.948,    27776.,    26436.47,    8.41,     1339.53
  396,   6.969,    35488.,    33223.87,   10.13,     2264.13
  397,   6.989,    42304.,    40176.12,   10.79,     2127.88
  398,   7.009,    48800.,    46481.08,    9.06,     2318.92
  399,   7.029,    53824.,    51213.71,    7.97,     2610.29
  400,   7.049,    55024.,    53553.11,    6.18,     1470.89
  401,   7.069,    54112.,    53013.10,    2.92,     1098.90
  402,   7.089,    50128.,    49592.94,   -0.23,      535.06
  403,   7.109,    44880.,    43790.10,   -2.50,     1089.90
  404,   7.129,    36960.,    36468.51,   -5.79,      491.49
  405,   7.149,    29376.,    28631.13,   -6.25,      744.87
  406,   7.169,    21704.,    21185.79,   -5.10,      518.21
  407,   7.190,    15768.,    14776.80,   -2.94,      991.20
  408,   7.210,    10420.,     9721.94,   -1.92,      698.06
  409,   7.230,     6896.,     6047.54,    1.39,      848.46
  410,   7.250,     4268.,     3582.61,    2.05,      685.39
  411,   7.270,     2575.,     2066.30,    2.84,      508.70
  412,   7.290,     1715.,     1233.16,    0.36,      481.84
  413,   7.310,     1324.,      862.47,   -0.02,      461.53
  414,   7.330,     1055.,      793.57,   -2.86,      261.43
  415,   7.350,     1135.,      918.15,   -5.18,      216.85
  416,   7.370,     1325.,     1162.72,   -7.12,      162.28
  417,   7.390,     1610.,     1470.64,   -7.11,      139.36
  418,   7.410,     1980.,     1790.69,   -8.34,      189.31
  419,   7.431,     2199.,     2073.73,   -5.91,      125.27
  420,   7.451,     2439.,     2276.06,   -3.18,      162.94
  421,   7.471,     2546.,     2367.34,   -1.29,      178.66
  422,   7.491,     2429.,     2337.11,    0.99,       91.89
  423,   7.511,     2340.,     2197.41,    1.70,      142.59
  424,   7.531,     2131.,     1978.32,    1.14,      152.68
  425,   7.551,     1831.,     1719.30,   -0.10,      111.70
  426,   7.571,     1582.,     1458.65,   -1.35,      123.35
  427,   7.591,     1261.,     1223.91,   -1.90,       37.09
  428,   7.611,      998.,     1028.10,   -2.89,      -30.10
  429,   7.631,      827.,      870.79,   -4.04,      -43.79
  430,   7.651,      762.,      742.83,   -4.95,       19.17
  431,   7.672,      640.,      632.71,   -5.70,        7.29
  432,   7.692,      540.,      531.30,   -5.76,        8.70
  433,   7.712,      476.,      434.55,   -3.87,       41.45
  434,   7.732,      354.,      342.86,   -1.63,       11.14
  435,   7.752,      309.,      259.65,   -0.93,       49.35
  436,   7.772,      238.,      189.01,    1.27,       48.99
  437,   7.792,      192.,      134.31,    2.66,       57.69
  438,   7.812,      149.,       97.37,    2.27,       51.63
  439,   7.832,      129.,       78.96,    2.32,       50.04
  440,   7.852,      157.,       79.40,    2.35,       77.60
  441,   7.872,      168.,       99.01,    1.82,       68.99
  442,   7.892,      182.,      137.93,    1.12,       44.07
  443,   7.913,      266.,      195.59,   -0.04,       70.41
  444,   7.933,      361.,      269.47,   -0.11,       91.53
  445,   7.953,      408.,      354.34,    0.68,       53.66
  446,   7.973,      486.,      442.21,    0.18,       43.79
  447,   7.993,      541.,      522.68,    0.44,       18.32
  448,   8.013,      664.,      585.06,    0.23,       78.94
  449,   8.033,      727.,      620.97,    0.09,      106.03
  450,   8.053,      689.,      626.55,   -0.18,       62.45
  451,   8.073,      643.,      603.83,    1.14,       39.17
  452,   8.093,      635.,      560.57,    1.27,       74.43
  453,   8.113,      586.,      507.88,    1.18,       78.12
  454,   8.133,      493.,      457.57,    0.36,       35.43
  455,   8.154,      501.,      418.97,    0.49,       82.03
  456,   8.174,      418.,      396.73,   -0.34,       21.27
  457,   8.194,      471.,      389.96,   -1.36,       81.04
  458,   8.214,      428.,      393.09,   -1.10,       34.91
  459,   8.234,      465.,      397.98,   -0.71,       67.02
  460,   8.254,      409.,      396.48,   -1.50,       12.52
  461,   8.274,      418.,      382.75,   -1.39,       35.25
  462,   8.294,      438.,      354.56,   -0.58,       83.44
  463,   8.314,      342.,      313.64,   -0.93,       28.36
  464,   8.334,      315.,      264.73,    0.23,       50.27
  465,   8.354,      288.,      214.05,   -0.18,       73.95
  466,   8.375,      206.,      167.72,    1.07,       38.28
  467,   8.395,      192.,      131.10,    0.85,       60.90
  468,   8.415,      158.,      107.34,    0.93,       50.66
  469,   8.435,      165.,       98.45,    0.84,       66.55
  470,   8.455,      158.,      104.97,    0.88,       53.03
  471,   8.475,      184.,      126.64,    0.59,       57.36
  472,   8.495,      206.,      162.48,    0.81,       43.52
  473,   8.515,      254.,      210.19,   -0.11,       43.81
  474,   8.535,      311.,      266.10,    0.18,       44.90
  475,   8.555,      366.,      324.80,    0.04,       41.20
  476,   8.575,      449.,      379.59,   -0.19,       69.41
  477,   8.595,      477.,      423.25,   -0.40,       53.75
  478,   8.616,      448.,      449.13,   -0.32,       -1.13
  479,   8.636,      526.,      453.20,    0.13,       72.80
  480,   8.656,      481.,      434.60,    0.08,       46.40
  481,   8.676,      424.,      396.21,    0.71,       27.79
  482,   8.696,      391.,      343.99,    0.00,       47.01
  483,   8.716,      324.,      285.50,    0.02,       38.50
  484,   8.736,      276.,      228.39,    0.40,       47.61
  485,   8.756,      202.,      178.90,   -0.40,       23.10
  486,   8.776,      184.,      140.90,   -1.32,       43.10
  487,   8.796,      150.,      115.75,   -0.52,       34.25
  488,   8.816,      148.,      102.55,   -0.84,       45.45
  489,   8.836,      123.,       98.81,   -0.52,       24.19
  490,   8.857,      130.,      101.28,   -0.83,       28.72
  491,   8.877,      116.,      106.60,   -0.25,        9.40
  492,   8.897,      155.,      111.83,   -0.77,       43.17
  493,   8.917,      141.,      114.98,   -0.24,       26.02
  494,   8.937,      179.,      114.91,   -1.17,       64.09
  495,   8.957,      131.,      111.43,   -0.25,       19.57
  496,   8.977,      142.,      105.02,   -0.22,       36.98
  497,   8.997,      136.,       96.37,    1.84,       39.63
  498,   9.017,      121.,       86.50,    0.63,       34.50
  499,   9.037,      101.,       76.13,    2.12,       24.87
  500,   9.057,      103.,       65.94,    0.28,       37.06
  501,   9.077,       92.,       56.48,    0.69,       35.52
  502,   9.098,       98.,       48.14,   -0.25,       49.86
  503,   9.118,       58.,       41.12,    0.13,       16.88
  504,   9.138,       82.,       35.43,   -0.78,       46.57
  505,   9.158,       55.,       30.95,    0.55,       24.05
  506,   9.178,       62.,       27.38,    0.41,       34.62
  507,   9.198,       49.,       24.36,    0.41,       24.64
  508,   9.218,       62.,       21.55,   -0.14,       40.45
  509,   9.238,       38.,       18.89,    1.04,       19.11
  510,   9.258,       46.,       16.33,   -0.12,       29.67
  511,   9.278,       54.,       13.86,    1.15,       40.14
  512,   9.298,       38.,       11.78,    1.04,       26.22
  513,   9.318,       39.,       10.48,    1.24,       28.52
  514,   9.339,       44.,       10.45,    0.05,       33.55
  515,   9.359,       33.,       12.27,   -0.03,       20.73
  516,   9.379,       48.,       16.64,   -0.14,       31.36
  517,   9.399,       44.,       24.43,   -1.37,       19.57
  518,   9.419,       55.,       36.22,   -1.18,       18.78
  519,   9.439,       78.,       52.55,   -0.70,       25.45
  520,   9.459,       89.,       73.33,   -0.60,       15.67
  521,   9.479,      105.,       97.74,   -1.60,        7.26
  522,   9.499,      134.,      124.07,   -1.56,        9.93
  523,   9.519,      180.,      149.77,   -1.22,       30.23
  524,   9.539,      203.,      171.96,   -0.89,       31.04
  525,   9.560,      231.,      187.77,   -0.20,       43.23
  526,   9.580,      181.,      195.06,   -0.78,      -14.06
  527,   9.600,      223.,      192.99,    0.37,       30.01
  528,   9.620,      208.,      182.04,    0.95,       25.96
  529,   9.640,      189.,      164.09,    0.74,       24.91
  530,   9.660,      175.,      141.72,    0.13,       33.28
  531,   9.680,      129.,      117.73,   -0.10,       11.27
  532,   9.700,      131.,       94.62,    1.41,       36.38
  533,   9.720,       97.,       74.20,    0.82,       22.80
  534,   9.740,       82.,       57.61,    0.60,       24.39
  535,   9.760,       60.,       45.08,    0.66,       14.92
  536,   9.780,       77.,       36.46,    0.95,       40.54
  537,   9.801,       62.,       31.30,    0.19,       30.70
  538,   9.821,       45.,       29.06,   -0.81,       15.94
  539,   9.841,       47.,       29.24,   -0.37,       17.76
  540,   9.861,       56.,       31.55,   -0.41,       24.45
  541,   9.881,       58.,       35.85,   -0.85,       22.15
  542,   9.901,       61.,       42.46,   -1.37,       18.54
  543,   9.921,       64.,       51.80,   -1.05,       12.20
  544,   9.941,       90.,       64.27,   -1.79,       25.73
  545,   9.961,      108.,       80.26,   -1.68,       27.74
  546,   9.981,      109.,       99.48,   -1.57,        9.52
  547,  10.001,      156.,      120.99,   -1.46,       35.01
  548,  10.021,      172.,      143.02,   -2.03,       28.98
  549,  10.042,      175.,      163.20,   -0.71,       11.80
  550,  10.062,      212.,      178.85,   -0.25,       33.15
  551,  10.082,      231.,      187.73,    0.25,       43.27
  552,  10.102,      214.,      188.37,    1.36,       25.63
  553,  10.122,      199.,      180.57,    1.79,       18.43
  554,  10.142,      217.,      165.40,    1.02,       51.60
  555,  10.162,      195.,      144.99,    2.13,       50.01
  556,  10.182,      169.,      121.99,    2.60,       47.01
  557,  10.202,      141.,       99.15,    1.73,       41.85
  558,  10.222,      139.,       78.72,    2.68,       60.28
  559,  10.242,       87.,       62.43,    3.67,       24.57
  560,  10.262,       92.,       51.29,    2.52,       40.71
  561,  10.283,       81.,       45.57,    1.01,       35.43
  562,  10.303,       72.,       45.14,    0.50,       26.86
  563,  10.323,       94.,       49.56,    0.04,       44.44
  564,  10.343,      101.,       58.24,   -1.41,       42.76
  565,  10.363,       93.,       70.50,   -1.04,       22.50
  566,  10.383,       93.,       85.56,   -0.95,        7.44
  567,  10.403,      126.,      102.56,   -0.80,       23.44
  568,  10.423,      141.,      120.54,   -0.97,       20.46
  569,  10.443,      161.,      138.24,   -1.00,       22.76
  570,  10.463,      171.,      154.20,   -2.05,       16.80
  571,  10.483,      199.,      166.89,   -1.48,       32.11
  572,  10.503,      200.,      174.71,   -0.68,       25.29
  573,  10.524,      186.,      176.59,   -0.71,        9.41
  574,  10.544,      195.,      171.96,   -0.06,       23.04
  575,  10.564,      178.,      161.22,    0.80,       16.78
  576,  10.584,      174.,      145.51,    1.15,       28.49
  577,  10.604,      146.,      126.66,    0.63,       19.34
  578,  10.624,      124.,      106.77,    0.58,       17.23
  579,  10.644,      108.,       87.80,    0.88,       20.20
  580,  10.664,       99.,       71.26,    0.26,       27.74
  581,  10.684,       81.,       57.99,    0.34,       23.01
  582,  10.704,       66.,       48.13,    0.01,       17.87
  583,  10.724,       58.,       41.46,   -0.44,       16.54
  584,  10.745,       49.,       37.27,   -1.27,       11.73
  585,  10.765,       45.,       34.89,   -0.79,       10.11
  586,  10.785,       51.,       33.63,   -1.45,       17.37
  587,  10.805,       39.,       33.05,   -2.64,        5.95
  588,  10.825,       42.,       32.75,   -2.35,        9.25
  589,  10.845,       44.,       32.42,   -1.38,       11.58
  590,  10.865,       59.,       31.90,   -0.98,       27.10
  591,  10.885,       46.,       31.17,   -0.44,       14.83
  592,  10.905,       34.,       29.97,    0.73,        4.03
  593,  10.925,       53.,       28.31,    1.78,       24.69
  594,  10.945,       58.,       26.18,    1.83,       31.82
  595,  10.965,       39.,       23.70,    2.09,       15.30
  596,  10.986,       36.,       21.02,    1.44,       14.98
  597,  11.006,       50.,       18.30,    1.96,       31.70
  598,  11.026,       34.,       15.67,    2.37,       18.33
  599,  11.046,       25.,       13.27,    1.94,       11.73
  600,  11.066,       24.,       11.06,   -0.19,       12.94
  601,  11.086,       29.,        9.18,    0.45,       19.82
  602,  11.106,       24.,        7.51,   -0.44,       16.49
  603,  11.126,       19.,        6.18,   -2.50,       12.82
  604,  11.146,       26.,        5.13,   -2.39,       20.87
  605,  11.166,       13.,        4.37,   -0.83,        8.63
  606,  11.186,       18.,        3.93,   -1.50,       14.07
  607,  11.206,       12.,        3.81,   -1.14,        8.19
  608,  11.227,       17.,        3.95,   -0.30,       13.05
  609,  11.247,       18.,        4.35,    0.11,       13.65
  610,  11.267,       25.,        4.94,   -0.52,       20.06
  611,  11.287,       15.,        5.56,    1.19,        9.44
  612,  11.307,       29.,        6.11,    1.33,       22.89
  613,  11.327,       23.,        6.46,    2.12,       16.54
  614,  11.347,       18.,        6.52,    1.46,       11.48
  615,  11.367,       18.,        6.38,    1.55,       11.62
  616,  11.387,       29.,        6.01,   -0.10,       22.99
  617,  11.407,       18.,        5.54,    0.01,       12.46
  618,  11.427,       19.,        5.05,   -0.92,       13.95
  619,  11.447,       12.,        4.64,   -1.69,        7.36
  620,  11.468,       11.,        4.48,   -1.54,        6.52
  621,  11.488,       12.,        4.72,   -1.55,        7.28
  622,  11.508,       20.,        5.53,   -1.42,       14.47
  623,  11.528,       20.,        7.16,   -1.35,       12.84
  624,  11.548,       24.,        9.93,   -0.96,       14.07
  625,  11.568,       20.,       14.26,   -1.57,        5.74
  626,  11.588,       36.,       20.62,   -0.86,       15.38
  627,  11.608,       51.,       29.49,   -0.72,       21.51
  628,  11.628,       50.,       41.17,   -1.12,        8.83
  629,  11.648,       83.,       55.79,   -1.36,       27.21
  630,  11.668,       74.,       72.88,   -1.18,        1.12
  631,  11.688,      122.,       91.53,   -0.53,       30.47
  632,  11.709,      116.,      110.29,   -1.17,        5.71
  633,  11.729,      144.,      127.30,   -1.14,       16.70
  634,  11.749,      173.,      140.63,    0.80,       32.37
  635,  11.769,      171.,      148.56,    0.88,       22.44
  636,  11.789,      185.,      150.02,    1.26,       34.98
  637,  11.809,      161.,      144.73,    1.03,       16.27
  638,  11.829,      167.,      133.33,    2.44,       33.67
  639,  11.849,      180.,      117.32,    3.09,       62.68
  640,  11.869,      132.,       98.55,    2.96,       33.45
  641,  11.889,       96.,       79.04,    3.28,       16.96
  642,  11.909,       99.,       60.53,    2.59,       38.47
  643,  11.930,       85.,       44.31,    3.82,       40.69
  644,  11.950,       63.,       31.13,    2.98,       31.87
  645,  11.970,       50.,       21.27,    1.53,       28.73
  646,  11.990,       36.,       14.68,    0.72,       21.32
  647,  12.010,       39.,       11.20,    0.54,       27.80
  648,  12.030,       45.,       10.91,    0.82,       34.09
  649,  12.050,       30.,       14.15,   -0.93,       15.85
  650,  12.070,       42.,       21.52,   -0.97,       20.48
  651,  12.090,       43.,       34.10,   -1.13,        8.90
  652,  12.110,       63.,       53.14,   -0.61,        9.86
  653,  12.130,      101.,       79.85,   -1.39,       21.15
  654,  12.150,      121.,      114.91,   -2.89,        6.09
  655,  12.171,      168.,      157.99,   -2.01,       10.01
  656,  12.191,      209.,      207.54,   -2.68,        1.46
  657,  12.211,      282.,      260.35,   -2.70,       21.65
  658,  12.231,      328.,      311.97,   -3.00,       16.03
  659,  12.251,      340.,      357.13,   -2.20,      -17.13
  660,  12.271,      433.,      390.70,   -1.48,       42.30
  661,  12.291,      401.,      408.59,   -0.99,       -7.59
  662,  12.311,      426.,      408.69,   -0.40,       17.31
  663,  12.331,      395.,      391.17,    0.16,        3.83
  664,  12.351,      405.,      358.50,    0.26,       46.50
  665,  12.371,      353.,      314.86,    1.20,       38.14
  666,  12.391,      305.,      265.29,    1.09,       39.71
  667,  12.412,      240.,      214.75,    2.07,       25.25
  668,  12.432,      220.,      167.40,    2.01,       52.60
  669,  12.452,      161.,      126.12,    2.66,       34.88
  670,  12.472,      114.,       92.46,    2.41,       21.54
  671,  12.492,      114.,       66.83,    1.56,       47.17
  672,  12.512,       89.,       48.85,    1.37,       40.15
  673,  12.532,       62.,       37.78,    1.68,       24.22
  674,  12.552,       62.,       32.80,    1.05,       29.20
  675,  12.572,       75.,       33.40,    1.00,       41.60
  676,  12.592,       69.,       39.43,    1.53,       29.57
  677,  12.612,       76.,       51.06,    0.79,       24.94
  678,  12.632,      105.,       68.67,    1.01,       36.33
  679,  12.653,      115.,       92.58,   -0.20,       22.42
  680,  12.673,      152.,      122.64,   -1.13,       29.36
  681,  12.693,      186.,      157.95,   -2.66,       28.05
  682,  12.713,      225.,      196.75,   -2.99,       28.25
  683,  12.733,      263.,      236.18,   -1.82,       26.82
  684,  12.753,      269.,      272.94,   -2.54,       -3.94
  685,  12.773,      302.,      303.45,   -1.90,       -1.45
  686,  12.793,      321.,      324.62,   -1.07,       -3.62
  687,  12.813,      359.,      334.46,   -0.27,       24.54
  688,  12.833,      380.,      332.34,    0.15,       47.66
  689,  12.853,      316.,      319.03,    0.00,       -3.03
  690,  12.873,      345.,      296.52,    0.87,       48.48
  691,  12.894,      321.,      267.43,    1.85,       53.57
  692,  12.914,      284.,      234.52,    2.69,       49.48
  693,  12.934,      239.,      200.53,    3.10,       38.47
  694,  12.954,      179.,      167.37,    2.60,       11.63
  695,  12.974,      149.,      136.51,    3.31,       12.49
  696,  12.994,      142.,      108.81,    2.00,       33.19
  697,  13.014,      103.,       84.72,    0.90,       18.28
  698,  13.034,       91.,       64.35,   -0.41,       26.65
  699,  13.054,       67.,       47.61,   -1.19,       19.39
  700,  13.074,       39.,       34.29,   -0.58,        4.71
  701,  13.094,       30.,       24.10,   -1.11,        5.90
  702,  13.115,       40.,       16.61,   -1.79,       23.39
  703,  13.135,       28.,       11.46,   -1.15,       16.54
  704,  13.155,       16.,        8.26,   -1.67,        7.74
  705,  13.175,       16.,        6.68,   -1.84,        9.32
  706,  13.195,        8.,        6.43,   -1.65,        1.57
  707,  13.215,        7.,        7.44,   -1.68,       -0.44
  708,  13.235,       18.,        9.59,   -2.14,        8.41
  709,  13.255,       19.,       12.78,   -2.95,        6.22
  710,  13.275,       19.,       17.12,   -1.30,        1.88
  711,  13.295,       30.,       22.60,   -1.25,        7.40
  712,  13.315,       27.,       29.09,   -0.66,       -2.09
  713,  13.335,       41.,       36.53,   -0.95,        4.47
  714,  13.356,       45.,       44.51,   -0.78,        0.49
  715,  13.376,       76.,       52.54,   -0.52,       23.46
  716,  13.396,       64.,       59.99,   -0.27,        4.01
  717,  13.416,       74.,       66.14,   -0.31,        7.86
  718,  13.436,       65.,       70.31,   -0.47,       -5.31
  719,  13.456,       79.,       72.01,   -0.57,        6.99
  720,  13.476,       81.,       70.98,    0.42,       10.02
  721,  13.496,       74.,       67.31,    0.10,        6.69
  722,  13.516,       68.,       61.39,    0.29,        6.61
  723,  13.536,       53.,       53.84,    0.50,       -0.84
  724,  13.556,       51.,       45.41,    1.41,        5.59
  725,  13.576,       52.,       36.85,    1.42,       15.15
  726,  13.597,       45.,       28.82,    1.09,       16.18
  727,  13.617,       31.,       21.71,    1.48,        9.29
  728,  13.637,       25.,       15.81,    1.50,        9.19
  729,  13.657,       21.,       11.13,    2.07,        9.87
  730,  13.677,       13.,        7.69,    1.37,        5.31
  731,  13.697,       10.,        5.29,    0.04,        4.71
  732,  13.717,        6.,        3.73,   -0.96,        2.27
  733,  13.737,        9.,        2.83,   -1.44,        6.17
  734,  13.757,        6.,        2.43,   -2.15,        3.57
  735,  13.777,        2.,        2.35,   -2.86,       -0.35
  736,  13.797,        4.,        2.51,   -2.53,        1.49
  737,  13.817,        4.,        2.82,   -1.06,        1.18
  738,  13.838,        7.,        3.27,   -0.43,        3.73
  739,  13.858,        8.,        3.82,    0.03,        4.18
  740,  13.878,        8.,        4.62,    1.30,        3.38
  741,  13.898,        9.,        5.71,    1.64,        3.29
  742,  13.918,       21.,        7.26,    1.24,       13.74
  743,  13.938,       12.,        9.42,    1.61,        2.58
  744,  13.958,       17.,       12.36,    1.51,        4.64
  745,  13.978,       26.,       16.18,    0.74,        9.82
  746,  13.998,       19.,       20.88,    0.82,       -1.88
  747,  14.018,       19.,       26.35,    0.44,       -7.35
  748,  14.038,       37.,       32.30,   -1.25,        4.70
  749,  14.058,       43.,       38.32,   -1.41,        4.68
  750,  14.079,       41.,       43.89,   -1.34,       -2.89
  751,  14.099,       45.,       48.47,   -1.34,       -3.47
  752,  14.119,       50.,       51.54,   -2.04,       -1.54
  753,  14.139,       47.,       52.76,   -1.38,       -5.76
  754,  14.159,       54.,       51.92,   -0.99,        2.08
  755,  14.179,       54.,       49.19,   -0.89,        4.81
  756,  14.199,       54.,       44.80,   -0.35,        9.20
  757,  14.219,       26.,       39.22,    0.50,      -13.22
  758,  14.239,       32.,       32.99,    0.45,       -0.99
  759,  14.259,       33.,       26.66,    0.41,        6.34
  760,  14.279,       26.,       20.69,    0.89,        5.31
  761,  14.300,       18.,       15.41,    0.64,        2.59
  762,  14.320,       14.,       11.02,   -0.26,        2.98
  763,  14.340,        7.,        7.57,    0.75,       -0.57
  764,  14.360,        3.,        4.98,    0.90,       -1.98
  765,  14.380,        9.,        3.15,    0.08,        5.85
  766,  14.400,        3.,        1.86,   -0.35,        1.14
  767,  14.420,        2.,        1.08,    0.00,        0.92
  768,  14.440,        1.,        0.57,    0.25,        0.43
  769,  14.460,        2.,        0.31,   -0.35,        1.69
  770,  14.480,        2.,        0.16,   -0.15,        1.84
  771,  14.500,        1.,        0.11,   -0.43,        0.89
  772,  14.520,        4.,        0.05,   -0.49,        3.95
  773,  14.541,        1.,        0.08,   -0.41,        0.92
  774,  14.561,        3.,        0.12,   -0.07,        2.88
  775,  14.581,        2.,        0.18,   -0.44,        1.82
  776,  14.601,        2.,        0.27,   -0.47,        1.73
  777,  14.621,        1.,        0.37,   -0.23,        0.63
  778,  14.641,        2.,        0.49,   -0.16,        1.51
  779,  14.661,        2.,        0.63,    0.14,        1.37
  780,  14.681,        3.,        0.76,   -0.21,        2.24
  781,  14.701,        5.,        0.89,   -0.16,        4.11
  782,  14.721,        2.,        1.00,   -0.34,        1.00
  783,  14.741,        6.,        1.07,   -0.14,        4.93
  784,  14.761,        4.,        1.10,    0.09,        2.90
  785,  14.782,        2.,        1.09,   -0.14,        0.91
  786,  14.802,        6.,        1.03,   -0.60,        4.97
  787,  14.822,        4.,        0.93,   -0.41,        3.07
  788,  14.842,        4.,        0.81,    0.67,        3.19
  789,  14.862,        3.,        0.67,    0.29,        2.33
  790,  14.882,        2.,        0.53,    0.42,        1.47
  791,  14.902,        1.,        0.41,    0.99,        0.59
  792,  14.922,        8.,        0.30,    1.18,        7.70
  793,  14.942,        7.,        0.22,    2.21,        6.78
  794,  14.962,        4.,        0.15,    1.83,        3.85
  795,  14.982,        3.,        0.11,    2.27,        2.89
  796,  15.002,        4.,        0.08,    2.17,        3.92
  797,  15.023,        5.,        0.04,    2.30,        4.96
  798,  15.043,        7.,        0.05,    1.28,        6.95
  799,  15.063,        1.,        0.07,    0.33,        0.93
  800,  15.083,        3.,        0.09,    0.08,        2.91
  801,  15.103,        0.,        0.11,   -0.16,       -0.11
  802,  15.123,        1.,        0.12,   -0.64,        0.88
  803,  15.143,        0.,        0.13,   -1.48,       -0.13
  804,  15.163,        0.,        0.14,   -2.05,       -0.14
  805,  15.183,        1.,        0.14,   -1.83,        0.86
  806,  15.203,        1.,        0.14,   -2.11,        0.86
  807,  15.223,        1.,        0.13,   -1.77,        0.87
  808,  15.243,        0.,        0.12,   -1.51,       -0.12
  809,  15.264,        1.,        0.10,   -1.41,        0.90
  810,  15.284,        0.,        0.08,   -0.88,       -0.08
  811,  15.304,        0.,        0.06,   -0.77,       -0.06
  812,  15.324,        1.,        0.05,   -0.66,        0.95
  813,  15.344,        1.,        0.04,   -0.88,        0.96
  814,  15.364,        0.,        0.02,   -0.84,       -0.02
  815,  15.384,        2.,        0.02,   -0.34,        1.98
  816,  15.404,        2.,        0.01,   -0.84,        1.99
  817,  15.424,        1.,        0.01,   -1.39,        0.99
  818,  15.444,        1.,        0.00,   -1.84,        1.00
  819,  15.464,        1.,        0.00,   -2.07,        1.00
  820,  15.485,        4.,        0.00,   -2.18,        4.00
  821,  15.505,        5.,        0.00,   -2.48,        5.00
  822,  15.525,        2.,        0.03,   -2.60,        1.97
  823,  15.545,        2.,        0.11,   -2.34,        1.89
  824,  15.565,        3.,        0.18,   -1.20,        2.82
  825,  15.585,        3.,        0.31,   -1.12,        2.69
  826,  15.605,        3.,        0.50,   -1.03,        2.50
  827,  15.625,        8.,        0.78,    0.43,        7.22
  828,  15.645,        9.,        1.16,    1.22,        7.84
  829,  15.665,       12.,        1.66,    2.03,       10.34
  830,  15.685,       14.,        2.28,    2.63,       11.72
  831,  15.705,       10.,        3.01,    3.38,        6.99
  832,  15.726,        9.,        3.81,    4.16,        5.19
  833,  15.746,       22.,        4.63,    4.89,       17.37
  834,  15.766,       19.,        5.41,    4.70,       13.59
  835,  15.786,       19.,        6.06,    5.04,       12.94
  836,  15.806,       14.,        6.52,    4.20,        7.48
  837,  15.826,       19.,        6.76,    3.91,       12.24
  838,  15.846,       15.,        6.72,    3.05,        8.28
  839,  15.866,       12.,        6.43,    2.27,        5.57
  840,  15.886,       13.,        5.93,    1.50,        7.07
  841,  15.906,       16.,        5.27,    0.56,       10.73
  842,  15.926,        7.,        4.54,   -0.59,        2.46
  843,  15.946,       11.,        3.80,   -1.00,        7.20
  844,  15.967,        3.,        3.12,   -1.99,       -0.12
  845,  15.987,        2.,        2.53,   -2.42,       -0.53
  846,  16.007,        9.,        2.06,   -2.23,        6.94
  847,  16.027,        4.,        1.70,   -2.37,        2.30
  848,  16.047,        1.,        1.44,   -2.91,       -0.44
  849,  16.067,        0.,        1.24,   -2.60,       -1.24
  850,  16.087,        3.,        1.09,   -2.72,        1.91
  851,  16.107,        4.,        0.93,   -2.06,        3.07
  852,  16.127,        0.,        0.83,   -1.47,       -0.83
  853,  16.147,        1.,        0.69,   -1.86,        0.31
  854,  16.167,        2.,        0.60,   -1.19,        1.40
  855,  16.187,        1.,        0.49,   -1.01,        0.51
  856,  16.208,        1.,        0.39,   -0.14,        0.61
  857,  16.228,        1.,        0.30,   -0.30,        0.70
  858,  16.248,        1.,        0.22,   -0.68,        0.78
  859,  16.268,        1.,        0.16,    0.03,        0.84
  860,  16.288,        1.,        0.11,    0.09,        0.89
  861,  16.308,        0.,        0.07,   -0.01,       -0.07
  862,  16.328,        1.,        0.04,   -0.03,        0.96
  863,  16.348,        2.,        0.00,    0.26,        2.00
  864,  16.368,        1.,        0.00,    0.33,        1.00
  865,  16.388,        0.,        0.00,    0.05,        0.00
  866,  16.408,        0.,        0.00,   -0.15,        0.00
  867,  16.428,        1.,        0.00,   -0.34,        1.00
  868,  16.449,        1.,        0.00,   -0.46,        1.00
  869,  16.469,        2.,        0.00,   -0.57,        2.00
  870,  16.489,        0.,        0.00,   -0.75,        0.00
  871,  16.509,        0.,        0.00,   -0.85,        0.00
  872,  16.529,        1.,        0.00,   -0.39,        1.00
  873,  16.549,        0.,        0.00,   -0.07,        0.00
  874,  16.569,        0.,        0.00,    0.00,        0.00
  875,  16.589,        1.,        0.00,    0.15,        1.00
  876,  16.609,        1.,        0.00,   -0.01,        1.00
  877,  16.629,        1.,        0.00,    0.31,        1.00
  878,  16.649,        3.,        0.00,    0.47,        3.00
  879,  16.670,        2.,        0.00,    0.47,        2.00
  880,  16.690,        2.,        0.00,    0.72,        2.00
  881,  16.710,        2.,        0.00,    0.96,        2.00
  882,  16.730,        1.,        0.00,    1.29,        1.00
  883,  16.750,        2.,        0.00,    1.29,        2.00
  884,  16.770,        1.,        0.00,    1.13,        1.00
  885,  16.790,        1.,        0.00,    0.73,        1.00
  886,  16.810,        1.,        0.00,    0.41,        1.00
  887,  16.830,        1.,        0.00,    0.09,        1.00
  888,  16.850,        2.,        0.00,   -0.15,        2.00
  889,  16.870,        1.,        0.00,   -0.22,        1.00
  890,  16.890,        0.,        0.00,   -0.62,        0.00
  891,  16.911,        0.,        0.00,   -0.52,        0.00
  892,  16.931,        0.,        0.00,   -0.58,        0.00
  893,  16.951,        0.,        0.00,   -0.54,        0.00
  894,  16.971,        0.,        0.00,   -0.49,        0.00
  895,  16.991,        0.,        0.00,   -0.68,        0.00
  896,  17.011,        0.,        0.00,   -0.29,        0.00
  897,  17.031,        0.,        0.00,   -0.30,        0.00
  898,  17.051,        0.,        0.00,   -0.04,        0.00
  899,  17.071,        0.,        0.00,   -0.10,        0.00
  900,  17.091,        0.,        0.00,   -0.32,        0.00
  901,  17.111,        0.,        0.05,   -0.38,       -0.05
  902,  17.131,        2.,        0.08,   -0.45,        1.92
  903,  17.152,        0.,        0.13,   -0.21,       -0.13
  904,  17.172,        1.,        0.20,   -0.51,        0.80
  905,  17.192,        0.,        0.34,   -0.53,       -0.34
  906,  17.212,        0.,        0.49,   -0.04,       -0.49
  907,  17.232,        0.,        0.69,    0.48,       -0.69
  908,  17.252,        0.,        0.93,    0.52,       -0.93
  909,  17.272,        2.,        1.21,   -0.40,        0.79
  910,  17.292,        1.,        1.54,   -0.16,       -0.54
  911,  17.312,        3.,        1.90,    0.04,        1.10
  912,  17.332,        5.,        2.27,   -0.02,        2.73
  913,  17.352,        4.,        2.64,   -0.46,        1.36
  914,  17.372,        3.,        2.99,   -0.65,        0.01
  915,  17.393,        2.,        3.29,    0.35,       -1.29
  916,  17.413,        6.,        3.51,    0.46,        2.49
  917,  17.433,        6.,        3.64,    0.66,        2.36
  918,  17.453,        3.,        3.67,    0.24,       -0.67
  919,  17.473,        0.,        3.58,   -0.49,       -3.58
  920,  17.493,        3.,        3.39,   -0.31,       -0.39
  921,  17.513,        8.,        3.12,   -0.29,        4.88
  922,  17.533,        5.,        2.77,    0.12,        2.23
  923,  17.553,        3.,        2.38,   -0.24,        0.62
  924,  17.573,        2.,        1.98,   -0.09,        0.02
  925,  17.593,        1.,        1.59,    0.28,       -0.59
  926,  17.614,        4.,        1.23,    0.86,        2.77
  927,  17.634,        2.,        0.92,    1.08,        1.08
  928,  17.654,        2.,        0.63,    0.35,        1.37
  929,  17.674,        1.,        0.44,    0.20,        0.56
  930,  17.694,        3.,        0.30,    0.04,        2.70
  931,  17.714,        2.,        0.20,    0.38,        1.80
  932,  17.734,        0.,        0.12,    0.34,       -0.12
  933,  17.754,        1.,        0.07,   -0.22,        0.93
  934,  17.774,        1.,        0.00,   -0.07,        1.00
  935,  17.794,        0.,        0.00,   -0.27,        0.00
  936,  17.814,        0.,        0.00,    0.09,        0.00
  937,  17.834,        3.,        0.00,   -0.18,        3.00
  938,  17.855,        1.,        0.00,   -0.52,        1.00
  939,  17.875,        0.,        0.00,   -0.28,        0.00
  940,  17.895,        0.,        0.00,   -0.26,        0.00
  941,  17.915,        0.,        0.00,   -0.07,        0.00
  942,  17.935,        3.,        0.00,    0.14,        3.00
  943,  17.955,        1.,        0.00,    0.37,        1.00
  944,  17.975,        0.,        0.00,   -0.05,        0.00
  945,  17.995,        1.,        0.00,    0.02,        1.00
  946,  18.015,        1.,        0.00,    0.26,        1.00
  947,  18.035,        2.,        0.00,    0.42,        2.00
  948,  18.055,        1.,        0.00,    0.42,        1.00
  949,  18.075,        0.,        0.00,   -0.06,        0.00
  950,  18.096,        0.,        0.00,    0.10,        0.00
  951,  18.116,        2.,        0.00,    0.35,        2.00
  952,  18.136,        1.,        0.00,    0.19,        1.00
  953,  18.156,        1.,        0.00,    0.19,        1.00
  954,  18.176,        0.,        0.00,   -0.21,        0.00
  955,  18.196,        0.,        0.00,   -0.12,        0.00
  956,  18.216,        1.,        0.00,    0.05,        1.00
  957,  18.236,        1.,        0.00,    0.07,        1.00
  958,  18.256,        0.,        0.00,   -0.32,        0.00
  959,  18.276,        1.,        0.00,   -0.36,        1.00
  960,  18.296,        0.,        0.00,   -0.25,        0.00
  961,  18.316,        0.,        0.00,   -0.21,        0.00
  962,  18.337,        1.,        0.00,    0.00,        1.00
  963,  18.357,        0.,        0.00,   -0.10,        0.00
  964,  18.377,        0.,        0.00,    0.28,        0.00
  965,  18.397,        0.,        0.00,    0.33,        0.00
  966,  18.417,        1.,        0.04,    0.46,        0.96
  967,  18.437,        0.,        0.07,    0.48,       -0.07
  968,  18.457,        1.,        0.11,    0.39,        0.89
  969,  18.477,        0.,        0.17,    0.11,       -0.17
  970,  18.497,        2.,        0.25,   -0.04,        1.75
  971,  18.517,        0.,        0.36,   -0.06,       -0.36
  972,  18.537,        1.,        0.49,   -0.12,        0.51
  973,  18.557,        1.,        0.64,   -0.20,        0.36
  974,  18.578,        0.,        0.81,   -0.21,       -0.81
  975,  18.598,        0.,        0.99,   -0.13,       -0.99
  976,  18.618,        0.,        1.16,    0.03,       -1.16
  977,  18.638,        1.,        1.32,   -0.27,       -0.32
  978,  18.658,        0.,        1.44,   -0.38,       -1.44
  979,  18.678,        2.,        1.51,   -0.36,        0.49
  980,  18.698,        1.,        1.54,   -0.54,       -0.54
  981,  18.718,        2.,        1.50,   -0.51,        0.50
  982,  18.738,        2.,        1.42,   -0.52,        0.58
  983,  18.758,        1.,        1.29,   -0.24,       -0.29
  984,  18.778,        0.,        1.13,   -0.26,       -1.13
  985,  18.799,        1.,        0.95,   -0.10,        0.05
  986,  18.819,        0.,        0.77,   -0.16,       -0.77
  987,  18.839,        0.,        0.61,   -0.08,       -0.61
  988,  18.859,        0.,        0.46,   -0.08,       -0.46
  989,  18.879,        0.,        0.33,   -0.27,       -0.33
  990,  18.899,        0.,        0.23,   -0.25,       -0.23
  991,  18.919,        0.,        0.16,   -0.03,       -0.16
  992,  18.939,        0.,        0.10,    0.01,       -0.10
  993,  18.959,        1.,        0.06,    0.16,        0.94
  994,  18.979,        1.,        0.00,    0.30,        1.00
  995,  18.999,        0.,        0.00,    0.34,        0.00
  996,  19.019,        0.,        0.00,    0.37,        0.00
  997,  19.040,        1.,        0.00,    0.31,        1.00
  998,  19.060,        0.,        0.00,    0.34,        0.00
  999,  19.080,        1.,        0.00,    0.46,        1.00
 1000,  19.100,        0.,        0.00,    0.26,        0.00
 1001,  19.120,        0.,        0.00,    0.22,        0.00
 1002,  19.140,        0.,        0.00,    0.12,        0.00
 1003,  19.160,        0.,        0.00,    0.10,        0.00
 1004,  19.180,        0.,        0.00,   -0.14,        0.00
 1005,  19.200,        1.,        0.00,   -0.14,        1.00
 1006,  19.220,        0.,        0.00,   -0.21,        0.00
 1007,  19.240,        1.,        0.00,   -0.19,        1.00
 1008,  19.260,        0.,        0.00,   -0.01,        0.00
 1009,  19.281,        0.,        0.00,   -0.08,        0.00
 1010,  19.301,        0.,        0.00,    0.18,        0.00
 1011,  19.321,        0.,        0.02,    0.20,       -0.02
 1012,  19.341,        0.,        0.03,    0.13,       -0.03
 1013,  19.361,        0.,        0.04,    0.29,       -0.04
 1014,  19.381,        1.,        0.06,    0.11,        0.94
 1015,  19.401,        0.,        0.09,    0.17,       -0.09
 1016,  19.421,        1.,        0.12,    0.13,        0.88
 1017,  19.441,        0.,        0.17,   -0.10,       -0.17
 1018,  19.461,        0.,        0.22,   -0.22,       -0.22
 1019,  19.481,        1.,        0.27,   -0.21,        0.73
 1020,  19.501,        0.,        0.33,   -0.27,       -0.33
 1021,  19.522,        1.,        0.39,   -0.25,        0.61
 1022,  19.542,        0.,        0.44,   -0.30,       -0.44
 1023,  19.562,        0.,        0.48,   -0.33,       -0.48
 1024,  19.582,        0.,        0.51,   -0.13,       -0.51
 1025,  19.602,        0.,        0.52,    0.01,       -0.52
 1026,  19.622,        0.,        0.51,   -0.13,       -0.51
 1027,  19.642,        1.,        0.48,   -0.11,        0.52
 1028,  19.662,        0.,        0.44,   -0.15,       -0.44
 1029,  19.682,        1.,        0.39,   -0.17,        0.61
 1030,  19.702,        2.,        0.33,   -0.05,        1.67
 1031,  19.722,        1.,        0.27,    0.09,        0.73
 1032,  19.742,        0.,        0.22,    0.07,       -0.22
 1033,  19.763,        0.,        0.16,    0.20,       -0.16
 1034,  19.783,        0.,        0.12,    0.10,       -0.12
 1035,  19.803,        0.,        0.09,    0.21,       -0.09
 1036,  19.823,        0.,        0.06,    0.24,       -0.06
 1037,  19.843,        1.,        0.04,   -0.05,        0.96
 1038,  19.863,        0.,        0.02,   -0.04,       -0.02
 1039,  19.883,        0.,        0.00,    0.10,        0.00
 1040,  19.903,        0.,        0.00,    0.09,        0.00
 1041,  19.923,        0.,        0.00,    0.14,        0.00
 1042,  19.943,        1.,        0.00,    0.13,        1.00
 1043,  19.963,        0.,        0.00,    0.18,        0.00
 1044,  19.984,        1.,        0.00,    0.15,        1.00
 1045,  20.004,        1.,        0.00,    0.21,        1.00
 1046,  20.024,        0.,        0.00,    0.19,        0.00
 1047,  20.044,        0.,        0.00,    0.18,        0.00
 1048,  20.064,        0.,        0.00,    0.17,        0.00
 1049,  20.084,        0.,        0.00,    0.02,        0.00
 1050,  20.104,        0.,        0.00,    0.02,        0.00
 1051,  20.124,        0.,        0.00,   -0.06,        0.00
 1052,  20.144,        0.,        0.00,   -0.21,        0.00
 1053,  20.164,        0.,        0.00,   -0.21,        0.00
 1054,  20.184,        0.,        0.00,   -0.21,        0.00
 1055,  20.204,        0.,        0.00,   -0.21,        0.00
 1056,  20.225,        0.,        0.00,   -0.14,        0.00
 1057,  20.245,        0.,        0.00,   -0.14,        0.00
 1058,  20.265,        0.,        0.00,   -0.07,        0.00
 1059,  20.285,        0.,        0.00,    0.00,        0.00
 1060,  20.305,        0.,        0.00,    0.00,        0.00
 1061,  20.325,        0.,        0.00,    0.00,        0.00
 1062,  20.345,        0.,        0.00,    0.00,        0.00
 1063,  20.365,        0.,        0.00,    0.00,        0.00
 1064,  20.385,        0.,        0.00,    0.00,        0.00
 1065,  20.405,        0.,        0.00,   -0.07,        0.00
 1066,  20.425,        0.,        0.00,   -0.07,        0.00
 1067,  20.445,        0.,        0.00,   -0.07,        0.00
 1068,  20.466,        0.,        0.00,   -0.07,        0.00
 1069,  20.486,        0.,        0.00,   -0.07,        0.00
 1070,  20.506,        0.,        0.00,   -0.07,        0.00
 1071,  20.526,        0.,        0.00,   -0.07,        0.00
 1072,  20.546,        0.,        0.00,    0.08,        0.00
 1073,  20.566,        0.,        0.00,    0.08,        0.00
 1074,  20.586,        0.,        0.00,    0.08,        0.00
 1075,  20.606,        0.,        0.00,    0.08,        0.00
 1076,  20.626,        0.,        0.00,    0.08,        0.00
 1077,  20.646,        0.,        0.00,    0.08,        0.00
 1078,  20.666,        1.,        0.00,    0.08,        1.00
 1079,  20.686,        0.,        0.00,    0.08,        0.00
 1080,  20.707,        0.,        0.00,    0.08,        0.00
 1081,  20.727,        0.,        0.00,    0.08,        0.00
 1082,  20.747,        0.,        0.00,    0.08,        0.00
 1083,  20.767,        0.,        0.00,    0.08,        0.00
 1084,  20.787,        0.,        0.00,    0.08,        0.00
 1085,  20.807,        0.,        0.00,   -0.07,        0.00
 1086,  20.827,        0.,        0.00,   -0.14,        0.00
 1087,  20.847,        0.,        0.00,   -0.14,        0.00
 1088,  20.867,        0.,        0.00,   -0.14,        0.00
 1089,  20.887,        0.,        0.00,   -0.14,        0.00
 1090,  20.907,        0.,        0.00,   -0.14,        0.00
 1091,  20.927,        0.,        0.00,   -0.14,        0.00
 1092,  20.948,        0.,        0.00,   -0.07,        0.00
 1093,  20.968,        0.,        0.00,    0.08,        0.00
 1094,  20.988,        0.,        0.00,    0.08,        0.00
 1095,  21.008,        0.,        0.00,    0.08,        0.00
 1096,  21.028,        0.,        0.00,    0.08,        0.00
 1097,  21.048,        0.,        0.00,    0.08,        0.00
 1098,  21.068,        0.,        0.00,    0.08,        0.00
 1099,  21.088,        1.,        0.00,    0.08,        1.00
 1100,  21.108,        0.,        0.00,    0.08,        0.00
 1101,  21.128,        0.,        0.00,    0.08,        0.00
 1102,  21.148,        0.,        0.00,    0.08,        0.00
 1103,  21.169,        0.,        0.00,    0.08,        0.00
 1104,  21.189,        0.,        0.00,    0.08,        0.00
 1105,  21.209,        0.,        0.00,    0.08,        0.00
 1106,  21.229,        0.,        0.00,   -0.07,        0.00
 1107,  21.249,        0.,        0.00,   -0.07,        0.00
 1108,  21.269,        0.,        0.00,   -0.07,        0.00
 1109,  21.289,        0.,        0.00,   -0.07,        0.00
 1110,  21.309,        0.,        0.00,   -0.07,        0.00
 1111,  21.329,        0.,        0.00,   -0.07,        0.00
 1112,  21.349,        0.,        0.00,   -0.07,        0.00
 1113,  21.369,        0.,        0.00,    0.00,        0.00
 1114,  21.389,        0.,        0.00,    0.00,        0.00
 1115,  21.410,        0.,        0.00,    0.00,        0.00
 1116,  21.430,        0.,        0.00,   -0.07,        0.00
 1117,  21.450,        0.,        0.00,   -0.07,        0.00
 1118,  21.470,        0.,        0.00,   -0.07,        0.00
 1119,  21.490,        0.,        0.00,   -0.07,        0.00
 1120,  21.510,        0.,        0.00,   -0.07,        0.00
 1121,  21.530,        0.,        0.00,   -0.07,        0.00
 1122,  21.550,        0.,        0.00,   -0.07,        0.00
 1123,  21.570,        0.,        0.00,    0.08,        0.00
 1124,  21.590,        0.,        0.00,    0.08,        0.00
 1125,  21.610,        0.,        0.00,    0.08,        0.00
 1126,  21.630,        0.,        0.00,    0.08,        0.00
 1127,  21.651,        0.,        0.00,    0.08,        0.00
 1128,  21.671,        0.,        0.00,    0.08,        0.00
 1129,  21.691,        1.,        0.00,    0.08,        1.00
 1130,  21.711,        0.,        0.00,    0.08,        0.00
 1131,  21.731,        0.,        0.00,    0.08,        0.00
 1132,  21.751,        0.,        0.00,    0.08,        0.00
 1133,  21.771,        0.,        0.00,    0.08,        0.00
 1134,  21.791,        0.,        0.00,    0.08,        0.00
 1135,  21.811,        0.,        0.00,    0.08,        0.00
 1136,  21.831,        0.,        0.00,   -0.07,        0.00
 1137,  21.851,        0.,        0.00,   -0.07,        0.00
 1138,  21.871,        0.,        0.00,   -0.07,        0.00
 1139,  21.892,        0.,        0.00,   -0.07,        0.00
 1140,  21.912,        0.,        0.00,   -0.07,        0.00
 1141,  21.932,        0.,        0.00,   -0.07,        0.00
 1142,  21.952,        0.,        0.00,   -0.07,        0.00
 1143,  21.972,        0.,        0.00,    0.00,        0.00
 1144,  21.992,        0.,        0.00,    0.00,        0.00
 1145,  22.012,        0.,        0.00,    0.00,        0.00
 1146,  22.032,        0.,        0.00,    0.00,        0.00
 1147,  22.052,        0.,        0.00,    0.00,        0.00
 1148,  22.072,        0.,        0.00,    0.00,        0.00
 1149,  22.092,        0.,        0.00,    0.00,        0.00
 1150,  22.112,        0.,        0.00,    0.00,        0.00
 1151,  22.133,        0.,        0.00,    0.00,        0.00
 1152,  22.153,        0.,        0.00,    0.00,        0.00
 1153,  22.173,        0.,        0.00,    0.00,        0.00
 1154,  22.193,        0.,        0.00,    0.00,        0.00
 1155,  22.213,        0.,        0.00,    0.00,        0.00
 1156,  22.233,        0.,        0.00,    0.00,        0.00
 1157,  22.253,        0.,        0.00,    0.00,        0.00
 1158,  22.273,        0.,        0.00,    0.00,        0.00
 1159,  22.293,        0.,        0.00,    0.00,        0.00
 1160,  22.313,        0.,        0.00,    0.00,        0.00
 1161,  22.333,        0.,        0.00,    0.00,        0.00
 1162,  22.354,        0.,        0.00,    0.00,        0.00
 1163,  22.374,        0.,        0.00,    0.00,        0.00
 1164,  22.394,        0.,        0.00,    0.00,        0.00
 1165,  22.414,        0.,        0.00,    0.00,        0.00
 1166,  22.434,        0.,        0.00,    0.00,        0.00
 1167,  22.454,        0.,        0.00,   -0.07,        0.00
 1168,  22.474,        0.,        0.00,   -0.07,        0.00
 1169,  22.494,        0.,        0.00,   -0.07,        0.00
 1170,  22.514,        0.,        0.00,   -0.07,        0.00
 1171,  22.534,        0.,        0.00,   -0.07,        0.00
 1172,  22.554,        0.,        0.00,   -0.07,        0.00
 1173,  22.574,        0.,        0.00,   -0.07,        0.00
 1174,  22.595,        0.,        0.00,    0.08,        0.00
 1175,  22.615,        0.,        0.00,    0.08,        0.00
 1176,  22.635,        0.,        0.00,    0.08,        0.00
 1177,  22.655,        0.,        0.00,    0.08,        0.00
 1178,  22.675,        0.,        0.00,    0.08,        0.00
 1179,  22.695,        0.,        0.00,    0.08,        0.00
 1180,  22.715,        1.,        0.00,    0.08,        1.00
 1181,  22.735,        0.,        0.00,    0.08,        0.00
 1182,  22.755,        0.,        0.00,    0.08,        0.00
 1183,  22.775,        0.,        0.00,    0.08,        0.00
 1184,  22.795,        0.,        0.00,    0.01,        0.00
 1185,  22.815,        0.,        0.00,    0.01,        0.00
 1186,  22.836,        0.,        0.00,    0.01,        0.00
 1187,  22.856,        0.,        0.00,   -0.14,        0.00
 1188,  22.876,        0.,        0.00,   -0.14,        0.00
 1189,  22.896,        0.,        0.00,   -0.14,        0.00
 1190,  22.916,        0.,        0.00,   -0.14,        0.00
 1191,  22.936,        0.,        0.00,    0.01,        0.00
 1192,  22.956,        0.,        0.00,    0.01,        0.00
 1193,  22.976,        0.,        0.00,    0.01,        0.00
 1194,  22.996,        0.,        0.00,    0.08,        0.00
 1195,  23.016,        0.,        0.00,    0.08,        0.00
 1196,  23.036,        0.,        0.00,    0.08,        0.00
 1197,  23.056,        1.,        0.00,    0.08,        1.00
 1198,  23.077,        0.,        0.00,    0.08,        0.00
 1199,  23.097,        0.,        0.00,    0.08,        0.00
 1200,  23.117,        0.,        0.00,    0.08,        0.00
 1201,  23.137,        0.,        0.00,    0.08,        0.00
 1202,  23.157,        0.,        0.00,    0.08,        0.00
 1203,  23.177,        0.,        0.00,    0.08,        0.00
 1204,  23.197,        0.,        0.00,   -0.07,        0.00
 1205,  23.217,        0.,        0.00,   -0.07,        0.00
 1206,  23.237,        0.,        0.00,   -0.07,        0.00
 1207,  23.257,        0.,        0.00,   -0.07,        0.00
 1208,  23.277,        0.,        0.00,   -0.07,        0.00
 1209,  23.297,        0.,        0.00,   -0.07,        0.00
 1210,  23.318,        0.,        0.00,   -0.07,        0.00
 1211,  23.338,        0.,        0.00,    0.00,        0.00
 1212,  23.358,        0.,        0.00,    0.00,        0.00
 1213,  23.378,        0.,        0.00,    0.00,        0.00
 1214,  23.398,        0.,        0.00,    0.00,        0.00
 1215,  23.418,        0.,        0.00,    0.00,        0.00
 1216,  23.438,        0.,        0.00,    0.00,        0.00
 1217,  23.458,        0.,        0.00,    0.00,        0.00
 1218,  23.478,        0.,        0.00,    0.00,        0.00
 1219,  23.498,        0.,        0.00,   -0.07,        0.00
 1220,  23.518,        0.,        0.00,   -0.07,        0.00
 1221,  23.539,        0.,        0.00,   -0.07,        0.00
 1222,  23.559,        0.,        0.00,   -0.07,        0.00
 1223,  23.579,        0.,        0.00,   -0.07,        0.00
 1224,  23.599,        0.,        0.00,   -0.07,        0.00
 1225,  23.619,        0.,        0.00,   -0.07,        0.00
 1226,  23.639,        0.,        0.00,    0.08,        0.00
 1227,  23.659,        0.,        0.00,    0.08,        0.00
 1228,  23.679,        0.,        0.00,    0.08,        0.00
 1229,  23.699,        0.,        0.00,    0.08,        0.00
 1230,  23.719,        0.,        0.00,    0.08,        0.00
 1231,  23.739,        0.,        0.00,    0.08,        0.00
 1232,  23.759,        1.,        0.00,    0.08,        1.00
 1233,  23.780,        0.,        0.00,    0.08,        0.00
 1234,  23.800,        0.,        0.00,    0.07,        0.00
 1235,  23.820,        0.,        0.00,    0.07,        0.00
 1236,  23.840,        0.,        0.00,    0.07,        0.00
 1237,  23.860,        0.,        0.00,    0.07,        0.00
 1238,  23.880,        0.,        0.00,    0.07,        0.00
 1239,  23.900,        0.,        0.00,    0.07,        0.00
 1240,  23.920,        0.,        0.00,   -0.07,        0.00
 1241,  23.940,        0.,        0.00,   -0.07,        0.00
 1242,  23.960,        0.,        0.00,   -0.07,        0.00
 1243,  23.980,        0.,        0.00,   -0.07,        0.00
 1244,  24.000,        0.,        0.00,   -0.07,        0.00
 1245,  24.021,        0.,        0.00,   -0.07,        0.00
 1246,  24.041,        0.,        0.00,   -0.07,        0.00
 1247,  24.061,        0.,        0.00,    0.00,        0.00
 1248,  24.081,        0.,        0.00,    0.00,        0.00
 1249,  24.101,        0.,        0.00,    0.00,        0.00
 1250,  24.121,        0.,        0.00,    0.00,        0.00
 1251,  24.141,        0.,        0.00,    0.00,        0.00
 1252,  24.161,        0.,        0.00,    0.00,        0.00
 1253,  24.181,        0.,        0.00,    0.00,        0.00
 1254,  24.201,        0.,        0.00,    0.00,        0.00
 1255,  24.221,        0.,        0.00,    0.00,        0.00
 1256,  24.241,        0.,        0.00,    0.00,        0.00
 1257,  24.262,        0.,        0.00,    0.00,        0.00
 1258,  24.282,        0.,        0.00,    0.00,        0.00
 1259,  24.302,        0.,        0.00,    0.00,        0.00
 1260,  24.322,        0.,        0.00,    0.00,        0.00
 1261,  24.342,        0.,        0.00,    0.00,        0.00
 1262,  24.362,        0.,        0.00,    0.00,        0.00
 1263,  24.382,        0.,        0.00,   -0.07,        0.00
 1264,  24.402,        0.,        0.00,   -0.07,        0.00
 1265,  24.422,        0.,        0.00,   -0.07,        0.00
 1266,  24.442,        0.,        0.00,   -0.07,        0.00
 1267,  24.462,        0.,        0.00,   -0.07,        0.00
 1268,  24.482,        0.,        0.00,   -0.07,        0.00
 1269,  24.503,        0.,        0.00,   -0.07,        0.00
 1270,  24.523,        0.,        0.00,    0.07,        0.00
 1271,  24.543,        0.,        0.00,    0.07,        0.00
 1272,  24.563,        0.,        0.00,    0.07,        0.00
 1273,  24.583,        0.,        0.00,    0.07,        0.00
 1274,  24.603,        0.,        0.00,    0.07,        0.00
 1275,  24.623,        0.,        0.00,    0.07,        0.00
 1276,  24.643,        0.,        0.00,    0.07,        0.00
 1277,  24.663,        1.,        0.00,    0.07,        1.00
 1278,  24.683,        0.,        0.00,    0.07,        0.00
 1279,  24.703,        0.,        0.00,    0.07,        0.00
 1280,  24.724,        0.,        0.00,    0.07,        0.00
 1281,  24.744,        0.,        0.00,    0.07,        0.00
 1282,  24.764,        0.,        0.00,    0.07,        0.00
 1283,  24.784,        0.,        0.00,    0.07,        0.00
 1284,  24.804,        0.,        0.00,    0.07,        0.00
 1285,  24.824,        0.,        0.00,   -0.07,        0.00
 1286,  24.844,        0.,        0.00,   -0.07,        0.00
 1287,  24.864,        0.,        0.00,   -0.07,        0.00
 1288,  24.884,        0.,        0.00,   -0.07,        0.00
 1289,  24.904,        0.,        0.00,   -0.07,        0.00
 1290,  24.924,        0.,        0.00,   -0.07,        0.00
 1291,  24.944,        0.,        0.00,   -0.07,        0.00
 1292,  24.965,        0.,        0.00,    0.00,        0.00
 1293,  24.985,        0.,        0.00,    0.00,        0.00
 1294,  25.005,        0.,        0.00,    0.00,        0.00
 1295,  25.025,        0.,        0.00,    0.00,        0.00
 1296,  25.045,        0.,        0.00,    0.00,        0.00
 1297,  25.065,        0.,        0.00,    0.00,        0.00
 1298,  25.085,        0.,        0.00,    0.00,        0.00
 1299,  25.105,        0.,        0.00,    0.00,        0.00
 1300,  25.125,        0.,        0.00,    0.00,        0.00
