           1   42.79042    
           2   46.38369    
           3   49.99281    
           4   53.58438    
           5   57.12496    
           6   60.58176    
           7   63.92368    
           8   67.12193    
           9   70.15077    
          10   72.98788    
          11   75.61533    
          12   78.01926    
          13   80.19035    
          14   82.12385    
          15   83.81935    
          16   85.28053    
          17   86.51478    
          18   87.53275    
          19   88.34795    
          20   88.97593    
          21   89.43400    
          22   89.74040    
          23   89.91395    
          24   89.97341    
          25   89.93729    
          26   89.82310    
          27   89.64737    
          28   89.42521    
          29   89.17039    
          30   88.89503    
          31   88.60963    
          32   88.32304    
          33   88.04278    
          34   87.77477    
          35   87.52372    
          36   87.29317    
          37   87.08549    
          38   86.90239    
          39   86.74465    
          40   86.61253    
          41   86.50571    
          42   86.42347    
          43   86.36484    
          44   86.32850    
          45   86.31307    
          46   86.31686    
          47   86.33812    
          48   86.37508    
          49   86.42584    
          50   86.48848    
          51   86.56107    
          52   86.64159    
          53   86.72816    
          54   86.81870    
          55   86.91146    
          56   87.00443    
          57   87.09593    
          58   87.18416    
          59   87.26763    
          60   87.34492    
          61   87.41467    
          62   87.47578    
          63   87.52726    
          64   87.56836    
          65   87.59847    
          66   87.61719    
          67   87.62420    
          68   87.61950    
          69   87.60310    
          70   87.57532    
          71   87.53632    
          72   87.48653    
          73   87.42656    
          74   87.35680    
          75   87.27792    
          76   87.19040    
          77   87.09491    
          78   86.99203    
          79   86.88234    
          80   86.76631    
          81   86.64447    
          82   86.51727    
          83   86.38514    
          84   86.24844    
          85   86.10755    
          86   85.96269    
          87   85.81416    
          88   85.66214    
          89   85.50689    
          90   85.34843    
          91   85.18690    
          92   85.02242    
          93   84.85497    
          94   84.68456    
          95   84.51116    
          96   84.33479    
          97   84.15534    
          98   83.97282    
          99   83.78699    
         100   83.59793    
         101   83.40548    
         102   83.20959    
         103   83.01019    
         104   82.80722    
         105   82.60067    
         106   82.39044    
         107   82.17662    
         108   81.95918    
         109   81.73817    
         110   81.51365    
         111   81.28570    
         112   81.05439    
         113   80.81982    
         114   80.58215    
         115   80.34141    
         116   80.09779    
         117   79.85136    
         118   79.60233    
         119   79.35077    
         120   79.09682    
         121   78.84055    
         122   78.58212    
         123   78.32169    
         124   78.05933    
         125   77.79517    
         126   77.52931    
         127   77.26194    
         128   76.99313    
         129   76.72302    
         130   76.45175    
         131   76.17938    
         132   75.90606    
         133   75.63191    
         134   75.35706    
         135   75.08150    
         136   74.80537    
         137   74.52880    
         138   74.25179    
         139   73.97441    
         140   73.69680    
         141   73.41891    
         142   73.14080    
         143   72.86247    
         144   72.58401    
         145   72.30545    
         146   72.02681    
         147   71.74805    
         148   71.46930    
         149   71.19051    
         150   70.91179    
         151   70.63313    
         152   70.35456    
         153   70.07616    
         154   69.79792    
         155   69.51993    
         156   69.24218    
         157   68.96476    
         158   68.68764    
         159   68.41085    
         160   68.13440    
         161   67.85835    
         162   67.58266    
         163   67.30733    
         164   67.03239    
         165   66.75780    
         166   66.48351    
         167   66.20953    
         168   65.93581    
         169   65.66238    
         170   65.38921    
         171   65.11624    
         172   64.84347    
         173   64.57092    
         174   64.29852    
         175   64.02637    
         176   63.75438    
         177   63.48262    
         178   63.21110    
         179   62.93982    
         180   62.66881    
         181   62.39808    
         182   62.12766    
         183   61.85760    
         184   61.58789    
         185   61.31858    
         186   61.04963    
         187   60.78110    
         188   60.51299    
         189   60.24532    
         190   59.97809    
         191   59.71129    
         192   59.44494    
         193   59.17904    
         194   58.91353    
         195   58.64848    
         196   58.38383    
         197   58.11963    
         198   57.85583    
         199   57.59246    
         200   57.32948    
         201   57.06689    
         202   56.80472    
         203   56.54293    
         204   56.28152    
         205   56.02050    
         206   55.75985    
         207   55.49957    
         208   55.23965    
         209   54.98011    
         210   54.72092    
         211   54.46204    
         212   54.20354    
         213   53.94536    
         214   53.68748    
         215   53.42996    
         216   53.17272    
         217   52.91578    
         218   52.65912    
         219   52.40275    
         220   52.14666    
         221   51.89083    
         222   51.63524    
         223   51.37992    
         224   51.12484    
         225   50.86999    
         226   50.61541    
         227   50.36108    
         228   50.10704    
         229   49.85327    
         230   49.59982    
         231   49.34670    
         232   49.09394    
         233   48.84155    
         234   48.58957    
         235   48.33803    
         236   48.08689    
         237   47.83624    
         238   47.58605    
         239   47.33634    
         240   47.08710    
         241   46.83837    
         242   46.59009    
         243   46.34229    
         244   46.09493    
         245   45.84803    
         246   45.60154    
         247   45.35548    
         248   45.10982    
         249   44.86455    
         250   44.61966    
         251   44.37518    
         252   44.13105    
         253   43.88731    
         254   43.64396    
         255   43.40099    
         256   43.15842    
         257   42.91624    
         258   42.67449    
         259   42.43316    
         260   42.19223    
         261   41.95173    
         262   41.71169    
         263   41.47205    
         264   41.23284    
         265   40.99405    
         266   40.75570    
         267   40.51777    
         268   40.28022    
         269   40.04312    
         270   39.80645    
         271   39.57018    
         272   39.33434    
         273   39.09895    
         274   38.86395    
         275   38.62941    
         276   38.39529    
         277   38.16162    
         278   37.92837    
         279   37.69558    
         280   37.46322    
         281   37.23129    
         282   36.99978    
         283   36.76869    
         284   36.53802    
         285   36.30772    
         286   36.07784    
         287   35.84832    
         288   35.61919    
         289   35.39042    
         290   35.16205    
         291   34.93401    
         292   34.70634    
         293   34.47903    
         294   34.25209    
         295   34.02550    
         296   33.79927    
         297   33.57338    
         298   33.34788    
         299   33.12274    
         300   32.89797    
         301   32.67356    
         302   32.44953    
         303   32.22586    
         304   32.00257    
         305   31.77962    
         306   31.55706    
         307   31.33485    
         308   31.11301    
         309   30.89152    
         310   30.67038    
         311   30.44959    
         312   30.22914    
         313   30.00905    
         314   29.78929    
         315   29.56988    
         316   29.35081    
         317   29.13211    
         318   28.91376    
         319   28.69580    
         320   28.47823    
         321   28.26107    
         322   28.04434    
         323   27.82805    
         324   27.61221    
         325   27.39686    
         326   27.18198    
         327   26.96758    
         328   26.75368    
         329   26.54025    
         330   26.32732    
         331   26.11483    
         332   25.90279    
         333   25.69120    
         334   25.48002    
         335   25.26925    
         336   25.05888    
         337   24.84890    
         338   24.63932    
         339   24.43014    
         340   24.22135    
         341   24.01299    
         342   23.80504    
         343   23.59752    
         344   23.39046    
         345   23.18385    
         346   22.97771    
         347   22.77203    
         348   22.56682    
         349   22.36208    
         350   22.15782    
         351   21.95402    
         352   21.75071    
         353   21.54789    
         354   21.34558    
         355   21.14378    
         356   20.94251    
         357   20.74180    
         358   20.54167    
         359   20.34212    
         360   20.14318    
         361   19.94485    
         362   19.74716    
         363   19.55009    
         364   19.35366    
         365   19.15784    
         366   18.96264    
         367   18.76805    
         368   18.57402    
         369   18.38057    
         370   18.18766    
         371   17.99525    
         372   17.80335    
         373   17.61191    
         374   17.42090    
         375   17.23030    
         376   17.04009    
         377   16.85024    
         378   16.66075    
         379   16.47160    
         380   16.28279    
         381   16.09432    
         382   15.90622    
         383   15.71847    
         384   15.53111    
         385   15.34418    
         386   15.15769    
         387   14.97167    
         388   14.78616    
         389   14.60117    
         390   14.41672    
         391   14.23285    
         392   14.04958    
         393   13.86693    
         394   13.68492    
         395   13.50357    
         396   13.32293    
         397   13.14303    
         398   12.96390    
         399   12.78561    
         400   12.60818    
         401   12.43170    
         402   12.25622    
         403   12.08179    
         404   11.90848    
         405   11.73635    
         406   11.56545    
         407   11.39585    
         408   11.22757    
         409   11.06069    
         410   10.89522    
         411   10.73122    
         412   10.56870    
         413   10.40768    
         414   10.24817    
         415   10.09015    
         416   9.933614    
         417   9.778517    
         418   9.624795    
         419   9.472365    
         420   9.321110    
         421   9.170895    
         422   9.021557    
         423   8.872912    
         424   8.724757    
         425   8.576876    
         426   8.429049    
         427   8.281068    
         428   8.132733    
         429   7.983882    
         430   7.834376    
         431   7.684124    
         432   7.533079    
         433   7.381252    
         434   7.228705    
         435   7.075551    
         436   6.921947    
         437   6.768086    
         438   6.614196    
         439   6.460518    
         440   6.307302    
         441   6.154795    
         442   6.003237    
         443   5.852835    
         444   5.703784    
         445   5.556233    
         446   5.410309    
         447   5.266098    
         448   5.123663    
         449   4.983036    
         450   4.844226    
         451   4.707227    
         452   4.572021    
         453   4.438589    
         454   4.306903    
         455   4.176939    
         456   4.048681    
         457   3.922109    
         458   3.797216    
         459   3.673994    
         460   3.552438    
         461   3.432542    
         462   3.314301    
         463   3.197710    
         464   3.082755    
         465   2.969427    
         466   2.857712    
         467   2.747597    
         468   2.639073    
         469   2.532130    
         470   2.426767    
         471   2.322991    
         472   2.220815    
         473   2.120261    
         474   2.021364    
         475   1.924163    
         476   1.828707    
         477   1.735052    
         478   1.643255    
         479   1.553378    
         480   1.465484    
         481   1.379637    
         482   1.295898    
         483   1.214331    
         484   1.134996    
         485   1.057957    
         486  0.9832802    
         487  0.9110330    
         488  0.8412877    
         489  0.7741209    
         490  0.7096151    
         491  0.6478547    
         492  0.5889277    
         493  0.5329195    
         494  0.4799124    
         495  0.4299799    
         496  0.3831830    
         497  0.3395662    
         498  0.2991529    
         499  0.2619428    
         500  0.2279090    
         501  0.1969973    
         502  0.1691254    
         503  0.1441844    
         504  0.1220404    
         505  0.1025381    
         506  8.5504360E-02
         507  7.0752576E-02
         508  5.8087353E-02
         509  4.7309086E-02
         510  3.8218483E-02
         511  3.0620642E-02
         512  2.4328537E-02
         513  1.9165941E-02
         514  1.4969126E-02
         515  1.1590248E-02
         516  8.8953106E-03
         517  6.7663323E-03
         518  5.1005716E-03
         519  3.8098055E-03
         520  2.8193346E-03
         521  2.0667326E-03
         522  1.5005224E-03
         523  1.0787963E-03
         524  7.6786504E-04
         525  5.4097630E-04
         526  3.7714798E-04
         527  2.6011610E-04
         528  1.7742765E-04
         529  1.1965549E-04
         530  7.9756872E-05
         531  5.2524876E-05
         532  3.4162458E-05
         533  2.1935957E-05
         534  1.3900099E-05
         535  8.6889622E-06
         536  5.3556814E-06
         537  3.2529729E-06
         538  1.9454869E-06
         539  1.1452519E-06
         540  6.6321303E-07
         541  3.7756274E-07
         542  2.0517054E-07
         543  1.1173461E-07
         544  5.9363849E-08
         545  3.0606142E-08
         546  1.5281788E-08
         547  7.3386843E-09
         548  3.2908467E-09
         549  1.3472297E-09
         550  4.5603082E-10
         551  1.1729759E-10
         552  7.1924142E-12
         553  0.0000000E+00
         554  0.0000000E+00
         555  0.0000000E+00
         556  0.0000000E+00
         557  0.0000000E+00
         558  0.0000000E+00
         559  0.0000000E+00
         560  0.0000000E+00
         561  0.0000000E+00
         562  0.0000000E+00
         563  0.0000000E+00
         564  0.0000000E+00
         565  0.0000000E+00
         566  0.0000000E+00
         567  0.0000000E+00
         568  0.0000000E+00
         569  0.0000000E+00
         570  0.0000000E+00
         571  0.0000000E+00
         572  0.0000000E+00
         573  0.0000000E+00
         574  0.0000000E+00
         575  0.0000000E+00
         576  0.0000000E+00
         577  0.0000000E+00
         578  0.0000000E+00
         579  0.0000000E+00
         580  0.0000000E+00
         581  0.0000000E+00
         582  0.0000000E+00
         583  0.0000000E+00
         584  0.0000000E+00
         585  0.0000000E+00
         586  0.0000000E+00
         587  0.0000000E+00
         588  0.0000000E+00
         589  0.0000000E+00
         590  0.0000000E+00
         591  0.0000000E+00
         592  0.0000000E+00
         593  0.0000000E+00
         594  0.0000000E+00
         595  0.0000000E+00
         596  0.0000000E+00
         597  0.0000000E+00
         598  0.0000000E+00
         599  0.0000000E+00
         600  0.0000000E+00
         601  0.0000000E+00
         602  0.0000000E+00
         603  0.0000000E+00
         604  0.0000000E+00
         605  0.0000000E+00
         606  0.0000000E+00
         607  0.0000000E+00
         608  0.0000000E+00
         609  0.0000000E+00
         610  0.0000000E+00
         611  0.0000000E+00
         612  0.0000000E+00
         613  0.0000000E+00
         614  0.0000000E+00
         615  0.0000000E+00
         616  0.0000000E+00
         617  0.0000000E+00
         618  0.0000000E+00
         619  0.0000000E+00
         620  0.0000000E+00
         621  0.0000000E+00
         622  0.0000000E+00
         623  0.0000000E+00
         624  0.0000000E+00
         625  0.0000000E+00
         626  0.0000000E+00
         627  0.0000000E+00
         628  0.0000000E+00
         629  0.0000000E+00
         630  0.0000000E+00
         631  0.0000000E+00
         632  0.0000000E+00
         633  0.0000000E+00
         634  0.0000000E+00
         635  0.0000000E+00
         636  0.0000000E+00
         637  0.0000000E+00
         638  0.0000000E+00
         639  0.0000000E+00
         640  0.0000000E+00
         641  0.0000000E+00
         642  0.0000000E+00
         643  0.0000000E+00
         644  0.0000000E+00
         645  0.0000000E+00
         646  0.0000000E+00
         647  0.0000000E+00
         648  0.0000000E+00
         649  0.0000000E+00
         650  0.0000000E+00
         651  0.0000000E+00
         652  0.0000000E+00
         653  0.0000000E+00
         654  0.0000000E+00
         655  0.0000000E+00
         656  0.0000000E+00
         657  0.0000000E+00
         658  0.0000000E+00
         659  0.0000000E+00
         660  0.0000000E+00
         661  0.0000000E+00
         662  0.0000000E+00
         663  0.0000000E+00
         664  0.0000000E+00
         665  0.0000000E+00
         666  0.0000000E+00
         667  0.0000000E+00
         668  0.0000000E+00
         669  0.0000000E+00
         670  0.0000000E+00
         671  0.0000000E+00
         672  0.0000000E+00
         673  0.0000000E+00
         674  0.0000000E+00
         675  0.0000000E+00
         676  0.0000000E+00
         677  0.0000000E+00
         678  0.0000000E+00
         679  0.0000000E+00
         680  0.0000000E+00
         681  0.0000000E+00
         682  0.0000000E+00
         683  0.0000000E+00
         684  0.0000000E+00
         685  0.0000000E+00
         686  0.0000000E+00
         687  0.0000000E+00
         688  0.0000000E+00
         689  0.0000000E+00
         690  0.0000000E+00
         691  0.0000000E+00
         692  0.0000000E+00
         693  0.0000000E+00
         694  0.0000000E+00
         695  0.0000000E+00
         696  0.0000000E+00
         697  0.0000000E+00
         698  0.0000000E+00
         699  0.0000000E+00
         700  0.0000000E+00
         701  0.0000000E+00
         702  0.0000000E+00
         703  0.0000000E+00
         704  0.0000000E+00
         705  0.0000000E+00
         706  0.0000000E+00
         707  0.0000000E+00
         708  0.0000000E+00
         709  0.0000000E+00
         710  0.0000000E+00
         711  0.0000000E+00
         712  0.0000000E+00
         713  0.0000000E+00
         714  0.0000000E+00
         715  0.0000000E+00
         716  0.0000000E+00
         717  0.0000000E+00
         718  0.0000000E+00
         719  0.0000000E+00
         720  0.0000000E+00
         721  0.0000000E+00
         722  0.0000000E+00
         723  0.0000000E+00
         724  0.0000000E+00
         725  0.0000000E+00
         726  0.0000000E+00
         727  0.0000000E+00
         728  0.0000000E+00
         729  0.0000000E+00
         730  0.0000000E+00
         731  0.0000000E+00
         732  0.0000000E+00
         733  0.0000000E+00
         734  0.0000000E+00
         735  0.0000000E+00
         736  0.0000000E+00
         737  0.0000000E+00
         738  0.0000000E+00
         739  0.0000000E+00
         740  0.0000000E+00
         741  0.0000000E+00
         742  0.0000000E+00
         743  0.0000000E+00
         744  0.0000000E+00
         745  0.0000000E+00
         746  0.0000000E+00
         747  0.0000000E+00
         748  0.0000000E+00
         749  0.0000000E+00
         750  0.0000000E+00
         751  0.0000000E+00
         752  0.0000000E+00
         753  0.0000000E+00
         754  0.0000000E+00
         755  0.0000000E+00
         756  0.0000000E+00
         757  0.0000000E+00
         758  0.0000000E+00
         759  0.0000000E+00
         760  0.0000000E+00
         761  0.0000000E+00
         762  0.0000000E+00
         763  0.0000000E+00
         764  0.0000000E+00
         765  0.0000000E+00
         766  0.0000000E+00
         767  0.0000000E+00
         768  0.0000000E+00
         769  0.0000000E+00
         770  0.0000000E+00
         771  0.0000000E+00
         772  0.0000000E+00
         773  0.0000000E+00
         774  0.0000000E+00
         775  0.0000000E+00
         776  0.0000000E+00
         777  0.0000000E+00
         778  0.0000000E+00
         779  0.0000000E+00
         780  0.0000000E+00
         781  0.0000000E+00
         782  0.0000000E+00
         783  0.0000000E+00
         784  0.0000000E+00
         785  0.0000000E+00
         786  0.0000000E+00
         787  0.0000000E+00
         788  0.0000000E+00
         789  0.0000000E+00
         790  0.0000000E+00
         791  0.0000000E+00
         792  0.0000000E+00
         793  0.0000000E+00
         794  0.0000000E+00
         795  0.0000000E+00
         796  0.0000000E+00
         797  0.0000000E+00
         798  0.0000000E+00
         799  0.0000000E+00
         800  0.0000000E+00
         801  0.0000000E+00
         802  0.0000000E+00
         803  0.0000000E+00
         804  0.0000000E+00
         805  0.0000000E+00
         806  0.0000000E+00
         807  0.0000000E+00
         808  0.0000000E+00
         809  0.0000000E+00
         810  0.0000000E+00
         811  0.0000000E+00
         812  0.0000000E+00
         813  0.0000000E+00
         814  0.0000000E+00
         815  0.0000000E+00
         816  0.0000000E+00
         817  0.0000000E+00
         818  0.0000000E+00
         819  0.0000000E+00
         820  0.0000000E+00
         821  0.0000000E+00
         822  0.0000000E+00
         823  0.0000000E+00
         824  0.0000000E+00
         825  0.0000000E+00
         826  0.0000000E+00
         827  0.0000000E+00
         828  0.0000000E+00
         829  0.0000000E+00
         830  0.0000000E+00
         831  0.0000000E+00
         832  0.0000000E+00
         833  0.0000000E+00
         834  0.0000000E+00
         835  0.0000000E+00
         836  0.0000000E+00
         837  0.0000000E+00
         838  0.0000000E+00
         839  0.0000000E+00
         840  0.0000000E+00
         841  0.0000000E+00
         842  0.0000000E+00
         843  0.0000000E+00
         844  0.0000000E+00
         845  0.0000000E+00
         846  0.0000000E+00
         847  0.0000000E+00
         848  0.0000000E+00
         849  0.0000000E+00
         850  0.0000000E+00
         851  0.0000000E+00
         852  0.0000000E+00
         853  0.0000000E+00
         854  0.0000000E+00
         855  0.0000000E+00
         856  0.0000000E+00
         857  0.0000000E+00
         858  0.0000000E+00
         859  0.0000000E+00
         860  0.0000000E+00
         861  0.0000000E+00
         862  0.0000000E+00
         863  0.0000000E+00
         864  0.0000000E+00
         865  0.0000000E+00
         866  0.0000000E+00
         867  0.0000000E+00
         868  0.0000000E+00
         869  0.0000000E+00
         870  0.0000000E+00
         871  0.0000000E+00
         872  0.0000000E+00
         873  0.0000000E+00
         874  0.0000000E+00
         875  0.0000000E+00
         876  0.0000000E+00
         877  0.0000000E+00
         878  0.0000000E+00
         879  0.0000000E+00
         880  0.0000000E+00
         881  0.0000000E+00
         882  0.0000000E+00
         883  0.0000000E+00
         884  0.0000000E+00
         885  0.0000000E+00
         886  0.0000000E+00
         887  0.0000000E+00
         888  0.0000000E+00
         889  0.0000000E+00
         890  0.0000000E+00
         891  0.0000000E+00
         892  0.0000000E+00
         893  0.0000000E+00
         894  0.0000000E+00
         895  0.0000000E+00
         896  0.0000000E+00
         897  0.0000000E+00
         898  0.0000000E+00
         899  0.0000000E+00
         900  0.0000000E+00
         901  0.0000000E+00
         902  0.0000000E+00
         903  0.0000000E+00
         904  0.0000000E+00
         905  0.0000000E+00
         906  0.0000000E+00
         907  0.0000000E+00
         908  0.0000000E+00
         909  0.0000000E+00
         910  0.0000000E+00
         911  0.0000000E+00
         912  0.0000000E+00
         913  0.0000000E+00
         914  0.0000000E+00
         915  0.0000000E+00
         916  0.0000000E+00
         917  0.0000000E+00
         918  0.0000000E+00
         919  0.0000000E+00
         920  0.0000000E+00
         921  0.0000000E+00
         922  0.0000000E+00
         923  0.0000000E+00
         924  0.0000000E+00
         925  0.0000000E+00
         926  0.0000000E+00
         927  0.0000000E+00
         928  0.0000000E+00
         929  0.0000000E+00
         930  0.0000000E+00
         931  0.0000000E+00
         932  0.0000000E+00
         933  0.0000000E+00
         934  0.0000000E+00
         935  0.0000000E+00
         936  0.0000000E+00
         937  0.0000000E+00
         938  0.0000000E+00
         939  0.0000000E+00
         940  0.0000000E+00
         941  0.0000000E+00
         942  0.0000000E+00
         943  0.0000000E+00
         944  0.0000000E+00
         945  0.0000000E+00
         946  0.0000000E+00
         947  0.0000000E+00
         948  0.0000000E+00
         949  0.0000000E+00
         950  0.0000000E+00
         951  0.0000000E+00
         952  0.0000000E+00
         953  0.0000000E+00
         954  0.0000000E+00
         955  0.0000000E+00
         956  0.0000000E+00
         957  0.0000000E+00
         958  0.0000000E+00
         959  0.0000000E+00
         960  0.0000000E+00
         961  0.0000000E+00
         962  0.0000000E+00
         963  0.0000000E+00
         964  0.0000000E+00
         965  0.0000000E+00
         966  0.0000000E+00
         967  0.0000000E+00
         968  0.0000000E+00
         969  0.0000000E+00
         970  0.0000000E+00
         971  0.0000000E+00
         972  0.0000000E+00
         973  0.0000000E+00
         974  0.0000000E+00
         975  0.0000000E+00
         976  0.0000000E+00
         977  0.0000000E+00
         978  0.0000000E+00
         979  0.0000000E+00
         980  0.0000000E+00
         981  0.0000000E+00
         982  0.0000000E+00
         983  0.0000000E+00
         984  0.0000000E+00
         985  0.0000000E+00
         986  0.0000000E+00
         987  0.0000000E+00
         988  0.0000000E+00
         989  0.0000000E+00
         990  0.0000000E+00
         991  0.0000000E+00
         992  0.0000000E+00
         993  0.0000000E+00
         994  0.0000000E+00
         995  0.0000000E+00
         996  0.0000000E+00
         997  0.0000000E+00
         998  0.0000000E+00
         999  0.0000000E+00
        1000  0.0000000E+00
        1001  0.0000000E+00
        1002  0.0000000E+00
        1003  0.0000000E+00
        1004  0.0000000E+00
        1005  0.0000000E+00
        1006  0.0000000E+00
        1007  0.0000000E+00
        1008  0.0000000E+00
        1009  0.0000000E+00
        1010  0.0000000E+00
        1011  0.0000000E+00
        1012  0.0000000E+00
        1013  0.0000000E+00
        1014  0.0000000E+00
        1015  0.0000000E+00
        1016  0.0000000E+00
        1017  0.0000000E+00
        1018  0.0000000E+00
        1019  0.0000000E+00
        1020  0.0000000E+00
        1021  0.0000000E+00
        1022  0.0000000E+00
        1023  0.0000000E+00
        1024  0.0000000E+00
