           0
 F
           0
 F
           4
  1.2000000E-06
  0.0000000E+00
   1.900000    
  0.2000000    
   1.200000    
           2
   1000.000    
  0.0000000E+00
 F
  0.0000000E+00
   162.0000    
        1024
  0.0000000E+00   3.517200       95.18100    
  0.0000000E+00  0.0000000E+00  0.0000000E+00  0.1620000E+03  0.1620000E+03
 -0.1543605E+01  0.0000000E+00 -0.1543605E+01  0.6254361E+02  0.6254361E+02
  0.0000000E+00  0.0000000E+00  0.0000000E+00  0.7800000E+02  0.7800000E+02
  0.0000000E+00  0.0000000E+00  0.0000000E+00  0.3100000E+02  0.3100000E+02
 -0.1543604E+01  0.0000000E+00 -0.1543604E+01  0.5354361E+02  0.5354361E+02
 -0.1543604E+01  0.0000000E+00 -0.1543604E+01  0.2154360E+02  0.2154360E+02
 -0.1576371E+01  0.0000000E+00 -0.1587744E+01  0.3257637E+02  0.3257637E+02
 -0.1641904E+01  0.0000000E+00 -0.1676024E+01  0.2864190E+02  0.2864190E+02
 -0.1707437E+01  0.9098672E-01 -0.1764304E+01  0.4670744E+02  0.4670744E+02
 -0.1772970E+01  0.9098672E-01 -0.1852584E+01  0.4077297E+02  0.4077297E+02
 -0.1671816E+01  0.1090606E+00 -0.1780876E+01  0.4967181E+02  0.4967181E+02
 -0.1403973E+01  0.1452083E+00 -0.1549181E+01  0.2840397E+02  0.2840397E+02
 -0.1136131E+01  0.1813561E+00 -0.1317487E+01  0.2813613E+02  0.2813613E+02
 -0.8682885E+00  0.2175038E+00 -0.1085792E+01  0.1786829E+02  0.1786829E+02
 -0.8062893E+00  0.2451282E+00 -0.1051417E+01  0.2180629E+02  0.2180629E+02
 -0.9501333E+00  0.2642291E+00 -0.1214363E+01  0.1695013E+02  0.1695013E+02
 -0.1093977E+01  0.2833302E+00 -0.1377308E+01  0.4509398E+02  0.4509398E+02
 -0.1237821E+01  0.3024311E+00 -0.1540252E+01  0.3423782E+02  0.3423782E+02
 -0.1260773E+01  0.3208513E+00 -0.1581624E+01  0.2626077E+02  0.2626077E+02
 -0.1162832E+01  0.3385907E+00 -0.1501423E+01  0.3416283E+02  0.3416283E+02
 -0.1064892E+01  0.3563300E+00 -0.1421222E+01  0.3606489E+02  0.3606489E+02
 -0.9669511E+00  0.3740693E+00 -0.1341020E+01  0.3496695E+02  0.3496695E+02
 -0.9055588E+00  0.3897097E+00 -0.1295269E+01  0.2690556E+02  0.2690556E+02
 -0.8807148E+00  0.4032513E+00 -0.1283966E+01  0.1388071E+02  0.1388071E+02
 -0.8558708E+00  0.4167927E+00 -0.1272663E+01  0.2785587E+02  0.2785587E+02
 -0.8310269E+00  0.4303342E+00 -0.1261361E+01  0.2283103E+02  0.2283103E+02
 -0.7854883E+00  0.4418055E+00 -0.1227294E+01  0.2878549E+02  0.2878549E+02
 -0.7192552E+00  0.4512066E+00 -0.1170462E+01  0.2771926E+02  0.2771926E+02
 -0.6530221E+00  0.4606076E+00 -0.1113630E+01  0.2365302E+02  0.2365302E+02
 -0.5867891E+00  0.4700087E+00 -0.1056798E+01  0.1958679E+02  0.1958679E+02
 -0.6291757E+00  0.4766948E+00 -0.1105870E+01  0.1562918E+02  0.1562918E+02
 -0.7801821E+00  0.4806660E+00 -0.1260848E+01  0.2878018E+02  0.2878018E+02
 -0.9311884E+00  0.4846371E+00 -0.1415825E+01  0.5493119E+02  0.5493119E+02
 -0.1082195E+01  0.4886083E+00 -0.1570803E+01  0.2408220E+02  0.2408220E+02
 -0.1016457E+01  0.4971153E+00 -0.1513573E+01  0.3601646E+02  0.3601646E+02
 -0.7339766E+00  0.5101582E+00 -0.1244135E+01  0.2473398E+02  0.2473398E+02
 -0.4514957E+00  0.5232010E+00 -0.9746968E+00  0.1845150E+02  0.1845150E+02
 -0.1690148E+00  0.5362439E+00 -0.7052588E+00  0.1016901E+02  0.1016901E+02
 -0.9754135E-01  0.5414743E+00 -0.6390157E+00  0.7097541E+01  0.7097541E+01
 -0.2370753E+00  0.5388922E+00 -0.7759675E+00  0.1223707E+02  0.1223707E+02
 -0.3766093E+00  0.5363100E+00 -0.9129193E+00  0.2937661E+02  0.2937661E+02
 -0.5161432E+00  0.5337279E+00 -0.1049871E+01  0.2451614E+02  0.2451614E+02
 -0.5642290E+00  0.5329906E+00 -0.1097220E+01  0.2256423E+02  0.2256423E+02
 -0.5208667E+00  0.5340980E+00 -0.1054965E+01  0.1752087E+02  0.1752087E+02
 -0.4775043E+00  0.5352055E+00 -0.1012710E+01  0.2147750E+02  0.2147750E+02
 -0.4341420E+00  0.5363129E+00 -0.9704550E+00  0.2543414E+02  0.2543414E+02
 -0.4510598E+00  0.5379909E+00 -0.9890508E+00  0.2145106E+02  0.2145106E+02
 -0.5282578E+00  0.5402394E+00 -0.1068497E+01  0.1152826E+02  0.1152826E+02
 -0.6054559E+00  0.5424879E+00 -0.1147944E+01  0.3360546E+02  0.3360546E+02
 -0.6826540E+00  0.5447363E+00 -0.1227390E+01  0.2868265E+02  0.2868265E+02
 -0.7084715E+00  0.5496603E+00 -0.1258132E+01  0.2970847E+02  0.2970847E+02
 -0.6829084E+00  0.5572598E+00 -0.1240168E+01  0.1468291E+02  0.1468291E+02
 -0.6573454E+00  0.5648593E+00 -0.1222205E+01  0.1965734E+02  0.1965734E+02
 -0.6317824E+00  0.5724587E+00 -0.1204241E+01  0.1163178E+02  0.1163178E+02
 -0.1177132E+02  0.5798211E+00 -0.1235114E+02  0.3377132E+02  0.3377132E+02
 -0.3407597E+02  0.5869462E+00 -0.3466291E+02  0.8007597E+02  0.8007597E+02
 -0.5638062E+02  0.5940714E+00 -0.5697469E+02  0.1343806E+03  0.1343806E+03
 -0.7868526E+02  0.6011966E+00 -0.7928646E+02  0.1368685E+04  0.1368685E+04
 -0.9411407E+02  0.1424690E+01 -0.9553876E+02  0.3165114E+04  0.3165114E+04
 -0.1026670E+03  0.3064552E+01 -0.1057316E+03  0.3072667E+04  0.3072667E+04
 -0.1112200E+03  0.4704414E+01 -0.1159244E+03  0.3019220E+04  0.3019220E+04
 -0.1197730E+03  0.6344276E+01 -0.1261173E+03  0.2832773E+04  0.2832773E+04
 -0.1210097E+03  0.8475330E+01 -0.1294850E+03  0.2640010E+04  0.2640010E+04
 -0.1149300E+03  0.1109758E+02 -0.1260276E+03  0.2714930E+04  0.2714930E+04
 -0.1088503E+03  0.1371983E+02 -0.1225702E+03  0.2613850E+04  0.2613850E+04
 -0.1027707E+03  0.1634207E+02 -0.1191127E+03  0.2423771E+04  0.2423771E+04
 -0.9814893E+02  0.1866682E+02 -0.1168158E+03  0.2463149E+04  0.2463149E+04
 -0.9498515E+02  0.2069407E+02 -0.1156792E+03  0.2504985E+04  0.2504985E+04
 -0.9182137E+02  0.2272133E+02 -0.1145427E+03  0.2722821E+04  0.2722821E+04
 -0.8865758E+02  0.2474858E+02 -0.1134062E+03  0.2471657E+04  0.2471657E+04
 -0.8609583E+02  0.2645379E+02 -0.1125496E+03  0.2273096E+04  0.2273096E+04
 -0.8413614E+02  0.2783696E+02 -0.1119731E+03  0.2106136E+04  0.2106136E+04
 -0.8217645E+02  0.2922013E+02 -0.1113966E+03  0.2192177E+04  0.2192177E+04
 -0.8021675E+02  0.3060330E+02 -0.1108200E+03  0.2318217E+04  0.2318217E+04
 -0.7887854E+02  0.3182197E+02 -0.1107005E+03  0.2408878E+04  0.2408878E+04
 -0.7816181E+02  0.3287613E+02 -0.1110379E+03  0.2429162E+04  0.2429162E+04
 -0.7744508E+02  0.3393030E+02 -0.1113754E+03  0.2474445E+04  0.2474445E+04
 -0.7672836E+02  0.3498447E+02 -0.1117128E+03  0.2400728E+04  0.2400728E+04
 -0.7535421E+02  0.3597539E+02 -0.1113296E+03  0.2286354E+04  0.2286354E+04
 -0.7332263E+02  0.3690306E+02 -0.1102257E+03  0.2275323E+04  0.2275323E+04
 -0.7129105E+02  0.3783073E+02 -0.1091218E+03  0.2193291E+04  0.2193291E+04
 -0.6925948E+02  0.3875840E+02 -0.1080179E+03  0.2278260E+04  0.2278260E+04
 -0.6853751E+02  0.3959561E+02 -0.1081331E+03  0.2291538E+04  0.2291538E+04
 -0.6912515E+02  0.4034235E+02 -0.1094675E+03  0.2284125E+04  0.2284125E+04
 -0.6971280E+02  0.4108909E+02 -0.1108019E+03  0.2377713E+04  0.2377713E+04
 -0.7030044E+02  0.4183583E+02 -0.1121363E+03  0.2325301E+04  0.2325301E+04
 -0.7001286E+02  0.4258975E+02 -0.1126026E+03  0.2392013E+04  0.2392013E+04
 -0.6885007E+02  0.4335085E+02 -0.1122009E+03  0.2383850E+04  0.2383850E+04
 -0.6768728E+02  0.4411195E+02 -0.1117992E+03  0.2274687E+04  0.2274687E+04
 -0.6652449E+02  0.4487305E+02 -0.1113975E+03  0.2289524E+04  0.2289524E+04
 -0.6568587E+02  0.4559992E+02 -0.1112858E+03  0.2444686E+04  0.2444686E+04
 -0.6517143E+02  0.4629255E+02 -0.1114640E+03  0.2321171E+04  0.2321171E+04
 -0.6465699E+02  0.4698520E+02 -0.1116422E+03  0.2259657E+04  0.2259657E+04
 -0.6414255E+02  0.4767783E+02 -0.1118204E+03  0.2318143E+04  0.2318143E+04
 -0.6394967E+02  0.4834160E+02 -0.1122913E+03  0.2325950E+04  0.2325950E+04
 -0.6407835E+02  0.4897650E+02 -0.1130548E+03  0.2472078E+04  0.2472078E+04
 -0.6420702E+02  0.4961139E+02 -0.1138184E+03  0.2450207E+04  0.2450207E+04
 -0.6433569E+02  0.5024629E+02 -0.1145820E+03  0.2377336E+04  0.2377336E+04
 -0.6373433E+02  0.5088916E+02 -0.1146235E+03  0.2468734E+04  0.2468734E+04
 -0.6240291E+02  0.5154000E+02 -0.1139429E+03  0.2321403E+04  0.2321403E+04
 -0.6107150E+02  0.5219083E+02 -0.1132623E+03  0.2322072E+04  0.2322072E+04
 -0.5974008E+02  0.5284167E+02 -0.1125817E+03  0.2270740E+04  0.2270740E+04
 -0.5899654E+02  0.5344017E+02 -0.1124367E+03  0.2315997E+04  0.2315997E+04
 -0.5884087E+02  0.5398632E+02 -0.1128272E+03  0.2428841E+04  0.2428841E+04
 -0.5868520E+02  0.5453248E+02 -0.1132177E+03  0.2299685E+04  0.2299685E+04
 -0.5852952E+02  0.5507863E+02 -0.1136082E+03  0.2269530E+04  0.2269530E+04
 -0.5872469E+02  0.5559895E+02 -0.1143236E+03  0.2428725E+04  0.2428725E+04
 -0.5927068E+02  0.5609342E+02 -0.1153641E+03  0.2352271E+04  0.2352271E+04
 -0.5981668E+02  0.5658789E+02 -0.1164046E+03  0.2433817E+04  0.2433817E+04
 -0.6036268E+02  0.5708236E+02 -0.1174450E+03  0.2355363E+04  0.2355363E+04
 -0.6059945E+02  0.5760740E+02 -0.1182068E+03  0.2383599E+04  0.2383599E+04
 -0.6052698E+02  0.5816300E+02 -0.1186900E+03  0.2501527E+04  0.2501527E+04
 -0.6045451E+02  0.5871860E+02 -0.1191731E+03  0.2461455E+04  0.2461455E+04
 -0.6038205E+02  0.5927420E+02 -0.1196562E+03  0.2412382E+04  0.2412382E+04
 -0.5997177E+02  0.5984129E+02 -0.1198131E+03  0.2559972E+04  0.2559972E+04
 -0.5922368E+02  0.6041985E+02 -0.1196435E+03  0.2394224E+04  0.2394224E+04
 -0.5847559E+02  0.6099841E+02 -0.1194740E+03  0.2390476E+04  0.2390476E+04
 -0.5772750E+02  0.6157697E+02 -0.1193045E+03  0.2462728E+04  0.2462728E+04
 -0.5747177E+02  0.6212716E+02 -0.1195989E+03  0.2429472E+04  0.2429472E+04
 -0.5770838E+02  0.6264899E+02 -0.1203574E+03  0.2482708E+04  0.2482708E+04
 -0.5794498E+02  0.6317082E+02 -0.1211158E+03  0.2487945E+04  0.2487945E+04
 -0.5818159E+02  0.6369265E+02 -0.1218742E+03  0.2445182E+04  0.2445182E+04
 -0.5816719E+02  0.6422454E+02 -0.1223917E+03  0.2590167E+04  0.2590167E+04
 -0.5790179E+02  0.6476652E+02 -0.1226683E+03  0.2484902E+04  0.2484902E+04
 -0.5763638E+02  0.6530848E+02 -0.1229449E+03  0.2483636E+04  0.2483636E+04
 -0.5737097E+02  0.6585046E+02 -0.1232214E+03  0.2561371E+04  0.2561371E+04
 -0.5755391E+02  0.6638633E+02 -0.1239402E+03  0.2473554E+04  0.2473554E+04
 -0.5818520E+02  0.6691611E+02 -0.1251013E+03  0.2537185E+04  0.2537185E+04
 -0.5881649E+02  0.6744590E+02 -0.1262624E+03  0.2608816E+04  0.2608816E+04
 -0.5944778E+02  0.6797569E+02 -0.1274235E+03  0.2591448E+04  0.2591448E+04
 -0.5932849E+02  0.6852174E+02 -0.1278502E+03  0.2627328E+04  0.2627328E+04
 -0.5845862E+02  0.6908406E+02 -0.1275427E+03  0.2497459E+04  0.2497459E+04
 -0.5758875E+02  0.6964638E+02 -0.1272351E+03  0.2462589E+04  0.2462589E+04
 -0.5671889E+02  0.7020870E+02 -0.1269276E+03  0.2495719E+04  0.2495719E+04
 -0.5598456E+02  0.7074323E+02 -0.1267278E+03  0.2610985E+04  0.2610985E+04
 -0.5538578E+02  0.7124996E+02 -0.1266357E+03  0.2648386E+04  0.2648386E+04
 -0.5478700E+02  0.7175670E+02 -0.1265437E+03  0.2565787E+04  0.2565787E+04
 -0.5418822E+02  0.7226344E+02 -0.1264517E+03  0.2539188E+04  0.2539188E+04
 -0.5409710E+02  0.7274827E+02 -0.1268454E+03  0.2568097E+04  0.2568097E+04
 -0.5451363E+02  0.7321121E+02 -0.1277248E+03  0.2510514E+04  0.2510514E+04
 -0.5493016E+02  0.7367416E+02 -0.1286043E+03  0.2564930E+04  0.2564930E+04
 -0.5534669E+02  0.7413710E+02 -0.1294838E+03  0.2508347E+04  0.2508347E+04
 -0.5528959E+02  0.7462774E+02 -0.1299173E+03  0.2642290E+04  0.2642290E+04
 -0.5475886E+02  0.7514608E+02 -0.1299049E+03  0.2750759E+04  0.2750759E+04
 -0.5422814E+02  0.7566442E+02 -0.1298926E+03  0.2575228E+04  0.2575228E+04
 -0.5369741E+02  0.7618276E+02 -0.1298802E+03  0.2707698E+04  0.2707698E+04
 -0.5361887E+02  0.7668896E+02 -0.1303078E+03  0.2551619E+04  0.2551619E+04
 -0.5399250E+02  0.7718301E+02 -0.1311755E+03  0.2624992E+04  0.2624992E+04
 -0.5436614E+02  0.7767706E+02 -0.1320432E+03  0.2624366E+04  0.2624366E+04
 -0.5473978E+02  0.7817112E+02 -0.1329109E+03  0.2601740E+04  0.2601740E+04
 -0.5486071E+02  0.7867452E+02 -0.1335352E+03  0.2726861E+04  0.2726861E+04
 -0.5472893E+02  0.7918729E+02 -0.1339162E+03  0.2738729E+04  0.2738729E+04
 -0.5459715E+02  0.7970005E+02 -0.1342972E+03  0.2644597E+04  0.2644597E+04
 -0.5446537E+02  0.8021281E+02 -0.1346782E+03  0.2697465E+04  0.2697465E+04
 -0.5427694E+02  0.8071542E+02 -0.1349924E+03  0.2719277E+04  0.2719277E+04
 -0.5403185E+02  0.8120789E+02 -0.1352397E+03  0.2668032E+04  0.2668032E+04
 -0.5378677E+02  0.8170036E+02 -0.1354871E+03  0.2653787E+04  0.2653787E+04
 -0.5354168E+02  0.8219282E+02 -0.1357345E+03  0.2649542E+04  0.2649542E+04
 -0.5356983E+02  0.8267545E+02 -0.1362453E+03  0.2633570E+04  0.2633570E+04
 -0.5387121E+02  0.8314824E+02 -0.1370195E+03  0.2867871E+04  0.2867871E+04
 -0.5417260E+02  0.8362103E+02 -0.1377936E+03  0.2744173E+04  0.2744173E+04
 -0.5447398E+02  0.8409383E+02 -0.1385678E+03  0.2749474E+04  0.2749474E+04
 -0.5481067E+02  0.8458453E+02 -0.1393952E+03  0.2764811E+04  0.2764811E+04
 -0.5518267E+02  0.8509314E+02 -0.1402758E+03  0.2796183E+04  0.2796183E+04
 -0.5555468E+02  0.8560175E+02 -0.1411564E+03  0.2790555E+04  0.2790555E+04
 -0.5592668E+02  0.8611036E+02 -0.1420370E+03  0.2773927E+04  0.2773927E+04
 -0.5551809E+02  0.8664293E+02 -0.1421610E+03  0.2843518E+04  0.2843518E+04
 -0.5432890E+02  0.8719946E+02 -0.1415284E+03  0.2928329E+04  0.2928329E+04
 -0.5313971E+02  0.8775599E+02 -0.1408957E+03  0.2766140E+04  0.2766140E+04
 -0.5195052E+02  0.8831252E+02 -0.1402630E+03  0.2811950E+04  0.2811950E+04
 -0.5143138E+02  0.8881889E+02 -0.1402503E+03  0.2791431E+04  0.2791431E+04
 -0.5158229E+02  0.8927509E+02 -0.1408574E+03  0.2759582E+04  0.2759582E+04
 -0.5173319E+02  0.8973129E+02 -0.1414645E+03  0.2773733E+04  0.2773733E+04
 -0.5188410E+02  0.9018749E+02 -0.1420716E+03  0.2717884E+04  0.2717884E+04
 -0.5174306E+02  0.9063352E+02 -0.1423766E+03  0.2857743E+04  0.2857743E+04
 -0.5131008E+02  0.9106937E+02 -0.1423794E+03  0.2892310E+04  0.2892310E+04
 -0.5087710E+02  0.9150523E+02 -0.1423823E+03  0.2843877E+04  0.2843877E+04
 -0.5044412E+02  0.9194108E+02 -0.1423852E+03  0.2795444E+04  0.2795444E+04
 -0.5017586E+02  0.9236275E+02 -0.1425386E+03  0.2778176E+04  0.2778176E+04
 -0.5007232E+02  0.9277023E+02 -0.1428425E+03  0.2784072E+04  0.2784072E+04
 -0.4996878E+02  0.9317772E+02 -0.1431465E+03  0.2770969E+04  0.2770969E+04
 -0.4986525E+02  0.9358521E+02 -0.1434504E+03  0.2700865E+04  0.2700865E+04
 -0.4955291E+02  0.9399326E+02 -0.1435462E+03  0.2810553E+04  0.2810553E+04
 -0.4903178E+02  0.9440187E+02 -0.1434336E+03  0.3012032E+04  0.3012032E+04
 -0.4851065E+02  0.9481048E+02 -0.1433211E+03  0.2729511E+04  0.2729511E+04
 -0.4798952E+02  0.9521909E+02 -0.1432086E+03  0.2831990E+04  0.2831990E+04
 -0.4784979E+02  0.9561444E+02 -0.1434642E+03  0.2840850E+04  0.2840850E+04
 -0.4809144E+02  0.9599651E+02 -0.1440880E+03  0.2856092E+04  0.2856092E+04
 -0.4833310E+02  0.9637859E+02 -0.1447117E+03  0.2792333E+04  0.2792333E+04
 -0.4857475E+02  0.9676067E+02 -0.1453354E+03  0.2815575E+04  0.2815575E+04
 -0.4854545E+02  0.9716045E+02 -0.1457059E+03  0.2854545E+04  0.2854545E+04
 -0.4824520E+02  0.9757793E+02 -0.1458231E+03  0.2995245E+04  0.2995245E+04
 -0.4794495E+02  0.9799540E+02 -0.1459404E+03  0.2872945E+04  0.2872945E+04
 -0.4764471E+02  0.9841288E+02 -0.1460576E+03  0.2895645E+04  0.2895645E+04
 -0.4810188E+02  0.9882785E+02 -0.1469297E+03  0.2937102E+04  0.2937102E+04
 -0.4931647E+02  0.9924030E+02 -0.1485568E+03  0.2789316E+04  0.2789316E+04
 -0.5053107E+02  0.9965276E+02 -0.1501838E+03  0.2912531E+04  0.2912531E+04
 -0.5174566E+02  0.1000652E+03 -0.1518109E+03  0.2908746E+04  0.2908746E+04
 -0.5167933E+02  0.1005215E+03 -0.1522008E+03  0.2940679E+04  0.2940679E+04
 -0.5033205E+02  0.1010216E+03 -0.1513537E+03  0.3150332E+04  0.3150332E+04
 -0.4898478E+02  0.1015217E+03 -0.1505065E+03  0.2909985E+04  0.2909985E+04
 -0.4763751E+02  0.1020218E+03 -0.1496594E+03  0.3001637E+04  0.3001637E+04
 -0.4685536E+02  0.1024695E+03 -0.1493248E+03  0.2906855E+04  0.2906855E+04
 -0.4663834E+02  0.1028645E+03 -0.1495029E+03  0.2818638E+04  0.2818638E+04
 -0.4642131E+02  0.1032596E+03 -0.1496810E+03  0.2867421E+04  0.2867421E+04
 -0.4620428E+02  0.1036547E+03 -0.1498590E+03  0.2916204E+04  0.2916204E+04
 -0.4599984E+02  0.1040326E+03 -0.1500325E+03  0.2785000E+04  0.2785000E+04
 -0.4580796E+02  0.1043933E+03 -0.1502013E+03  0.3118808E+04  0.3118808E+04
 -0.4561609E+02  0.1047540E+03 -0.1503701E+03  0.2941616E+04  0.2941616E+04
 -0.4542422E+02  0.1051147E+03 -0.1505389E+03  0.2976424E+04  0.2976424E+04
 -0.4519939E+02  0.1054786E+03 -0.1506780E+03  0.2865199E+04  0.2865199E+04
 -0.4494159E+02  0.1058458E+03 -0.1507874E+03  0.2955942E+04  0.2955942E+04
 -0.4468379E+02  0.1062130E+03 -0.1508968E+03  0.2882684E+04  0.2882684E+04
 -0.4442599E+02  0.1065802E+03 -0.1510062E+03  0.2967426E+04  0.2967426E+04
 -0.4407096E+02  0.1069445E+03 -0.1510155E+03  0.2833071E+04  0.2833071E+04
 -0.4361870E+02  0.1073059E+03 -0.1509246E+03  0.3088619E+04  0.3088619E+04
 -0.4316644E+02  0.1076673E+03 -0.1508337E+03  0.2916167E+04  0.2916167E+04
 -0.4271418E+02  0.1080286E+03 -0.1507428E+03  0.2991714E+04  0.2991714E+04
 -0.4267247E+02  0.1083755E+03 -0.1510480E+03  0.2843672E+04  0.2843672E+04
 -0.4304131E+02  0.1087079E+03 -0.1517492E+03  0.2981041E+04  0.2981041E+04
 -0.4341015E+02  0.1090402E+03 -0.1524504E+03  0.2908410E+04  0.2908410E+04
 -0.4377899E+02  0.1093726E+03 -0.1531516E+03  0.2844779E+04  0.2844779E+04
 -0.4384501E+02  0.1097169E+03 -0.1535619E+03  0.3014845E+04  0.3014845E+04
 -0.4360820E+02  0.1100731E+03 -0.1536813E+03  0.3101608E+04  0.3101608E+04
 -0.4337138E+02  0.1104293E+03 -0.1538007E+03  0.2976371E+04  0.2976371E+04
 -0.4313457E+02  0.1107856E+03 -0.1539202E+03  0.3072135E+04  0.3072135E+04
 -0.4308915E+02  0.1111411E+03 -0.1542302E+03  0.3016089E+04  0.3016089E+04
 -0.4323513E+02  0.1114958E+03 -0.1547309E+03  0.2838235E+04  0.2838235E+04
 -0.4338111E+02  0.1118505E+03 -0.1552317E+03  0.3045381E+04  0.3045381E+04
 -0.4352709E+02  0.1122053E+03 -0.1557324E+03  0.2907527E+04  0.2907527E+04
 -0.4305927E+02  0.1125723E+03 -0.1556316E+03  0.3013059E+04  0.3013059E+04
 -0.4197766E+02  0.1129516E+03 -0.1549292E+03  0.3090978E+04  0.3090978E+04
 -0.4089606E+02  0.1133309E+03 -0.1542269E+03  0.3038896E+04  0.3038896E+04
 -0.3981445E+02  0.1137102E+03 -0.1535246E+03  0.2948814E+04  0.2948814E+04
 -0.3972718E+02  0.1140473E+03 -0.1537745E+03  0.2909727E+04  0.2909727E+04
 -0.4063426E+02  0.1143424E+03 -0.1549767E+03  0.2937634E+04  0.2937634E+04
 -0.4154133E+02  0.1146375E+03 -0.1561788E+03  0.2934541E+04  0.2934541E+04
 -0.4244840E+02  0.1149325E+03 -0.1573809E+03  0.3069448E+04  0.3069448E+04
 -0.4256931E+02  0.1152706E+03 -0.1578399E+03  0.3017569E+04  0.3017569E+04
 -0.4190405E+02  0.1156516E+03 -0.1575557E+03  0.3187904E+04  0.3187904E+04
 -0.4123879E+02  0.1160327E+03 -0.1572715E+03  0.2958239E+04  0.2958239E+04
 -0.4057353E+02  0.1164137E+03 -0.1569872E+03  0.3088573E+04  0.3088573E+04
 -0.4018776E+02  0.1167747E+03 -0.1569624E+03  0.3017188E+04  0.3017188E+04
 -0.4008147E+02  0.1171155E+03 -0.1571969E+03  0.3017082E+04  0.3017082E+04
 -0.3997518E+02  0.1174563E+03 -0.1574315E+03  0.3015975E+04  0.3015975E+04
 -0.3986889E+02  0.1177971E+03 -0.1576660E+03  0.2892869E+04  0.2892869E+04
 -0.3952807E+02  0.1181236E+03 -0.1576517E+03  0.2953528E+04  0.2953528E+04
 -0.3895272E+02  0.1184358E+03 -0.1573885E+03  0.3240953E+04  0.3240953E+04
 -0.3837737E+02  0.1187479E+03 -0.1571253E+03  0.3031377E+04  0.3031377E+04
 -0.3780201E+02  0.1190601E+03 -0.1568621E+03  0.2985802E+04  0.2985802E+04
 -0.3771711E+02  0.1193541E+03 -0.1570713E+03  0.2948717E+04  0.2948717E+04
 -0.3812265E+02  0.1196301E+03 -0.1577527E+03  0.3051123E+04  0.3051123E+04
 -0.3852819E+02  0.1199060E+03 -0.1584342E+03  0.3068528E+04  0.3068528E+04
 -0.3893374E+02  0.1201820E+03 -0.1591157E+03  0.2843934E+04  0.2843934E+04
 -0.3901153E+02  0.1204837E+03 -0.1594952E+03  0.2978011E+04  0.2978011E+04
 -0.3876157E+02  0.1208111E+03 -0.1595727E+03  0.3337761E+04  0.3337761E+04
 -0.3851162E+02  0.1211386E+03 -0.1596502E+03  0.3104512E+04  0.3104512E+04
 -0.3826166E+02  0.1214660E+03 -0.1597277E+03  0.2995262E+04  0.2995262E+04
 -0.3778089E+02  0.1217946E+03 -0.1595755E+03  0.3126781E+04  0.3126781E+04
 -0.3706931E+02  0.1221243E+03 -0.1591936E+03  0.3024069E+04  0.3024069E+04
 -0.3635772E+02  0.1224540E+03 -0.1588117E+03  0.3063358E+04  0.3063358E+04
 -0.3564613E+02  0.1227837E+03 -0.1584299E+03  0.2936646E+04  0.2936646E+04
 -0.3504673E+02  0.1230832E+03 -0.1581299E+03  0.2986047E+04  0.2986047E+04
 -0.3455950E+02  0.1233525E+03 -0.1579120E+03  0.3139560E+04  0.3139560E+04
 -0.3407227E+02  0.1236218E+03 -0.1576940E+03  0.3000072E+04  0.3000072E+04
 -0.3358504E+02  0.1238910E+03 -0.1574761E+03  0.2977585E+04  0.2977585E+04
 -0.3335483E+02  0.1241317E+03 -0.1574866E+03  0.2950355E+04  0.2950355E+04
 -0.3338164E+02  0.1243438E+03 -0.1577255E+03  0.3057382E+04  0.3057382E+04
 -0.3340845E+02  0.1245559E+03 -0.1579644E+03  0.2948408E+04  0.2948408E+04
 -0.3343525E+02  0.1247680E+03 -0.1582033E+03  0.2863435E+04  0.2863435E+04
 -0.3334324E+02  0.1249908E+03 -0.1583340E+03  0.3035343E+04  0.3035343E+04
 -0.3313240E+02  0.1252242E+03 -0.1583566E+03  0.3203132E+04  0.3203132E+04
 -0.3292156E+02  0.1254577E+03 -0.1583792E+03  0.2920922E+04  0.2920922E+04
 -0.3271072E+02  0.1256911E+03 -0.1584018E+03  0.3026711E+04  0.3026711E+04
 -0.3242614E+02  0.1259295E+03 -0.1583556E+03  0.3136426E+04  0.3136426E+04
 -0.3206783E+02  0.1261729E+03 -0.1582407E+03  0.2970068E+04  0.2970068E+04
 -0.3170951E+02  0.1264162E+03 -0.1581257E+03  0.3011709E+04  0.3011709E+04
 -0.3135119E+02  0.1266596E+03 -0.1580108E+03  0.2983351E+04  0.2983351E+04
 -0.3079969E+02  0.1268952E+03 -0.1576949E+03  0.2960800E+04  0.2960800E+04
 -0.3005501E+02  0.1271231E+03 -0.1571781E+03  0.3058055E+04  0.3058055E+04
 -0.2931033E+02  0.1273510E+03 -0.1566613E+03  0.2973310E+04  0.2973310E+04
 -0.2856564E+02  0.1275789E+03 -0.1561445E+03  0.2992566E+04  0.2992566E+04
 -0.2871612E+02  0.1277803E+03 -0.1564964E+03  0.2976716E+04  0.2976716E+04
 -0.2976176E+02  0.1279552E+03 -0.1577169E+03  0.2909762E+04  0.2909762E+04
 -0.3080740E+02  0.1281301E+03 -0.1589375E+03  0.3066807E+04  0.3066807E+04
 -0.3185304E+02  0.1283050E+03 -0.1601581E+03  0.2964853E+04  0.2964853E+04
 -0.3225419E+02  0.1285370E+03 -0.1607912E+03  0.3011254E+04  0.3011254E+04
 -0.3201084E+02  0.1288259E+03 -0.1608368E+03  0.3188011E+04  0.3188011E+04
 -0.3176749E+02  0.1291149E+03 -0.1608824E+03  0.3019768E+04  0.3019768E+04
 -0.3152414E+02  0.1294039E+03 -0.1609280E+03  0.3082524E+04  0.3082524E+04
 -0.3144181E+02  0.1296880E+03 -0.1611299E+03  0.3072442E+04  0.3072442E+04
 -0.3152051E+02  0.1299673E+03 -0.1614878E+03  0.3004521E+04  0.3004521E+04
 -0.3159921E+02  0.1302466E+03 -0.1618458E+03  0.3086599E+04  0.3086599E+04
 -0.3167791E+02  0.1305259E+03 -0.1622038E+03  0.2971678E+04  0.2971678E+04
 -0.3122892E+02  0.1308051E+03 -0.1620340E+03  0.3057229E+04  0.3057229E+04
 -0.3025224E+02  0.1310842E+03 -0.1613364E+03  0.3165252E+04  0.3165252E+04
 -0.2927556E+02  0.1313633E+03 -0.1606388E+03  0.2965276E+04  0.2965276E+04
 -0.2829888E+02  0.1316424E+03 -0.1599413E+03  0.3076299E+04  0.3076299E+04
 -0.2786487E+02  0.1318821E+03 -0.1597470E+03  0.3006865E+04  0.3006865E+04
 -0.2797352E+02  0.1320825E+03 -0.1600560E+03  0.3011974E+04  0.3011974E+04
 -0.2808217E+02  0.1322829E+03 -0.1603651E+03  0.3034082E+04  0.3034082E+04
 -0.2819082E+02  0.1324833E+03 -0.1606741E+03  0.2977191E+04  0.2977191E+04
 -0.2818610E+02  0.1326902E+03 -0.1608763E+03  0.3003186E+04  0.3003186E+04
 -0.2806801E+02  0.1329035E+03 -0.1609715E+03  0.3137068E+04  0.3137068E+04
 -0.2794993E+02  0.1331168E+03 -0.1610668E+03  0.3081950E+04  0.3081950E+04
 -0.2783184E+02  0.1333302E+03 -0.1611620E+03  0.3063832E+04  0.3063832E+04
 -0.2805950E+02  0.1335519E+03 -0.1616114E+03  0.3095060E+04  0.3095060E+04
 -0.2863291E+02  0.1337820E+03 -0.1624149E+03  0.2941633E+04  0.2941633E+04
 -0.2920633E+02  0.1340121E+03 -0.1632184E+03  0.3098206E+04  0.3098206E+04
 -0.2977974E+02  0.1342422E+03 -0.1640219E+03  0.2953780E+04  0.2953780E+04
 -0.2969442E+02  0.1345038E+03 -0.1641983E+03  0.3072694E+04  0.3072694E+04
 -0.2895036E+02  0.1347970E+03 -0.1637473E+03  0.3291950E+04  0.3291950E+04
 -0.2820631E+02  0.1350901E+03 -0.1632964E+03  0.3045206E+04  0.3045206E+04
 -0.2746225E+02  0.1353833E+03 -0.1628455E+03  0.3021462E+04  0.3021462E+04
 -0.2760946E+02  0.1356412E+03 -0.1632507E+03  0.3100609E+04  0.3100609E+04
 -0.2864792E+02  0.1358640E+03 -0.1645119E+03  0.3059648E+04  0.3059648E+04
 -0.2968638E+02  0.1360868E+03 -0.1657732E+03  0.3079686E+04  0.3079686E+04
 -0.3072485E+02  0.1363096E+03 -0.1670345E+03  0.3046725E+04  0.3046725E+04
 -0.3054107E+02  0.1365777E+03 -0.1671187E+03  0.3173541E+04  0.3173541E+04
 -0.2913504E+02  0.1368909E+03 -0.1660260E+03  0.3311135E+04  0.3311135E+04
 -0.2772902E+02  0.1372042E+03 -0.1649332E+03  0.3086729E+04  0.3086729E+04
 -0.2632300E+02  0.1375174E+03 -0.1638404E+03  0.3048323E+04  0.3048323E+04
 -0.2592630E+02  0.1377774E+03 -0.1637037E+03  0.3134926E+04  0.3134926E+04
 -0.2653893E+02  0.1379841E+03 -0.1645230E+03  0.2999539E+04  0.2999539E+04
 -0.2715156E+02  0.1381908E+03 -0.1653424E+03  0.3065152E+04  0.3065152E+04
 -0.2776419E+02  0.1383975E+03 -0.1661617E+03  0.3038764E+04  0.3038764E+04
 -0.2745717E+02  0.1386247E+03 -0.1660818E+03  0.3141457E+04  0.3141457E+04
 -0.2623050E+02  0.1388723E+03 -0.1651028E+03  0.3271230E+04  0.3271230E+04
 -0.2500383E+02  0.1391199E+03 -0.1641237E+03  0.3073004E+04  0.3073004E+04
 -0.2377717E+02  0.1393675E+03 -0.1631447E+03  0.3070777E+04  0.3070777E+04
 -0.2360436E+02  0.1395735E+03 -0.1631779E+03  0.3052604E+04  0.3052604E+04
 -0.2448542E+02  0.1397380E+03 -0.1642234E+03  0.3018485E+04  0.3018485E+04
 -0.2536648E+02  0.1399024E+03 -0.1652689E+03  0.3161366E+04  0.3161366E+04
 -0.2624754E+02  0.1400669E+03 -0.1663144E+03  0.2998248E+04  0.2998248E+04
 -0.2650021E+02  0.1402629E+03 -0.1667632E+03  0.3075500E+04  0.3075500E+04
 -0.2612450E+02  0.1404906E+03 -0.1666151E+03  0.3248125E+04  0.3248125E+04
 -0.2574878E+02  0.1407183E+03 -0.1664671E+03  0.3067749E+04  0.3067749E+04
 -0.2537306E+02  0.1409460E+03 -0.1663190E+03  0.3133373E+04  0.3133373E+04
 -0.2521828E+02  0.1411715E+03 -0.1663898E+03  0.3186218E+04  0.3186218E+04
 -0.2528444E+02  0.1413950E+03 -0.1666794E+03  0.3041284E+04  0.3041284E+04
 -0.2535060E+02  0.1416184E+03 -0.1669690E+03  0.3156351E+04  0.3156351E+04
 -0.2541675E+02  0.1418419E+03 -0.1672586E+03  0.3093417E+04  0.3093417E+04
 -0.2514077E+02  0.1420676E+03 -0.1672083E+03  0.3026141E+04  0.3026141E+04
 -0.2452265E+02  0.1422955E+03 -0.1668182E+03  0.3235523E+04  0.3235523E+04
 -0.2390453E+02  0.1425235E+03 -0.1664280E+03  0.3024905E+04  0.3024905E+04
 -0.2328641E+02  0.1427514E+03 -0.1660378E+03  0.3126286E+04  0.3126286E+04
 -0.2279348E+02  0.1429569E+03 -0.1657504E+03  0.3214793E+04  0.3214793E+04
 -0.2242576E+02  0.1431398E+03 -0.1655656E+03  0.3020426E+04  0.3020426E+04
 -0.2205804E+02  0.1433227E+03 -0.1653808E+03  0.3150058E+04  0.3150058E+04
 -0.2169031E+02  0.1435057E+03 -0.1651960E+03  0.2940690E+04  0.2940690E+04
 -0.2147129E+02  0.1436737E+03 -0.1651450E+03  0.3067471E+04  0.3067471E+04
 -0.2140097E+02  0.1438269E+03 -0.1652278E+03  0.3167401E+04  0.3167401E+04
 -0.2133065E+02  0.1439800E+03 -0.1653107E+03  0.3191331E+04  0.3191331E+04
 -0.2126033E+02  0.1441332E+03 -0.1653935E+03  0.2968260E+04  0.2968260E+04
 -0.2149805E+02  0.1442922E+03 -0.1657902E+03  0.3133498E+04  0.3133498E+04
 -0.2204382E+02  0.1444569E+03 -0.1665007E+03  0.3057044E+04  0.3057044E+04
 -0.2258958E+02  0.1446216E+03 -0.1672112E+03  0.3049590E+04  0.3049590E+04
 -0.2313535E+02  0.1447863E+03 -0.1679217E+03  0.3133135E+04  0.3133135E+04
 -0.2329179E+02  0.1449788E+03 -0.1682706E+03  0.3110292E+04  0.3110292E+04
 -0.2305890E+02  0.1451990E+03 -0.1682579E+03  0.3226059E+04  0.3226059E+04
 -0.2282602E+02  0.1454191E+03 -0.1682452E+03  0.3084826E+04  0.3084826E+04
 -0.2259314E+02  0.1456393E+03 -0.1682324E+03  0.3111593E+04  0.3111593E+04
 -0.2255425E+02  0.1458555E+03 -0.1684097E+03  0.3221554E+04  0.3221554E+04
 -0.2270935E+02  0.1460676E+03 -0.1687770E+03  0.3089709E+04  0.3089709E+04
 -0.2286445E+02  0.1462798E+03 -0.1691442E+03  0.3175865E+04  0.3175865E+04
 -0.2301956E+02  0.1464919E+03 -0.1695115E+03  0.2980020E+04  0.2980020E+04
 -0.2264522E+02  0.1467119E+03 -0.1693571E+03  0.3102645E+04  0.3102645E+04
 -0.2174145E+02  0.1469395E+03 -0.1686809E+03  0.3356741E+04  0.3356741E+04
 -0.2083767E+02  0.1471671E+03 -0.1680048E+03  0.3111838E+04  0.3111838E+04
 -0.1993389E+02  0.1473948E+03 -0.1673287E+03  0.3067934E+04  0.3067934E+04
 -0.1936942E+02  0.1475852E+03 -0.1669546E+03  0.3150369E+04  0.3150369E+04
 -0.1914426E+02  0.1477382E+03 -0.1668825E+03  0.3073144E+04  0.3073144E+04
 -0.1891910E+02  0.1478913E+03 -0.1668104E+03  0.3011919E+04  0.3011919E+04
 -0.1869394E+02  0.1480444E+03 -0.1667383E+03  0.3035694E+04  0.3035694E+04
 -0.1868184E+02  0.1481861E+03 -0.1668679E+03  0.3135682E+04  0.3135682E+04
 -0.1888282E+02  0.1483163E+03 -0.1671991E+03  0.3192883E+04  0.3192883E+04
 -0.1908379E+02  0.1484465E+03 -0.1675303E+03  0.3096084E+04  0.3096084E+04
 -0.1928477E+02  0.1485767E+03 -0.1678615E+03  0.3171285E+04  0.3171285E+04
 -0.1946223E+02  0.1487272E+03 -0.1681894E+03  0.3150462E+04  0.3150462E+04
 -0.1961619E+02  0.1488980E+03 -0.1685142E+03  0.3057616E+04  0.3057616E+04
 -0.1977015E+02  0.1490689E+03 -0.1688390E+03  0.3065770E+04  0.3065770E+04
 -0.1992411E+02  0.1492397E+03 -0.1691638E+03  0.3068924E+04  0.3068924E+04
 -0.1992204E+02  0.1494204E+03 -0.1693424E+03  0.3086922E+04  0.3086922E+04
 -0.1976394E+02  0.1496108E+03 -0.1693748E+03  0.3306764E+04  0.3306764E+04
 -0.1960584E+02  0.1498013E+03 -0.1694072E+03  0.3110606E+04  0.3110606E+04
 -0.1944774E+02  0.1499918E+03 -0.1694395E+03  0.3127448E+04  0.3127448E+04
 -0.1953407E+02  0.1501778E+03 -0.1697119E+03  0.3123534E+04  0.3123534E+04
 -0.1986484E+02  0.1503593E+03 -0.1702241E+03  0.3168865E+04  0.3168865E+04
 -0.2019560E+02  0.1505408E+03 -0.1707364E+03  0.3168196E+04  0.3168196E+04
 -0.2052637E+02  0.1507223E+03 -0.1712486E+03  0.3069526E+04  0.3069526E+04
 -0.2038228E+02  0.1509220E+03 -0.1713043E+03  0.3154382E+04  0.3154382E+04
 -0.1976335E+02  0.1511399E+03 -0.1709032E+03  0.3289763E+04  0.3289763E+04
 -0.1914442E+02  0.1513578E+03 -0.1705022E+03  0.3077145E+04  0.3077145E+04
 -0.1852549E+02  0.1515757E+03 -0.1701012E+03  0.3202525E+04  0.3202525E+04
 -0.1821316E+02  0.1517701E+03 -0.1699833E+03  0.3120213E+04  0.3120213E+04
 -0.1820741E+02  0.1519410E+03 -0.1701484E+03  0.3157208E+04  0.3157208E+04
 -0.1820167E+02  0.1521119E+03 -0.1703136E+03  0.3123202E+04  0.3123202E+04
 -0.1819593E+02  0.1522828E+03 -0.1704787E+03  0.3094196E+04  0.3094196E+04
 -0.1792142E+02  0.1524512E+03 -0.1703726E+03  0.3180921E+04  0.3180921E+04
 -0.1737814E+02  0.1526173E+03 -0.1699954E+03  0.3202378E+04  0.3202378E+04
 -0.1683486E+02  0.1527833E+03 -0.1696181E+03  0.3149835E+04  0.3149835E+04
 -0.1629158E+02  0.1529493E+03 -0.1692409E+03  0.3157292E+04  0.3157292E+04
 -0.1591818E+02  0.1530925E+03 -0.1690107E+03  0.3084918E+04  0.3084918E+04
 -0.1571467E+02  0.1532128E+03 -0.1689275E+03  0.3058715E+04  0.3058715E+04
 -0.1551115E+02  0.1533331E+03 -0.1688443E+03  0.3012511E+04  0.3012511E+04
 -0.1530764E+02  0.1534534E+03 -0.1687611E+03  0.2997308E+04  0.2997308E+04
 -0.1535303E+02  0.1535655E+03 -0.1689185E+03  0.3172353E+04  0.3172353E+04
 -0.1564732E+02  0.1536692E+03 -0.1693165E+03  0.3230647E+04  0.3230647E+04
 -0.1594162E+02  0.1537729E+03 -0.1697146E+03  0.3196942E+04  0.3196942E+04
 -0.1623591E+02  0.1538767E+03 -0.1701126E+03  0.3112236E+04  0.3112236E+04
 -0.1612722E+02  0.1540031E+03 -0.1701303E+03  0.3108127E+04  0.3108127E+04
 -0.1561556E+02  0.1541521E+03 -0.1697676E+03  0.3108615E+04  0.3108615E+04
 -0.1510389E+02  0.1543011E+03 -0.1694050E+03  0.3077104E+04  0.3077104E+04
 -0.1459223E+02  0.1544501E+03 -0.1690423E+03  0.3035592E+04  0.3035592E+04
 -0.1375365E+02  0.1545848E+03 -0.1683385E+03  0.3063754E+04  0.3063754E+04
 -0.1258817E+02  0.1547052E+03 -0.1672934E+03  0.3233588E+04  0.3233588E+04
 -0.1142269E+02  0.1548256E+03 -0.1662483E+03  0.3114423E+04  0.3114423E+04
 -0.1025721E+02  0.1549460E+03 -0.1652032E+03  0.2978257E+04  0.2978257E+04
 -0.8721446E+01  0.1550136E+03 -0.1637350E+03  0.3024721E+04  0.3024721E+04
 -0.6815404E+01  0.1550284E+03 -0.1618438E+03  0.2966815E+04  0.2966815E+04
 -0.4909362E+01  0.1550432E+03 -0.1599526E+03  0.2979909E+04  0.2979909E+04
 -0.3003320E+01  0.1550580E+03 -0.1580614E+03  0.2775003E+04  0.2775003E+04
 -0.2050298E+01  0.1549896E+03 -0.1553028E+03  0.2873050E+04  0.2873050E+04
 -0.2050298E+01  0.1548379E+03 -0.1516769E+03  0.2875050E+04  0.2875050E+04
  0.1184644E+02  0.1546862E+03 -0.1480511E+03  0.2660154E+04  0.2660154E+04
  0.1184644E+02  0.1545345E+03 -0.1444252E+03  0.2561154E+04  0.2561154E+04
  0.1185954E+02  0.1542312E+03 -0.1423716E+03  0.2623140E+04  0.2623140E+04
  0.1188573E+02  0.1537760E+03 -0.1418903E+03  0.2511114E+04  0.2511114E+04
  0.1191192E+02  0.1533210E+03 -0.1414090E+03  0.2526088E+04  0.2526088E+04
  0.1193812E+02  0.1528658E+03 -0.1409277E+03  0.2464062E+04  0.2464062E+04
  0.1218349E+02  0.1524308E+03 -0.1402473E+03  0.2540816E+04  0.2540816E+04
  0.1264805E+02  0.1520158E+03 -0.1393677E+03  0.2676352E+04  0.2676352E+04
  0.1311260E+02  0.1516007E+03 -0.1384881E+03  0.2480887E+04  0.2480887E+04
  0.1357716E+02  0.1511857E+03 -0.1376086E+03  0.2547423E+04  0.2547423E+04
  0.1348499E+02  0.1508076E+03 -0.1373226E+03  0.2478515E+04  0.2478515E+04
  0.1283611E+02  0.1504664E+03 -0.1376302E+03  0.2436164E+04  0.2436164E+04
  0.1218722E+02  0.1501251E+03 -0.1379379E+03  0.2394813E+04  0.2394813E+04
  0.1153834E+02  0.1497839E+03 -0.1382455E+03  0.2477462E+04  0.2477462E+04
  0.1141017E+02  0.1495042E+03 -0.1380941E+03  0.2597590E+04  0.2597590E+04
  0.1180271E+02  0.1492861E+03 -0.1374834E+03  0.2566197E+04  0.2566197E+04
  0.1219525E+02  0.1490681E+03 -0.1368728E+03  0.2547805E+04  0.2547805E+04
  0.1258779E+02  0.1488500E+03 -0.1362622E+03  0.2449412E+04  0.2449412E+04
  0.1226001E+02  0.1486435E+03 -0.1363835E+03  0.2441740E+04  0.2441740E+04
  0.1121192E+02  0.1484486E+03 -0.1372367E+03  0.2416788E+04  0.2416788E+04
  0.1016382E+02  0.1482538E+03 -0.1380900E+03  0.2590836E+04  0.2590836E+04
  0.9115726E+01  0.1480589E+03 -0.1389432E+03  0.2445884E+04  0.2445884E+04
  0.8925507E+01  0.1479225E+03 -0.1389970E+03  0.2522074E+04  0.2522074E+04
  0.9593165E+01  0.1478445E+03 -0.1382514E+03  0.2554407E+04  0.2554407E+04
  0.1026082E+02  0.1477665E+03 -0.1375057E+03  0.2442739E+04  0.2442739E+04
  0.1092848E+02  0.1476886E+03 -0.1367601E+03  0.2479072E+04  0.2479072E+04
  0.1130594E+02  0.1475933E+03 -0.1362874E+03  0.2475694E+04  0.2475694E+04
  0.1139318E+02  0.1474809E+03 -0.1360877E+03  0.2465607E+04  0.2465607E+04
  0.1148043E+02  0.1473684E+03 -0.1358880E+03  0.2425520E+04  0.2425520E+04
  0.1156768E+02  0.1472560E+03 -0.1356883E+03  0.2393432E+04  0.2393432E+04
  0.1171759E+02  0.1471351E+03 -0.1354176E+03  0.2490282E+04  0.2490282E+04
  0.1193017E+02  0.1470059E+03 -0.1350758E+03  0.2489070E+04  0.2489070E+04
  0.1214275E+02  0.1468767E+03 -0.1347339E+03  0.2477857E+04  0.2477857E+04
  0.1235533E+02  0.1467475E+03 -0.1343921E+03  0.2454645E+04  0.2454645E+04
  0.1272350E+02  0.1466189E+03 -0.1338954E+03  0.2474277E+04  0.2474277E+04
  0.1324726E+02  0.1464909E+03 -0.1332437E+03  0.2285753E+04  0.2285753E+04
  0.1377101E+02  0.1463630E+03 -0.1325920E+03  0.2362229E+04  0.2362229E+04
  0.1429477E+02  0.1462350E+03 -0.1319403E+03  0.2308705E+04  0.2308705E+04
  0.1458072E+02  0.1460901E+03 -0.1315094E+03  0.2433419E+04  0.2433419E+04
  0.1462887E+02  0.1459282E+03 -0.1312993E+03  0.2389371E+04  0.2389371E+04
  0.1467703E+02  0.1457663E+03 -0.1310892E+03  0.2366323E+04  0.2366323E+04
  0.1472518E+02  0.1456044E+03 -0.1308792E+03  0.2353275E+04  0.2353275E+04
  0.1511158E+02  0.1454470E+03 -0.1303354E+03  0.2449888E+04  0.2449888E+04
  0.1583622E+02  0.1452942E+03 -0.1294579E+03  0.2259164E+04  0.2259164E+04
  0.1656085E+02  0.1451413E+03 -0.1285805E+03  0.2288439E+04  0.2288439E+04
  0.1728549E+02  0.1449885E+03 -0.1277030E+03  0.2266715E+04  0.2266715E+04
  0.1800091E+02  0.1448114E+03 -0.1268105E+03  0.2257999E+04  0.2257999E+04
  0.1870711E+02  0.1446101E+03 -0.1259030E+03  0.2332293E+04  0.2332293E+04
  0.1941331E+02  0.1444088E+03 -0.1249955E+03  0.2239587E+04  0.2239587E+04
  0.2011951E+02  0.1442075E+03 -0.1240880E+03  0.2209880E+04  0.2209880E+04
  0.2094014E+02  0.1439782E+03 -0.1230381E+03  0.2233060E+04  0.2233060E+04
  0.2187520E+02  0.1437208E+03 -0.1218456E+03  0.2180125E+04  0.2180125E+04
  0.2281026E+02  0.1434634E+03 -0.1206532E+03  0.2183190E+04  0.2183190E+04
  0.2374531E+02  0.1432061E+03 -0.1194607E+03  0.2074255E+04  0.2074255E+04
  0.2468824E+02  0.1429178E+03 -0.1182295E+03  0.2089312E+04  0.2089312E+04
  0.2563904E+02  0.1425986E+03 -0.1169596E+03  0.2153361E+04  0.2153361E+04
  0.2658984E+02  0.1422794E+03 -0.1156896E+03  0.2066410E+04  0.2066410E+04
  0.2754064E+02  0.1419603E+03 -0.1144196E+03  0.1989459E+04  0.1989459E+04
  0.2768818E+02  0.1416112E+03 -0.1139230E+03  0.2041312E+04  0.2041312E+04
  0.2703247E+02  0.1412321E+03 -0.1141996E+03  0.2019968E+04  0.2019968E+04
  0.2637676E+02  0.1408531E+03 -0.1144763E+03  0.2107623E+04  0.2107623E+04
  0.2572105E+02  0.1404740E+03 -0.1147530E+03  0.2005279E+04  0.2005279E+04
  0.2541207E+02  0.1401427E+03 -0.1147306E+03  0.1959588E+04  0.1959588E+04
  0.2544982E+02  0.1398591E+03 -0.1144093E+03  0.2128550E+04  0.2128550E+04
  0.2548756E+02  0.1395755E+03 -0.1140879E+03  0.2034512E+04  0.2034512E+04
  0.2552531E+02  0.1392919E+03 -0.1137666E+03  0.2030475E+04  0.2030475E+04
  0.2585133E+02  0.1390324E+03 -0.1131811E+03  0.2092149E+04  0.2092149E+04
  0.2646562E+02  0.1387972E+03 -0.1123316E+03  0.1949534E+04  0.1949534E+04
  0.2707991E+02  0.1385619E+03 -0.1114820E+03  0.1924920E+04  0.1924920E+04
  0.2769419E+02  0.1383267E+03 -0.1106325E+03  0.1951306E+04  0.1951306E+04
  0.2796844E+02  0.1380674E+03 -0.1100989E+03  0.1955032E+04  0.1955032E+04
  0.2790265E+02  0.1377840E+03 -0.1098814E+03  0.2007097E+04  0.2007097E+04
  0.2783686E+02  0.1375007E+03 -0.1096638E+03  0.1986163E+04  0.1986163E+04
  0.2777107E+02  0.1372173E+03 -0.1094463E+03  0.1853229E+04  0.1853229E+04
  0.2784935E+02  0.1369400E+03 -0.1090906E+03  0.2039151E+04  0.2039151E+04
  0.2807170E+02  0.1366685E+03 -0.1085968E+03  0.1889928E+04  0.1889928E+04
  0.2829405E+02  0.1363971E+03 -0.1081030E+03  0.1865706E+04  0.1865706E+04
  0.2851640E+02  0.1361256E+03 -0.1076092E+03  0.1917484E+04  0.1917484E+04
  0.2887412E+02  0.1358559E+03 -0.1069818E+03  0.1912126E+04  0.1912126E+04
  0.2936720E+02  0.1355879E+03 -0.1062207E+03  0.1924633E+04  0.1924633E+04
  0.2986029E+02  0.1353199E+03 -0.1054596E+03  0.1815140E+04  0.1815140E+04
  0.3035338E+02  0.1350518E+03 -0.1046985E+03  0.1915647E+04  0.1915647E+04
  0.3095136E+02  0.1347665E+03 -0.1038151E+03  0.1862049E+04  0.1862049E+04
  0.3165423E+02  0.1344637E+03 -0.1028095E+03  0.1797346E+04  0.1797346E+04
  0.3235710E+02  0.1341610E+03 -0.1018039E+03  0.1799643E+04  0.1799643E+04
  0.3305997E+02  0.1338582E+03 -0.1007983E+03  0.1718940E+04  0.1718940E+04
  0.3451030E+02  0.1335293E+03 -0.9901902E+02  0.1781490E+04  0.1781490E+04
  0.3670809E+02  0.1331742E+03 -0.9646610E+02  0.1784292E+04  0.1784292E+04
  0.3890588E+02  0.1328191E+03 -0.9391319E+02  0.1637094E+04  0.1637094E+04
  0.4110367E+02  0.1324639E+03 -0.9136027E+02  0.1677896E+04  0.1677896E+04
  0.4479084E+02  0.1320178E+03 -0.8722694E+02  0.1591209E+04  0.1591209E+04
  0.4996737E+02  0.1314806E+03 -0.8151321E+02  0.1403033E+04  0.1403033E+04
  0.5514391E+02  0.1309434E+03 -0.7579947E+02  0.1347856E+04  0.1347856E+04
  0.6032045E+02  0.1304062E+03 -0.7008573E+02  0.1230680E+04  0.1230680E+04
  0.6701889E+02  0.1296397E+03 -0.6262083E+02  0.1067981E+04  0.1067981E+04
  0.7523926E+02  0.1286440E+03 -0.5340474E+02  0.9257607E+03  0.9257607E+03
  0.8345962E+02  0.1276483E+03 -0.4418866E+02  0.6675404E+03  0.6675404E+03
  0.9167999E+02  0.1266526E+03 -0.3497257E+02  0.5273200E+03  0.5273200E+03
  0.9733416E+02  0.1253000E+03 -0.2796586E+02  0.3636658E+03  0.3636658E+03
  0.1004221E+03  0.1235907E+03 -0.2316854E+02  0.2485779E+03  0.2485779E+03
  0.1035101E+03  0.1218813E+03 -0.1837121E+02  0.1364899E+03  0.1364899E+03
  0.1065981E+03  0.1201720E+03 -0.1357388E+02  0.9240189E+02  0.9240189E+02
  0.1078863E+03  0.1183720E+03 -0.1048570E+02  0.7311373E+02  0.7311373E+02
  0.1073746E+03  0.1164813E+03 -0.9106673E+01  0.7462540E+02  0.7462540E+02
  0.1068629E+03  0.1145906E+03 -0.7727646E+01 -0.3862938E+01  0.0000000E+00
  0.1063513E+03  0.1126999E+03 -0.6348619E+01  0.9648727E+01  0.9648727E+01
  0.1052903E+03  0.1109602E+03 -0.5669833E+01 -0.9290344E+01  0.0000000E+00
  0.1036802E+03  0.1093714E+03 -0.5691287E+01 -0.1268015E+02  0.0000000E+00
  0.1020700E+03  0.1077827E+03 -0.5712741E+01 -0.5069969E+01  0.0000000E+00
  0.1004598E+03  0.1061940E+03 -0.5734196E+01 -0.7459778E+01  0.0000000E+00
  0.9905573E+02  0.1047927E+03 -0.5737014E+01 -0.2055733E+01  0.0000000E+00
  0.9785783E+02  0.1035790E+03 -0.5721197E+01  0.2714217E+02  0.2714217E+02
  0.9665992E+02  0.1023653E+03 -0.5705380E+01 -0.5659920E+01  0.0000000E+00
  0.9546201E+02  0.1011516E+03 -0.5689563E+01  0.6537987E+01  0.6537987E+01
  0.9439204E+02  0.1000622E+03 -0.5670145E+01  0.2360796E+02  0.2360796E+02
  0.9345002E+02  0.9909715E+02 -0.5647124E+01  0.2549980E+01  0.2549980E+01
  0.9250800E+02  0.9813210E+02 -0.5624103E+01 -0.1507996E+01  0.0000000E+00
  0.9156597E+02  0.9716705E+02 -0.5601082E+01  0.8434029E+01  0.8434029E+01
  0.9078059E+02  0.9627626E+02 -0.5495671E+01 -0.7780586E+01  0.0000000E+00
  0.9015186E+02  0.9545973E+02 -0.5307871E+01  0.3584814E+02  0.3584814E+02
  0.8952312E+02  0.9464320E+02 -0.5120070E+01 -0.4523125E+01  0.0000000E+00
  0.8889440E+02  0.9382667E+02 -0.4932270E+01 -0.4894402E+01  0.0000000E+00
  0.8824915E+02  0.9305274E+02 -0.4803588E+01  0.3750847E+01  0.3750847E+01
  0.8758739E+02  0.9232142E+02 -0.4734026E+01 -0.2587395E+01  0.0000000E+00
  0.8692564E+02  0.9159010E+02 -0.4664463E+01 -0.1925636E+01  0.0000000E+00
  0.8626388E+02  0.9085878E+02 -0.4594901E+01 -0.1026388E+02  0.0000000E+00
  0.8557143E+02  0.9016145E+02 -0.4590014E+01 -0.1557143E+02  0.0000000E+00
  0.8484831E+02  0.8949812E+02 -0.4649804E+01  0.1015169E+02  0.1015169E+02
  0.8412519E+02  0.8883479E+02 -0.4709593E+01 -0.1125191E+01  0.0000000E+00
  0.8340207E+02  0.8817145E+02 -0.4769382E+01  0.2597931E+01  0.2597931E+01
  0.8271146E+02  0.8754245E+02 -0.4830981E+01  0.2288536E+01  0.2288536E+01
  0.8205339E+02  0.8694778E+02 -0.4894388E+01  0.6946609E+01  0.6946609E+01
  0.8139531E+02  0.8635310E+02 -0.4957794E+01 -0.5395309E+01  0.0000000E+00
  0.8073724E+02  0.8575843E+02 -0.5021201E+01 -0.1173724E+02  0.0000000E+00
  0.8015794E+02  0.8519066E+02 -0.5032716E+01  0.1584206E+02  0.1584206E+02
  0.7965745E+02  0.8464979E+02 -0.4992338E+01  0.4034255E+02  0.4034255E+02
  0.7915695E+02  0.8410891E+02 -0.4951960E+01  0.7843048E+01  0.7843048E+01
  0.7865646E+02  0.8356804E+02 -0.4911582E+01  0.7343544E+01  0.7343544E+01
  0.7820400E+02  0.8304329E+02 -0.4839285E+01  0.8795998E+01  0.8795998E+01
  0.7779958E+02  0.8253466E+02 -0.4735071E+01  0.1120042E+02  0.1120042E+02
  0.7739518E+02  0.8202603E+02 -0.4630857E+01  0.4604820E+01  0.4604820E+01
  0.7699076E+02  0.8151740E+02 -0.4526642E+01 -0.4990761E+01  0.0000000E+00
  0.7654161E+02  0.8101823E+02 -0.4476625E+01  0.5458389E+01  0.5458389E+01
  0.7604771E+02  0.8052851E+02 -0.4480806E+01  0.6952293E+01  0.6952293E+01
  0.7555381E+02  0.8003880E+02 -0.4484987E+01  0.6446190E+01  0.6446190E+01
  0.7505991E+02  0.7954907E+02 -0.4489169E+01 -0.2059906E+01  0.0000000E+00
  0.7458260E+02  0.7907226E+02 -0.4489660E+01  0.1141740E+02  0.1141740E+02
  0.7412187E+02  0.7860833E+02 -0.4486460E+01  0.4878128E+01  0.4878128E+01
  0.7366116E+02  0.7814442E+02 -0.4483262E+01  0.7338844E+01  0.7338844E+01
  0.7320043E+02  0.7768049E+02 -0.4480062E+01 -0.7200432E+01  0.0000000E+00
  0.7279011E+02  0.7722846E+02 -0.4438354E+01  0.3209892E+01  0.3209892E+01
  0.7243020E+02  0.7678833E+02 -0.4358137E+01  0.2356980E+02  0.2356980E+02
  0.7207027E+02  0.7634820E+02 -0.4277919E+01 -0.3070274E+01  0.0000000E+00
  0.7171037E+02  0.7590807E+02 -0.4197701E+01 -0.1710365E+01  0.0000000E+00
  0.7130379E+02  0.7547385E+02 -0.4170049E+01  0.6696205E+01  0.6696205E+01
  0.7085058E+02  0.7504554E+02 -0.4194963E+01  0.8149422E+01  0.8149422E+01
  0.7039735E+02  0.7461723E+02 -0.4219876E+01 -0.1139735E+02  0.0000000E+00
  0.6994414E+02  0.7418893E+02 -0.4244790E+01 -0.9441376E+00  0.0000000E+00
  0.6962420E+02  0.7376957E+02 -0.4145375E+01  0.3375801E+01  0.3375801E+01
  0.6943753E+02  0.7335917E+02 -0.3921633E+01  0.3256247E+02  0.3256247E+02
  0.6925087E+02  0.7294875E+02 -0.3697891E+01  0.2749130E+01  0.2749130E+01
  0.6906420E+02  0.7253835E+02 -0.3474149E+01 -0.1506420E+02  0.0000000E+00
  0.6865216E+02  0.7212562E+02 -0.3473459E+01 -0.8652161E+01  0.0000000E+00
  0.6801474E+02  0.7171056E+02 -0.3695822E+01 -0.1501474E+02  0.0000000E+00
  0.6737731E+02  0.7129550E+02 -0.3918185E+01  0.7622688E+01  0.7622688E+01
  0.6673989E+02  0.7088044E+02 -0.4140548E+01  0.1326011E+02  0.1326011E+02
  0.6626361E+02  0.7048043E+02 -0.4216815E+01  0.4736389E+01  0.4736389E+01
  0.6594847E+02  0.7009546E+02 -0.4146985E+01  0.1005153E+02  0.1005153E+02
  0.6563333E+02  0.6971049E+02 -0.4077155E+01  0.1836667E+02  0.1836667E+02
  0.6531819E+02  0.6932552E+02 -0.4007325E+01 -0.4318192E+01  0.0000000E+00
  0.6500611E+02  0.6894527E+02 -0.3939160E+01  0.1099389E+02  0.1099389E+02
  0.6469708E+02  0.6856975E+02 -0.3872659E+01 -0.3697083E+01  0.0000000E+00
  0.6438806E+02  0.6819422E+02 -0.3806158E+01  0.6119385E+00  0.6119385E+00
  0.6407904E+02  0.6781870E+02 -0.3739658E+01 -0.1079041E+01  0.0000000E+00
  0.6372028E+02  0.6744092E+02 -0.3720640E+01  0.1279720E+01  0.1279720E+01
  0.6331177E+02  0.6706087E+02 -0.3749106E+01  0.6688229E+01  0.6688229E+01
  0.6290327E+02  0.6668084E+02 -0.3777571E+01 -0.1903271E+01  0.0000000E+00
  0.6249476E+02  0.6630080E+02 -0.3806037E+01  0.1450524E+02  0.1450524E+02
  0.6213916E+02  0.6592448E+02 -0.3785316E+01  0.5860836E+01  0.5860836E+01
  0.6183647E+02  0.6555187E+02 -0.3715410E+01  0.3163532E+01  0.3163532E+01
  0.6153377E+02  0.6517927E+02 -0.3645503E+01 -0.4533768E+01  0.0000000E+00
  0.6123107E+02  0.6480666E+02 -0.3575596E+01  0.1768929E+01  0.1768929E+01
  0.6092641E+02  0.6443575E+02 -0.3509352E+01  0.1007359E+02  0.1007359E+02
  0.6061978E+02  0.6406654E+02 -0.3446770E+01 -0.6197777E+00  0.0000000E+00
  0.6031314E+02  0.6369733E+02 -0.3384188E+01 -0.9313145E+01  0.0000000E+00
  0.6000652E+02  0.6332812E+02 -0.3321606E+01  0.1099348E+02  0.1099348E+02
  0.5967643E+02  0.6296168E+02 -0.3285252E+01 -0.6676426E+01  0.0000000E+00
  0.5932288E+02  0.6259801E+02 -0.3275126E+01 -0.1322884E+01  0.0000000E+00
  0.5896934E+02  0.6223434E+02 -0.3264999E+01 -0.1969341E+01  0.0000000E+00
  0.5861580E+02  0.6187067E+02 -0.3254872E+01 -0.7615799E+01  0.0000000E+00
  0.5824035E+02  0.6151336E+02 -0.3273010E+01  0.8759655E+01  0.8759655E+01
  0.5784298E+02  0.6116239E+02 -0.3319412E+01 -0.2842979E+01  0.0000000E+00
  0.5744562E+02  0.6081143E+02 -0.3365813E+01 -0.3445618E+01  0.0000000E+00
  0.5704825E+02  0.6046047E+02 -0.3412215E+01 -0.7048252E+01  0.0000000E+00
  0.5669694E+02  0.6011839E+02 -0.3421452E+01  0.2330306E+02  0.2330306E+02
  0.5639167E+02  0.5978520E+02 -0.3393524E+01  0.2608326E+01  0.2608326E+01
  0.5608641E+02  0.5945201E+02 -0.3365596E+01 -0.9086411E+01  0.0000000E+00
  0.5578115E+02  0.5911881E+02 -0.3337668E+01  0.1121885E+02  0.1121885E+02
  0.5550873E+02  0.5879014E+02 -0.3281416E+01  0.1049127E+02  0.1049127E+02
  0.5526916E+02  0.5846600E+02 -0.3196840E+01 -0.2691574E+00  0.0000000E+00
  0.5502958E+02  0.5814185E+02 -0.3112264E+01 -0.7029583E+01  0.0000000E+00
  0.5479001E+02  0.5781770E+02 -0.3027689E+01  0.9209988E+01  0.9209988E+01
  0.5447091E+02  0.5749384E+02 -0.3022938E+01 -0.1247091E+02  0.0000000E+00
  0.5407226E+02  0.5717027E+02 -0.3098012E+01  0.2927742E+01  0.2927742E+01
  0.5367361E+02  0.5684670E+02 -0.3173087E+01  0.6326389E+01  0.6326389E+01
  0.5327496E+02  0.5652312E+02 -0.3248161E+01 -0.6274963E+01  0.0000000E+00
  0.5296899E+02  0.5620720E+02 -0.3238208E+01  0.1103101E+02  0.1103101E+02
  0.5275568E+02  0.5589891E+02 -0.3143228E+01  0.8244320E+01  0.8244320E+01
  0.5254238E+02  0.5559062E+02 -0.3048247E+01 -0.7542377E+01  0.0000000E+00
  0.5232907E+02  0.5528234E+02 -0.2953267E+01 -0.3290672E+00  0.0000000E+00
  0.5206761E+02  0.5497533E+02 -0.2907721E+01  0.1293239E+02  0.1293239E+02
  0.5175801E+02  0.5466962E+02 -0.2911610E+01 -0.8758007E+01  0.0000000E+00
  0.5144840E+02  0.5436390E+02 -0.2915498E+01 -0.1448399E+01  0.0000000E+00
  0.5113879E+02  0.5405818E+02 -0.2919387E+01 -0.1387939E+00  0.0000000E+00
  0.5080579E+02  0.5375575E+02 -0.2949957E+01  0.4194206E+01  0.4194206E+01
  0.5044940E+02  0.5345661E+02 -0.3007209E+01 -0.4494019E+00  0.0000000E+00
  0.5009301E+02  0.5315747E+02 -0.3064461E+01  0.1906990E+01  0.1906990E+01
  0.4973662E+02  0.5285833E+02 -0.3121713E+01  0.1426338E+02  0.1426338E+02
  0.4941419E+02  0.5256647E+02 -0.3152278E+01  0.5858116E+00  0.5858116E+00
  0.4912572E+02  0.5228188E+02 -0.3156155E+01  0.6874279E+01  0.6874279E+01
  0.4883725E+02  0.5199728E+02 -0.3160032E+01  0.8162750E+01  0.8162750E+01
  0.4854878E+02  0.5171269E+02 -0.3163909E+01  0.9451218E+01  0.9451218E+01
  0.4833724E+02  0.5143219E+02 -0.3094954E+01  0.1166276E+02  0.1166276E+02
  0.4820262E+02  0.5115579E+02 -0.2953167E+01 -0.2026215E+00  0.0000000E+00
  0.4806800E+02  0.5087938E+02 -0.2811380E+01 -0.4068001E+01  0.0000000E+00
  0.4793338E+02  0.5060298E+02 -0.2669594E+01 -0.2933384E+01  0.0000000E+00
  0.4770960E+02  0.5032280E+02 -0.2613207E+01  0.1290401E+01  0.1290401E+01
  0.4739664E+02  0.5003887E+02 -0.2642220E+01 -0.2396645E+01  0.0000000E+00
  0.4708369E+02  0.4975492E+02 -0.2671232E+01  0.1916306E+01  0.1916306E+01
  0.4677074E+02  0.4947099E+02 -0.2700245E+01 -0.5770741E+01  0.0000000E+00
  0.4648801E+02  0.4919062E+02 -0.2702608E+01 -0.4880066E+00  0.0000000E+00
  0.4623549E+02  0.4891381E+02 -0.2678322E+01  0.8764507E+01  0.8764507E+01
  0.4598298E+02  0.4863702E+02 -0.2654036E+01 -0.1982979E+01  0.0000000E+00
  0.4573046E+02  0.4836021E+02 -0.2629750E+01 -0.4730465E+01  0.0000000E+00
  0.4547667E+02  0.4808735E+02 -0.2610679E+01  0.6523331E+01  0.6523331E+01
  0.4522160E+02  0.4781842E+02 -0.2596822E+01  0.1778400E+01  0.1778400E+01
  0.4496653E+02  0.4754950E+02 -0.2582965E+01  0.7033470E+01  0.7033470E+01
  0.4471146E+02  0.4728057E+02 -0.2569108E+01 -0.7711460E+01  0.0000000E+00
  0.4441977E+02  0.4701416E+02 -0.2594385E+01  0.2580227E+01  0.2580227E+01
  0.4409148E+02  0.4675027E+02 -0.2658797E+01 -0.9147644E-01  0.0000000E+00
  0.4376318E+02  0.4648639E+02 -0.2723208E+01  0.9236824E+01  0.9236824E+01
  0.4343488E+02  0.4622250E+02 -0.2787619E+01  0.1756512E+02  0.1756512E+02
  0.4319638E+02  0.4596472E+02 -0.2768332E+01 -0.6196384E+01  0.0000000E+00
  0.4304770E+02  0.4571304E+02 -0.2665347E+01  0.3952301E+01  0.3952301E+01
  0.4289901E+02  0.4546137E+02 -0.2562362E+01  0.3100990E+01  0.3100990E+01
  0.4275032E+02  0.4520970E+02 -0.2459377E+01  0.4249676E+01  0.4249676E+01
  0.4256120E+02  0.4495675E+02 -0.2395558E+01 -0.1156120E+02  0.0000000E+00
  0.4233163E+02  0.4470254E+02 -0.2370907E+01  0.2668369E+01  0.2668369E+01
  0.4210207E+02  0.4444832E+02 -0.2346255E+01 -0.6102070E+01  0.0000000E+00
  0.4187250E+02  0.4419411E+02 -0.2321604E+01 -0.8872501E+01  0.0000000E+00
  0.4159531E+02  0.4394050E+02 -0.2345189E+01  0.6404686E+01  0.6404686E+01
  0.4127050E+02  0.4368751E+02 -0.2417012E+01  0.3729500E+01  0.3729500E+01
  0.4094569E+02  0.4343452E+02 -0.2488834E+01 -0.1194569E+02  0.0000000E+00
  0.4062088E+02  0.4318153E+02 -0.2560657E+01  0.1137912E+02  0.1137912E+02
  0.4034908E+02  0.4293521E+02 -0.2586123E+01  0.7650917E+01  0.7650917E+01
  0.4013031E+02  0.4269555E+02 -0.2565233E+01  0.1286969E+02  0.1286969E+02
  0.3991154E+02  0.4245589E+02 -0.2544342E+01 -0.1911541E+01  0.0000000E+00
  0.3969277E+02  0.4221622E+02 -0.2523452E+01  0.7307228E+01  0.7307228E+01
  0.3949453E+02  0.4197913E+02 -0.2484596E+01  0.2505466E+01  0.2505466E+01
  0.3931683E+02  0.4174461E+02 -0.2427775E+01  0.9683167E+01  0.9683167E+01
  0.3913913E+02  0.4151009E+02 -0.2370955E+01  0.2860870E+01  0.2860870E+01
  0.3896143E+02  0.4127556E+02 -0.2314134E+01  0.6038570E+01  0.6038570E+01
  0.3873631E+02  0.4104001E+02 -0.2303706E+01 -0.1736305E+01  0.0000000E+00
  0.3846376E+02  0.4080343E+02 -0.2339670E+01 -0.2463764E+01  0.0000000E+00
  0.3819122E+02  0.4056686E+02 -0.2375634E+01 -0.1191219E+01  0.0000000E+00
  0.3791868E+02  0.4033028E+02 -0.2411599E+01 -0.1918678E+01  0.0000000E+00
  0.3770518E+02  0.4009742E+02 -0.2392232E+01  0.1429482E+02  0.1429482E+02
  0.3755073E+02  0.3986827E+02 -0.2317536E+01  0.7449268E+01  0.7449268E+01
  0.3739629E+02  0.3963913E+02 -0.2242839E+01 -0.4396286E+01  0.0000000E+00
  0.3724184E+02  0.3940998E+02 -0.2168142E+01 -0.8241837E+01  0.0000000E+00
  0.3708549E+02  0.3918064E+02 -0.2095150E+01  0.1291451E+02  0.1291451E+02
  0.3692725E+02  0.3895111E+02 -0.2023864E+01  0.7275009E-01  0.7275009E-01
  0.3676900E+02  0.3872158E+02 -0.1952578E+01 -0.7690048E+00  0.0000000E+00
  0.3661076E+02  0.3849206E+02 -0.1881292E+01 -0.4610764E+01  0.0000000E+00
  0.3637071E+02  0.3826128E+02 -0.1890568E+01 -0.5370708E+01  0.0000000E+00
  0.3604885E+02  0.3802925E+02 -0.1980404E+01 -0.6048847E+01  0.0000000E+00
  0.3572698E+02  0.3779722E+02 -0.2070240E+01  0.2730217E+00  0.2730217E+00
  0.3540512E+02  0.3756519E+02 -0.2160076E+01  0.4594883E+01  0.4594883E+01
  0.3520650E+02  0.3734005E+02 -0.2133554E+01  0.8793503E+01  0.8793503E+01
  0.3513112E+02  0.3712180E+02 -0.1990673E+01 -0.1131123E+01  0.0000000E+00
  0.3505575E+02  0.3690354E+02 -0.1847792E+01 -0.4055752E+01  0.0000000E+00
  0.3498038E+02  0.3668529E+02 -0.1704910E+01 -0.6980377E+01  0.0000000E+00
  0.3474689E+02  0.3646470E+02 -0.1717808E+01 -0.3746895E+01  0.0000000E+00
  0.3435530E+02  0.3624179E+02 -0.1886485E+01 -0.1035530E+02  0.0000000E+00
  0.3396371E+02  0.3601888E+02 -0.2055162E+01  0.1203629E+02  0.1203629E+02
  0.3357212E+02  0.3579596E+02 -0.2223839E+01 -0.3572124E+01  0.0000000E+00
  0.3332149E+02  0.3558139E+02 -0.2259895E+01 -0.3214912E+00  0.0000000E+00
  0.3321182E+02  0.3537515E+02 -0.2163330E+01  0.1878818E+02  0.1878818E+02
  0.3310214E+02  0.3516891E+02 -0.2066765E+01  0.4897858E+01  0.4897858E+01
  0.3299247E+02  0.3496267E+02 -0.1970200E+01 -0.5992470E+01  0.0000000E+00
  0.3281670E+02  0.3475669E+02 -0.1939990E+01  0.1833038E+00  0.1833038E+00
  0.3257483E+02  0.3455096E+02 -0.1976134E+01  0.3425175E+01  0.3425175E+01
  0.3233295E+02  0.3434523E+02 -0.2012278E+01  0.3667049E+01  0.3667049E+01
  0.3209108E+02  0.3413950E+02 -0.2048422E+01 -0.1091076E+01  0.0000000E+00
  0.3190098E+02  0.3393533E+02 -0.2034343E+01  0.4099016E+01  0.4099016E+01
  0.3176266E+02  0.3373270E+02 -0.1970041E+01  0.9237335E+01  0.9237335E+01
  0.3162435E+02  0.3353009E+02 -0.1905739E+01  0.6375654E+01  0.6375654E+01
  0.3148603E+02  0.3332747E+02 -0.1841437E+01  0.1513973E+01  0.1513973E+01
  0.3129740E+02  0.3312484E+02 -0.1827442E+01  0.4702600E+01  0.4702600E+01
  0.3105846E+02  0.3292221E+02 -0.1863753E+01 -0.1205846E+02  0.0000000E+00
  0.3081952E+02  0.3271959E+02 -0.1900064E+01  0.4180475E+01  0.4180475E+01
  0.3058059E+02  0.3251696E+02 -0.1936375E+01 -0.5805874E+00  0.0000000E+00
  0.3037158E+02  0.3231726E+02 -0.1945683E+01  0.6628420E+01  0.6628420E+01
  0.3019251E+02  0.3212049E+02 -0.1927987E+01  0.3807493E+01  0.3807493E+01
  0.3001343E+02  0.3192372E+02 -0.1910291E+01  0.4986570E+01  0.4986570E+01
  0.2983436E+02  0.3172695E+02 -0.1892596E+01  0.1656437E+00  0.1656437E+00
  0.2968781E+02  0.3153213E+02 -0.1844313E+01  0.8312185E+01  0.8312185E+01
  0.2957381E+02  0.3133925E+02 -0.1765442E+01 -0.1573807E+01  0.0000000E+00
  0.2945980E+02  0.3114637E+02 -0.1686572E+01 -0.1459799E+01  0.0000000E+00
  0.2934579E+02  0.3095349E+02 -0.1607702E+01 -0.7345791E+01  0.0000000E+00
  0.2918490E+02  0.3075865E+02 -0.1573749E+01 -0.6184900E+01  0.0000000E+00
  0.2897713E+02  0.3056184E+02 -0.1584715E+01  0.7022875E+01  0.7022875E+01
  0.2876935E+02  0.3036503E+02 -0.1595680E+01  0.5230650E+01  0.5230650E+01
  0.2856157E+02  0.3016822E+02 -0.1606645E+01 -0.1256157E+02  0.0000000E+00
  0.2832903E+02  0.2997367E+02 -0.1644648E+01  0.3670973E+01  0.3670973E+01
  0.2807170E+02  0.2978139E+02 -0.1709688E+01  0.1928295E+01  0.1928295E+01
  0.2781438E+02  0.2958911E+02 -0.1774729E+01  0.3185616E+01  0.3185616E+01
  0.2755706E+02  0.2939683E+02 -0.1839769E+01  0.3442938E+01  0.3442938E+01
  0.2740461E+02  0.2921040E+02 -0.1805788E+01  0.6595388E+01  0.6595388E+01
  0.2735703E+02  0.2902982E+02 -0.1672786E+01  0.6642967E+01  0.6642967E+01
  0.2730945E+02  0.2884924E+02 -0.1539784E+01 -0.3309452E+01  0.0000000E+00
  0.2726187E+02  0.2866865E+02 -0.1406781E+01  0.6738127E+01  0.6738127E+01
  0.2715155E+02  0.2848472E+02 -0.1333173E+01 -0.1015155E+02  0.0000000E+00
  0.2697848E+02  0.2829744E+02 -0.1318960E+01 -0.8978483E+01  0.0000000E+00
  0.2680542E+02  0.2811016E+02 -0.1304746E+01 -0.6805418E+01  0.0000000E+00
  0.2663235E+02  0.2792288E+02 -0.1290532E+01 -0.6632351E+01  0.0000000E+00
  0.2643933E+02  0.2773550E+02 -0.1296168E+01  0.1560673E+01  0.1560673E+01
  0.2622634E+02  0.2754800E+02 -0.1321654E+01 -0.5226343E+01  0.0000000E+00
  0.2601336E+02  0.2736050E+02 -0.1347140E+01 -0.8013361E+01  0.0000000E+00
  0.2580038E+02  0.2717300E+02 -0.1372626E+01  0.1996231E+00  0.1996231E+00
  0.2557203E+02  0.2698999E+02 -0.1417963E+01  0.6427975E+01  0.6427975E+01
  0.2532830E+02  0.2681146E+02 -0.1483153E+01 -0.5328304E+01  0.0000000E+00
  0.2508458E+02  0.2663292E+02 -0.1548342E+01  0.4915419E+01  0.4915419E+01
  0.2484086E+02  0.2645439E+02 -0.1613532E+01  0.1015914E+02  0.1015914E+02
  0.2467854E+02  0.2628141E+02 -0.1602868E+01  0.5321461E+01  0.5321461E+01
  0.2459762E+02  0.2611397E+02 -0.1516351E+01 -0.5597618E+01  0.0000000E+00
  0.2451670E+02  0.2594653E+02 -0.1429833E+01 -0.4516695E+01  0.0000000E+00
  0.2443577E+02  0.2577909E+02 -0.1343316E+01 -0.5435774E+01  0.0000000E+00
  0.2430423E+02  0.2560980E+02 -0.1305571E+01  0.6957722E+00  0.6957722E+00
  0.2412206E+02  0.2543866E+02 -0.1316600E+01  0.1877941E+01  0.1877941E+01
  0.2393989E+02  0.2526752E+02 -0.1327628E+01  0.8060112E+01  0.8060112E+01
  0.2375772E+02  0.2509638E+02 -0.1338656E+01 -0.7757719E+01  0.0000000E+00
  0.2358176E+02  0.2492604E+02 -0.1344282E+01 -0.5581758E+01  0.0000000E+00
  0.2341201E+02  0.2475652E+02 -0.1344506E+01  0.3587990E+01  0.3587990E+01
  0.2324226E+02  0.2458699E+02 -0.1344730E+01 -0.2242262E+01  0.0000000E+00
  0.2307251E+02  0.2441747E+02 -0.1344954E+01 -0.2072514E+01  0.0000000E+00
  0.2290532E+02  0.2425050E+02 -0.1345171E+01  0.9094675E+01  0.9094675E+01
  0.2274070E+02  0.2408608E+02 -0.1345381E+01 -0.3740696E+01  0.0000000E+00
  0.2257607E+02  0.2392166E+02 -0.1345592E+01  0.4423933E+01  0.4423933E+01
  0.2241144E+02  0.2375724E+02 -0.1345802E+01  0.5588562E+01  0.5588562E+01
  0.2227388E+02  0.2359457E+02 -0.1320686E+01 -0.8273884E+01  0.0000000E+00
  0.2216340E+02  0.2343365E+02 -0.1270243E+01  0.1836597E+01  0.1836597E+01
  0.2205292E+02  0.2327272E+02 -0.1219800E+01 -0.2052921E+01  0.0000000E+00
  0.2194244E+02  0.2311180E+02 -0.1169358E+01 -0.3942440E+01  0.0000000E+00
  0.2179705E+02  0.2295033E+02 -0.1153275E+01  0.1202950E+01  0.1202950E+01
  0.2161675E+02  0.2278830E+02 -0.1171553E+01 -0.3616751E+01  0.0000000E+00
  0.2143645E+02  0.2262628E+02 -0.1189832E+01  0.1563549E+01  0.1563549E+01
  0.2125615E+02  0.2246426E+02 -0.1208110E+01 -0.5256151E+01  0.0000000E+00
  0.2107987E+02  0.2230442E+02 -0.1224552E+01  0.3920128E+01  0.3920128E+01
  0.2090761E+02  0.2214677E+02 -0.1239159E+01 -0.9076118E+00  0.0000000E+00
  0.2073535E+02  0.2198911E+02 -0.1253765E+01 -0.1735350E+01  0.0000000E+00
  0.2056309E+02  0.2183146E+02 -0.1268372E+01  0.5436911E+01  0.5436911E+01
  0.2039571E+02  0.2167690E+02 -0.1281197E+01 -0.3957081E+00  0.0000000E+00
  0.2023321E+02  0.2152545E+02 -0.1292242E+01  0.2766794E+01  0.2766794E+01
  0.2007070E+02  0.2137399E+02 -0.1303286E+01  0.9292984E+00  0.9292984E+00
  0.1990820E+02  0.2122253E+02 -0.1314331E+01  0.7091801E+01  0.7091801E+01
  0.1977666E+02  0.2107305E+02 -0.1296390E+01  0.7223341E+01  0.7223341E+01
  0.1967608E+02  0.2092554E+02 -0.1249464E+01 -0.3676081E+01  0.0000000E+00
  0.1957550E+02  0.2077804E+02 -0.1202537E+01 -0.4575504E+01  0.0000000E+00
  0.1947493E+02  0.2063054E+02 -0.1155611E+01 -0.3474926E+01  0.0000000E+00
  0.1935373E+02  0.2048233E+02 -0.1128600E+01  0.5646271E+01  0.5646271E+01
  0.1921191E+02  0.2033342E+02 -0.1121505E+01  0.2788088E+01  0.2788088E+01
  0.1907010E+02  0.2018451E+02 -0.1114409E+01 -0.7009506E-01  0.0000000E+00
  0.1892828E+02  0.2003559E+02 -0.1107314E+01 -0.2928278E+01  0.0000000E+00
  0.1874901E+02  0.1988737E+02 -0.1138354E+01  0.7250990E+01  0.7250990E+01
  0.1853229E+02  0.1973982E+02 -0.1207529E+01 -0.3532291E+01  0.0000000E+00
  0.1831557E+02  0.1959228E+02 -0.1276705E+01  0.7684429E+01  0.7684429E+01
  0.1809885E+02  0.1944473E+02 -0.1345880E+01 -0.9885216E-01  0.0000000E+00
  0.1795428E+02  0.1930214E+02 -0.1347862E+01  0.1404572E+02  0.1404572E+02
  0.1788185E+02  0.1916451E+02 -0.1282652E+01  0.1118147E+01  0.1118147E+01
  0.1780943E+02  0.1902687E+02 -0.1217442E+01 -0.7809427E+01  0.0000000E+00
  0.1773700E+02  0.1888923E+02 -0.1152232E+01  0.3262999E+01  0.3262999E+01
  0.1765656E+02  0.1875080E+02 -0.1094233E+01  0.5343435E+01  0.5343435E+01
  0.1756812E+02  0.1861156E+02 -0.1043446E+01  0.5431881E+01  0.5431881E+01
  0.1747967E+02  0.1847233E+02 -0.9926597E+00  0.1520329E+01  0.1520329E+01
  0.1739123E+02  0.1833310E+02 -0.9418730E+00 -0.8391226E+01  0.0000000E+00
  0.1727361E+02  0.1819197E+02 -0.9183569E+00  0.4726393E+01  0.4726393E+01
  0.1712682E+02  0.1804893E+02 -0.9221113E+00 -0.4126820E+01  0.0000000E+00
  0.1698003E+02  0.1790590E+02 -0.9258658E+00  0.5019970E+01  0.5019970E+01
  0.1683324E+02  0.1776286E+02 -0.9296202E+00 -0.5833242E+01  0.0000000E+00
  0.1671018E+02  0.1762173E+02 -0.9115546E+00 -0.4710180E+01  0.0000000E+00
  0.1661085E+02  0.1748252E+02 -0.8716692E+00  0.2389154E+01  0.2389154E+01
  0.1651151E+02  0.1734329E+02 -0.8317837E+00 -0.2511511E+01  0.0000000E+00
  0.1641218E+02  0.1720407E+02 -0.7918983E+00 -0.1412176E+01  0.0000000E+00
  0.1626079E+02  0.1706560E+02 -0.8048083E+00 -0.7260788E+01  0.0000000E+00
  0.1605734E+02  0.1692786E+02 -0.8705140E+00 -0.1057344E+01  0.0000000E+00
  0.1585390E+02  0.1679012E+02 -0.9362195E+00  0.1146096E+01  0.1146096E+01
  0.1565046E+02  0.1665239E+02 -0.1001925E+01 -0.2650461E+01  0.0000000E+00
  0.1549147E+02  0.1651904E+02 -0.1027566E+01  0.1050853E+02  0.1050853E+02
  0.1537694E+02  0.1639008E+02 -0.1013143E+01 -0.3769369E+00  0.0000000E+00
  0.1526240E+02  0.1626112E+02 -0.9987196E+00  0.7375975E+00  0.7375975E+00
  0.1514787E+02  0.1613216E+02 -0.9842964E+00  0.6852134E+01  0.6852134E+01
  0.1504239E+02  0.1600494E+02 -0.9625574E+00 -0.2042385E+01  0.0000000E+00
  0.1494596E+02  0.1587946E+02 -0.9335030E+00  0.1054043E+01  0.1054043E+01
  0.1484953E+02  0.1575398E+02 -0.9044484E+00  0.5150471E+01  0.5150471E+01
  0.1475310E+02  0.1562850E+02 -0.8753940E+00 -0.6753101E+01  0.0000000E+00
  0.1467058E+02  0.1550230E+02 -0.8317231E+00  0.2329421E+01  0.2329421E+01
  0.1460196E+02  0.1537540E+02 -0.7734358E+00 -0.6019621E+00  0.0000000E+00
  0.1453335E+02  0.1524849E+02 -0.7151485E+00 -0.3533346E+01  0.0000000E+00
  0.1446473E+02  0.1512159E+02 -0.6568612E+00 -0.4464729E+01  0.0000000E+00
  0.1436562E+02  0.1499337E+02 -0.6277531E+00 -0.3365621E+01  0.0000000E+00
  0.1423602E+02  0.1486384E+02 -0.6278241E+00 -0.3236020E+01  0.0000000E+00
  0.1410642E+02  0.1473431E+02 -0.6278951E+00  0.3893581E+01  0.3893581E+01
  0.1397682E+02  0.1460478E+02 -0.6279660E+00 -0.9768181E+00  0.0000000E+00
  0.1383230E+02  0.1447680E+02 -0.6444964E+00 -0.7832299E+01  0.0000000E+00
  0.1367286E+02  0.1435035E+02 -0.6774860E+00 -0.7672861E+01  0.0000000E+00
  0.1351342E+02  0.1422390E+02 -0.7104756E+00 -0.5513424E+01  0.0000000E+00
  0.1335399E+02  0.1409745E+02 -0.7434652E+00  0.1646014E+01  0.1646014E+01
  0.1322574E+02  0.1397480E+02 -0.7490617E+00  0.1774257E+01  0.1774257E+01
  0.1312869E+02  0.1385596E+02 -0.7272651E+00  0.8713055E+00  0.8713055E+00
  0.1303165E+02  0.1373711E+02 -0.7054685E+00 -0.4031647E+01  0.0000000E+00
  0.1293460E+02  0.1361827E+02 -0.6836718E+00 -0.4934598E+01  0.0000000E+00
  0.1282943E+02  0.1350041E+02 -0.6709823E+00  0.1705704E+00  0.1705704E+00
  0.1271614E+02  0.1338354E+02 -0.6673998E+00  0.3283860E+01  0.3283860E+01
  0.1260285E+02  0.1326667E+02 -0.6638173E+00 -0.6028509E+00  0.0000000E+00
  0.1248956E+02  0.1314980E+02 -0.6602347E+00 -0.1489561E+01  0.0000000E+00
  0.1240080E+02  0.1303368E+02 -0.6328736E+00 -0.9400803E+01  0.0000000E+00
  0.1233657E+02  0.1291831E+02 -0.5817337E+00  0.6663426E+01  0.6663426E+01
  0.1227234E+02  0.1280294E+02 -0.5305939E+00 -0.8272345E+01  0.0000000E+00
  0.1220812E+02  0.1268757E+02 -0.4794540E+00  0.2791884E+01  0.2791884E+01
  0.1209381E+02  0.1257152E+02 -0.4777170E+00 -0.4093806E+01  0.0000000E+00
  0.1192942E+02  0.1245480E+02 -0.5253828E+00 -0.7929416E+01  0.0000000E+00
  0.1176503E+02  0.1233807E+02 -0.5730486E+00  0.2234974E+01  0.2234974E+01
  0.1160064E+02  0.1222135E+02 -0.6207144E+00 -0.2600636E+01  0.0000000E+00
  0.1145780E+02  0.1210789E+02 -0.6500869E+00  0.4542200E+01  0.4542200E+01
  0.1133652E+02  0.1199769E+02 -0.6611661E+00 -0.6336519E+01  0.0000000E+00
  0.1121524E+02  0.1188748E+02 -0.6722454E+00  0.7784760E+01  0.7784760E+01
  0.1109396E+02  0.1177728E+02 -0.6833246E+00 -0.2093959E+01  0.0000000E+00
  0.1098830E+02  0.1166989E+02 -0.6815899E+00 -0.2988296E+01  0.0000000E+00
  0.1089825E+02  0.1156529E+02 -0.6670411E+00  0.1017513E+00  0.1017513E+00
  0.1080820E+02  0.1146069E+02 -0.6524923E+00  0.1917973E+00  0.1917973E+00
  0.1071816E+02  0.1135610E+02 -0.6379434E+00  0.3281844E+01  0.3281844E+01
  0.1063223E+02  0.1125194E+02 -0.6197082E+00  0.3677731E+00  0.3677731E+00
  0.1055042E+02  0.1114820E+02 -0.5977865E+00 -0.3550415E+01  0.0000000E+00
  0.1046860E+02  0.1104447E+02 -0.5758648E+00 -0.2468604E+01  0.0000000E+00
  0.1038679E+02  0.1094073E+02 -0.5539431E+00 -0.3867922E+00  0.0000000E+00
  0.1029037E+02  0.1083705E+02 -0.5466864E+00  0.1709633E+01  0.1709633E+01
  0.1017933E+02  0.1073342E+02 -0.5540945E+00 -0.3179329E+01  0.0000000E+00
  0.1006829E+02  0.1062979E+02 -0.5615028E+00 -0.4068290E+01  0.0000000E+00
  0.9957252E+01  0.1052616E+02 -0.5689109E+00  0.2042748E+01  0.2042748E+01
  0.9871554E+01  0.1042402E+02 -0.5524606E+00  0.1128446E+01  0.1128446E+01
  0.9811198E+01  0.1032335E+02 -0.5121518E+00  0.1888018E+00  0.1888018E+00
  0.9750843E+01  0.1022269E+02 -0.4718430E+00 -0.7508430E+00  0.0000000E+00
  0.9690487E+01  0.1012202E+02 -0.4315343E+00 -0.4690487E+01  0.0000000E+00
  0.9600645E+01  0.1002124E+02 -0.4205955E+00 -0.3600645E+01  0.0000000E+00
  0.9481318E+01  0.9920345E+01 -0.4390269E+00 -0.1481318E+01  0.0000000E+00
  0.9361991E+01  0.9819449E+01 -0.4574582E+00 -0.5361991E+01  0.0000000E+00
  0.9242664E+01  0.9718554E+01 -0.4758895E+00 -0.1242664E+01  0.0000000E+00
  0.9149086E+01  0.9619512E+01 -0.4704251E+00 -0.2149086E+01  0.0000000E+00
  0.9081258E+01  0.9522323E+01 -0.4410648E+00  0.4918742E+01  0.4918742E+01
  0.9013429E+01  0.9425134E+01 -0.4117045E+00 -0.1342869E-01  0.0000000E+00
  0.8945601E+01  0.9327945E+01 -0.3823443E+00 -0.2945601E+01  0.0000000E+00
  0.8867421E+01  0.9231438E+01 -0.3640161E+00 -0.2867421E+01  0.0000000E+00
  0.8778893E+01  0.9135612E+01 -0.3567201E+00 -0.4778893E+01  0.0000000E+00
  0.8690363E+01  0.9039787E+01 -0.3494240E+00 -0.5690363E+01  0.0000000E+00
  0.8601834E+01  0.8943962E+01 -0.3421279E+00 -0.2601834E+01  0.0000000E+00
  0.8504887E+01  0.8848915E+01 -0.3440287E+00 -0.1504887E+01  0.0000000E+00
  0.8399520E+01  0.8754646E+01 -0.3551262E+00 -0.1399520E+01  0.0000000E+00
  0.8294153E+01  0.8660377E+01 -0.3662238E+00  0.1705847E+01  0.1705847E+01
  0.8188787E+01  0.8566108E+01 -0.3773214E+00 -0.4188787E+01  0.0000000E+00
  0.8102080E+01  0.8473924E+01 -0.3718437E+00 -0.4102080E+01  0.0000000E+00
  0.8034033E+01  0.8383823E+01 -0.3497908E+00 -0.3403282E-01  0.0000000E+00
  0.7965986E+01  0.8293724E+01 -0.3277380E+00 -0.2965986E+01  0.0000000E+00
  0.7897939E+01  0.8203624E+01 -0.3056851E+00 -0.3897939E+01  0.0000000E+00
  0.7808449E+01  0.8114188E+01 -0.3057394E+00 -0.1808449E+01  0.0000000E+00
  0.7697515E+01  0.8025415E+01 -0.3279007E+00 -0.2697515E+01  0.0000000E+00
  0.7586582E+01  0.7936644E+01 -0.3500620E+00 -0.2586582E+01  0.0000000E+00
  0.7475648E+01  0.7847872E+01 -0.3722234E+00  0.5243516E+00  0.5243516E+00
  0.7388824E+01  0.7761092E+01 -0.3722673E+00 -0.3888245E+00  0.0000000E+00
  0.7326110E+01  0.7676304E+01 -0.3501937E+00 -0.1326110E+01  0.0000000E+00
  0.7263396E+01  0.7591516E+01 -0.3281201E+00 -0.3263396E+01  0.0000000E+00
  0.7200682E+01  0.7506728E+01 -0.3060466E+00 -0.4200682E+01  0.0000000E+00
  0.7127647E+01  0.7422677E+01 -0.2950296E+00 -0.1276469E+00  0.0000000E+00
  0.7044292E+01  0.7339361E+01 -0.2950691E+00 -0.1044292E+01  0.0000000E+00
  0.6960938E+01  0.7256046E+01 -0.2951086E+00  0.3906250E-01  0.3906250E-01
  0.6877583E+01  0.7172730E+01 -0.2951482E+00 -0.8775826E+00  0.0000000E+00
  0.6795120E+01  0.7090312E+01 -0.2951927E+00 -0.3795120E+01  0.0000000E+00
  0.6713549E+01  0.7008791E+01 -0.2952424E+00 -0.2713549E+01  0.0000000E+00
  0.6631978E+01  0.6927270E+01 -0.2952920E+00  0.1368022E+01  0.1368022E+01
  0.6550407E+01  0.6845749E+01 -0.2953417E+00 -0.4550407E+01  0.0000000E+00
  0.6481411E+01  0.6765716E+01 -0.2843042E+00 -0.4814115E+00  0.0000000E+00
  0.6424990E+01  0.6687170E+01 -0.2621796E+00 -0.2424990E+01  0.0000000E+00
  0.6368568E+01  0.6608624E+01 -0.2400551E+00 -0.2368568E+01  0.0000000E+00
  0.6312147E+01  0.6530077E+01 -0.2179305E+00 -0.4312147E+01  0.0000000E+00
  0.6239506E+01  0.6451931E+01 -0.2124259E+00 -0.3239506E+01  0.0000000E+00
  0.6150645E+01  0.6374186E+01 -0.2235413E+00 -0.1150645E+01  0.0000000E+00
  0.6061784E+01  0.6296441E+01 -0.2346567E+00 -0.6178379E-01  0.0000000E+00
  0.5972923E+01  0.6218695E+01 -0.2457721E+00 -0.1972923E+01  0.0000000E+00
  0.5906008E+01  0.6142563E+01 -0.2365551E+00 -0.2906008E+01  0.0000000E+00
  0.5861038E+01  0.6068044E+01 -0.2070058E+00 -0.1861038E+01  0.0000000E+00
  0.5816069E+01  0.5993526E+01 -0.1774564E+00 -0.2816069E+01  0.0000000E+00
  0.5771100E+01  0.5919007E+01 -0.1479071E+00 -0.5771100E+01  0.0000000E+00
  0.5695051E+01  0.5844844E+01 -0.1497934E+00 -0.6950507E+00  0.0000000E+00
  0.5587922E+01  0.5771038E+01 -0.1831154E+00 -0.4587922E+01  0.0000000E+00
  0.5480794E+01  0.5697231E+01 -0.2164374E+00 -0.1480794E+01  0.0000000E+00
  0.5373665E+01  0.5623425E+01 -0.2497593E+00  0.6263347E+00  0.6263347E+00
  0.5298552E+01  0.5552028E+01 -0.2534768E+00 -0.3298552E+01  0.0000000E+00
  0.5255452E+01  0.5483041E+01 -0.2275899E+00  0.7445483E+00  0.7445483E+00
  0.5212352E+01  0.5414055E+01 -0.2017029E+00 -0.1212352E+01  0.0000000E+00
  0.5169252E+01  0.5345068E+01 -0.1758159E+00 -0.4169252E+01  0.0000000E+00
  0.5110219E+01  0.5276808E+01 -0.1665897E+00 -0.2110219E+01  0.0000000E+00
  0.5035252E+01  0.5209276E+01 -0.1740242E+00 -0.2035252E+01  0.0000000E+00
  0.4960284E+01  0.5141743E+01 -0.1814587E+00 -0.9602842E+00  0.0000000E+00
  0.4885317E+01  0.5074210E+01 -0.1888932E+00 -0.4885317E+01  0.0000000E+00
  0.4826240E+01  0.5007746E+01 -0.1815066E+00 -0.8262396E+00  0.0000000E+00
  0.4783051E+01  0.4942350E+01 -0.1592989E+00  0.2169485E+00  0.2169485E+00
  0.4739863E+01  0.4876955E+01 -0.1370912E+00 -0.1739863E+01  0.0000000E+00
  0.4696675E+01  0.4811558E+01 -0.1148835E+00 -0.3696675E+01  0.0000000E+00
  0.4637426E+01  0.4746778E+01 -0.1093511E+00 -0.3637426E+01  0.0000000E+00
  0.4562117E+01  0.4682611E+01 -0.1204941E+00 -0.2562117E+01  0.0000000E+00
  0.4486808E+01  0.4618445E+01 -0.1316370E+00 -0.4868083E+00  0.0000000E+00
  0.4411499E+01  0.4554279E+01 -0.1427800E+00 -0.2411499E+01  0.0000000E+00
  0.4347035E+01  0.4491684E+01 -0.1446497E+00 -0.2347035E+01  0.0000000E+00
  0.4293415E+01  0.4430662E+01 -0.1372462E+00 -0.2293415E+01  0.0000000E+00
  0.4239796E+01  0.4369638E+01 -0.1298427E+00 -0.3239796E+01  0.0000000E+00
  0.4186176E+01  0.4308615E+01 -0.1224392E+00 -0.3186176E+01  0.0000000E+00
  0.4132022E+01  0.4248911E+01 -0.1168893E+00 -0.1132022E+01  0.0000000E+00
  0.4077334E+01  0.4190527E+01 -0.1131930E+00 -0.1077334E+01  0.0000000E+00
  0.4022646E+01  0.4132143E+01 -0.1094967E+00 -0.2022646E+01  0.0000000E+00
  0.3967958E+01  0.4073759E+01 -0.1058004E+00 -0.9679585E+00  0.0000000E+00
  0.3912472E+01  0.4016432E+01 -0.1039594E+00 -0.3912472E+01  0.0000000E+00
  0.3856189E+01  0.3960163E+01 -0.1039738E+00 -0.1856189E+01  0.0000000E+00
  0.3799905E+01  0.3903893E+01 -0.1039881E+00 -0.2799905E+01  0.0000000E+00
  0.3743621E+01  0.3847624E+01 -0.1040025E+00 -0.2743621E+01  0.0000000E+00
  0.3688733E+01  0.3792750E+01 -0.1040176E+00 -0.1688733E+01  0.0000000E+00
  0.3635240E+01  0.3739273E+01 -0.1040336E+00 -0.6352396E+00  0.0000000E+00
  0.3581747E+01  0.3685796E+01 -0.1040496E+00 -0.2581747E+01  0.0000000E+00
  0.3528253E+01  0.3632319E+01 -0.1040655E+00 -0.1528253E+01  0.0000000E+00
  0.3465074E+01  0.3580312E+01 -0.1152378E+00 -0.1465074E+01  0.0000000E+00
  0.3392209E+01  0.3529775E+01 -0.1375665E+00 -0.1392209E+01  0.0000000E+00
  0.3319344E+01  0.3479239E+01 -0.1598952E+00  0.1680656E+01  0.1680656E+01
  0.3246478E+01  0.3428702E+01 -0.1822238E+00 -0.2464783E+00  0.0000000E+00
  0.3194520E+01  0.3380481E+01 -0.1859602E+00 -0.1194520E+01  0.0000000E+00
  0.3163470E+01  0.3334574E+01 -0.1711044E+00 -0.1634698E+00  0.0000000E+00
  0.3132419E+01  0.3288668E+01 -0.1562486E+00 -0.1132419E+01  0.0000000E+00
  0.3101369E+01  0.3242762E+01 -0.1413929E+00 -0.2101369E+01  0.0000000E+00
  0.3076670E+01  0.3197613E+01 -0.1209426E+00 -0.7667041E-01  0.0000000E+00
  0.3058324E+01  0.3153222E+01 -0.9489778E-01 -0.5832410E-01  0.0000000E+00
  0.3039978E+01  0.3108831E+01 -0.6885301E-01 -0.2039978E+01  0.0000000E+00
  0.3021632E+01  0.3064440E+01 -0.4280822E-01 -0.3021632E+01  0.0000000E+00
  0.2982366E+01  0.3019604E+01 -0.3723869E-01 -0.1982366E+01  0.0000000E+00
  0.2922179E+01  0.2974324E+01 -0.5214441E-01 -0.2922179E+01  0.0000000E+00
  0.2861992E+01  0.2929042E+01 -0.6705013E-01 -0.1861992E+01  0.0000000E+00
  0.2801806E+01  0.2883761E+01 -0.8195584E-01  0.1981943E+00  0.1981943E+00
  0.2757988E+01  0.2839948E+01 -0.8195990E-01 -0.2757988E+01  0.0000000E+00
  0.2730539E+01  0.2797601E+01 -0.6706230E-01 -0.7305393E+00  0.0000000E+00
  0.2703091E+01  0.2755255E+01 -0.5216470E-01 -0.1703091E+01  0.0000000E+00
  0.2675642E+01  0.2712909E+01 -0.3726709E-01 -0.2675642E+01  0.0000000E+00
  0.2635887E+01  0.2671302E+01 -0.3541445E-01 -0.2635887E+01  0.0000000E+00
  0.2583827E+01  0.2630433E+01 -0.4660676E-01 -0.1583827E+01  0.0000000E+00
  0.2531766E+01  0.2589565E+01 -0.5779907E-01 -0.2531766E+01  0.0000000E+00
  0.2479705E+01  0.2548696E+01 -0.6899138E-01 -0.2479705E+01  0.0000000E+00
  0.2440004E+01  0.2509000E+01 -0.6899606E-01 -0.1440004E+01  0.0000000E+00
  0.2412663E+01  0.2470476E+01 -0.5781313E-01  0.1587337E+01  0.1587337E+01
  0.2385323E+01  0.2431953E+01 -0.4663018E-01 -0.3853226E+00  0.0000000E+00
  0.2357982E+01  0.2393429E+01 -0.3544724E-01 -0.2357982E+01  0.0000000E+00
  0.2323832E+01  0.2355556E+01 -0.3172459E-01 -0.2323832E+01  0.0000000E+00
  0.2282873E+01  0.2318336E+01 -0.3546223E-01 -0.2282873E+01  0.0000000E+00
  0.2241915E+01  0.2281115E+01 -0.3919988E-01 -0.2419147E+00  0.0000000E+00
  0.2200956E+01  0.2243894E+01 -0.4293753E-01 -0.2200956E+01  0.0000000E+00
  0.2162760E+01  0.2207570E+01 -0.4480940E-01 -0.1162760E+01  0.0000000E+00
  0.2127327E+01  0.2172143E+01 -0.4481551E-01 -0.2127327E+01  0.0000000E+00
  0.2091894E+01  0.2136715E+01 -0.4482162E-01 -0.2091894E+01  0.0000000E+00
  0.2056460E+01  0.2101288E+01 -0.4482772E-01 -0.5646038E-01  0.0000000E+00
  0.2020191E+01  0.2066894E+01 -0.4670291E-01 -0.1020191E+01  0.0000000E+00
  0.1983085E+01  0.2033532E+01 -0.5044720E-01 -0.1983085E+01  0.0000000E+00
  0.1945979E+01  0.2000170E+01 -0.5419147E-01 -0.9459785E+00  0.0000000E+00
  0.1908872E+01  0.1966808E+01 -0.5793576E-01 -0.1908872E+01  0.0000000E+00
  0.1878410E+01  0.1934482E+01 -0.5607200E-01  0.1215905E+00  0.1215905E+00
  0.1854590E+01  0.1903190E+01 -0.4860021E-01 -0.8545899E+00  0.0000000E+00
  0.1830770E+01  0.1871899E+01 -0.4112842E-01 -0.1830770E+01  0.0000000E+00
  0.1806951E+01  0.1840607E+01 -0.3365663E-01 -0.8069507E+00  0.0000000E+00
  0.1781852E+01  0.1809904E+01 -0.2805167E-01 -0.1781852E+01  0.0000000E+00
  0.1755474E+01  0.1779788E+01 -0.2431353E-01 -0.7554741E+00  0.0000000E+00
  0.1729096E+01  0.1749672E+01 -0.2057539E-01 -0.7290963E+00  0.0000000E+00
  0.1702718E+01  0.1719556E+01 -0.1683725E-01 -0.1702718E+01  0.0000000E+00
  0.1671361E+01  0.1690074E+01 -0.1871369E-01 -0.1671361E+01  0.0000000E+00
  0.1635023E+01  0.1661228E+01 -0.2620470E-01 -0.1635023E+01  0.0000000E+00
  0.1598686E+01  0.1632381E+01 -0.3369571E-01 -0.1598686E+01  0.0000000E+00
  0.1562348E+01  0.1603535E+01 -0.4118672E-01  0.4376519E+00  0.4376519E+00
  0.1532873E+01  0.1575936E+01 -0.4306221E-01 -0.5328734E+00  0.0000000E+00
  0.1510261E+01  0.1549584E+01 -0.3932218E-01 -0.1510261E+01  0.0000000E+00
  0.1487649E+01  0.1523232E+01 -0.3558214E-01 -0.4876494E+00  0.0000000E+00
  0.1465037E+01  0.1496880E+01 -0.3184211E-01 -0.1465037E+01  0.0000000E+00
  0.1364563E+01  0.1471378E+01 -0.1068157E+00 -0.3645626E+00  0.0000000E+00
  0.1186225E+01  0.1446728E+01 -0.2605030E+00 -0.1186225E+01  0.0000000E+00
  0.1007887E+01  0.1422078E+01 -0.4141902E+00 -0.1007887E+01  0.0000000E+00
  0.8295496E+00  0.1397427E+01 -0.5678774E+00 -0.8295496E+00  0.0000000E+00
  0.7403808E+00  0.1385102E+01 -0.6447210E+00  0.2596192E+00  0.2596192E+00
  0.7403808E+00  0.1385102E+01 -0.6447210E+00  0.4125962E+02  0.4125962E+02
