           0
 F
           0
 F
           4
  2.5000000E-07
  0.0000000E+00
   1.900000    
  0.2000000    
   1.200000    
           2
   1000.000    
  0.0000000E+00
 F
  0.0000000E+00
   55.00000    
        1024
  0.0000000E+00   1.432700       19.26400    
  0.0000000E+00  0.0000000E+00  0.0000000E+00  0.5500000E+02  0.5500000E+02
 -0.3771794E+00  0.0000000E+00 -0.3771794E+00  0.3437718E+02  0.3437718E+02
  0.0000000E+00  0.0000000E+00  0.0000000E+00  0.4200000E+02  0.4200000E+02
  0.0000000E+00  0.0000000E+00  0.0000000E+00  0.2100000E+02  0.2100000E+02
 -0.3771794E+00  0.0000000E+00 -0.3771794E+00  0.3037718E+02  0.3037718E+02
 -0.3771794E+00  0.0000000E+00 -0.3771794E+00  0.2337718E+02  0.2337718E+02
 -0.3827927E+00  0.0000000E+00 -0.3864643E+00  0.1838279E+02  0.1838279E+02
 -0.3940193E+00  0.0000000E+00 -0.4050340E+00  0.1439402E+02  0.1439402E+02
 -0.4052459E+00  0.2937245E-01 -0.4236037E+00  0.3440525E+02  0.3440525E+02
 -0.4164725E+00  0.2937245E-01 -0.4421734E+00  0.2241647E+02  0.2241647E+02
 -0.3942897E+00  0.3444491E-01 -0.4287347E+00  0.2339429E+02  0.2339429E+02
 -0.3386977E+00  0.4458983E-01 -0.3832875E+00  0.2233870E+02  0.2233870E+02
 -0.2831056E+00  0.5473475E-01 -0.3378404E+00  0.2228311E+02  0.2228311E+02
 -0.2275136E+00  0.6487966E-01 -0.2923932E+00  0.1622751E+02  0.1622751E+02
 -0.2241906E+00  0.7213962E-01 -0.2963302E+00  0.1122419E+02  0.1122419E+02
 -0.2731368E+00  0.7651462E-01 -0.3496514E+00  0.1127314E+02  0.1127314E+02
 -0.3220829E+00  0.8088961E-01 -0.4029725E+00  0.3732208E+02  0.3732208E+02
 -0.3710290E+00  0.8526461E-01 -0.4562936E+00  0.2437103E+02  0.2437103E+02
 -0.3602968E+00  0.9059399E-01 -0.4508907E+00  0.3236030E+02  0.3236030E+02
 -0.2898861E+00  0.9687774E-01 -0.3867638E+00  0.1428989E+02  0.1428989E+02
 -0.2194754E+00  0.1031615E+00 -0.3226369E+00  0.1921947E+02  0.1921947E+02
 -0.1490648E+00  0.1094453E+00 -0.2585100E+00  0.1214907E+02  0.1214907E+02
 -0.1217531E+00  0.1132873E+00 -0.2350404E+00  0.1212175E+02  0.1212175E+02
 -0.1375404E+00  0.1146877E+00 -0.2522281E+00  0.7137540E+01  0.7137540E+01
 -0.1533277E+00  0.1160881E+00 -0.2694159E+00  0.2115333E+02  0.2115333E+02
 -0.1691151E+00  0.1174886E+00 -0.2866036E+00  0.1416912E+02  0.1416912E+02
 -0.1601151E+00  0.1186668E+00 -0.2787819E+00  0.1416012E+02  0.1416012E+02
 -0.1263277E+00  0.1196229E+00 -0.2459507E+00  0.1612633E+02  0.1612633E+02
 -0.9254043E-01  0.1205790E+00 -0.2131194E+00  0.1209254E+02  0.1209254E+02
 -0.5875311E-01  0.1215351E+00 -0.1802882E+00  0.1005875E+02  0.1005875E+02
 -0.7892824E-01  0.1214701E+00 -0.2003983E+00  0.9078928E+01  0.9078928E+01
 -0.1530658E+00  0.1203840E+00 -0.2734498E+00  0.5153066E+01  0.5153066E+01
 -0.2272034E+00  0.1192979E+00 -0.3465013E+00  0.4222720E+02  0.4222720E+02
 -0.3013410E+00  0.1182117E+00 -0.4195528E+00  0.2330134E+02  0.2330134E+02
 -0.3083782E+00  0.1202206E+00 -0.4285987E+00  0.1430838E+02  0.1430838E+02
 -0.2483149E+00  0.1253243E+00 -0.3736392E+00  0.2124831E+02  0.2124831E+02
 -0.1882516E+00  0.1304281E+00 -0.3186797E+00  0.2318825E+02  0.2318825E+02
 -0.1281882E+00  0.1355319E+00 -0.2637201E+00  0.1112819E+02  0.1112819E+02
 -0.1189359E+00  0.1386135E+00 -0.2575494E+00  0.1111894E+02  0.1111894E+02
 -0.1604945E+00  0.1396731E+00 -0.3001675E+00  0.6160494E+01  0.6160494E+01
 -0.2020530E+00  0.1407326E+00 -0.3427856E+00  0.3020205E+02  0.3020205E+02
 -0.2436116E+00  0.1417921E+00 -0.3854037E+00  0.1524361E+02  0.1524361E+02
 -0.2404857E+00  0.1438956E+00 -0.3843813E+00  0.2524049E+02  0.2524049E+02
 -0.1926753E+00  0.1470429E+00 -0.3397182E+00  0.1619267E+02  0.1619267E+02
 -0.1448648E+00  0.1501902E+00 -0.2950551E+00  0.1614487E+02  0.1614487E+02
 -0.9705444E-01  0.1533376E+00 -0.2503920E+00  0.1009705E+02  0.1009705E+02
 -0.9049024E-01  0.1547748E+00 -0.2452650E+00  0.1209049E+02  0.1209049E+02
 -0.1251723E+00  0.1545019E+00 -0.2796741E+00  0.1012517E+02  0.1012517E+02
 -0.1598543E+00  0.1542290E+00 -0.3140833E+00  0.3015985E+02  0.3015985E+02
 -0.1945364E+00  0.1539561E+00 -0.3484924E+00  0.1119454E+02  0.1119454E+02
 -0.1935656E+00  0.1549026E+00 -0.3484682E+00  0.2119357E+02  0.2119357E+02
 -0.1569421E+00  0.1570686E+00 -0.3140107E+00  0.1515694E+02  0.1515694E+02
 -0.1203186E+00  0.1592345E+00 -0.2795531E+00  0.2112032E+02  0.2112032E+02
 -0.8369511E-01  0.1614005E+00 -0.2450956E+00  0.1108370E+02  0.1108370E+02
 -0.2808247E+01  0.1622615E+00 -0.2970508E+01  0.1280825E+02  0.1280825E+02
 -0.8293973E+01  0.1618175E+00 -0.8455791E+01  0.1429397E+02  0.1429397E+02
 -0.1377970E+02  0.1613735E+00 -0.1394107E+02  0.3277970E+02  0.3277970E+02
 -0.1926543E+02  0.1609295E+00 -0.1942636E+02  0.8072654E+03  0.8072654E+03
 -0.2341836E+02  0.4159095E+00 -0.2383427E+02  0.1930418E+04  0.1930418E+04
 -0.2623850E+02  0.9263136E+00 -0.2716481E+02  0.1983239E+04  0.1983239E+04
 -0.2905864E+02  0.1436718E+01 -0.3049536E+02  0.1994059E+04  0.1994059E+04
 -0.3187878E+02  0.1947122E+01 -0.3382590E+02  0.1895879E+04  0.1895879E+04
 -0.3305011E+02  0.2594364E+01 -0.3564447E+02  0.1844050E+04  0.1844050E+04
 -0.3257263E+02  0.3378444E+01 -0.3595107E+02  0.1788573E+04  0.1788573E+04
 -0.3209515E+02  0.4162525E+01 -0.3625768E+02  0.1948095E+04  0.1948095E+04
 -0.3161768E+02  0.4946605E+01 -0.3656428E+02  0.1905618E+04  0.1905618E+04
 -0.3088101E+02  0.5655356E+01 -0.3653637E+02  0.1865881E+04  0.1865881E+04
 -0.2988515E+02  0.6288778E+01 -0.3617393E+02  0.1939885E+04  0.1939885E+04
 -0.2888929E+02  0.6922200E+01 -0.3581149E+02  0.2159889E+04  0.2159889E+04
 -0.2789343E+02  0.7555622E+01 -0.3544905E+02  0.1914893E+04  0.1914893E+04
 -0.2713324E+02  0.8091462E+01 -0.3522470E+02  0.1690133E+04  0.1690133E+04
 -0.2660871E+02  0.8529720E+01 -0.3513843E+02  0.1591609E+04  0.1591609E+04
 -0.2608418E+02  0.8967979E+01 -0.3505216E+02  0.1599084E+04  0.1599084E+04
 -0.2555965E+02  0.9406238E+01 -0.3496589E+02  0.1785560E+04  0.1785560E+04
 -0.2539968E+02  0.9795553E+01 -0.3519523E+02  0.1854400E+04  0.1854400E+04
 -0.2560425E+02  0.1013593E+02 -0.3574018E+02  0.2046604E+04  0.2046604E+04
 -0.2580883E+02  0.1047630E+02 -0.3628513E+02  0.2034809E+04  0.2034809E+04
 -0.2601341E+02  0.1081667E+02 -0.3683008E+02  0.2036013E+04  0.2036013E+04
 -0.2555148E+02  0.1115922E+02 -0.3671070E+02  0.1878552E+04  0.1878552E+04
 -0.2442304E+02  0.1150395E+02 -0.3592699E+02  0.1791423E+04  0.1791423E+04
 -0.2329460E+02  0.1184868E+02 -0.3514328E+02  0.1725295E+04  0.1725295E+04
 -0.2216616E+02  0.1219342E+02 -0.3435958E+02  0.1739166E+04  0.1739166E+04
 -0.2180247E+02  0.1247911E+02 -0.3428159E+02  0.1821802E+04  0.1821802E+04
 -0.2220353E+02  0.1270578E+02 -0.3490931E+02  0.1800203E+04  0.1800203E+04
 -0.2260459E+02  0.1293245E+02 -0.3553704E+02  0.1865605E+04  0.1865605E+04
 -0.2300565E+02  0.1315911E+02 -0.3616476E+02  0.1833006E+04  0.1833006E+04
 -0.2295785E+02  0.1339750E+02 -0.3635535E+02  0.1926958E+04  0.1926958E+04
 -0.2246118E+02  0.1364762E+02 -0.3610880E+02  0.1917461E+04  0.1917461E+04
 -0.2196451E+02  0.1389774E+02 -0.3586225E+02  0.1896964E+04  0.1896964E+04
 -0.2146784E+02  0.1414786E+02 -0.3561570E+02  0.1774468E+04  0.1774468E+04
 -0.2115041E+02  0.1437322E+02 -0.3552362E+02  0.1826150E+04  0.1826150E+04
 -0.2101221E+02  0.1457383E+02 -0.3558604E+02  0.1763012E+04  0.1763012E+04
 -0.2087401E+02  0.1477444E+02 -0.3564845E+02  0.1825874E+04  0.1825874E+04
 -0.2073582E+02  0.1497505E+02 -0.3571086E+02  0.1789736E+04  0.1789736E+04
 -0.2063421E+02  0.1516893E+02 -0.3580314E+02  0.1841634E+04  0.1841634E+04
 -0.2056920E+02  0.1535609E+02 -0.3592529E+02  0.1860569E+04  0.1860569E+04
 -0.2050419E+02  0.1554325E+02 -0.3604744E+02  0.1872504E+04  0.1872504E+04
 -0.2043918E+02  0.1573042E+02 -0.3616959E+02  0.1791439E+04  0.1791439E+04
 -0.2028840E+02  0.1591917E+02 -0.3620757E+02  0.1930288E+04  0.1930288E+04
 -0.2005186E+02  0.1610951E+02 -0.3616137E+02  0.1830052E+04  0.1830052E+04
 -0.1981531E+02  0.1629986E+02 -0.3611517E+02  0.1813815E+04  0.1813815E+04
 -0.1957876E+02  0.1649020E+02 -0.3606897E+02  0.1852579E+04  0.1852579E+04
 -0.1940108E+02  0.1667187E+02 -0.3607295E+02  0.1805401E+04  0.1805401E+04
 -0.1928226E+02  0.1684485E+02 -0.3612711E+02  0.1920282E+04  0.1920282E+04
 -0.1916344E+02  0.1701783E+02 -0.3618127E+02  0.1912163E+04  0.1912163E+04
 -0.1904462E+02  0.1719082E+02 -0.3623544E+02  0.1800045E+04  0.1800045E+04
 -0.1891453E+02  0.1736052E+02 -0.3627505E+02  0.1908915E+04  0.1908915E+04
 -0.1877316E+02  0.1752695E+02 -0.3630011E+02  0.1815773E+04  0.1815773E+04
 -0.1863178E+02  0.1769339E+02 -0.3632517E+02  0.1829632E+04  0.1829632E+04
 -0.1849041E+02  0.1785982E+02 -0.3635023E+02  0.1879490E+04  0.1879490E+04
 -0.1854357E+02  0.1801869E+02 -0.3656226E+02  0.1830544E+04  0.1830544E+04
 -0.1879127E+02  0.1817001E+02 -0.3696128E+02  0.1855791E+04  0.1855791E+04
 -0.1903896E+02  0.1832133E+02 -0.3736029E+02  0.1918039E+04  0.1918039E+04
 -0.1928666E+02  0.1847264E+02 -0.3775930E+02  0.1887287E+04  0.1887287E+04
 -0.1924881E+02  0.1863773E+02 -0.3788653E+02  0.2010249E+04  0.2010249E+04
 -0.1892542E+02  0.1881657E+02 -0.3774199E+02  0.1856925E+04  0.1856925E+04
 -0.1860202E+02  0.1899542E+02 -0.3759745E+02  0.1924602E+04  0.1924602E+04
 -0.1827863E+02  0.1917427E+02 -0.3745290E+02  0.1848279E+04  0.1848279E+04
 -0.1810319E+02  0.1934017E+02 -0.3744336E+02  0.1915103E+04  0.1915103E+04
 -0.1807568E+02  0.1949313E+02 -0.3756882E+02  0.1875076E+04  0.1875076E+04
 -0.1804818E+02  0.1964609E+02 -0.3769427E+02  0.1958048E+04  0.1958048E+04
 -0.1802068E+02  0.1979905E+02 -0.3781973E+02  0.1891021E+04  0.1891021E+04
 -0.1785213E+02  0.1995387E+02 -0.3780600E+02  0.1939852E+04  0.1939852E+04
 -0.1754253E+02  0.2011054E+02 -0.3765307E+02  0.1882542E+04  0.1882542E+04
 -0.1723293E+02  0.2026721E+02 -0.3750014E+02  0.1844233E+04  0.1844233E+04
 -0.1692334E+02  0.2042388E+02 -0.3734722E+02  0.1837923E+04  0.1837923E+04
 -0.1684048E+02  0.2056981E+02 -0.3741029E+02  0.1969840E+04  0.1969840E+04
 -0.1698436E+02  0.2070501E+02 -0.3768937E+02  0.1901984E+04  0.1901984E+04
 -0.1712824E+02  0.2084020E+02 -0.3796845E+02  0.1929128E+04  0.1929128E+04
 -0.1727213E+02  0.2097540E+02 -0.3824752E+02  0.1976272E+04  0.1976272E+04
 -0.1729642E+02  0.2112298E+02 -0.3841939E+02  0.1967296E+04  0.1967296E+04
 -0.1720111E+02  0.2128294E+02 -0.3848405E+02  0.1908201E+04  0.1908201E+04
 -0.1710581E+02  0.2144291E+02 -0.3854871E+02  0.1927106E+04  0.1927106E+04
 -0.1701050E+02  0.2160287E+02 -0.3861337E+02  0.1880010E+04  0.1880010E+04
 -0.1681605E+02  0.2175508E+02 -0.3857113E+02  0.1912816E+04  0.1912816E+04
 -0.1652245E+02  0.2189952E+02 -0.3842197E+02  0.2021522E+04  0.2021522E+04
 -0.1622885E+02  0.2204397E+02 -0.3827282E+02  0.1873229E+04  0.1873229E+04
 -0.1593526E+02  0.2218842E+02 -0.3812367E+02  0.1883935E+04  0.1883935E+04
 -0.1589840E+02  0.2231893E+02 -0.3821733E+02  0.1917898E+04  0.1917898E+04
 -0.1611827E+02  0.2243552E+02 -0.3855379E+02  0.1947118E+04  0.1947118E+04
 -0.1633815E+02  0.2255210E+02 -0.3889025E+02  0.1963338E+04  0.1963338E+04
 -0.1655803E+02  0.2266869E+02 -0.3922672E+02  0.1926558E+04  0.1926558E+04
 -0.1655571E+02  0.2280203E+02 -0.3935773E+02  0.1979556E+04  0.1979556E+04
 -0.1633117E+02  0.2295213E+02 -0.3928330E+02  0.2031331E+04  0.2031331E+04
 -0.1610664E+02  0.2310222E+02 -0.3920886E+02  0.1970107E+04  0.1970107E+04
 -0.1588210E+02  0.2325233E+02 -0.3913443E+02  0.1966882E+04  0.1966882E+04
 -0.1567931E+02  0.2339362E+02 -0.3907292E+02  0.1975679E+04  0.1975679E+04
 -0.1549824E+02  0.2352610E+02 -0.3902434E+02  0.1935498E+04  0.1935498E+04
 -0.1531718E+02  0.2365859E+02 -0.3897577E+02  0.1899317E+04  0.1899317E+04
 -0.1513612E+02  0.2379107E+02 -0.3892719E+02  0.1883136E+04  0.1883136E+04
 -0.1505681E+02  0.2391561E+02 -0.3897242E+02  0.2043057E+04  0.2043057E+04
 -0.1507926E+02  0.2403219E+02 -0.3911145E+02  0.1990079E+04  0.1990079E+04
 -0.1510171E+02  0.2414878E+02 -0.3925048E+02  0.1998102E+04  0.1998102E+04
 -0.1512416E+02  0.2426536E+02 -0.3938951E+02  0.1926124E+04  0.1926124E+04
 -0.1528514E+02  0.2438664E+02 -0.3967178E+02  0.2016285E+04  0.2016285E+04
 -0.1558464E+02  0.2451262E+02 -0.4009726E+02  0.1984585E+04  0.1984585E+04
 -0.1588415E+02  0.2463860E+02 -0.4052275E+02  0.1983884E+04  0.1983884E+04
 -0.1618366E+02  0.2476458E+02 -0.4094824E+02  0.2035184E+04  0.2035184E+04
 -0.1617602E+02  0.2490477E+02 -0.4108079E+02  0.2046176E+04  0.2046176E+04
 -0.1586123E+02  0.2505917E+02 -0.4092040E+02  0.2125861E+04  0.2125861E+04
 -0.1554644E+02  0.2521358E+02 -0.4076001E+02  0.2021546E+04  0.2021546E+04
 -0.1523165E+02  0.2536798E+02 -0.4059962E+02  0.2020232E+04  0.2020232E+04
 -0.1505036E+02  0.2550535E+02 -0.4055571E+02  0.2003050E+04  0.2003050E+04
 -0.1500258E+02  0.2562569E+02 -0.4062827E+02  0.2020003E+04  0.2020003E+04
 -0.1495480E+02  0.2574603E+02 -0.4070083E+02  0.1994955E+04  0.1994955E+04
 -0.1490702E+02  0.2586637E+02 -0.4077339E+02  0.1972907E+04  0.1972907E+04
 -0.1486974E+02  0.2598604E+02 -0.4085578E+02  0.2068870E+04  0.2068870E+04
 -0.1484297E+02  0.2610503E+02 -0.4094800E+02  0.2092843E+04  0.2092843E+04
 -0.1481621E+02  0.2622402E+02 -0.4104023E+02  0.2071816E+04  0.2071816E+04
 -0.1478944E+02  0.2634302E+02 -0.4113245E+02  0.2052790E+04  0.2052790E+04
 -0.1461228E+02  0.2646434E+02 -0.4107662E+02  0.2073612E+04  0.2073612E+04
 -0.1428473E+02  0.2658799E+02 -0.4087271E+02  0.2012285E+04  0.2012285E+04
 -0.1395718E+02  0.2671164E+02 -0.4066882E+02  0.2002957E+04  0.2002957E+04
 -0.1362963E+02  0.2683528E+02 -0.4046492E+02  0.1973630E+04  0.1973630E+04
 -0.1352077E+02  0.2694328E+02 -0.4046404E+02  0.2008521E+04  0.2008521E+04
 -0.1363058E+02  0.2703561E+02 -0.4066619E+02  0.2068631E+04  0.2068631E+04
 -0.1374039E+02  0.2712795E+02 -0.4086833E+02  0.2018740E+04  0.2018740E+04
 -0.1385020E+02  0.2722028E+02 -0.4107048E+02  0.2006850E+04  0.2006850E+04
 -0.1384388E+02  0.2732170E+02 -0.4116558E+02  0.2151844E+04  0.2151844E+04
 -0.1372145E+02  0.2743220E+02 -0.4115364E+02  0.2021721E+04  0.2021721E+04
 -0.1359901E+02  0.2754270E+02 -0.4114171E+02  0.2065599E+04  0.2065599E+04
 -0.1347657E+02  0.2765320E+02 -0.4112977E+02  0.1984477E+04  0.1984477E+04
 -0.1340136E+02  0.2775668E+02 -0.4115804E+02  0.2041401E+04  0.2041401E+04
 -0.1337339E+02  0.2785312E+02 -0.4122651E+02  0.2045373E+04  0.2045373E+04
 -0.1334542E+02  0.2794956E+02 -0.4129498E+02  0.2035345E+04  0.2035345E+04
 -0.1331745E+02  0.2804601E+02 -0.4136345E+02  0.2091317E+04  0.2091317E+04
 -0.1340558E+02  0.2814415E+02 -0.4154973E+02  0.2097406E+04  0.2097406E+04
 -0.1360983E+02  0.2824399E+02 -0.4185382E+02  0.1970610E+04  0.1970610E+04
 -0.1381407E+02  0.2834383E+02 -0.4215791E+02  0.2100814E+04  0.2100814E+04
 -0.1401832E+02  0.2844367E+02 -0.4246199E+02  0.2025018E+04  0.2025018E+04
 -0.1402216E+02  0.2855882E+02 -0.4258098E+02  0.2152022E+04  0.2152022E+04
 -0.1382560E+02  0.2868927E+02 -0.4251487E+02  0.2164826E+04  0.2164826E+04
 -0.1362904E+02  0.2881972E+02 -0.4244875E+02  0.2053629E+04  0.2053629E+04
 -0.1343248E+02  0.2895016E+02 -0.4238264E+02  0.2159432E+04  0.2159432E+04
 -0.1320968E+02  0.2907015E+02 -0.4227983E+02  0.2085210E+04  0.2085210E+04
 -0.1296064E+02  0.2917968E+02 -0.4214032E+02  0.2095961E+04  0.2095961E+04
 -0.1271160E+02  0.2928921E+02 -0.4200081E+02  0.2071712E+04  0.2071712E+04
 -0.1246256E+02  0.2939874E+02 -0.4186130E+02  0.2014463E+04  0.2014463E+04
 -0.1242375E+02  0.2949552E+02 -0.4191927E+02  0.2022424E+04  0.2022424E+04
 -0.1259517E+02  0.2957953E+02 -0.4217471E+02  0.2179595E+04  0.2179595E+04
 -0.1276660E+02  0.2966355E+02 -0.4243015E+02  0.2112767E+04  0.2112767E+04
 -0.1293802E+02  0.2974757E+02 -0.4268559E+02  0.2139938E+04  0.2139938E+04
 -0.1308537E+02  0.2984105E+02 -0.4292642E+02  0.2097085E+04  0.2097085E+04
 -0.1320865E+02  0.2994399E+02 -0.4315264E+02  0.2081209E+04  0.2081209E+04
 -0.1333192E+02  0.3004694E+02 -0.4337886E+02  0.2109332E+04  0.2109332E+04
 -0.1345520E+02  0.3014989E+02 -0.4360509E+02  0.2085455E+04  0.2085455E+04
 -0.1329634E+02  0.3026238E+02 -0.4355871E+02  0.2181296E+04  0.2181296E+04
 -0.1285534E+02  0.3038441E+02 -0.4323975E+02  0.2229855E+04  0.2229855E+04
 -0.1241434E+02  0.3050644E+02 -0.4292078E+02  0.2161414E+04  0.2161414E+04
 -0.1197334E+02  0.3062847E+02 -0.4260181E+02  0.2105973E+04  0.2105973E+04
 -0.1175506E+02  0.3072568E+02 -0.4248075E+02  0.2101755E+04  0.2101755E+04
 -0.1175951E+02  0.3079808E+02 -0.4255759E+02  0.1985760E+04  0.1985760E+04
 -0.1176396E+02  0.3087047E+02 -0.4263443E+02  0.2009764E+04  0.2009764E+04
 -0.1176840E+02  0.3094287E+02 -0.4271127E+02  0.2058768E+04  0.2058768E+04
 -0.1174960E+02  0.3101955E+02 -0.4276915E+02  0.2154750E+04  0.2154750E+04
 -0.1170754E+02  0.3110053E+02 -0.4280807E+02  0.2195708E+04  0.2195708E+04
 -0.1166548E+02  0.3118150E+02 -0.4284698E+02  0.2113666E+04  0.2113666E+04
 -0.1162343E+02  0.3126248E+02 -0.4288590E+02  0.2101624E+04  0.2101624E+04
 -0.1172291E+02  0.3134590E+02 -0.4306881E+02  0.2163723E+04  0.2163723E+04
 -0.1196393E+02  0.3143177E+02 -0.4339570E+02  0.2073964E+04  0.2073964E+04
 -0.1220495E+02  0.3151764E+02 -0.4372259E+02  0.2164205E+04  0.2164205E+04
 -0.1244598E+02  0.3160350E+02 -0.4404948E+02  0.2145446E+04  0.2145446E+04
 -0.1243410E+02  0.3170660E+02 -0.4414070E+02  0.2167434E+04  0.2167434E+04
 -0.1216931E+02  0.3182693E+02 -0.4399624E+02  0.2240169E+04  0.2240169E+04
 -0.1190453E+02  0.3194725E+02 -0.4385178E+02  0.2146905E+04  0.2146905E+04
 -0.1163975E+02  0.3206758E+02 -0.4370733E+02  0.2195640E+04  0.2195640E+04
 -0.1149335E+02  0.3216828E+02 -0.4366163E+02  0.2158493E+04  0.2158493E+04
 -0.1146534E+02  0.3224936E+02 -0.4371470E+02  0.2044465E+04  0.2044465E+04
 -0.1143732E+02  0.3233044E+02 -0.4376777E+02  0.2108437E+04  0.2108437E+04
 -0.1140931E+02  0.3241152E+02 -0.4382084E+02  0.2107409E+04  0.2107409E+04
 -0.1131780E+02  0.3249286E+02 -0.4381065E+02  0.2130318E+04  0.2130318E+04
 -0.1116278E+02  0.3257444E+02 -0.4373723E+02  0.2238163E+04  0.2238163E+04
 -0.1100777E+02  0.3265603E+02 -0.4366380E+02  0.2106008E+04  0.2106008E+04
 -0.1085276E+02  0.3273762E+02 -0.4359038E+02  0.2181853E+04  0.2181853E+04
 -0.1084900E+02  0.3281392E+02 -0.4366291E+02  0.2167849E+04  0.2167849E+04
 -0.1099649E+02  0.3288492E+02 -0.4388141E+02  0.2071997E+04  0.2071997E+04
 -0.1114398E+02  0.3295593E+02 -0.4409990E+02  0.2127144E+04  0.2127144E+04
 -0.1129147E+02  0.3302693E+02 -0.4431840E+02  0.2083292E+04  0.2083292E+04
 -0.1123897E+02  0.3311036E+02 -0.4434933E+02  0.2209239E+04  0.2209239E+04
 -0.1098649E+02  0.3320621E+02 -0.4419270E+02  0.2282987E+04  0.2282987E+04
 -0.1073401E+02  0.3330207E+02 -0.4403608E+02  0.2091734E+04  0.2091734E+04
 -0.1048152E+02  0.3339792E+02 -0.4387945E+02  0.2167481E+04  0.2167481E+04
 -0.1040147E+02  0.3348088E+02 -0.4388235E+02  0.2171401E+04  0.2171401E+04
 -0.1049383E+02  0.3355095E+02 -0.4404478E+02  0.2150494E+04  0.2150494E+04
 -0.1058620E+02  0.3362101E+02 -0.4420721E+02  0.2132586E+04  0.2132586E+04
 -0.1067857E+02  0.3369107E+02 -0.4436964E+02  0.2147678E+04  0.2147678E+04
 -0.1060102E+02  0.3376931E+02 -0.4437033E+02  0.2134601E+04  0.2134601E+04
 -0.1035356E+02  0.3385573E+02 -0.4420930E+02  0.2294354E+04  0.2294354E+04
 -0.1010611E+02  0.3394216E+02 -0.4404826E+02  0.2163106E+04  0.2163106E+04
 -0.9858648E+01  0.3402858E+02 -0.4388723E+02  0.2150859E+04  0.2150859E+04
 -0.9772674E+01  0.3409919E+02 -0.4387186E+02  0.2129773E+04  0.2129773E+04
 -0.9848180E+01  0.3415398E+02 -0.4400217E+02  0.2088848E+04  0.2088848E+04
 -0.9923688E+01  0.3420878E+02 -0.4413247E+02  0.2118924E+04  0.2118924E+04
 -0.9999194E+01  0.3426358E+02 -0.4426278E+02  0.2041999E+04  0.2041999E+04
 -0.1008279E+02  0.3432671E+02 -0.4440950E+02  0.2219083E+04  0.2219083E+04
 -0.1017447E+02  0.3439817E+02 -0.4457264E+02  0.2254175E+04  0.2254175E+04
 -0.1026615E+02  0.3446963E+02 -0.4473578E+02  0.2252266E+04  0.2252266E+04
 -0.1035783E+02  0.3454109E+02 -0.4489893E+02  0.2189358E+04  0.2189358E+04
 -0.1029661E+02  0.3462146E+02 -0.4491806E+02  0.2202297E+04  0.2202297E+04
 -0.1008247E+02  0.3471072E+02 -0.4479319E+02  0.2119083E+04  0.2119083E+04
 -0.9868329E+01  0.3479999E+02 -0.4466832E+02  0.2156868E+04  0.2156868E+04
 -0.9654191E+01  0.3488926E+02 -0.4454345E+02  0.2126654E+04  0.2126654E+04
 -0.9641471E+01  0.3496696E+02 -0.4460843E+02  0.2138641E+04  0.2138641E+04
 -0.9830170E+01  0.3503311E+02 -0.4486328E+02  0.2245830E+04  0.2245830E+04
 -0.1001887E+02  0.3509925E+02 -0.4511812E+02  0.2247019E+04  0.2247019E+04
 -0.1020757E+02  0.3516540E+02 -0.4537297E+02  0.2317208E+04  0.2317208E+04
 -0.1024486E+02  0.3524493E+02 -0.4548980E+02  0.2145245E+04  0.2145245E+04
 -0.1013075E+02  0.3533786E+02 -0.4546861E+02  0.2159131E+04  0.2159131E+04
 -0.1001664E+02  0.3543078E+02 -0.4544742E+02  0.2250017E+04  0.2250017E+04
 -0.9902530E+01  0.3552370E+02 -0.4542624E+02  0.2173903E+04  0.2173903E+04
 -0.9795671E+01  0.3560784E+02 -0.4540351E+02  0.2210796E+04  0.2210796E+04
 -0.9696065E+01  0.3568317E+02 -0.4537924E+02  0.2177696E+04  0.2177696E+04
 -0.9596457E+01  0.3575851E+02 -0.4535497E+02  0.2200596E+04  0.2200596E+04
 -0.9496852E+01  0.3583385E+02 -0.4533070E+02  0.2172497E+04  0.2172497E+04
 -0.9406347E+01  0.3590416E+02 -0.4531050E+02  0.2209406E+04  0.2209406E+04
 -0.9324946E+01  0.3596944E+02 -0.4529439E+02  0.2204325E+04  0.2204325E+04
 -0.9243546E+01  0.3603473E+02 -0.4527827E+02  0.2206244E+04  0.2206244E+04
 -0.9162145E+01  0.3610001E+02 -0.4526215E+02  0.2149162E+04  0.2149162E+04
 -0.9019599E+01  0.3616320E+02 -0.4518280E+02  0.2179020E+04  0.2179020E+04
 -0.8815907E+01  0.3622431E+02 -0.4504022E+02  0.2236816E+04  0.2236816E+04
 -0.8612218E+01  0.3628542E+02 -0.4489764E+02  0.2236612E+04  0.2236612E+04
 -0.8408526E+01  0.3634652E+02 -0.4475505E+02  0.2174408E+04  0.2174408E+04
 -0.8259479E+01  0.3639888E+02 -0.4465836E+02  0.2090260E+04  0.2090260E+04
 -0.8165071E+01  0.3644248E+02 -0.4460755E+02  0.2158165E+04  0.2158165E+04
 -0.8070664E+01  0.3648608E+02 -0.4455675E+02  0.2202071E+04  0.2202071E+04
 -0.7976257E+01  0.3652968E+02 -0.4450594E+02  0.2118976E+04  0.2118976E+04
 -0.8072840E+01  0.3657237E+02 -0.4464521E+02  0.2112073E+04  0.2112073E+04
 -0.8360412E+01  0.3661415E+02 -0.4497457E+02  0.2189360E+04  0.2189360E+04
 -0.8647985E+01  0.3665594E+02 -0.4530392E+02  0.2186648E+04  0.2186648E+04
 -0.8935556E+01  0.3669772E+02 -0.4563328E+02  0.2251936E+04  0.2251936E+04
 -0.8910631E+01  0.3676117E+02 -0.4567180E+02  0.2270911E+04  0.2270911E+04
 -0.8573207E+01  0.3684629E+02 -0.4541950E+02  0.2171573E+04  0.2171573E+04
 -0.8235783E+01  0.3693141E+02 -0.4516719E+02  0.2128236E+04  0.2128236E+04
 -0.7898359E+01  0.3701653E+02 -0.4491489E+02  0.2146898E+04  0.2146898E+04
 -0.7761905E+01  0.3707911E+02 -0.4484102E+02  0.2102762E+04  0.2102762E+04
 -0.7826420E+01  0.3711917E+02 -0.4494559E+02  0.2266826E+04  0.2266826E+04
 -0.7890935E+01  0.3715923E+02 -0.4505016E+02  0.2255891E+04  0.2255891E+04
 -0.7955450E+01  0.3719928E+02 -0.4515474E+02  0.2158956E+04  0.2158956E+04
 -0.7895981E+01  0.3724568E+02 -0.4514166E+02  0.2130896E+04  0.2130896E+04
 -0.7712528E+01  0.3729840E+02 -0.4501094E+02  0.2176713E+04  0.2176713E+04
 -0.7529074E+01  0.3735114E+02 -0.4488021E+02  0.2137529E+04  0.2137529E+04
 -0.7345621E+01  0.3740387E+02 -0.4474949E+02  0.2046346E+04  0.2046346E+04
 -0.7293139E+01  0.3744913E+02 -0.4474227E+02  0.2219293E+04  0.2219293E+04
 -0.7371627E+01  0.3748692E+02 -0.4485855E+02  0.2215372E+04  0.2215372E+04
 -0.7450117E+01  0.3752472E+02 -0.4497483E+02  0.2174450E+04  0.2174450E+04
 -0.7528605E+01  0.3756250E+02 -0.4509111E+02  0.2179529E+04  0.2179529E+04
 -0.7613419E+01  0.3760843E+02 -0.4522186E+02  0.2204614E+04  0.2204614E+04
 -0.7704558E+01  0.3766250E+02 -0.4536706E+02  0.2150705E+04  0.2150705E+04
 -0.7795698E+01  0.3771656E+02 -0.4551226E+02  0.2187796E+04  0.2187796E+04
 -0.7886837E+01  0.3777063E+02 -0.4565746E+02  0.2212887E+04  0.2212887E+04
 -0.7923270E+01  0.3783266E+02 -0.4575594E+02  0.2181923E+04  0.2181923E+04
 -0.7904997E+01  0.3790268E+02 -0.4580768E+02  0.2241905E+04  0.2241905E+04
 -0.7886724E+01  0.3797269E+02 -0.4585942E+02  0.2197887E+04  0.2197887E+04
 -0.7868452E+01  0.3804271E+02 -0.4591116E+02  0.2244868E+04  0.2244868E+04
 -0.7700713E+01  0.3811188E+02 -0.4581259E+02  0.2228701E+04  0.2228701E+04
 -0.7383507E+01  0.3818020E+02 -0.4556371E+02  0.2193384E+04  0.2193384E+04
 -0.7066301E+01  0.3824852E+02 -0.4531482E+02  0.2098066E+04  0.2098066E+04
 -0.6749095E+01  0.3831684E+02 -0.4506594E+02  0.2120749E+04  0.2120749E+04
 -0.6640513E+01  0.3836369E+02 -0.4500420E+02  0.2166641E+04  0.2166641E+04
 -0.6740556E+01  0.3838906E+02 -0.4512962E+02  0.2248740E+04  0.2248740E+04
 -0.6840598E+01  0.3841443E+02 -0.4525503E+02  0.2241841E+04  0.2241841E+04
 -0.6940640E+01  0.3843980E+02 -0.4538045E+02  0.2159941E+04  0.2159941E+04
 -0.6951960E+01  0.3847493E+02 -0.4542688E+02  0.2143952E+04  0.2143952E+04
 -0.6874557E+01  0.3851979E+02 -0.4539435E+02  0.2181875E+04  0.2181875E+04
 -0.6797155E+01  0.3856466E+02 -0.4536181E+02  0.2199797E+04  0.2199797E+04
 -0.6719752E+01  0.3860952E+02 -0.4532927E+02  0.2089720E+04  0.2089720E+04
 -0.6655571E+01  0.3865318E+02 -0.4530875E+02  0.2205656E+04  0.2205656E+04
 -0.6604609E+01  0.3869564E+02 -0.4530024E+02  0.2205604E+04  0.2205604E+04
 -0.6553649E+01  0.3873809E+02 -0.4529174E+02  0.2157554E+04  0.2157554E+04
 -0.6502688E+01  0.3878054E+02 -0.4528323E+02  0.2143503E+04  0.2143503E+04
 -0.6428730E+01  0.3882210E+02 -0.4525083E+02  0.2213429E+04  0.2213429E+04
 -0.6331774E+01  0.3886276E+02 -0.4519453E+02  0.2178332E+04  0.2178332E+04
 -0.6234818E+01  0.3890341E+02 -0.4513823E+02  0.2099235E+04  0.2099235E+04
 -0.6137862E+01  0.3894407E+02 -0.4508193E+02  0.2204138E+04  0.2204138E+04
 -0.6016035E+01  0.3898145E+02 -0.4499749E+02  0.2185016E+04  0.2185016E+04
 -0.5869336E+01  0.3901556E+02 -0.4488490E+02  0.2159869E+04  0.2159869E+04
 -0.5722638E+01  0.3904967E+02 -0.4477231E+02  0.2181723E+04  0.2181723E+04
 -0.5575939E+01  0.3908378E+02 -0.4465972E+02  0.2117576E+04  0.2117576E+04
 -0.5433141E+01  0.3911031E+02 -0.4454345E+02  0.2125433E+04  0.2125433E+04
 -0.5294242E+01  0.3912926E+02 -0.4442351E+02  0.2113294E+04  0.2113294E+04
 -0.5155344E+01  0.3914822E+02 -0.4430357E+02  0.2048155E+04  0.2048155E+04
 -0.5016446E+01  0.3916718E+02 -0.4418362E+02  0.2013016E+04  0.2013016E+04
 -0.4783098E+01  0.3918117E+02 -0.4396427E+02  0.2223783E+04  0.2223783E+04
 -0.4455300E+01  0.3919020E+02 -0.4364551E+02  0.2148455E+04  0.2148455E+04
 -0.4127503E+01  0.3919924E+02 -0.4332674E+02  0.2110127E+04  0.2110127E+04
 -0.3799705E+01  0.3920828E+02 -0.4300798E+02  0.2030800E+04  0.2030800E+04
 -0.3502962E+01  0.3920266E+02 -0.4270562E+02  0.1997503E+04  0.1997503E+04
 -0.3237272E+01  0.3918239E+02 -0.4241966E+02  0.2045237E+04  0.2045237E+04
 -0.2971583E+01  0.3916211E+02 -0.4213370E+02  0.2030972E+04  0.2030972E+04
 -0.2705893E+01  0.3914184E+02 -0.4184774E+02  0.1950706E+04  0.1950706E+04
 -0.2425595E+01  0.3911290E+02 -0.4153849E+02  0.1959426E+04  0.1959426E+04
 -0.2130688E+01  0.3907528E+02 -0.4120596E+02  0.2020131E+04  0.2020131E+04
 -0.1835781E+01  0.3903765E+02 -0.4087343E+02  0.1907836E+04  0.1907836E+04
 -0.1540874E+01  0.3900003E+02 -0.4054090E+02  0.1938541E+04  0.1938541E+04
 -0.1375917E+01  0.3895351E+02 -0.4032942E+02  0.1960376E+04  0.1960376E+04
 -0.1340910E+01  0.3889808E+02 -0.4023898E+02  0.1895341E+04  0.1895341E+04
 -0.1305903E+01  0.3884264E+02 -0.4014855E+02  0.1884306E+04  0.1884306E+04
 -0.1270896E+01  0.3878721E+02 -0.4005811E+02  0.1921271E+04  0.1921271E+04
 -0.1251519E+01  0.3873927E+02 -0.3999079E+02  0.1901251E+04  0.1901251E+04
 -0.1247773E+01  0.3869882E+02 -0.3994659E+02  0.1926248E+04  0.1926248E+04
 -0.1244027E+01  0.3865837E+02 -0.3990239E+02  0.1907244E+04  0.1907244E+04
 -0.1240282E+01  0.3861792E+02 -0.3985820E+02  0.1872240E+04  0.1872240E+04
 -0.1152342E+01  0.3858315E+02 -0.3973549E+02  0.1959152E+04  0.1959152E+04
 -0.9802094E+00  0.3855405E+02 -0.3953426E+02  0.1838980E+04  0.1838980E+04
 -0.8080764E+00  0.3852496E+02 -0.3933303E+02  0.1915808E+04  0.1915808E+04
 -0.6359434E+00  0.3849586E+02 -0.3913181E+02  0.1784636E+04  0.1784636E+04
 -0.5498769E+00  0.3846125E+02 -0.3874301E+02  0.1895550E+04  0.1895550E+04
 -0.5498769E+00  0.3842111E+02 -0.3816664E+02  0.1820550E+04  0.1820550E+04
  0.1595042E+01  0.3838097E+02 -0.3759027E+02  0.1804405E+04  0.1804405E+04
  0.1595042E+01  0.3834082E+02 -0.3701390E+02  0.1736405E+04  0.1736405E+04
  0.1927922E+01  0.3827429E+02 -0.3634637E+02  0.1774072E+04  0.1774072E+04
  0.2593681E+01  0.3818136E+02 -0.3558768E+02  0.1651406E+04  0.1651406E+04
  0.3259440E+01  0.3808843E+02 -0.3482899E+02  0.1663741E+04  0.1663741E+04
  0.3925199E+01  0.3799550E+02 -0.3407030E+02  0.1635075E+04  0.1635075E+04
  0.4560820E+01  0.3787316E+02 -0.3331234E+02  0.1578439E+04  0.1578439E+04
  0.5166303E+01  0.3772141E+02 -0.3255510E+02  0.1502834E+04  0.1502834E+04
  0.5771787E+01  0.3756965E+02 -0.3179787E+02  0.1555228E+04  0.1555228E+04
  0.6377270E+01  0.3741790E+02 -0.3104063E+02  0.1458623E+04  0.1458623E+04
  0.6926517E+01  0.3724598E+02 -0.3031946E+02  0.1429073E+04  0.1429073E+04
  0.7419525E+01  0.3705388E+02 -0.2963436E+02  0.1351580E+04  0.1351580E+04
  0.7912533E+01  0.3686178E+02 -0.2894925E+02  0.1337088E+04  0.1337088E+04
  0.8405541E+01  0.3666969E+02 -0.2826414E+02  0.1297594E+04  0.1297594E+04
  0.8669224E+01  0.3646721E+02 -0.2779799E+02  0.1328331E+04  0.1328331E+04
  0.8703581E+01  0.3625437E+02 -0.2755079E+02  0.1304296E+04  0.1304296E+04
  0.8737938E+01  0.3604152E+02 -0.2730359E+02  0.1343262E+04  0.1343262E+04
  0.8772295E+01  0.3582868E+02 -0.2705638E+02  0.1241228E+04  0.1241228E+04
  0.8810403E+01  0.3563181E+02 -0.2682141E+02  0.1203190E+04  0.1203190E+04
  0.8852262E+01  0.3545092E+02 -0.2659866E+02  0.1276148E+04  0.1276148E+04
  0.8894121E+01  0.3527003E+02 -0.2637592E+02  0.1303106E+04  0.1303106E+04
  0.8935980E+01  0.3508915E+02 -0.2615317E+02  0.1144064E+04  0.1144064E+04
  0.8795859E+01  0.3492024E+02 -0.2612438E+02  0.1200204E+04  0.1200204E+04
  0.8473760E+01  0.3476331E+02 -0.2628955E+02  0.1244526E+04  0.1244526E+04
  0.8151661E+01  0.3460638E+02 -0.2645472E+02  0.1230848E+04  0.1230848E+04
  0.7829562E+01  0.3444945E+02 -0.2661989E+02  0.1265170E+04  0.1265170E+04
  0.7622976E+01  0.3432118E+02 -0.2669820E+02  0.1295377E+04  0.1295377E+04
  0.7531903E+01  0.3422158E+02 -0.2668967E+02  0.1227468E+04  0.1227468E+04
  0.7440831E+01  0.3412197E+02 -0.2668114E+02  0.1256559E+04  0.1256559E+04
  0.7349758E+01  0.3402237E+02 -0.2667261E+02  0.1244650E+04  0.1244650E+04
  0.7337239E+01  0.3393182E+02 -0.2659458E+02  0.1262663E+04  0.1262663E+04
  0.7403275E+01  0.3385034E+02 -0.2644707E+02  0.1249597E+04  0.1249597E+04
  0.7469310E+01  0.3376886E+02 -0.2629955E+02  0.1266531E+04  0.1266531E+04
  0.7535346E+01  0.3368737E+02 -0.2615203E+02  0.1189465E+04  0.1189465E+04
  0.7513096E+01  0.3360225E+02 -0.2608916E+02  0.1222487E+04  0.1222487E+04
  0.7402561E+01  0.3351348E+02 -0.2611092E+02  0.1222597E+04  0.1222597E+04
  0.7292025E+01  0.3342471E+02 -0.2613269E+02  0.1224708E+04  0.1224708E+04
  0.7181490E+01  0.3333595E+02 -0.2615446E+02  0.1210818E+04  0.1210818E+04
  0.7034776E+01  0.3325435E+02 -0.2621957E+02  0.1222965E+04  0.1222965E+04
  0.6851885E+01  0.3317993E+02 -0.2632805E+02  0.1253148E+04  0.1253148E+04
  0.6668993E+01  0.3310551E+02 -0.2643652E+02  0.1302331E+04  0.1302331E+04
  0.6486103E+01  0.3303109E+02 -0.2654499E+02  0.1302514E+04  0.1302514E+04
  0.6537348E+01  0.3296758E+02 -0.2643023E+02  0.1227463E+04  0.1227463E+04
  0.6822732E+01  0.3291496E+02 -0.2609223E+02  0.1157177E+04  0.1157177E+04
  0.7108116E+01  0.3286235E+02 -0.2575423E+02  0.1193892E+04  0.1193892E+04
  0.7393500E+01  0.3280973E+02 -0.2541623E+02  0.1153606E+04  0.1153606E+04
  0.7673991E+01  0.3273849E+02 -0.2506450E+02  0.1187326E+04  0.1187326E+04
  0.7949590E+01  0.3264861E+02 -0.2469902E+02  0.1194050E+04  0.1194050E+04
  0.8225188E+01  0.3255873E+02 -0.2433355E+02  0.1114775E+04  0.1114775E+04
  0.8500788E+01  0.3246886E+02 -0.2396807E+02  0.1096499E+04  0.1096499E+04
  0.8753127E+01  0.3236361E+02 -0.2361048E+02  0.1120247E+04  0.1120247E+04
  0.8982206E+01  0.3224297E+02 -0.2326076E+02  0.1115018E+04  0.1115018E+04
  0.9211286E+01  0.3212233E+02 -0.2291105E+02  0.1081789E+04  0.1081789E+04
  0.9440365E+01  0.3200170E+02 -0.2256133E+02  0.1073560E+04  0.1073560E+04
  0.9736545E+01  0.3187276E+02 -0.2213621E+02  0.9782634E+03  0.9782634E+03
  0.1009982E+02  0.3173550E+02 -0.2163568E+02  0.1044900E+04  0.1044900E+04
  0.1046310E+02  0.3159825E+02 -0.2113515E+02  0.9915369E+03  0.9915369E+03
  0.1082638E+02  0.3146099E+02 -0.2063461E+02  0.1008174E+04  0.1008174E+04
  0.1131213E+02  0.3130896E+02 -0.1999684E+02  0.9126879E+03  0.9126879E+03
  0.1192034E+02  0.3114215E+02 -0.1922182E+02  0.8820797E+03  0.8820797E+03
  0.1252855E+02  0.3097534E+02 -0.1844679E+02  0.8634714E+03  0.8634714E+03
  0.1313676E+02  0.3080853E+02 -0.1767177E+02  0.8438632E+03  0.8438632E+03
  0.1398964E+02  0.3061397E+02 -0.1662432E+02  0.8130104E+03  0.8130104E+03
  0.1508720E+02  0.3039165E+02 -0.1530445E+02  0.6739128E+03  0.6739128E+03
  0.1618475E+02  0.3016933E+02 -0.1398458E+02  0.6288152E+03  0.6288152E+03
  0.1728230E+02  0.2994701E+02 -0.1266470E+02  0.5827177E+03  0.5827177E+03
  0.1816289E+02  0.2967300E+02 -0.1151011E+02  0.5008371E+03  0.5008371E+03
  0.1882650E+02  0.2934729E+02 -0.1052079E+02  0.4721735E+03  0.4721735E+03
  0.1949011E+02  0.2902158E+02 -0.9531466E+01  0.3985099E+03  0.3985099E+03
  0.2015373E+02  0.2869588E+02 -0.8542146E+01  0.3258463E+03  0.3258463E+03
  0.2061421E+02  0.2835246E+02 -0.7738258E+01  0.3793858E+03  0.3793858E+03
  0.2087155E+02  0.2799135E+02 -0.7119802E+01  0.3261284E+03  0.3261284E+03
  0.2112889E+02  0.2763024E+02 -0.6501346E+01  0.2778711E+03  0.2778711E+03
  0.2138623E+02  0.2726912E+02 -0.5882890E+01  0.2706138E+03  0.2706138E+03
  0.2157057E+02  0.2691782E+02 -0.5347251E+01  0.2244294E+03  0.2244294E+03
  0.2168190E+02  0.2657633E+02 -0.4894431E+01  0.1873181E+03  0.1873181E+03
  0.2179323E+02  0.2623484E+02 -0.4441610E+01  0.1782068E+03  0.1782068E+03
  0.2190457E+02  0.2589336E+02 -0.3988789E+01  0.1750954E+03  0.1750954E+03
  0.2203996E+02  0.2556595E+02 -0.3525990E+01  0.1279600E+03  0.1279600E+03
  0.2219942E+02  0.2525263E+02 -0.3053211E+01  0.1368006E+03  0.1368006E+03
  0.2235887E+02  0.2493930E+02 -0.2580433E+01  0.7264113E+02  0.7264113E+02
  0.2251832E+02  0.2462598E+02 -0.2107655E+01  0.6648167E+02  0.6648167E+02
  0.2254614E+02  0.2431835E+02 -0.1772206E+01  0.6045386E+02  0.6045386E+02
  0.2244232E+02  0.2401641E+02 -0.1574087E+01  0.6155768E+02  0.6155768E+02
  0.2233850E+02  0.2371447E+02 -0.1375968E+01  0.3066150E+02  0.3066150E+02
  0.2223468E+02  0.2341253E+02 -0.1177849E+01  0.2976532E+02  0.2976532E+02
  0.2208587E+02  0.2312869E+02 -0.1042817E+01  0.1591413E+02  0.1591413E+02
  0.2189206E+02  0.2286293E+02 -0.9708720E+00  0.3710794E+02  0.3710794E+02
  0.2169825E+02  0.2259718E+02 -0.8989269E+00  0.1530175E+02  0.1530175E+02
  0.2150445E+02  0.2233143E+02 -0.8269816E+00  0.2949555E+02  0.2949555E+02
  0.2131158E+02  0.2208527E+02 -0.7736839E+00  0.5688417E+01  0.5688417E+01
  0.2111967E+02  0.2185870E+02 -0.7390336E+00  0.1188033E+02  0.1188033E+02
  0.2092775E+02  0.2163213E+02 -0.7043834E+00  0.1072254E+01  0.1072254E+01
  0.2073583E+02  0.2140556E+02 -0.6697332E+00  0.1326417E+02  0.1326417E+02
  0.2056265E+02  0.2119369E+02 -0.6310381E+00  0.8437353E+01  0.8437353E+01
  0.2040820E+02  0.2099650E+02 -0.5882982E+00  0.1659180E+02  0.1659180E+02
  0.2025376E+02  0.2079931E+02 -0.5455583E+00  0.9746244E+01  0.9746244E+01
  0.2009931E+02  0.2060213E+02 -0.5028184E+00  0.1900690E+01  0.1900690E+01
  0.1991927E+02  0.2041412E+02 -0.4948474E+00  0.1080729E+01  0.1080729E+01
  0.1971364E+02  0.2023528E+02 -0.5216451E+00 -0.2713638E+01  0.0000000E+00
  0.1950801E+02  0.2005645E+02 -0.5484428E+00  0.1349199E+02  0.1349199E+02
  0.1930237E+02  0.1987761E+02 -0.5752405E+00  0.6697628E+01  0.6697628E+01
  0.1914797E+02  0.1970922E+02 -0.5612439E+00  0.8520279E+00  0.8520279E+00
  0.1904480E+02  0.1955126E+02 -0.5064529E+00  0.1195520E+02  0.1195520E+02
  0.1894163E+02  0.1939330E+02 -0.4516620E+00  0.5058367E+01  0.5058367E+01
  0.1883846E+02  0.1923534E+02 -0.3968711E+00  0.2161535E+01  0.2161535E+01
  0.1870140E+02  0.1908032E+02 -0.3789226E+00 -0.7701397E+01  0.0000000E+00
  0.1853043E+02  0.1892825E+02 -0.3978168E+00 -0.5530430E+01  0.0000000E+00
  0.1835946E+02  0.1877617E+02 -0.4167109E+00 -0.2359461E+01  0.0000000E+00
  0.1818849E+02  0.1862410E+02 -0.4356050E+00  0.8115063E+00  0.8115063E+00
  0.1804273E+02  0.1847844E+02 -0.4357015E+00  0.9572659E+00  0.9572659E+00
  0.1792218E+02  0.1833918E+02 -0.4170004E+00  0.1107782E+02  0.1107782E+02
  0.1780163E+02  0.1819993E+02 -0.3982993E+00 -0.8016338E+00  0.0000000E+00
  0.1768108E+02  0.1806068E+02 -0.3795982E+00 -0.1681084E+01  0.0000000E+00
  0.1754402E+02  0.1792435E+02 -0.3803319E+00 -0.6544018E+01  0.0000000E+00
  0.1739044E+02  0.1779094E+02 -0.4005003E+00  0.7609562E+01  0.7609562E+01
  0.1723686E+02  0.1765753E+02 -0.4206687E+00 -0.4236860E+01  0.0000000E+00
  0.1708328E+02  0.1752412E+02 -0.4408371E+00 -0.1083281E+01  0.0000000E+00
  0.1694879E+02  0.1739504E+02 -0.4462499E+00  0.3051207E+01  0.3051207E+01
  0.1683340E+02  0.1727031E+02 -0.4369071E+00  0.1816660E+02  0.1816660E+02
  0.1671801E+02  0.1714557E+02 -0.4275644E+00 -0.7180080E+00  0.0000000E+00
  0.1660262E+02  0.1702084E+02 -0.4182216E+00  0.2397383E+01  0.2397383E+01
  0.1648300E+02  0.1689790E+02 -0.4149075E+00  0.6517004E+01  0.6517004E+01
  0.1635914E+02  0.1677677E+02 -0.4176221E+00  0.2640856E+01  0.2640856E+01
  0.1623530E+02  0.1665563E+02 -0.4203367E+00  0.7647038E+00  0.7647038E+00
  0.1611144E+02  0.1653450E+02 -0.4230513E+00  0.8888556E+01  0.8888556E+01
  0.1600507E+02  0.1641541E+02 -0.4103408E+00  0.5994926E+01  0.5994926E+01
  0.1591618E+02  0.1629838E+02 -0.3822052E+00 -0.9161787E+00  0.0000000E+00
  0.1582728E+02  0.1618135E+02 -0.3540696E+00 -0.8272848E+00  0.0000000E+00
  0.1573839E+02  0.1606432E+02 -0.3259340E+00  0.1261611E+01  0.1261611E+01
  0.1563328E+02  0.1594721E+02 -0.3139288E+00 -0.6332846E+00  0.0000000E+00
  0.1551197E+02  0.1583002E+02 -0.3180541E+00 -0.4511971E+01  0.0000000E+00
  0.1539066E+02  0.1571284E+02 -0.3221793E+00 -0.4390656E+01  0.0000000E+00
  0.1526934E+02  0.1559565E+02 -0.3263045E+00 -0.2269342E+01  0.0000000E+00
  0.1514937E+02  0.1548046E+02 -0.3310820E+00  0.3850626E+01  0.3850626E+01
  0.1503075E+02  0.1536726E+02 -0.3365118E+00  0.2969248E+01  0.2969248E+01
  0.1491213E+02  0.1525407E+02 -0.3419416E+00  0.6087871E+01  0.6087871E+01
  0.1479351E+02  0.1514088E+02 -0.3473713E+00  0.1206492E+01  0.1206492E+01
  0.1468163E+02  0.1502972E+02 -0.3480832E+00 -0.3681635E+01  0.0000000E+00
  0.1457651E+02  0.1492059E+02 -0.3440771E+00  0.2423488E+01  0.2423488E+01
  0.1447139E+02  0.1481146E+02 -0.3400709E+00 -0.1471389E+01  0.0000000E+00
  0.1436627E+02  0.1470233E+02 -0.3360648E+00  0.2633734E+01  0.2633734E+01
  0.1425301E+02  0.1459452E+02 -0.3415015E+00 -0.1253014E+01  0.0000000E+00
  0.1413163E+02  0.1448801E+02 -0.3563811E+00  0.4868367E+01  0.4868367E+01
  0.1401025E+02  0.1438151E+02 -0.3712607E+00  0.1989749E+01  0.1989749E+01
  0.1388887E+02  0.1427501E+02 -0.3861404E+00 -0.3888870E+01  0.0000000E+00
  0.1379428E+02  0.1417102E+02 -0.3767399E+00  0.1220572E+02  0.1220572E+02
  0.1372647E+02  0.1406953E+02 -0.3430595E+00  0.7273529E+01  0.7273529E+01
  0.1365867E+02  0.1396805E+02 -0.3093791E+00 -0.6658666E+01  0.0000000E+00
  0.1359086E+02  0.1386656E+02 -0.2756987E+00  0.3409140E+01  0.3409140E+01
  0.1349741E+02  0.1376441E+02 -0.2669989E+00 -0.4974108E+00  0.0000000E+00
  0.1337832E+02  0.1366160E+02 -0.2832797E+00 -0.2378319E+01  0.0000000E+00
  0.1325923E+02  0.1355879E+02 -0.2995606E+00  0.4740773E+01  0.4740773E+01
  0.1314013E+02  0.1345598E+02 -0.3158415E+00  0.2859865E+01  0.2859865E+01
  0.1303260E+02  0.1335594E+02 -0.3233412E+00 -0.4032603E+01  0.0000000E+00
  0.1293663E+02  0.1325869E+02 -0.3220599E+00  0.4063366E+01  0.4063366E+01
  0.1284066E+02  0.1316144E+02 -0.3207785E+00  0.1315934E+02  0.1315934E+02
  0.1274470E+02  0.1306419E+02 -0.3194972E+00 -0.7446957E+00  0.0000000E+00
  0.1265645E+02  0.1296857E+02 -0.3121187E+00 -0.3656448E+01  0.0000000E+00
  0.1257592E+02  0.1287457E+02 -0.2986431E+00 -0.5759230E+00  0.0000000E+00
  0.1249540E+02  0.1278057E+02 -0.2851675E+00 -0.4495399E+01  0.0000000E+00
  0.1241487E+02  0.1268657E+02 -0.2716919E+00 -0.3414873E+01  0.0000000E+00
  0.1232551E+02  0.1259318E+02 -0.2676739E+00  0.1674493E+01  0.1674493E+01
  0.1222730E+02  0.1250041E+02 -0.2731135E+00  0.5772699E+01  0.5772699E+01
  0.1212909E+02  0.1240765E+02 -0.2785530E+00  0.1870906E+01  0.1870906E+01
  0.1203089E+02  0.1231488E+02 -0.2839926E+00 -0.3030888E+01  0.0000000E+00
  0.1193050E+02  0.1222399E+02 -0.2934917E+00  0.2069499E+01  0.2069499E+01
  0.1182794E+02  0.1213499E+02 -0.3070503E+00  0.4172065E+01  0.4172065E+01
  0.1172537E+02  0.1204598E+02 -0.3206090E+00  0.5274631E+01  0.5274631E+01
  0.1162280E+02  0.1195697E+02 -0.3341676E+00  0.2377196E+01  0.2377196E+01
  0.1153462E+02  0.1187016E+02 -0.3355488E+00  0.6465384E+01  0.6465384E+01
  0.1146080E+02  0.1178556E+02 -0.3247524E+00  0.2539195E+01  0.2539195E+01
  0.1138699E+02  0.1170095E+02 -0.3139561E+00 -0.3386993E+01  0.0000000E+00
  0.1131318E+02  0.1161634E+02 -0.3031598E+00  0.3686817E+01  0.3686817E+01
  0.1123701E+02  0.1153211E+02 -0.2950983E+00  0.4762991E+01  0.4762991E+01
  0.1115847E+02  0.1144824E+02 -0.2897716E+00  0.4841528E+01  0.4841528E+01
  0.1107994E+02  0.1136438E+02 -0.2844449E+00  0.2920064E+01  0.2920064E+01
  0.1100140E+02  0.1128052E+02 -0.2791182E+00  0.1998601E+01  0.1998601E+01
  0.1092028E+02  0.1119744E+02 -0.2771572E+00  0.4079718E+01  0.4079718E+01
  0.1083659E+02  0.1111515E+02 -0.2785619E+00 -0.1836585E+01  0.0000000E+00
  0.1075289E+02  0.1103286E+02 -0.2799665E+00  0.2471123E+00  0.2471123E+00
  0.1066919E+02  0.1095056E+02 -0.2813712E+00  0.3308096E+00  0.3308096E+00
  0.1058751E+02  0.1086961E+02 -0.2821000E+00  0.4124947E+00  0.4124947E+00
  0.1050783E+02  0.1078999E+02 -0.2821529E+00  0.8492167E+01  0.8492167E+01
  0.1042816E+02  0.1071037E+02 -0.2822057E+00  0.9571840E+01  0.9571840E+01
  0.1034849E+02  0.1063074E+02 -0.2822585E+00 -0.3484869E+00  0.0000000E+00
  0.1028284E+02  0.1055224E+02 -0.2693976E+00 -0.2828426E+00  0.0000000E+00
  0.1023123E+02  0.1047485E+02 -0.2436228E+00  0.1768771E+01  0.1768771E+01
  0.1017961E+02  0.1039746E+02 -0.2178480E+00 -0.4179614E+01  0.0000000E+00
  0.1012800E+02  0.1032007E+02 -0.1920732E+00  0.8719997E+00  0.8719997E+00
  0.1005282E+02  0.1024221E+02 -0.1893837E+00  0.2947176E+01  0.2947176E+01
  0.9954085E+01  0.1016387E+02 -0.2097794E+00 -0.6954085E+01  0.0000000E+00
  0.9855348E+01  0.1008552E+02 -0.2301751E+00  0.2144652E+01  0.2144652E+01
  0.9756609E+01  0.1000718E+02 -0.2505709E+00  0.4243391E+01  0.4243391E+01
  0.9675315E+01  0.9931352E+01 -0.2560363E+00  0.3246851E+00  0.3246851E+00
  0.9611465E+01  0.9858037E+01 -0.2465716E+00  0.2388535E+01  0.2388535E+01
  0.9547616E+01  0.9784723E+01 -0.2371069E+00  0.1452384E+01  0.1452384E+01
  0.9483767E+01  0.9711409E+01 -0.2276422E+00  0.2516233E+01  0.2516233E+01
  0.9416293E+01  0.9638545E+01 -0.2222522E+00 -0.4162931E+00  0.0000000E+00
  0.9345196E+01  0.9566133E+01 -0.2209370E+00 -0.3451958E+00  0.0000000E+00
  0.9274099E+01  0.9493721E+01 -0.2196218E+00  0.7259007E+00  0.7259007E+00
  0.9203002E+01  0.9421309E+01 -0.2183066E+00  0.4796998E+01  0.4796998E+01
  0.9135417E+01  0.9349682E+01 -0.2142645E+00 -0.1354170E+00  0.0000000E+00
  0.9071344E+01  0.9278840E+01 -0.2074953E+00 -0.2071344E+01  0.0000000E+00
  0.9007272E+01  0.9207998E+01 -0.2007261E+00 -0.7271767E-02  0.0000000E+00
  0.8943199E+01  0.9137156E+01 -0.1939569E+00 -0.1943199E+01  0.0000000E+00
  0.8880379E+01  0.9066884E+01 -0.1865046E+00  0.1196213E+00  0.1196213E+00
  0.8818811E+01  0.8997181E+01 -0.1783692E+00  0.1181189E+01  0.1181189E+01
  0.8757244E+01  0.8927478E+01 -0.1702338E+00 -0.4757244E+01  0.0000000E+00
  0.8695677E+01  0.8857775E+01 -0.1620985E+00 -0.6956768E+00  0.0000000E+00
  0.8622359E+01  0.8788571E+01 -0.1662132E+00  0.2377641E+01  0.2377641E+01
  0.8537290E+01  0.8719869E+01 -0.1825781E+00 -0.2537290E+01  0.0000000E+00
  0.8452222E+01  0.8651164E+01 -0.1989429E+00  0.1547778E+01  0.1547778E+01
  0.8367152E+01  0.8582461E+01 -0.2153078E+00 -0.4367152E+01  0.0000000E+00
  0.8292899E+01  0.8515725E+01 -0.2228251E+00  0.7707101E+01  0.7707101E+01
  0.8229463E+01  0.8450957E+01 -0.2214947E+00  0.2770537E+01  0.2770537E+01
  0.8166024E+01  0.8386189E+01 -0.2201644E+00  0.2833976E+01  0.2833976E+01
  0.8102588E+01  0.8321422E+01 -0.2188340E+00  0.2897412E+01  0.2897412E+01
  0.8034999E+01  0.8257282E+01 -0.2222825E+00  0.1965001E+01  0.1965001E+01
  0.7963261E+01  0.8193770E+01 -0.2305097E+00  0.3673887E-01  0.3673887E-01
  0.7891522E+01  0.8130260E+01 -0.2387369E+00  0.1084776E+00  0.1084776E+00
  0.7819784E+01  0.8066748E+01 -0.2469641E+00  0.1802163E+00  0.1802163E+00
  0.7766853E+01  0.8004299E+01 -0.2374465E+00  0.6233147E+01  0.6233147E+01
  0.7732729E+01  0.7942914E+01 -0.2101841E+00  0.8267271E+01  0.8267271E+01
  0.7698606E+01  0.7881528E+01 -0.1829217E+00 -0.2698606E+01  0.0000000E+00
  0.7664483E+01  0.7820142E+01 -0.1556592E+00 -0.6644831E+00  0.0000000E+00
  0.7612949E+01  0.7757722E+01 -0.1447731E+00  0.1387051E+01  0.1387051E+01
  0.7544004E+01  0.7694268E+01 -0.1502634E+00 -0.2544004E+01  0.0000000E+00
  0.7475060E+01  0.7630814E+01 -0.1557536E+00 -0.3475060E+01  0.0000000E+00
  0.7406116E+01  0.7567359E+01 -0.1612438E+00 -0.4061155E+00  0.0000000E+00
  0.7341146E+01  0.7505147E+01 -0.1640002E+00  0.4658854E+01  0.4658854E+01
  0.7280153E+01  0.7444176E+01 -0.1640228E+00 -0.2801533E+00  0.0000000E+00
  0.7219160E+01  0.7383205E+01 -0.1640454E+00 -0.2219160E+01  0.0000000E+00
  0.7158167E+01  0.7322235E+01 -0.1640680E+00 -0.1581669E+00  0.0000000E+00
  0.7100861E+01  0.7262217E+01 -0.1613554E+00 -0.1008611E+00  0.0000000E+00
  0.7047243E+01  0.7203151E+01 -0.1559075E+00  0.3952757E+01  0.3952757E+01
  0.6993625E+01  0.7144084E+01 -0.1504595E+00 -0.2993625E+01  0.0000000E+00
  0.6940007E+01  0.7085019E+01 -0.1450116E+00 -0.9400072E+00  0.0000000E+00
  0.6878597E+01  0.7026369E+01 -0.1477720E+00  0.2121403E+01  0.2121403E+01
  0.6809395E+01  0.6968136E+01 -0.1587406E+00  0.1906047E+00  0.1906047E+00
  0.6740194E+01  0.6909903E+01 -0.1697093E+00  0.3259806E+01  0.3259806E+01
  0.6670992E+01  0.6851670E+01 -0.1806779E+00  0.1329008E+01  0.1329008E+01
  0.6616157E+01  0.6794804E+01 -0.1786466E+00  0.3838429E+00  0.3838429E+00
  0.6575689E+01  0.6739305E+01 -0.1636152E+00  0.2424311E+01  0.2424311E+01
  0.6535222E+01  0.6683805E+01 -0.1485839E+00 -0.5352216E+00  0.0000000E+00
  0.6494754E+01  0.6628306E+01 -0.1335526E+00 -0.4494754E+01  0.0000000E+00
  0.6448525E+01  0.6572517E+01 -0.1239915E+00  0.5514750E+00  0.5514750E+00
  0.6396536E+01  0.6516437E+01 -0.1199006E+00  0.1603464E+01  0.1603464E+01
  0.6344547E+01  0.6460357E+01 -0.1158098E+00 -0.1344547E+01  0.0000000E+00
  0.6292558E+01  0.6404276E+01 -0.1117189E+00 -0.1292558E+01  0.0000000E+00
  0.6233490E+01  0.6348661E+01 -0.1151710E+00 -0.2233490E+01  0.0000000E+00
  0.6167345E+01  0.6293511E+01 -0.1261660E+00 -0.1673446E+00  0.0000000E+00
  0.6101199E+01  0.6238360E+01 -0.1371610E+00  0.3898801E+01  0.3898801E+01
  0.6035054E+01  0.6183210E+01 -0.1481561E+00 -0.3505373E-01  0.0000000E+00
  0.5977937E+01  0.6129542E+01 -0.1516049E+00  0.2206326E-01  0.2206326E-01
  0.5929849E+01  0.6077357E+01 -0.1475077E+00  0.7015085E-01  0.7015085E-01
  0.5881762E+01  0.6025172E+01 -0.1434104E+00  0.5118238E+01  0.5118238E+01
  0.5833674E+01  0.5972987E+01 -0.1393131E+00 -0.2833674E+01  0.0000000E+00
  0.5783861E+01  0.5921135E+01 -0.1372744E+00  0.2161393E+00  0.2161393E+00
  0.5732323E+01  0.5869617E+01 -0.1372941E+00 -0.7323227E+00  0.0000000E+00
  0.5680784E+01  0.5818098E+01 -0.1373139E+00 -0.1680784E+01  0.0000000E+00
  0.5629246E+01  0.5766580E+01 -0.1373337E+00  0.3707538E+00  0.3707538E+00
  0.5569997E+01  0.5715592E+01 -0.1455948E+00  0.3430003E+01  0.3430003E+01
  0.5503037E+01  0.5665134E+01 -0.1620973E+00  0.4969630E+00  0.4969630E+00
  0.5436078E+01  0.5614677E+01 -0.1785997E+00  0.2563922E+01  0.2563922E+01
  0.5369117E+01  0.5564219E+01 -0.1951022E+00  0.5630883E+01  0.5630883E+01
  0.5320167E+01  0.5515292E+01 -0.1951243E+00  0.5679833E+01  0.5679833E+01
  0.5289227E+01  0.5467893E+01 -0.1786660E+00  0.1710773E+01  0.1710773E+01
  0.5258286E+01  0.5420494E+01 -0.1622077E+00  0.3741714E+01  0.3741714E+01
  0.5227346E+01  0.5373095E+01 -0.1457494E+00 -0.1227346E+01  0.0000000E+00
  0.5185493E+01  0.5325090E+01 -0.1395977E+00 -0.4185493E+01  0.0000000E+00
  0.5132726E+01  0.5276479E+01 -0.1437525E+00  0.5867274E+01  0.5867274E+01
  0.5079960E+01  0.5227868E+01 -0.1479073E+00  0.1920040E+01  0.1920040E+01
  0.5027194E+01  0.5179256E+01 -0.1520621E+00  0.1972806E+01  0.1972806E+01
  0.4979997E+01  0.5131393E+01 -0.1513965E+00  0.4020003E+01  0.4020003E+01
  0.4938368E+01  0.5084279E+01 -0.1459104E+00  0.6163216E-01  0.6163216E-01
  0.4896739E+01  0.5037163E+01 -0.1404243E+00  0.2103261E+01  0.2103261E+01
  0.4855110E+01  0.4990049E+01 -0.1349383E+00 -0.3855110E+01  0.0000000E+00
  0.4813785E+01  0.4943235E+01 -0.1294501E+00  0.7186215E+01  0.7186215E+01
  0.4772764E+01  0.4896724E+01 -0.1239599E+00 -0.7727642E+00  0.0000000E+00
  0.4731743E+01  0.4850213E+01 -0.1184697E+00  0.2268257E+01  0.2268257E+01
  0.4690722E+01  0.4803701E+01 -0.1129795E+00  0.3309278E+01  0.3309278E+01
  0.4645856E+01  0.4757476E+01 -0.1116199E+00 -0.2645856E+01  0.0000000E+00
  0.4597146E+01  0.4711537E+01 -0.1143909E+00 -0.1597146E+01  0.0000000E+00
  0.4548436E+01  0.4665597E+01 -0.1171618E+00  0.4515643E+00  0.4515643E+00
  0.4499725E+01  0.4619658E+01 -0.1199328E+00 -0.1499725E+01  0.0000000E+00
  0.4451165E+01  0.4574559E+01 -0.1233946E+00  0.2548835E+01  0.2548835E+01
  0.4402753E+01  0.4530301E+01 -0.1275473E+00  0.2597247E+01  0.2597247E+01
  0.4354342E+01  0.4486042E+01 -0.1317000E+00  0.3645658E+01  0.3645658E+01
  0.4305930E+01  0.4441783E+01 -0.1358527E+00  0.3694070E+01  0.3694070E+01
  0.4265249E+01  0.4398362E+01 -0.1331131E+00  0.1734751E+01  0.1734751E+01
  0.4232297E+01  0.4355778E+01 -0.1234810E+00 -0.1232297E+01  0.0000000E+00
  0.4199346E+01  0.4313194E+01 -0.1138490E+00  0.8006544E+00  0.8006544E+00
  0.4166394E+01  0.4270611E+01 -0.1042169E+00 -0.1166394E+01  0.0000000E+00
  0.4131296E+01  0.4227942E+01 -0.9664577E-01  0.3868704E+01  0.3868704E+01
  0.4094051E+01  0.4185187E+01 -0.9113552E-01 -0.2094051E+01  0.0000000E+00
  0.4056807E+01  0.4142432E+01 -0.8562528E-01 -0.2056807E+01  0.0000000E+00
  0.4019562E+01  0.4099677E+01 -0.8011504E-01  0.9804382E+00  0.9804382E+00
  0.3981200E+01  0.4057184E+01 -0.7598423E-01  0.1018800E+01  0.1018800E+01
  0.3941720E+01  0.4014953E+01 -0.7323285E-01 -0.1941720E+01  0.0000000E+00
  0.3902240E+01  0.3972721E+01 -0.7048148E-01  0.9776020E-01  0.9776020E-01
  0.3862760E+01  0.3930490E+01 -0.6773010E-01 -0.3862760E+01  0.0000000E+00
  0.3818303E+01  0.3888813E+01 -0.7050956E-01  0.1181697E+01  0.1181697E+01
  0.3768870E+01  0.3847690E+01 -0.7881986E-01 -0.7688701E+00  0.0000000E+00
  0.3719437E+01  0.3806567E+01 -0.8713017E-01  0.2805631E+00  0.2805631E+00
  0.3670004E+01  0.3765444E+01 -0.9544047E-01 -0.6700037E+00  0.0000000E+00
  0.3628637E+01  0.3725471E+01 -0.9683444E-01  0.3371363E+01  0.3371363E+01
  0.3595337E+01  0.3686649E+01 -0.9131206E-01  0.4046633E+00  0.4046633E+00
  0.3562037E+01  0.3647826E+01 -0.8578969E-01  0.1437963E+01  0.1437963E+01
  0.3528736E+01  0.3609004E+01 -0.8026731E-01 -0.5287364E+00  0.0000000E+00
  0.3492897E+01  0.3570409E+01 -0.7751172E-01 -0.4928973E+00  0.0000000E+00
  0.3454520E+01  0.3532043E+01 -0.7752291E-01 -0.4545197E+00  0.0000000E+00
  0.3416142E+01  0.3493676E+01 -0.7753410E-01 -0.1416142E+01  0.0000000E+00
  0.3377765E+01  0.3455310E+01 -0.7754529E-01  0.1622235E+01  0.1622235E+01
  0.3337045E+01  0.3417376E+01 -0.8032999E-01 -0.1337045E+01  0.0000000E+00
  0.3293985E+01  0.3379873E+01 -0.8588820E-01  0.1706015E+01  0.1706015E+01
  0.3250924E+01  0.3342371E+01 -0.9144641E-01 -0.1250924E+01  0.0000000E+00
  0.3207864E+01  0.3304868E+01 -0.9700461E-01  0.2792136E+01  0.2792136E+01
  0.3174673E+01  0.3268224E+01 -0.9355097E-01  0.1825327E+01  0.1825327E+01
  0.3151353E+01  0.3232438E+01 -0.8108545E-01  0.1848647E+01  0.1848647E+01
  0.3128032E+01  0.3196652E+01 -0.6861994E-01 -0.1128032E+01  0.0000000E+00
  0.3104712E+01  0.3160866E+01 -0.5615443E-01 -0.1047118E+00  0.0000000E+00
  0.3072109E+01  0.3124810E+01 -0.5270123E-01 -0.1072109E+01  0.0000000E+00
  0.3030223E+01  0.3088483E+01 -0.5826034E-01 -0.1030223E+01  0.0000000E+00
  0.2988337E+01  0.3052156E+01 -0.6381944E-01  0.1011663E+01  0.1011663E+01
  0.2946451E+01  0.3015830E+01 -0.6937855E-01  0.1053549E+01  0.1053549E+01
  0.2913077E+01  0.2980380E+01 -0.6730345E-01 -0.9130766E+00  0.0000000E+00
  0.2888213E+01  0.2945807E+01 -0.5759415E-01  0.1117868E+00  0.1117868E+00
  0.2863350E+01  0.2911235E+01 -0.4788484E-01 -0.1863350E+01  0.0000000E+00
  0.2838486E+01  0.2876662E+01 -0.3817554E-01 -0.1838486E+01  0.0000000E+00
  0.2803226E+01  0.2842107E+01 -0.3888145E-01  0.1196774E+01  0.1196774E+01
  0.2757568E+01  0.2807570E+01 -0.5000258E-01 -0.2757568E+01  0.0000000E+00
  0.2711910E+01  0.2773034E+01 -0.6112370E-01  0.1288090E+01  0.1288090E+01
  0.2666252E+01  0.2738497E+01 -0.7224482E-01  0.3337479E+00  0.3337479E+00
  0.2625970E+01  0.2705170E+01 -0.7920034E-01  0.3740301E+00  0.3740301E+00
  0.2591063E+01  0.2673054E+01 -0.8199026E-01  0.1408937E+01  0.1408937E+01
  0.2556157E+01  0.2640937E+01 -0.8478019E-01 -0.5561569E+00  0.0000000E+00
  0.2521250E+01  0.2608821E+01 -0.8757011E-01  0.1478750E+01  0.1478750E+01
  0.2489763E+01  0.2577344E+01 -0.8758178E-01  0.1510237E+01  0.1510237E+01
  0.2461693E+01  0.2546509E+01 -0.8481523E-01  0.3538307E+01  0.3538307E+01
  0.2433624E+01  0.2515673E+01 -0.8204866E-01 -0.4336240E+00  0.0000000E+00
  0.2405555E+01  0.2484837E+01 -0.7928210E-01  0.4594445E+01  0.4594445E+01
  0.2374173E+01  0.2454169E+01 -0.7999554E-01  0.1625827E+01  0.1625827E+01
  0.2339480E+01  0.2423669E+01 -0.8418896E-01 -0.1339480E+01  0.0000000E+00
  0.2304786E+01  0.2393168E+01 -0.8838239E-01  0.2695214E+01  0.2695214E+01
  0.2270092E+01  0.2362668E+01 -0.9257581E-01  0.1729908E+01  0.1729908E+01
  0.2243716E+01  0.2332823E+01 -0.8910711E-01  0.1756284E+01  0.1756284E+01
  0.2225658E+01  0.2303634E+01 -0.7797629E-01  0.1774342E+01  0.1774342E+01
  0.2207599E+01  0.2274444E+01 -0.6684547E-01 -0.2075989E+00  0.0000000E+00
  0.2189540E+01  0.2245255E+01 -0.5571466E-01 -0.1895404E+00  0.0000000E+00
  0.2165013E+01  0.2215862E+01 -0.5084926E-01  0.8349872E+00  0.8349872E+00
  0.2134016E+01  0.2186266E+01 -0.5224928E-01 -0.1340163E+00  0.0000000E+00
  0.2103020E+01  0.2156669E+01 -0.5364930E-01 -0.1103020E+01  0.0000000E+00
  0.2072023E+01  0.2127073E+01 -0.5504932E-01 -0.1072023E+01  0.0000000E+00
  0.2040253E+01  0.2098100E+01 -0.5784681E-01 -0.1040253E+01  0.0000000E+00
  0.2007709E+01  0.2069751E+01 -0.6204177E-01  0.4992291E+01  0.4992291E+01
  0.1975165E+01  0.2041401E+01 -0.6623673E-01  0.1024835E+01  0.1024835E+01
  0.1942620E+01  0.2013052E+01 -0.7043169E-01 -0.9426203E+00  0.0000000E+00
  0.1916495E+01  0.1985540E+01 -0.6904441E-01  0.2083505E+01  0.2083505E+01
  0.1896790E+01  0.1958865E+01 -0.6207490E-01  0.3103209E+01  0.3103209E+01
  0.1877085E+01  0.1932191E+01 -0.5510539E-01  0.2122915E+01  0.2122915E+01
  0.1857380E+01  0.1905516E+01 -0.4813588E-01  0.1142620E+01  0.1142620E+01
  0.1837035E+01  0.1878898E+01 -0.4186277E-01 -0.8370352E+00  0.0000000E+00
  0.1816051E+01  0.1852337E+01 -0.3628606E-01 -0.1816051E+01  0.0000000E+00
  0.1795067E+01  0.1825776E+01 -0.3070934E-01 -0.7950666E+00  0.0000000E+00
  0.1774082E+01  0.1799215E+01 -0.2513263E-01 -0.1774082E+01  0.0000000E+00
  0.1749800E+01  0.1772845E+01 -0.2304464E-01 -0.1749800E+01  0.0000000E+00
  0.1722220E+01  0.1746665E+01 -0.2444536E-01  0.1277780E+01  0.1277780E+01
  0.1694640E+01  0.1720486E+01 -0.2584609E-01  0.1305360E+01  0.1305360E+01
  0.1667060E+01  0.1694306E+01 -0.2724681E-01 -0.1667060E+01  0.0000000E+00
  0.1638075E+01  0.1668820E+01 -0.3074562E-01  0.3619255E+00  0.3619255E+00
  0.1607684E+01  0.1644027E+01 -0.3634250E-01 -0.1607684E+01  0.0000000E+00
  0.1577294E+01  0.1619233E+01 -0.4193939E-01 -0.5772941E+00  0.0000000E+00
  0.1546904E+01  0.1594440E+01 -0.4753627E-01  0.4530960E+00  0.4530960E+00
  0.1520882E+01  0.1570522E+01 -0.4963965E-01 -0.5208825E+00  0.0000000E+00
  0.1499230E+01  0.1547479E+01 -0.4824952E-01  0.3500770E+01  0.3500770E+01
  0.1477577E+01  0.1524437E+01 -0.4685940E-01 -0.1477577E+01  0.0000000E+00
  0.1455925E+01  0.1501394E+01 -0.4546927E-01  0.3544075E+01  0.3544075E+01
  0.1438801E+01  0.1478678E+01 -0.3987744E-01  0.1561199E+01  0.1561199E+01
  0.1426206E+01  0.1456289E+01 -0.3008390E-01 -0.1426206E+01  0.0000000E+00
  0.1413611E+01  0.1433901E+01 -0.2029036E-01 -0.4136106E+00  0.0000000E+00
  0.1401015E+01  0.1411512E+01 -0.1049682E-01 -0.1401015E+01  0.0000000E+00
  0.1380558E+01  0.1388960E+01 -0.8401961E-02 -0.1380558E+01  0.0000000E+00
  0.1352239E+01  0.1366245E+01 -0.1400577E-01 -0.1352239E+01  0.0000000E+00
  0.1323921E+01  0.1343530E+01 -0.1960958E-01 -0.3239206E+00  0.0000000E+00
  0.1295602E+01  0.1320815E+01 -0.2521339E-01  0.1704398E+01  0.1704398E+01
  0.1271653E+01  0.1298970E+01 -0.2731693E-01 -0.1271653E+01  0.0000000E+00
  0.1252073E+01  0.1277994E+01 -0.2592020E-01 -0.2520734E+00  0.0000000E+00
  0.1232494E+01  0.1257018E+01 -0.2452347E-01 -0.1232494E+01  0.0000000E+00
  0.1212915E+01  0.1236042E+01 -0.2312674E-01 -0.1212915E+01  0.0000000E+00
  0.1195185E+01  0.1215512E+01 -0.2032619E-01 -0.1951854E+00  0.0000000E+00
  0.1179306E+01  0.1195427E+01 -0.1612182E-01  0.1820694E+01  0.1820694E+01
  0.1163426E+01  0.1175343E+01 -0.1191744E-01 -0.1163426E+01  0.0000000E+00
  0.1147546E+01  0.1155259E+01 -0.7713070E-02 -0.1147546E+01  0.0000000E+00
  0.1128359E+01  0.1135375E+01 -0.7015133E-02 -0.1128359E+01  0.0000000E+00
  0.1105867E+01  0.1115690E+01 -0.9823631E-02 -0.1058667E+00  0.0000000E+00
  0.1083374E+01  0.1096006E+01 -0.1263213E-01 -0.8337390E-01  0.0000000E+00
  0.1060881E+01  0.1076322E+01 -0.1544063E-01 -0.6088114E-01  0.0000000E+00
  0.1039741E+01  0.1057290E+01 -0.1754831E-01 -0.1039741E+01  0.0000000E+00
  0.1019954E+01  0.1038910E+01 -0.1895518E-01 -0.1995432E-01  0.0000000E+00
  0.1000167E+01  0.1020529E+01 -0.2036205E-01  0.9998326E+00  0.9998326E+00
  0.9803804E+00  0.1002149E+01 -0.2176893E-01  0.1961964E-01  0.1961964E-01
  0.9646475E+00  0.9843108E+00 -0.2247236E-01 -0.9646475E+00  0.0000000E+00
  0.9529687E+00  0.9670139E+00 -0.2247236E-01  0.4703134E-01  0.4703134E-01
  0.9412898E+00  0.9497169E+00  0.0000000E+00 -0.9412898E+00  0.0000000E+00
  0.9296110E+00  0.9324200E+00  0.0000000E+00 -0.9296110E+00  0.0000000E+00
  0.9144997E+00  0.9152029E+00  0.0000000E+00 -0.9144997E+00  0.0000000E+00
  0.8959560E+00  0.8980656E+00  0.0000000E+00 -0.8959560E+00  0.0000000E+00
  0.8774123E+00  0.8809283E+00 -0.5625675E-02 -0.8774123E+00  0.0000000E+00
  0.8588686E+00  0.8637910E+00 -0.5625675E-02  0.1411314E+00  0.1411314E+00
  0.8415481E+00  0.8471741E+00 -0.5626023E-02 -0.8415481E+00  0.0000000E+00
  0.8254508E+00  0.8310775E+00 -0.5626719E-02 -0.8254508E+00  0.0000000E+00
  0.8093535E+00  0.8149809E+00 -0.5627417E-02  0.1906465E+00  0.1906465E+00
  0.7932562E+00  0.7988843E+00 -0.5628113E-02 -0.7932562E+00  0.0000000E+00
  0.7748106E+00  0.7832555E+00 -0.8444852E-02 -0.7748106E+00  0.0000000E+00
  0.7540168E+00  0.7680944E+00 -0.1407764E-01 -0.7540168E+00  0.0000000E+00
  0.7332230E+00  0.7529334E+00 -0.1971042E-01 -0.7332230E+00  0.0000000E+00
  0.7124291E+00  0.7377723E+00 -0.2534320E-01  0.2287571E+01  0.2287571E+01
  0.6958793E+00  0.7233369E+00 -0.2745749E-01 -0.6958793E+00  0.0000000E+00
  0.6835737E+00  0.7096270E+00 -0.2605329E-01  0.1316426E+01  0.1316426E+01
  0.6712679E+00  0.6959170E+00 -0.2464909E-01  0.1328732E+01  0.1328732E+01
  0.6589622E+00  0.6822071E+00 -0.2324489E-01  0.3410378E+00  0.3410378E+00
  0.6469280E+00  0.6687674E+00 -0.2183943E-01  0.3530720E+00  0.3530720E+00
  0.6351651E+00  0.6555978E+00 -0.2043271E-01 -0.6351651E+00  0.0000000E+00
  0.6234022E+00  0.6424282E+00 -0.1902599E-01 -0.6234022E+00  0.0000000E+00
  0.6116394E+00  0.6292586E+00 -0.1761927E-01  0.3883606E+00  0.3883606E+00
  0.5994305E+00  0.6163482E+00 -0.1691775E-01 -0.5994305E+00  0.0000000E+00
  0.5867755E+00  0.6036969E+00 -0.1692143E-01  0.1413224E+01  0.1413224E+01
  0.5741206E+00  0.5910457E+00 -0.1692510E-01  0.4258794E+00  0.4258794E+00
  0.5614656E+00  0.5783944E+00 -0.1692878E-01 -0.5614656E+00  0.0000000E+00
  0.5492145E+00  0.5661463E+00 -0.1693167E-01  0.1450785E+01  0.1450785E+01
  0.5373675E+00  0.5543013E+00 -0.1693375E-01 -0.5373675E+00  0.0000000E+00
  0.5255204E+00  0.5424563E+00 -0.1693584E-01 -0.5255204E+00  0.0000000E+00
  0.5136734E+00  0.5306113E+00 -0.1693793E-01 -0.5136734E+00  0.0000000E+00
  0.5036455E+00  0.5191733E+00 -0.1552778E-01  0.1496354E+01  0.1496354E+01
  0.4954371E+00  0.5081425E+00 -0.1270539E-01  0.5045629E+00  0.5045629E+00
  0.4872286E+00  0.4971116E+00 -0.9882994E-02 -0.4872286E+00  0.0000000E+00
  0.4790201E+00  0.4860807E+00 -0.7060602E-02 -0.4790201E+00  0.0000000E+00
  0.4689327E+00  0.4752895E+00 -0.6356734E-02  0.5310673E+00  0.5310673E+00
  0.4569666E+00  0.4647380E+00 -0.7771390E-02 -0.4569666E+00  0.0000000E+00
  0.4450004E+00  0.4541865E+00 -0.9186047E-02  0.5549996E+00  0.5549996E+00
  0.4330342E+00  0.4436350E+00 -0.1060070E-01 -0.4330342E+00  0.0000000E+00
  0.4236881E+00  0.4335827E+00 -0.1130803E-01  0.5763118E+00  0.5763118E+00
  0.4169621E+00  0.4240296E+00 -0.1130803E-01 -0.4169621E+00  0.0000000E+00
  0.4102361E+00  0.4144766E+00  0.0000000E+00 -0.4102361E+00  0.0000000E+00
  0.4035100E+00  0.4049235E+00  0.0000000E+00 -0.4035100E+00  0.0000000E+00
  0.3956198E+00  0.3956198E+00  0.0000000E+00 -0.3956198E+00  0.0000000E+00
  0.3865656E+00  0.3865656E+00  0.0000000E+00 -0.3865656E+00  0.0000000E+00
  0.3775113E+00  0.3775113E+00  0.0000000E+00 -0.3775113E+00  0.0000000E+00
  0.3684570E+00  0.3684570E+00  0.0000000E+00 -0.3684570E+00  0.0000000E+00
  0.3590792E+00  0.3597873E+00  0.0000000E+00 -0.3590792E+00  0.0000000E+00
  0.3493778E+00  0.3515020E+00  0.0000000E+00 -0.3493778E+00  0.0000000E+00
  0.3396764E+00  0.3432167E+00 -0.5664547E-02 -0.3396764E+00  0.0000000E+00
  0.3299750E+00  0.3349315E+00 -0.5664547E-02  0.6700250E+00  0.6700250E+00
  0.3221435E+00  0.3270999E+00 -0.5664547E-02 -0.3221435E+00  0.0000000E+00
  0.3161819E+00  0.3197222E+00 -0.5664547E-02 -0.3161819E+00  0.0000000E+00
  0.3102203E+00  0.3123445E+00  0.0000000E+00 -0.3102203E+00  0.0000000E+00
  0.3042587E+00  0.3049668E+00  0.0000000E+00 -0.3042587E+00  0.0000000E+00
  0.2971022E+00  0.2978112E+00  0.0000000E+00 -0.2971022E+00  0.0000000E+00
  0.2887507E+00  0.2908776E+00  0.0000000E+00 -0.2887507E+00  0.0000000E+00
  0.2803992E+00  0.2839441E+00 -0.5671780E-02 -0.2803992E+00  0.0000000E+00
  0.2720478E+00  0.2770106E+00 -0.5671780E-02 -0.2720478E+00  0.0000000E+00
  0.2654548E+00  0.2704176E+00 -0.5671780E-02 -0.2654548E+00  0.0000000E+00
  0.2606204E+00  0.2641653E+00 -0.5671780E-02  0.7393795E+00  0.7393795E+00
  0.2557861E+00  0.2579130E+00  0.0000000E+00 -0.2557861E+00  0.0000000E+00
  0.2509516E+00  0.2516606E+00  0.0000000E+00 -0.2509516E+00  0.0000000E+00
  0.2448518E+00  0.2455616E+00  0.0000000E+00 -0.2448518E+00  0.0000000E+00
  0.2374863E+00  0.2396157E+00  0.0000000E+00 -0.2374863E+00  0.0000000E+00
  0.2301209E+00  0.2336699E+00 -0.5678426E-02 -0.2301209E+00  0.0000000E+00
  0.2227554E+00  0.2277241E+00 -0.5678426E-02  0.7772446E+00  0.7772446E+00
  0.2163857E+00  0.2220647E+00 -0.5678969E-02 -0.2163857E+00  0.0000000E+00
  0.2110118E+00  0.2166918E+00 -0.5680057E-02 -0.2110118E+00  0.0000000E+00
  0.2056378E+00  0.2113189E+00 -0.5681144E-02 -0.2056378E+00  0.0000000E+00
  0.2002638E+00  0.2059460E+00 -0.5682231E-02 -0.2002638E+00  0.0000000E+00
  0.1957930E+00  0.2007654E+00 -0.5682775E-02  0.8042070E+00  0.8042070E+00
  0.1922253E+00  0.1957770E+00 -0.5682775E-02 -0.1922253E+00  0.0000000E+00
  0.1886576E+00  0.1907886E+00  0.0000000E+00 -0.1886576E+00  0.0000000E+00
  0.1850899E+00  0.1858002E+00  0.0000000E+00 -0.1850899E+00  0.0000000E+00
  0.1801951E+00  0.1809063E+00  0.0000000E+00 -0.1801951E+00  0.0000000E+00
  0.1739734E+00  0.1761069E+00  0.0000000E+00 -0.1739734E+00  0.0000000E+00
  0.1677517E+00  0.1713074E+00 -0.5689193E-02 -0.1677517E+00  0.0000000E+00
  0.1615299E+00  0.1665080E+00 -0.5689193E-02 -0.1615299E+00  0.0000000E+00
  0.1555808E+00  0.1619821E+00 -0.6401279E-02  0.8444192E+00  0.8444192E+00
  0.1499043E+00  0.1577297E+00 -0.7825452E-02 -0.1499043E+00  0.0000000E+00
  0.1442277E+00  0.1534773E+00 -0.9249625E-02 -0.1442277E+00  0.0000000E+00
  0.1385512E+00  0.1492250E+00 -0.1067380E-01  0.8614488E+00  0.8614488E+00
  0.1352818E+00  0.1452444E+00 -0.1138589E-01 -0.1352818E+00  0.0000000E+00
  0.1344195E+00  0.1415357E+00 -0.1138589E-01  0.8655805E+00  0.8655805E+00
  0.1335572E+00  0.1378269E+00  0.0000000E+00 -0.1335572E+00  0.0000000E+00
  0.1326950E+00  0.1341182E+00  0.0000000E+00 -0.1326950E+00  0.0000000E+00
  0.1304192E+00  0.1304192E+00  0.0000000E+00 -0.1304192E+00  0.0000000E+00
  0.1267300E+00  0.1267300E+00  0.0000000E+00 -0.1267300E+00  0.0000000E+00
  0.1230407E+00  0.1230407E+00  0.0000000E+00 -0.1230407E+00  0.0000000E+00
  0.1193515E+00  0.1193515E+00  0.0000000E+00 -0.1193515E+00  0.0000000E+00
  0.1151509E+00  0.1158639E+00  0.0000000E+00 -0.1151509E+00  0.0000000E+00
  0.1104390E+00  0.1125781E+00  0.0000000E+00 -0.1104390E+00  0.0000000E+00
  0.1057271E+00  0.1092923E+00 -0.5704416E-02 -0.1057271E+00  0.0000000E+00
  0.1010152E+00  0.1060065E+00 -0.5704416E-02 -0.1010152E+00  0.0000000E+00
  0.9803633E-01  0.1030277E+00 -0.5704416E-02 -0.9803633E-01  0.0000000E+00
  0.9679058E-01  0.1003558E+00 -0.5704416E-02  0.9032094E+00  0.9032094E+00
  0.9554484E-01  0.9768400E-01  0.0000000E+00 -0.9554484E-01  0.0000000E+00
  0.9429910E-01  0.9501215E-01  0.0000000E+00 -0.9429910E-01  0.0000000E+00
  0.9245269E-01  0.9245269E-01  0.0000000E+00 -0.9245269E-01  0.0000000E+00
  0.9000560E-01  0.9000560E-01  0.0000000E+00 -0.9000560E-01  0.0000000E+00
  0.8755852E-01  0.8755852E-01  0.0000000E+00 -0.8755852E-01  0.0000000E+00
  0.8511142E-01  0.8511142E-01  0.0000000E+00 -0.8511142E-01  0.0000000E+00
  0.8285084E-01  0.8285084E-01  0.0000000E+00 -0.8285084E-01  0.0000000E+00
  0.8077674E-01  0.8077674E-01  0.0000000E+00 -0.8077674E-01  0.0000000E+00
  0.7870264E-01  0.7870264E-01  0.0000000E+00 -0.7870264E-01  0.0000000E+00
  0.7662854E-01  0.7662854E-01  0.0000000E+00 -0.7662854E-01  0.0000000E+00
  0.7474311E-01  0.7474311E-01  0.0000000E+00 -0.7474311E-01  0.0000000E+00
  0.7304636E-01  0.7304636E-01  0.0000000E+00 -0.7304636E-01  0.0000000E+00
  0.7134962E-01  0.7134962E-01  0.0000000E+00 -0.7134962E-01  0.0000000E+00
  0.6965287E-01  0.6965287E-01  0.0000000E+00 -0.6965287E-01  0.0000000E+00
  0.6811168E-01  0.6811168E-01  0.0000000E+00 -0.6811168E-01  0.0000000E+00
  0.6672604E-01  0.6672604E-01  0.0000000E+00 -0.6672604E-01  0.0000000E+00
  0.6534041E-01  0.6534041E-01  0.0000000E+00 -0.6534041E-01  0.0000000E+00
  0.6395476E-01  0.6395476E-01  0.0000000E+00 -0.6395476E-01  0.0000000E+00
  0.6269491E-01  0.6269491E-01  0.0000000E+00 -0.6269491E-01  0.0000000E+00
  0.6156086E-01  0.6156086E-01  0.0000000E+00 -0.6156086E-01  0.0000000E+00
  0.6042680E-01  0.6042680E-01  0.0000000E+00 -0.6042680E-01  0.0000000E+00
  0.5929273E-01  0.5929273E-01  0.0000000E+00 -0.5929273E-01  0.0000000E+00
  0.5825934E-01  0.5825934E-01  0.0000000E+00 -0.5825934E-01  0.0000000E+00
  0.5732662E-01  0.5732662E-01  0.0000000E+00 -0.5732662E-01  0.0000000E+00
  0.5639389E-01  0.5639389E-01  0.0000000E+00 -0.5639389E-01  0.0000000E+00
  0.5546117E-01  0.5546117E-01  0.0000000E+00 -0.5546117E-01  0.0000000E+00
  0.5460530E-01  0.5460530E-01  0.0000000E+00 -0.5460530E-01  0.0000000E+00
  0.5382628E-01  0.5382628E-01  0.0000000E+00 -0.5382628E-01  0.0000000E+00
  0.5304725E-01  0.5304725E-01  0.0000000E+00 -0.5304725E-01  0.0000000E+00
  0.5226823E-01  0.5226823E-01  0.0000000E+00 -0.5226823E-01  0.0000000E+00
  0.5154556E-01  0.5154556E-01  0.0000000E+00 -0.5154556E-01  0.0000000E+00
  0.5087922E-01  0.5087922E-01  0.0000000E+00 -0.5087922E-01  0.0000000E+00
  0.5021289E-01  0.5021289E-01  0.0000000E+00 -0.5021289E-01  0.0000000E+00
  0.4954655E-01  0.4954655E-01  0.0000000E+00 -0.4954655E-01  0.0000000E+00
  0.4891932E-01  0.4891932E-01  0.0000000E+00 -0.4891932E-01  0.0000000E+00
  0.4833119E-01  0.4833119E-01  0.0000000E+00 -0.4833119E-01  0.0000000E+00
  0.4774306E-01  0.4774306E-01  0.0000000E+00 -0.4774306E-01  0.0000000E+00
  0.4715493E-01  0.4715493E-01  0.0000000E+00 -0.4715493E-01  0.0000000E+00
  0.4659538E-01  0.4659538E-01  0.0000000E+00 -0.4659538E-01  0.0000000E+00
  0.4606441E-01  0.4606441E-01  0.0000000E+00 -0.4606441E-01  0.0000000E+00
  0.4553344E-01  0.4553344E-01  0.0000000E+00 -0.4553344E-01  0.0000000E+00
  0.4500247E-01  0.4500247E-01  0.0000000E+00 -0.4500247E-01  0.0000000E+00
  0.4449183E-01  0.4449183E-01  0.0000000E+00 -0.4449183E-01  0.0000000E+00
  0.4400152E-01  0.4400152E-01  0.0000000E+00 -0.4400152E-01  0.0000000E+00
  0.4351122E-01  0.4351122E-01  0.0000000E+00 -0.4351122E-01  0.0000000E+00
  0.4302091E-01  0.4302091E-01  0.0000000E+00 -0.4302091E-01  0.0000000E+00
  0.4182595E-01  0.4254473E-01  0.0000000E+00 -0.4182595E-01  0.0000000E+00
  0.3992634E-01  0.4208269E-01  0.0000000E+00 -0.3992634E-01  0.0000000E+00
  0.3802674E-01  0.4162065E-01 -0.5750260E-02 -0.3802674E-01  0.0000000E+00
  0.3612712E-01  0.4115861E-01 -0.5750260E-02 -0.3612712E-01  0.0000000E+00
  0.3575524E-01  0.4078672E-01 -0.5750260E-02 -0.3575524E-01  0.0000000E+00
  0.3691108E-01  0.4050499E-01 -0.5750260E-02  0.9630889E+00  0.9630889E+00
  0.3806691E-01  0.4022326E-01  0.0000000E+00 -0.3806691E-01  0.0000000E+00
  0.3922275E-01  0.3994153E-01  0.0000000E+00 -0.3922275E-01  0.0000000E+00
  0.3957649E-01  0.3957649E-01  0.0000000E+00 -0.3957649E-01  0.0000000E+00
  0.3912814E-01  0.3912814E-01  0.0000000E+00 -0.3912814E-01  0.0000000E+00
  0.3867978E-01  0.3867978E-01  0.0000000E+00 -0.3867978E-01  0.0000000E+00
  0.3823142E-01  0.3823142E-01  0.0000000E+00 -0.3823142E-01  0.0000000E+00
  0.3778264E-01  0.3778264E-01  0.0000000E+00 -0.3778264E-01  0.0000000E+00
  0.3733341E-01  0.3733341E-01  0.0000000E+00 -0.3733341E-01  0.0000000E+00
  0.3688419E-01  0.3688419E-01  0.0000000E+00 -0.3688419E-01  0.0000000E+00
  0.3643497E-01  0.3643497E-01  0.0000000E+00 -0.3643497E-01  0.0000000E+00
  0.3600616E-01  0.3600616E-01  0.0000000E+00 -0.3600616E-01  0.0000000E+00
  0.3559777E-01  0.3559777E-01  0.0000000E+00 -0.3559777E-01  0.0000000E+00
  0.3518938E-01  0.3518938E-01  0.0000000E+00 -0.3518938E-01  0.0000000E+00
  0.3478099E-01  0.3478099E-01  0.0000000E+00 -0.3478099E-01  0.0000000E+00
  0.3438533E-01  0.3438533E-01  0.0000000E+00 -0.3438533E-01  0.0000000E+00
  0.3400239E-01  0.3400239E-01  0.0000000E+00 -0.3400239E-01  0.0000000E+00
  0.3361946E-01  0.3361946E-01  0.0000000E+00 -0.3361946E-01  0.0000000E+00
  0.3323652E-01  0.3323652E-01  0.0000000E+00 -0.3323652E-01  0.0000000E+00
  0.3286283E-01  0.3286283E-01  0.0000000E+00 -0.3286283E-01  0.0000000E+00
  0.3249837E-01  0.3249837E-01  0.0000000E+00 -0.3249837E-01  0.0000000E+00
  0.3213393E-01  0.3213393E-01  0.0000000E+00 -0.3213393E-01  0.0000000E+00
  0.3176947E-01  0.3176947E-01  0.0000000E+00 -0.3176947E-01  0.0000000E+00
  0.3141339E-01  0.3141339E-01  0.0000000E+00 -0.3141339E-01  0.0000000E+00
  0.3106570E-01  0.3106570E-01  0.0000000E+00 -0.3106570E-01  0.0000000E+00
  0.3071800E-01  0.3071800E-01  0.0000000E+00 -0.3071800E-01  0.0000000E+00
  0.3037030E-01  0.3037030E-01  0.0000000E+00 -0.3037030E-01  0.0000000E+00
  0.3002930E-01  0.3002930E-01  0.0000000E+00 -0.3002930E-01  0.0000000E+00
  0.2969502E-01  0.2969502E-01  0.0000000E+00 -0.2969502E-01  0.0000000E+00
  0.2936074E-01  0.2936074E-01  0.0000000E+00 -0.2936074E-01  0.0000000E+00
  0.2902645E-01  0.2902645E-01  0.0000000E+00 -0.2902645E-01  0.0000000E+00
  0.2869906E-01  0.2869906E-01  0.0000000E+00 -0.2869906E-01  0.0000000E+00
  0.2837855E-01  0.2837855E-01  0.0000000E+00 -0.2837855E-01  0.0000000E+00
  0.2805804E-01  0.2805804E-01  0.0000000E+00 -0.2805804E-01  0.0000000E+00
  0.2773753E-01  0.2773753E-01  0.0000000E+00 -0.2773753E-01  0.0000000E+00
  0.2742343E-01  0.2742343E-01  0.0000000E+00 -0.2742343E-01  0.0000000E+00
  0.2711575E-01  0.2711575E-01  0.0000000E+00 -0.2711575E-01  0.0000000E+00
  0.2680806E-01  0.2680806E-01  0.0000000E+00 -0.2680806E-01  0.0000000E+00
  0.2650037E-01  0.2650037E-01  0.0000000E+00 -0.2650037E-01  0.0000000E+00
  0.2619846E-01  0.2619846E-01  0.0000000E+00 -0.2619846E-01  0.0000000E+00
  0.2590233E-01  0.2590233E-01  0.0000000E+00 -0.2590233E-01  0.0000000E+00
  0.2560621E-01  0.2560621E-01  0.0000000E+00 -0.2560621E-01  0.0000000E+00
  0.2531008E-01  0.2531008E-01  0.0000000E+00 -0.2531008E-01  0.0000000E+00
  0.2501907E-01  0.2501907E-01  0.0000000E+00 -0.2501907E-01  0.0000000E+00
  0.2473317E-01  0.2473317E-01  0.0000000E+00 -0.2473317E-01  0.0000000E+00
  0.2444726E-01  0.2444726E-01  0.0000000E+00 -0.2444726E-01  0.0000000E+00
  0.2416136E-01  0.2416136E-01  0.0000000E+00 -0.2416136E-01  0.0000000E+00
  0.2388064E-01  0.2388064E-01  0.0000000E+00 -0.2388064E-01  0.0000000E+00
  0.2360510E-01  0.2360510E-01  0.0000000E+00 -0.2360510E-01  0.0000000E+00
  0.2332957E-01  0.2332957E-01  0.0000000E+00 -0.2332957E-01  0.0000000E+00
  0.2305404E-01  0.2305404E-01  0.0000000E+00 -0.2305404E-01  0.0000000E+00
  0.2278373E-01  0.2278373E-01  0.0000000E+00 -0.2278373E-01  0.0000000E+00
  0.2251865E-01  0.2251865E-01  0.0000000E+00 -0.2251865E-01  0.0000000E+00
  0.2225357E-01  0.2225357E-01  0.0000000E+00 -0.2225357E-01  0.0000000E+00
  0.2198849E-01  0.2198849E-01  0.0000000E+00 -0.2198849E-01  0.0000000E+00
  0.2172838E-01  0.2172838E-01  0.0000000E+00 -0.2172838E-01  0.0000000E+00
  0.2147325E-01  0.2147325E-01  0.0000000E+00 -0.2147325E-01  0.0000000E+00
  0.2121811E-01  0.2121811E-01  0.0000000E+00 -0.2121811E-01  0.0000000E+00
  0.2096297E-01  0.2096297E-01  0.0000000E+00 -0.2096297E-01  0.0000000E+00
  0.2071276E-01  0.2071276E-01  0.0000000E+00 -0.2071276E-01  0.0000000E+00
  0.2046747E-01  0.2046747E-01  0.0000000E+00 -0.2046747E-01  0.0000000E+00
  0.2022218E-01  0.2022218E-01  0.0000000E+00 -0.2022218E-01  0.0000000E+00
  0.1997689E-01  0.1997689E-01  0.0000000E+00 -0.1997689E-01  0.0000000E+00
  0.1973650E-01  0.1973650E-01  0.0000000E+00 -0.1973650E-01  0.0000000E+00
  0.1950100E-01  0.1950100E-01  0.0000000E+00 -0.1950100E-01  0.0000000E+00
  0.1926550E-01  0.1926550E-01  0.0000000E+00 -0.1926550E-01  0.0000000E+00
  0.1903000E-01  0.1903000E-01  0.0000000E+00 -0.1903000E-01  0.0000000E+00
  0.1879945E-01  0.1879945E-01  0.0000000E+00 -0.1879945E-01  0.0000000E+00
  0.1857385E-01  0.1857385E-01  0.0000000E+00 -0.1857385E-01  0.0000000E+00
  0.1834824E-01  0.1834824E-01  0.0000000E+00 -0.1834824E-01  0.0000000E+00
  0.1812264E-01  0.1812264E-01  0.0000000E+00 -0.1812264E-01  0.0000000E+00
  0.1790142E-01  0.1790142E-01  0.0000000E+00 -0.1790142E-01  0.0000000E+00
  0.1768459E-01  0.1768459E-01  0.0000000E+00 -0.1768459E-01  0.0000000E+00
  0.1746775E-01  0.1746775E-01  0.0000000E+00 -0.1746775E-01  0.0000000E+00
  0.1725092E-01  0.1725092E-01  0.0000000E+00 -0.1725092E-01  0.0000000E+00
  0.1703841E-01  0.1703841E-01  0.0000000E+00 -0.1703841E-01  0.0000000E+00
  0.1683023E-01  0.1683023E-01  0.0000000E+00 -0.1683023E-01  0.0000000E+00
  0.1662205E-01  0.1662205E-01  0.0000000E+00 -0.1662205E-01  0.0000000E+00
  0.1641386E-01  0.1641386E-01  0.0000000E+00 -0.1641386E-01  0.0000000E+00
  0.1621000E-01  0.1621000E-01  0.0000000E+00 -0.1621000E-01  0.0000000E+00
  0.1601047E-01  0.1601047E-01  0.0000000E+00 -0.1601047E-01  0.0000000E+00
  0.1581093E-01  0.1581093E-01  0.0000000E+00 -0.1581093E-01  0.0000000E+00
  0.1561139E-01  0.1561139E-01  0.0000000E+00 -0.1561139E-01  0.0000000E+00
  0.1541642E-01  0.1541642E-01  0.0000000E+00 -0.1541642E-01  0.0000000E+00
  0.1522601E-01  0.1522601E-01  0.0000000E+00 -0.1522601E-01  0.0000000E+00
  0.1503561E-01  0.1503561E-01  0.0000000E+00 -0.1503561E-01  0.0000000E+00
  0.1484520E-01  0.1484520E-01  0.0000000E+00 -0.1484520E-01  0.0000000E+00
  0.1465846E-01  0.1465846E-01  0.0000000E+00 -0.1465846E-01  0.0000000E+00
  0.1447537E-01  0.1447537E-01  0.0000000E+00 -0.1447537E-01  0.0000000E+00
  0.1429229E-01  0.1429229E-01  0.0000000E+00 -0.1429229E-01  0.0000000E+00
  0.1410920E-01  0.1410920E-01  0.0000000E+00 -0.1410920E-01  0.0000000E+00
  0.1392966E-01  0.1392966E-01  0.0000000E+00 -0.1392966E-01  0.0000000E+00
  0.1375366E-01  0.1375366E-01  0.0000000E+00 -0.1375366E-01  0.0000000E+00
  0.1357765E-01  0.1357765E-01  0.0000000E+00 -0.1357765E-01  0.0000000E+00
  0.1340165E-01  0.1340165E-01  0.0000000E+00 -0.1340165E-01  0.0000000E+00
  0.1322919E-01  0.1322919E-01  0.0000000E+00 -0.1322919E-01  0.0000000E+00
  0.1306027E-01  0.1306027E-01  0.0000000E+00 -0.1306027E-01  0.0000000E+00
  0.1289135E-01  0.1289135E-01  0.0000000E+00 -0.1289135E-01  0.0000000E+00
  0.1272243E-01  0.1272243E-01  0.0000000E+00 -0.1272243E-01  0.0000000E+00
  0.1263797E-01  0.1255638E-01  0.0000000E+00 -0.1263797E-01  0.0000000E+00
  0.1263797E-01  0.1239320E-01  0.0000000E+00 -0.1263797E-01  0.0000000E+00
 -0.1866296E+00  0.1223001E-01 -0.1986148E+00  0.1866296E+00  0.1866296E+00
 -0.1866296E+00  0.1206683E-01 -0.1986148E+00  0.1866296E+00  0.1866296E+00
 -0.1866296E+00  0.1198524E-01 -0.1986148E+00  0.1866296E+00  0.1866296E+00
 -0.1866296E+00  0.1198524E-01 -0.1986148E+00  0.3418663E+02  0.3418663E+02
